1476000
1422000
1403000
1392000
1377000
1365000
1355000
1346000
1336000
1326000
1317000
1308000
1299000
1290000
1281000
1272000
4187000
2535000
1855000
1727000
1593000
2656000
1801000
2550000
8254000
3603000
2596000
2364000
1878000
2789000
2165000
1918000
2691000
2185000
2720000
7641000
7247000
3904000
3165000
2653000
2811000
2355000
2251000
4679000
2929000
3559000
2771000
2420000
2325000
2226000
2181000
2156000
2384000
2188000
2127000
2098000
2057000
2030000
2008000
1987000
1966000
2927000
2235000
2070000
2028000
1939000
1902000
1882000
1863000
1919000
3325000
3887000
3142000
2443000
2194000
2021000
1931000
1901000
1882000
1863000
2183000
1932000
1864000
1839000
1798000
1774000
1758000
2493000
1959000
1832000
1798000
1729000
1700000
1684000
1669000
1654000
1640000
1625000
1611000
1598000
1584000
1571000
1557000
1545000
1532000
1519000
1507000
1495000
1483000
1471000
1460000
1448000
1437000
1426000
4618000
2403000
1918000
1831000
1593000
1522000
1510000
1498000
1789000
3071000
1977000
1735000
1666000
1542000
1502000
1490000
1478000
1467000
1455000
1444000
1433000
1422000
1411000
1401000
1390000
1380000
1370000
1360000
1350000
1340000
1331000
1321000
1312000
1303000
1294000
1285000
1276000
3173000
1860000
2449000
1797000
1525000
1460000
1389000
1363000
1353000
1343000
1334000
1324000
1315000
1306000
1297000
2422000
1637000
1461000
1426000
1337000
1307000
1298000
1289000
1280000
1272000
1263000
1254000
1246000
1238000
1230000
1221000
1214000
1206000
1198000
1190000
1183000
1175000
1168000
1161000
1153000
1146000
1139000
1132000
1126000
1119000
1112000
1106000
1099000
1093000
1086000
1080000
1074000
1068000
1061000
1055000
1049000
1044000
1038000
1032000
1026000
1021000
1015000
1010000
1004000
998900
993600
988300
983100
977900
972800
967800
962800
957800
952900
948100
943300
938500
933800
929200
924600
920000
915500
2575000
1430000
1181000
1138000
1016000
980600
975500
970400
965400
960400
955500
950600
945800
941000
936300
931600
927000
922400
917900
913400
908900
904500
900200
895800
891500
887300
883100
878900
874800
870700
866700
862700
858700
854800
850900
847000
1952000
3255000
1671000
5560000
3e+06
1867000
1652000
1334000
1215000
1198000
1191000
1183000
1176000
1168000
1161000
1154000
1147000
1140000
1133000
1126000
1119000
1112000
1106000
1099000
1093000
1087000
1080000
1074000
1068000
1062000
1411000
2753000
1593000
1342000
1273000
1147000
1111000
1105000
1226000
1285000
1153000
1121000
1102000
1083000
1074000
1067000
1061000
1055000
1049000
1044000
1229000
1803000
1276000
1160000
1123000
1063000
1044000
1039000
1033000
1027000
1022000
1016000
1010000
1005000
5036000
6962000
3125000
2329000
1925000
1509000
1414000
1403000
1393000
1382000
1372000
1362000
2019000
1554000
1446000
1421000
1365000
1915000
1514000
1421000
1398000
1348000
1329000
1319000
1310000
1301000
1415000
1332000
1298000
1285000
1267000
1317000
1267000
4212000
2175000
1727000
1648000
1648000
1436000
1394000
1379000
2333000
1803000
1546000
1492000
1409000
1371000
1358000
1348000
1405000
1634000
1421000
1368000
1348000
1317000
1303000
1294000
2322000
1603000
1442000
1409000
1327000
1299000
1504000
4663000
2357000
2503000
4767000
2482000
1977000
1852000
1628000
1563000
1550000
1538000
1525000
1513000
1500000
1488000
1477000
1465000
1454000
1442000
1431000
1420000
1410000
1399000
1389000
1378000
1368000
1358000
1403000
1356000
1338000
1328000
1314000
8609000
3572000
2481000
4111000
9630000
4477000
3160000
2803000
2228000
2870000
3922000
2666000
2385000
2268000
2115000
2062000
2040000
2018000
1996000
1975000
1954000
6400000
4450000
3013000
5589000
3393000
2690000
2555000
2322000
2234000
4889000
3019000
2596000
2506000
2290000
2215000
2189000
2163000
2138000
2114000
2090000
4480000
2813000
2437000
2358000
2165000
2098000
2075000
2052000
2029000
2007000
1986000
1965000
2527000
2108000
2002000
1969000
1909000
1879000
1860000
1842000
1824000
1806000
1789000
1772000
1755000
1738000
1722000
1707000
1691000
1676000
1661000
1646000
1632000
1618000
1604000
1590000
1576000
1563000
1550000
1537000
1525000
1512000
1500000
1488000
1476000
1465000
1453000
1442000
1431000
1420000
1409000
1399000
1388000
1378000
1368000
1358000
1348000
1338000
1329000
1320000
1310000
1301000
1292000
1283000
1274000
1266000
1257000
1249000
1240000
2291000
1556000
1392000
1359000
1276000
1249000
1240000
1232000
1224000
1216000
1208000
1200000
1193000
1185000
1178000
1170000
1163000
1156000
1149000
1142000
1135000
1128000
1121000
1114000
1108000
1101000
1095000
1088000
1082000
1076000
1070000
1063000
1057000
1051000
1046000
1040000
1034000
1028000
1023000
1017000
1012000
1006000
1001000
995300
990000
984800
979600
974500
969400
964400
959500
954600
949700
944900
940100
935400
930700
926100
921500
917000
912500
908100
903700
899300
895000
890700
886500
882300
878100
874000
869900
865900
861900
857900
1123000
1073000
935100
904800
878700
860200
853800
849900
846100
842300
838500
834700
831000
827300
823700
820000
816400
1169000
1146000
935600
890700
934700
855300
836100
830700
821600
816600
813000
809500
806000
802600
799100
795700
792300
789000
785700
782400
779100
775800
772600
769400
766300
763200
760000
925700
806300
778300
771300
756300
750300
747200
744300
741300
738400
735500
732600
729700
726900
724000
1084000
830700
774100
762700
734200
724800
722000
719200
716500
713700
711000
708300
2150000
2363000
1313000
1097000
963400
848100
822600
1646000
1075000
950100
927400
865300
1926000
5017000
2261000
1632000
1454000
1156000
1077000
1070000
1467000
4912000
2837000
1885000
1679000
1387000
1271000
1253000
1244000
1236000
1228000
1220000
1212000
1204000
1196000
1876000
1928000
4461000
2300000
1789000
1661000
4264000
2661000
1953000
1815000
1594000
1502000
1483000
1471000
1460000
1448000
1437000
1426000
1415000
1766000
1898000
2610000
3043000
2054000
1772000
1644000
1526000
1489000
4951000
2538000
2010000
4669000
3798000
3810000
4489000
2736000
2264000
3047000
2206000
2010000
1969000
1882000
1846000
1828000
1810000
1793000
3182000
2198000
1974000
1924000
1807000
1765000
1748000
1732000
1716000
1700000
1685000
1670000
1655000
1640000
1626000
1853000
1673000
1623000
1889000
1661000
1601000
1581000
1548000
1530000
1518000
2429000
1857000
7667000
3468000
2493000
2313000
1870000
1744000
1998000
2034000
1814000
1757000
2124000
1806000
1726000
1702000
1658000
1636000
1622000
1608000
1594000
1581000
1568000
1554000
1542000
1529000
1516000
1504000
1492000
1480000
1515000
1472000
1454000
1442000
1427000
1416000
1689000
1509000
1441000
1420000
1390000
1373000
1362000
1352000
1342000
1333000
1323000
1314000
1734000
2218000
1608000
1473000
2111000
1563000
1438000
1412000
1354000
1332000
1322000
1313000
1304000
1295000
1286000
1277000
1268000
1260000
1251000
1243000
1235000
1226000
1218000
1211000
1203000
1195000
1340000
2920000
1727000
1466000
1408000
1278000
1239000
1231000
1223000
1215000
1207000
1199000
1191000
1184000
1176000
1169000
1162000
1154000
1147000
1140000
1133000
1127000
1120000
1113000
1106000
1100000
1093000
1087000
1081000
1075000
1068000
1062000
1056000
1050000
1044000
1039000
1033000
1027000
1022000
1016000
1010000
1005000
999700
994300
989000
983800
978700
973500
968500
963500
958500
953600
948800
944000
939200
934500
929900
925200
920700
916100
911700
907200
902800
898500
894200
889900
885700
881500
877300
873200
869200
865100
861100
857200
853300
849400
845500
841700
837900
834200
830500
826800
823100
819500
815900
812400
808900
805400
801900
798500
795100
791700
788300
785000
781700
778500
775200
772000
768800
765700
762600
759500
756400
753300
750300
747300
744300
741300
1507000
974400
857600
836500
779000
871800
793000
773700
768000
757200
752200
749200
746200
743200
740200
737300
734400
731500
728700
725800
1756000
1041000
884800
857500
781400
759600
756500
753400
750400
747400
744400
741500
738500
7488000
2838000
1836000
1673000
1191000
1063000
1057000
1051000
1045000
1039000
1033000
1028000
1022000
1016000
1011000
1005000
1e+06
994600
989300
984100
978900
973800
968800
963800
958800
953900
949000
944200
939500
934800
930100
925500
920900
916400
911900
907500
903100
898700
894400
890200
885900
881700
877600
873500
869400
865400
861400
857400
853500
849600
845700
841900
838100
834400
830700
827000
823300
819700
816100
812600
809100
805600
802100
798700
795300
791900
788500
785200
781900
778700
775400
772200
769000
765900
762700
759600
1243000
1276000
945600
876300
2860000
1430000
1121000
1353000
2123000
4475000
2126000
1582000
2261000
1423000
1231000
1204000
3161000
1745000
1438000
1384000
1233000
1189000
1181000
1174000
1166000
1351000
3137000
1778000
3051000
5467000
9233000
5511000
7811000
4101000
2864000
2520000
2158000
2055000
2033000
2011000
1989000
1968000
1947000
1927000
1908000
7515000
3649000
2802000
2651000
2231000
2106000
2083000
2059000
2596000
2192000
2088000
5429000
3268000
4611000
3110000
2549000
2402000
2232000
2170000
2145000
2121000
2097000
3679000
3889000
2901000
2529000
6872000
4804000
3238000
2922000
2544000
2347000
2297000
2269000
2496000
2296000
2233000
2201000
2158000
2129000
5977000
3300000
2705000
2590000
2291000
2195000
2169000
2144000
2120000
2096000
2072000
2050000
5005000
3559000
2688000
2508000
2262000
2141000
2106000
2798000
2731000
2301000
2197000
2114000
2047000
2017000
1995000
1974000
1953000
1933000
1913000
5875000
3133000
2528000
2415000
2114000
2020000
1998000
1977000
3713000
2491000
2212000
2151000
2007000
1954000
1934000
1914000
4478000
10210000
4640000
3446000
3062000
2457000
2293000
7229000
6916000
3982000
3367000
2907000
2561000
2471000
2439000
2407000
2376000
2346000
2317000
2288000
2261000
2233000
2207000
2181000
2156000
2131000
2107000
2083000
2060000
2037000
2015000
1994000
1973000
1952000
1932000
1912000
1892000
1873000
1855000
2089000
2015000
2178000
1932000
7744000
5085000
3213000
2844000
2374000
2145000
2096000
2073000
2050000
2027000
2005000
1984000
1963000
1943000
1923000
1903000
1884000
1865000
1846000
1828000
1810000
1793000
1776000
1759000
5945000
7749000
11260000
7229000
4626000
3922000
4347000
3060000
2769000
2676000
3128000
4929000
3247000
2863000
5192000
3293000
2854000
2762000
4017000
3138000
2744000
2645000
2504000
3539000
2738000
2542000
2485000
2377000
2327000
2298000
2270000
2243000
2216000
2190000
2164000
4199000
3341000
3932000
9893000
5572000
3773000
3339000
2763000
2538000
2488000
4307000
8702000
5434000
3847000
7317000
4134000
3543000
3256000
2909000
2792000
2737000
2694000
2655000
2618000
2581000
2546000
2511000
2478000
2445000
2414000
2383000
2352000
2323000
2294000
2266000
2239000
2212000
2186000
2161000
2136000
2112000
2088000
2065000
2042000
2020000
1998000
1977000
1956000
1936000
1916000
1896000
1877000
1858000
1840000
1822000
1804000
1787000
1770000
1753000
1737000
2802000
2041000
1865000
1824000
1732000
1697000
1681000
1666000
1652000
1637000
1623000
1609000
1595000
1581000
1568000
1555000
1542000
1529000
1517000
1505000
1493000
1481000
1469000
1458000
1446000
1435000
1424000
1413000
1403000
1392000
1382000
1372000
1362000
1352000
1342000
1332000
1323000
1314000
1304000
1295000
1286000
1278000
1871000
1450000
1352000
1330000
1279000
1260000
1251000
1243000
4738000
8533000
3734000
2723000
2318000
1801000
1674000
1659000
1644000
2363000
5150000
4456000
3039000
6630000
5214000
3174000
2745000
2382000
2157000
4734000
2916000
2506000
2422000
2212000
2140000
2116000
2461000
13980000
5785000
4001000
3667000
2792000
2543000
6354000
3671000
3066000
2941000
2634000
2529000
2495000
2462000
3420000
2704000
2526000
2472000
3886000
7188000
6388000
3953000
6107000
3770000
3068000
2921000
2688000
2601000
2565000
2530000
2496000
2463000
2431000
2399000
2369000
2339000
2310000
2281000
2254000
2227000
2200000
2174000
2149000
2125000
4094000
2713000
2398000
2329000
2165000
2105000
2151000
2748000
4310000
2791000
2710000
2414000
2196000
2129000
3016000
2355000
3826000
2671000
2344000
2267000
2129000
2076000
2054000
2031000
2009000
1988000
1967000
1946000
1926000
1906000
1887000
1868000
1849000
1831000
1813000
1796000
1779000
1762000
1745000
1921000
5851000
3548000
2551000
2345000
2022000
1891000
1862000
1844000
1826000
1808000
1790000
1773000
1757000
1740000
1724000
1708000
1693000
1677000
1662000
1648000
1633000
6240000
7057000
3607000
2890000
2451000
2064000
1970000
1950000
3054000
2414000
2126000
2058000
3871000
2572000
2225000
2151000
1995000
1936000
1915000
1895000
1876000
1857000
1839000
1821000
1803000
1786000
1769000
1752000
1736000
1720000
1704000
1689000
1674000
1659000
1644000
1630000
1615000
1602000
3257000
2090000
1828000
1774000
1790000
1644000
1608000
1591000
1567000
1552000
1539000
1526000
1514000
1502000
1490000
1478000
1466000
1455000
1443000
1432000
1421000
1411000
1400000
1389000
1379000
1369000
1359000
1349000
1339000
1712000
1532000
1405000
1373000
1335000
1312000
1302000
1292000
1284000
1275000
1266000
1258000
1249000
1241000
1233000
1225000
1235000
2222000
2709000
1737000
1529000
1421000
1310000
1280000
1271000
1263000
1254000
1246000
1238000
1230000
1221000
1213000
1206000
1198000
1190000
1183000
1175000
3234000
1807000
1494000
1438000
1284000
1239000
1230000
1222000
1214000
1206000
1199000
1191000
1183000
1176000
1169000
1161000
1154000
1147000
1140000
1133000
1126000
2524000
1549000
1334000
1294000
1188000
1155000
1148000
1141000
1134000
1127000
1120000
1114000
1107000
1101000
1094000
1088000
1081000
1075000
1069000
1063000
1057000
1051000
1045000
1039000
1033000
1028000
1022000
1017000
1011000
1006000
1e+06
994800
989600
984300
979200
974000
969000
964000
959000
954100
949200
944400
939700
935000
930300
925700
921100
916600
912100
907700
903300
898900
894600
890300
886100
881900
877800
873600
869600
865500
861500
857600
853600
1070000
2115000
2409000
6408000
2760000
1902000
1676000
1295000
1197000
1190000
1182000
1175000
1167000
1160000
1153000
1146000
1139000
1132000
1125000
1118000
1112000
1105000
1099000
1092000
1086000
1079000
1073000
1067000
1061000
1055000
1049000
1043000
1037000
1032000
1026000
1020000
1778000
1775000
1288000
1185000
1112000
1055000
1039000
5400000
2383000
1858000
1660000
1324000
1234000
1217000
1207000
1199000
1191000
1184000
1176000
1271000
2213000
1489000
1329000
1290000
1209000
1183000
1175000
1168000
1161000
1153000
1146000
1139000
1132000
1126000
1119000
1112000
2647000
5472000
3060000
2167000
1846000
1917000
2092000
1624000
1521000
1469000
1412000
2877000
8703000
4691000
2982000
2563000
2013000
1805000
1771000
1754000
1785000
1991000
1888000
1768000
1729000
1693000
1666000
1650000
1635000
1621000
1607000
1593000
3764000
2241000
1903000
1837000
1668000
1614000
1600000
1587000
1573000
5308000
2706000
2135000
2032000
1751000
1668000
1654000
1639000
1625000
1611000
1597000
1583000
1570000
1557000
1544000
3697000
2185000
1850000
1785000
1618000
2510000
1938000
2562000
1980000
3486000
2212000
1876000
1801000
1662000
1616000
1672000
2444000
2004000
1754000
1692000
1614000
1574000
1558000
1545000
1533000
1922000
2076000
1696000
1607000
1556000
1505000
2433000
1768000
1615000
1615000
1513000
1479000
1467000
1453000
1441000
1430000
1419000
1408000
1398000
1387000
1377000
1600000
1431000
1387000
3370000
1982000
1675000
1619000
1468000
1422000
1411000
2371000
1699000
2349000
1875000
1888000
2341000
6860000
4376000
2742000
2374000
1955000
1762000
1724000
1708000
1693000
1677000
1662000
1648000
1633000
1619000
1605000
1591000
1578000
1565000
1552000
1539000
1526000
1514000
1501000
1489000
1478000
1466000
1455000
1443000
1432000
1421000
1410000
1400000
1389000
1379000
1369000
1359000
1349000
1339000
1330000
1320000
1311000
1302000
1293000
1284000
1275000
1267000
1258000
1250000
1241000
1233000
1781000
1391000
1301000
1389000
1267000
1233000
1222000
1207000
1197000
1190000
1182000
1175000
1167000
1160000
1153000
1146000
1139000
1132000
1125000
1118000
1112000
1105000
1098000
1092000
1086000
2005000
2621000
1607000
1392000
1290000
1177000
1147000
1140000
1133000
1126000
1119000
1113000
1106000
1099000
1093000
1087000
1080000
1074000
1068000
1062000
1056000
1050000
1044000
1038000
1032000
1027000
1021000
1016000
1010000
1005000
999200
993900
988600
983400
978300
973100
968100
963100
958100
953200
948400
943600
938800
934100
929500
1086000
2264000
1984000
1346000
1206000
1655000
1606000
1217000
1136000
1081000
1035000
1022000
1016000
1011000
1005000
1e+06
994700
989400
984200
979000
973900
968800
963800
958900
954000
949100
944300
939500
934800
930200
925600
921000
916500
912000
907500
903100
898800
894500
890200
1270000
1020000
948400
2100000
1496000
1198000
2126000
3115000
8886000
3700000
2471000
2140000
1587000
1441000
1429000
1915000
1566000
1482000
1461000
1415000
1396000
1385000
1375000
1365000
1355000
1345000
1336000
1326000
1317000
1308000
1298000
1289000
2042000
1916000
1687000
1486000
2496000
7098000
6528000
3389000
2697000
5340000
5062000
2977000
5980000
4875000
3092000
2725000
2424000
2229000
2176000
2150000
2126000
2102000
11700000
5052000
3601000
3346000
2635000
2429000
2397000
2367000
2337000
2308000
2280000
2252000
3235000
10340000
4916000
3601000
3292000
2683000
2497000
2462000
2429000
2398000
2367000
2338000
2309000
2280000
2579000
2330000
4711000
3579000
3480000
2802000
2480000
4280000
3914000
10760000
9598000
8418000
5170000
6282000
11140000
5700000
10360000
