1616000
1481000
1451000
1421000
1406000
1395000
1385000
1374000
1364000
1354000
1345000
1335000
1325000
1316000
1307000
1297000
4388000
2590000
1967000
1579000
1552000
2763000
1838000
2527000
7476000
3364000
2613000
1962000
1812000
2901000
2223000
1996000
2725000
2218000
2837000
7974000
7207000
3994000
2921000
2382000
2841000
2419000
2328000
4624000
2930000
3573000
2639000
2450000
2320000
2270000
2243000
2216000
2457000
2245000
2190000
2136000
2106000
2082000
2059000
2036000
2014000
3033000
2284000
2144000
2011000
1965000
1945000
1924000
1904000
1964000
3453000
4028000
3258000
2436000
2123000
1995000
1959000
1939000
1919000
1899000
2239000
1968000
1908000
1851000
1824000
1806000
1789000
2569000
1991000
1883000
1779000
1744000
1728000
1712000
1696000
1681000
1666000
1651000
1636000
1622000
1608000
1594000
1580000
1567000
1554000
1541000
1528000
1515000
1503000
1491000
1479000
1467000
1456000
1444000
4254000
2284000
1956000
1640000
1562000
1549000
1536000
1523000
1820000
2787000
1912000
1733000
1584000
1544000
1531000
1519000
1506000
1494000
1482000
1470000
1459000
1447000
1436000
1425000
1414000
1403000
1393000
1382000
1372000
1362000
1352000
1342000
1333000
1323000
1314000
1304000
1295000
3314000
1887000
2577000
1699000
1537000
1426000
1394000
1383000
1373000
1363000
1353000
1343000
1333000
1324000
1314000
2511000
1658000
1512000
1372000
1334000
1325000
1315000
1306000
1297000
1288000
1279000
1270000
1262000
1253000
1245000
1236000
1228000
1220000
1212000
1204000
1196000
1189000
1181000
1174000
1166000
1159000
1152000
1145000
1138000
1131000
1124000
1117000
1110000
1104000
1097000
1091000
1084000
1078000
1072000
1066000
1059000
1053000
1047000
1042000
1036000
1030000
1024000
1019000
1013000
1008000
1002000
996700
991400
986100
980900
975700
970600
965500
960500
955600
950700
945800
941000
936300
931600
926900
922300
2517000
1400000
1215000
1038000
995300
990000
984700
979500
974400
969300
964200
959200
954300
949400
944600
939800
935000
930300
925700
921100
916500
912000
907600
903100
898800
894400
890100
885900
881700
877500
873300
869200
865200
861200
857200
853200
2032000
3121000
1647000
4977000
2688000
1859000
1396000
1247000
1227000
1219000
1211000
1203000
1195000
1187000
1180000
1172000
1165000
1158000
1151000
1143000
1136000
1130000
1123000
1116000
1109000
1103000
1096000
1090000
1083000
1077000
1336000
2425000
1503000
1325000
1175000
1138000
1131000
1124000
1212000
1253000
1158000
1129000
1108000
1099000
1093000
1086000
1080000
1074000
1067000
1061000
1196000
1618000
1233000
1154000
1088000
1070000
1064000
1058000
1052000
1046000
1040000
1034000
1028000
1023000
4475000
7069000
3170000
2220000
1588000
1460000
1449000
1438000
1427000
1416000
1405000
1394000
2091000
1587000
1497000
1410000
1384000
1979000
1546000
1467000
1392000
1367000
1357000
1348000
1338000
1328000
1450000
1360000
1328000
1303000
1290000
1346000
1291000
4415000
2204000
1837000
1487000
1635000
1463000
1427000
1391000
2414000
1841000
1600000
1460000
1407000
1393000
1383000
1372000
1433000
1674000
1446000
1395000
1351000
1334000
1325000
1315000
2406000
1627000
1493000
1364000
1329000
1320000
1537000
4804000
2373000
2581000
3930000
2263000
1939000
1678000
1613000
1600000
1586000
1572000
1559000
1546000
1533000
1521000
1508000
1496000
1484000
1472000
1461000
1449000
1438000
1427000
1416000
1405000
1395000
1384000
1433000
1382000
1365000
1349000
1338000
7945000
3331000
2574000
3468000
9909000
4576000
3304000
2374000
2140000
2973000
4080000
2752000
2438000
2207000
2141000
2117000
2093000
2069000
2046000
2024000
2002000
6717000
4579000
3196000
5080000
3154000
2737000
2422000
2322000
2290000
4689000
2980000
2679000
2390000
2305000
2276000
2248000
2221000
2195000
2169000
2144000
4681000
2874000
2560000
2259000
2174000
2148000
2124000
2100000
2076000
2053000
2030000
2008000
2607000
2152000
2060000
1972000
1937000
1917000
1898000
1878000
1859000
1841000
1823000
1805000
1788000
1770000
1754000
1737000
1721000
1705000
1690000
1674000
1659000
1644000
1630000
1616000
1602000
1588000
1574000
1561000
1548000
1535000
1523000
1510000
1498000
1486000
1474000
1462000
1451000
1440000
1429000
1418000
1407000
1396000
1386000
1375000
1365000
1355000
1345000
1336000
1326000
1317000
1307000
1298000
1289000
1280000
1272000
1263000
1254000
2382000
1577000
1439000
1307000
1272000
1263000
1254000
1246000
1238000
1229000
1221000
1213000
1205000
1198000
1190000
1182000
1175000
1167000
1160000
1153000
1146000
1139000
1132000
1125000
1118000
1111000
1105000
1098000
1092000
1085000
1079000
1073000
1067000
1060000
1054000
1048000
1042000
1037000
1031000
1025000
1020000
1014000
1008000
1003000
997600
992200
986900
981700
976500
971400
966400
961300
956400
951500
946600
941800
937000
932300
927700
923000
918500
913900
909400
905000
900600
896200
891900
887700
883400
879200
875100
871000
866900
862900
1157000
1090000
950300
897400
870600
863200
859200
855200
851300
847400
843500
839700
835900
832200
828500
824800
821100
1197000
1166000
951400
879400
923600
856300
843100
830500
824900
821200
817600
814000
810400
806900
803400
799900
796500
793100
789700
786400
783000
779800
776500
773200
770000
766800
763700
941600
810900
787000
764200
756900
753800
750800
747700
744700
741700
738800
735900
732900
730100
727200
982600
802100
770700
740300
731500
728600
725800
722900
720100
717300
714600
711800
1965000
2371000
1324000
1038000
866200
832500
828800
1702000
1084000
980100
881200
856800
1997000
4407000
2079000
1566000
1184000
1100000
1093000
1086000
1377000
4777000
2804000
1938000
1465000
1308000
1285000
1276000
1267000
1259000
1250000
1242000
1233000
1225000
1217000
1938000
1982000
4683000
2302000
1852000
1484000
4100000
2521000
1991000
1654000
1545000
1526000
1513000
1501000
1489000
1477000
1465000
1454000
1442000
1814000
1948000
2703000
2846000
1999000
1721000
1571000
1531000
1518000
4277000
2347000
2024000
4107000
3731000
3953000
4508000
2704000
2263000
3016000
2231000
2094000
1962000
1918000
1899000
1879000
1860000
1842000
3315000
2250000
2061000
1881000
1828000
1810000
1792000
1775000
1758000
1742000
1726000
1710000
1694000
1679000
1663000
1834000
1691000
1656000
1840000
1671000
1633000
1596000
1577000
1564000
1551000
2244000
1803000
7075000
3208000
2559000
1957000
1814000
1796000
2066000
2099000
1872000
1795000
2087000
1828000
1773000
1720000
1697000
1681000
1666000
1651000
1637000
1622000
1608000
1594000
1581000
1567000
1554000
1541000
1529000
1516000
1555000
1507000
1489000
1472000
1459000
1448000
1739000
1543000
1480000
1434000
1413000
1402000
1391000
1381000
1371000
1361000
1351000
1341000
1788000
2293000
1649000
1495000
2121000
1577000
1484000
1394000
1367000
1357000
1347000
1337000
1328000
1318000
1309000
1300000
1291000
1282000
1273000
1264000
1256000
1247000
1239000
1231000
1223000
1215000
1375000
3043000
1756000
1525000
1318000
1267000
1259000
1250000
1242000
1234000
1225000
1217000
1209000
1202000
1194000
1186000
1179000
1171000
1164000
1157000
1149000
1142000
1135000
1128000
1122000
1115000
1108000
1101000
1095000
1089000
1082000
1076000
1070000
1064000
1057000
1051000
1046000
1040000
1034000
1028000
1022000
1017000
1011000
1006000
1e+06
995000
989700
984400
979200
974100
969000
963900
958900
954000
949100
944300
939500
934700
930100
925400
920800
916300
911800
907300
902900
898500
894200
889900
885600
881400
877200
873100
869000
864900
860900
856900
853000
849100
845200
841400
837600
833800
830100
826400
822700
819100
815500
811900
808400
804800
801400
797900
794500
791100
787700
784400
781100
777800
774600
771300
768200
765000
761800
758700
755600
752600
749500
746500
1524000
972500
880200
792300
770900
884400
799100
782500
766700
760800
757700
754600
751600
748500
745500
742500
739600
736600
733700
730800
1680000
1011000
900200
794200
768900
765700
762600
759500
756400
753300
750200
747200
744200
6895000
2603000
1904000
1236000
1087000
1080000
1074000
1068000
1062000
1056000
1050000
1044000
1038000
1032000
1026000
1021000
1015000
1010000
1004000
998800
993500
988200
982900
977700
972600
967500
962500
957500
952600
947700
942900
938100
933400
928700
924100
919500
915000
910500
906000
901600
897200
892900
888600
884400
880200
876000
871900
867800
863800
859800
855800
851900
848000
844100
840300
836500
832700
829000
825300
821700
818000
814400
810900
807300
803800
800400
796900
793500
790100
786800
783500
780200
776900
773600
770400
767200
1286000
1308000
968900
863900
2958000
1437000
1188000
1251000
2163000
3745000
1909000
1483000
1934000
1347000
1255000
1168000
3232000
1757000
1511000
1276000
1220000
1212000
1204000
1196000
1188000
1384000
3274000
1810000
3210000
5261000
8598000
5353000
7921000
3704000
2844000
2274000
2139000
2115000
2091000
2067000
2045000
2022000
2e+06
1979000
1958000
7851000
3705000
3013000
2350000
2187000
2161000
2136000
2112000
2680000
2243000
2153000
5645000
3329000
4726000
2921000
2566000
2322000
2249000
2221000
2195000
2169000
2144000
3822000
4019000
3008000
2513000
6270000
4370000
3236000
2671000
2446000
2393000
2362000
2332000
2574000
2358000
2299000
2243000
2210000
2184000
5869000
3267000
2823000
2396000
2282000
2254000
2227000
2201000
2175000
2149000
2125000
2100000
5234000
3654000
2827000
2389000
2221000
2180000
2154000
2889000
2806000
2368000
2209000
2117000
2082000
2059000
2036000
2014000
1992000
1971000
1950000
6151000
3181000
2681000
2201000
2080000
2057000
2034000
2012000
3854000
2530000
2297000
2073000
2008000
1987000
1965000
1945000
4665000
9596000
4493000
3399000
2567000
2378000
2348000
6337000
6408000
3925000
3135000
2695000
2592000
2556000
2521000
2487000
2454000
2422000
2390000
2360000
2330000
2301000
2273000
2245000
2218000
2192000
2166000
2141000
2116000
2092000
2069000
2046000
2024000
2002000
1980000
1959000
1939000
1919000
1899000
2159000
2069000
2247000
1962000
8135000
5208000
3428000
2559000
2227000
2167000
2142000
2117000
2093000
2070000
2047000
2024000
2002000
1981000
1960000
1939000
1919000
1900000
1880000
1861000
1843000
1825000
1807000
1789000
6233000
8002000
10480000
6778000
4321000
3463000
4175000
3081000
2847000
2654000
3049000
4712000
3223000
2911000
4931000
3256000
2960000
2677000
3768000
3082000
2802000
2622000
2542000
3377000
2742000
2611000
2485000
2432000
2401000
2370000
2340000
2311000
2282000
2254000
2227000
4366000
3439000
3908000
8955000
5336000
3798000
2960000
2676000
2616000
2579000
4001000
8749000
5525000
3954000
7285000
4092000
3760000
3117000
2950000
2882000
2832000
2790000
2748000
2708000
2668000
2630000
2593000
2557000
2522000
2488000
2455000
2423000
2392000
2361000
2331000
2302000
2274000
2246000
2219000
2193000
2167000
2142000
2117000
2093000
2070000
2047000
2025000
2003000
1981000
1960000
1940000
1919000
1900000
1880000
1861000
1843000
1825000
1807000
1789000
1772000
2903000
2079000
1931000
1789000
1746000
1730000
1714000
1698000
1683000
1667000
1652000
1638000
1623000
1609000
1595000
1582000
1568000
1555000
1542000
1529000
1517000
1505000
1492000
1481000
1469000
1457000
1446000
1435000
1424000
1413000
1402000
1391000
1381000
1371000
1361000
1351000
1341000
1331000
1322000
1313000
1303000
1294000
1927000
1469000
1386000
1308000
1284000
1275000
1267000
1258000
4964000
7757000
3571000
2549000
1866000
1725000
1709000
1694000
1678000
2223000
4995000
4510000
3098000
6742000
5219000
3301000
2577000
2245000
2175000
4900000
2963000
2627000
2305000
2215000
2188000
2163000
2529000
13390000
5540000
4204000
2955000
2658000
2620000
6274000
3660000
3204000
2767000
2643000
2606000
2569000
2534000
3280000
2708000
2589000
2472000
3615000
6593000
6405000
3956000
6111000
3637000
3199000
2839000
2730000
2690000
2651000
2614000
2577000
2542000
2507000
2473000
2441000
2409000
2378000
2348000
2318000
2289000
2261000
2234000
2207000
2181000
4270000
2775000
2511000
2257000
2182000
2157000
2206000
2837000
4485000
2861000
2791000
2322000
2214000
2159000
3113000
2402000
3995000
2662000
2419000
2208000
2143000
2118000
2094000
2071000
2048000
2025000
2003000
1982000
1961000
1940000
1920000
1900000
1881000
1862000
1843000
1825000
1807000
1790000
1773000
1952000
6082000
3612000
2680000
2125000
1943000
1910000
1890000
1871000
1852000
1834000
1816000
1798000
1781000
1764000
1747000
1731000
1715000
1699000
1684000
1668000
1654000
5964000
7185000
3699000
2728000
2146000
2025000
2003000
1981000
3154000
2457000
2189000
2021000
3985000
2607000
2309000
2061000
1985000
1962000
1942000
1922000
1902000
1882000
1863000
1845000
1827000
1809000
1791000
1774000
1757000
1741000
1724000
1708000
1693000
1677000
1662000
1648000
1633000
1619000
2889000
1988000
1831000
1679000
1748000
1656000
1629000
1603000
1587000
1573000
1560000
1547000
1534000
1521000
1509000
1497000
1485000
1473000
1461000
1450000
1439000
1427000
1416000
1406000
1395000
1385000
1374000
1364000
1354000
1756000
1555000
1431000
1366000
1336000
1325000
1315000
1306000
1297000
1288000
1279000
1270000
1261000
1253000
1245000
1236000
1252000
2295000
2795000
1779000
1510000
1340000
1301000
1292000
1283000
1274000
1266000
1257000
1249000
1240000
1232000
1224000
1216000
1208000
1200000
1192000
1185000
3376000
1823000
1564000
1317000
1257000
1249000
1241000
1232000
1224000
1216000
1208000
1200000
1193000
1185000
1177000
1170000
1163000
1155000
1148000
1141000
1134000
2475000
1524000
1364000
1211000
1172000
1165000
1157000
1150000
1143000
1136000
1129000
1122000
1116000
1109000
1102000
1096000
1089000
1083000
1077000
1070000
1064000
1058000
1052000
1046000
1040000
1035000
1029000
1023000
1018000
1012000
1006000
1001000
995600
990300
985000
979800
974700
969600
964500
959500
954600
949700
944900
940100
935300
930600
926000
921400
916800
912300
907800
903400
899000
894700
890400
886100
881900
877700
873600
869500
865400
861400
857400
1095000
2194000
2409000
5762000
2475000
1829000
1330000
1222000
1214000
1206000
1198000
1191000
1183000
1175000
1168000
1161000
1154000
1146000
1139000
1132000
1125000
1119000
1112000
1105000
1099000
1092000
1086000
1080000
1073000
1067000
1061000
1055000
1049000
1043000
1037000
1031000
1591000
1585000
1246000
1136000
1075000
1060000
1054000
5051000
2249000
1925000
1389000
1272000
1249000
1237000
1229000
1221000
1213000
1205000
1197000
1298000
2295000
1515000
1372000
1244000
1211000
1203000
1195000
1187000
1180000
1172000
1165000
1158000
1150000
1143000
1136000
1129000
2580000
5681000
3139000
2203000
1609000
1866000
2139000
1660000
1535000
1450000
1425000
3018000
8005000
4547000
2969000
2142000
1874000
1833000
1815000
1797000
1829000
2047000
1935000
1812000
1753000
1720000
1702000
1686000
1671000
1656000
1641000
1627000
3282000
2116000
1916000
1723000
1669000
1654000
1640000
1625000
1611000
4781000
2554000
2180000
1822000
1732000
1716000
1700000
1685000
1670000
1655000
1640000
1626000
1611000
1597000
1584000
3226000
2068000
1870000
1678000
1626000
2334000
1893000
2393000
1887000
3113000
2083000
1897000
1735000
1688000
1673000
1712000
2297000
1960000
1784000
1686000
1644000
1627000
1612000
1598000
1585000
1879000
1993000
1710000
1626000
1569000
1548000
2339000
1769000
1666000
1603000
1547000
1530000
1514000
1501000
1489000
1477000
1465000
1454000
1442000
1431000
1420000
1657000
1473000
1435000
3516000
2025000
1775000
1536000
1475000
1463000
1452000
2470000
1743000
2466000
1863000
1952000
2255000
6141000
4229000
2755000
2106000
1849000
1802000
1784000
1767000
1750000
1734000
1718000
1702000
1687000
1671000
1656000
1642000
1627000
1613000
1599000
1585000
1572000
1559000
1546000
1533000
1520000
1508000
1496000
1484000
1472000
1460000
1449000
1437000
1426000
1415000
1405000
1394000
1384000
1373000
1363000
1353000
1344000
1334000
1324000
1315000
1306000
1296000
1287000
1279000
1270000
1261000
1850000
1422000
1346000
1388000
1284000
1263000
1242000
1231000
1223000
1215000
1207000
1199000
1192000
1184000
1176000
1169000
1162000
1154000
1147000
1140000
1133000
1126000
1119000
1113000
1106000
1778000
2579000
1602000
1377000
1216000
1179000
1171000
1164000
1157000
1149000
1142000
1135000
1128000
1122000
1115000
1108000
1102000
1095000
1089000
1082000
1076000
1070000
1064000
1058000
1052000
1046000
1040000
1034000
1028000
1023000
1017000
1011000
1006000
1e+06
995100
989800
984500
979300
974100
969000
964000
959000
954100
949200
944300
1117000
2211000
1804000
1319000
1126000
1457000
1459000
1195000
1111000
1062000
1049000
1043000
1038000
1032000
1026000
1020000
1015000
1009000
1004000
998400
993100
987800
982500
977400
972200
967200
962100
957200
952200
947400
942600
937800
933100
928400
923800
919200
914600
910100
905700
1315000
1040000
976000
2162000
1520000
1250000
1874000
2563000
8769000
3547000
2512000
1683000
1496000
1482000
1470000
1986000
1608000
1537000
1469000
1445000
1434000
1423000
1412000
1402000
1391000
1381000
1370000
1360000
1350000
1341000
1331000
1321000
2121000
1974000
1752000
1482000
2559000
6361000
6279000
3320000
2427000
5273000
5207000
3137000
6140000
4703000
3193000
2608000
2337000
2275000
2248000
2221000
2194000
2168000
11080000
4836000
3797000
2800000
2558000
2523000
2489000
2456000
2423000
2392000
2361000
2331000
3342000
9656000
4748000
3697000
2857000
2639000
2598000
2562000
2527000
2493000
2460000
2427000
2396000
2365000
2681000
2412000
4536000
3417000
3382000
2672000
2478000
3979000
3659000
10400000
9644000
8760000
4909000
6232000
10690000
5709000
9597000
