933300
930100
926000
921600
917100
912700
908300
904000
899700
895400
891200
887000
882900
878800
874700
870700
3071000
1849000
1366000
1086000
1080000
2284000
1363000
2055000
6179000
2605000
1947000
1389000
1263000
2052000
1569000
1411000
1939000
1579000
2029000
6287000
6306000
3215000
2267000
1757000
2226000
1811000
1731000
4034000
2327000
2976000
2041000
1860000
1743000
1704000
1689000
1674000
1926000
1723000
1678000
1635000
1615000
1601000
1588000
1574000
1561000
2587000
1839000
1706000
1580000
1542000
1530000
1517000
1505000
1550000
2951000
3604000
2842000
2032000
1726000
1604000
1575000
1562000
1549000
1537000
1883000
1616000
1563000
1512000
1491000
1479000
1468000
2030000
1620000
1544000
1471000
1446000
1435000
1424000
1414000
1403000
1393000
1383000
1373000
1363000
1353000
1343000
1334000
1324000
1315000
1306000
1297000
1288000
1280000
1271000
1262000
1254000
1246000
1238000
4038000
2060000
1733000
1420000
1343000
1334000
1324000
1315000
1614000
2581000
1703000
1525000
1380000
1341000
1332000
1323000
1314000
1304000
1296000
1287000
1278000
1269000
1261000
1253000
1244000
1236000
1228000
1220000
1212000
1205000
1197000
1189000
1182000
1175000
1167000
1160000
1153000
3164000
1736000
2426000
1547000
1385000
1276000
1245000
1237000
1229000
1221000
1213000
1206000
1198000
1190000
1183000
2376000
1524000
1379000
1241000
1204000
1197000
1189000
1182000
1175000
1167000
1160000
1153000
1146000
1139000
1132000
1126000
1119000
1112000
1106000
1099000
1093000
1087000
1081000
1074000
1068000
1062000
1056000
1050000
1045000
1039000
1033000
1028000
1022000
1017000
1011000
1006000
1e+06
995100
989900
984800
979700
974600
969600
964700
959800
954900
950100
945400
940700
936000
931400
926800
922300
917800
913400
909000
904600
900300
896100
891800
887600
883500
879400
875300
871300
867300
863300
2449000
1332000
1149000
973700
931300
926900
922400
917900
913500
909100
904700
900400
896100
891900
887700
883600
879500
875400
871400
867400
863400
859500
855600
851700
847900
844100
840400
836600
833000
829300
825700
822100
818500
815000
811500
808000
1979000
3066000
1589000
5543000
2777000
1870000
1337000
1171000
1151000
1145000
1138000
1131000
1124000
1117000
1111000
1104000
1098000
1092000
1085000
1079000
1073000
1067000
1061000
1055000
1049000
1043000
1038000
1032000
1026000
1021000
1392000
2805000
1562000
1321000
1122000
1075000
1069000
1063000
1193000
1254000
1117000
1078000
1051000
1041000
1035000
1030000
1024000
1019000
1013000
1008000
1205000
1809000
1246000
1132000
1039000
1015000
1010000
1005000
999300
994000
988800
983600
978600
973500
5112000
7175000
3183000
2157000
1507000
1377000
1367000
1357000
1348000
1338000
1329000
1319000
2015000
1512000
1423000
1338000
1312000
1908000
1475000
1397000
1323000
1299000
1290000
1282000
1273000
1265000
1387000
1298000
1267000
1243000
1231000
1287000
1234000
4353000
2139000
1773000
1425000
1571000
1400000
1365000
1330000
2352000
1778000
1539000
1399000
1348000
1334000
1325000
1316000
1377000
1619000
1391000
1341000
1298000
1282000
1273000
1265000
2354000
1575000
1442000
1315000
1280000
1271000
1489000
4749000
2317000
2525000
4487000
2356000
1956000
1625000
1545000
1532000
1520000
1508000
1496000
1484000
1472000
1461000
1450000
1439000
1428000
1417000
1407000
1396000
1386000
1376000
1366000
1356000
1346000
1337000
1385000
1336000
1320000
1305000
1294000
8876000
3521000
2642000
3724000
9895000
4521000
3215000
2279000
2041000
2874000
3981000
2653000
2342000
2112000
2048000
2026000
2005000
1983000
1963000
1943000
1923000
6629000
4490000
3108000
5295000
3173000
2690000
2338000
2227000
2197000
4861000
2952000
2620000
2302000
2211000
2186000
2160000
2136000
2112000
2089000
2066000
4597000
2794000
2482000
2183000
2098000
2075000
2052000
2030000
2008000
1987000
1967000
1946000
2543000
2091000
2002000
1916000
1882000
1863000
1845000
1827000
1810000
1792000
1775000
1759000
1743000
1727000
1711000
1696000
1681000
1666000
1651000
1637000
1623000
1609000
1595000
1582000
1569000
1556000
1543000
1531000
1518000
1506000
1494000
1482000
1471000
1460000
1448000
1437000
1426000
1416000
1405000
1395000
1385000
1374000
1365000
1355000
1345000
1336000
1326000
1317000
1308000
1299000
1290000
1281000
1273000
1264000
1256000
1247000
1239000
2354000
1557000
1421000
1291000
1256000
1248000
1239000
1231000
1223000
1215000
1208000
1200000
1192000
1185000
1178000
1170000
1163000
1156000
1149000
1142000
1135000
1128000
1122000
1115000
1108000
1102000
1096000
1089000
1083000
1077000
1071000
1065000
1059000
1053000
1047000
1041000
1036000
1030000
1024000
1019000
1013000
1008000
1003000
997300
992000
986900
981700
976700
971600
966700
961700
956900
952100
947300
942600
937900
933200
928700
924100
919600
915200
910800
906400
902100
897800
893500
889300
885200
881000
877000
872900
868900
864900
861000
1145000
1085000
946100
894700
868200
860800
856900
853100
849200
845400
841700
837900
834200
830600
826900
823300
819800
1193000
1163000
948900
877600
921600
854400
841500
828900
823400
819800
816300
812800
809300
805800
802400
799000
795700
792300
789000
785700
782500
779300
776100
772900
769700
766600
763500
939300
810000
786500
764100
756700
753800
750800
747800
744900
741900
739000
736200
733300
730500
727700
1109000
834400
787600
743100
731100
728300
725500
722800
720000
717300
714600
711900
2237000
2436000
1356000
1041000
862400
828300
824900
1697000
1078000
975300
877000
852300
1991000
5220000
2291000
1667000
1191000
1082000
1075000
1069000
1490000
5128000
2882000
1961000
1447000
1280000
1257000
1249000
1241000
1233000
1225000
1217000
1209000
1201000
1194000
1913000
1957000
4652000
2271000
1823000
1457000
4327000
2671000
2021000
1640000
1510000
1488000
1476000
1465000
1454000
1442000
1431000
1421000
1410000
1782000
1916000
2669000
3056000
2040000
1722000
1543000
1495000
1482000
5116000
2529000
2097000
4600000
3806000
3960000
4453000
2635000
2195000
2946000
2161000
2026000
1896000
1853000
1835000
1817000
1800000
1783000
3254000
2191000
2004000
1825000
1772000
1756000
1740000
1724000
1708000
1693000
1678000
1663000
1649000
1634000
1620000
1862000
1668000
1625000
1885000
1652000
1605000
1559000
1539000
1526000
1514000
2468000
1857000
8036000
3414000
2634000
1923000
1753000
1737000
2007000
2041000
1816000
1740000
2121000
1796000
1732000
1671000
1646000
1631000
1617000
1604000
1590000
1577000
1564000
1551000
1538000
1526000
1514000
1502000
1490000
1478000
1516000
1470000
1454000
1437000
1425000
1415000
1705000
1510000
1448000
1402000
1382000
1372000
1362000
1352000
1342000
1333000
1324000
1314000
1759000
2264000
1621000
1469000
2094000
1550000
1457000
1368000
1341000
1332000
1322000
1313000
1304000
1295000
1286000
1278000
1269000
1261000
1252000
1244000
1236000
1228000
1220000
1212000
1204000
1197000
1352000
3021000
1735000
1505000
1299000
1248000
1240000
1232000
1224000
1216000
1208000
1200000
1193000
1185000
1178000
1171000
1164000
1156000
1149000
1142000
1136000
1129000
1122000
1115000
1109000
1102000
1096000
1090000
1083000
1077000
1071000
1065000
1059000
1053000
1047000
1042000
1036000
1030000
1025000
1019000
1014000
1008000
1003000
997600
992400
987200
982100
977000
972000
967000
962100
957200
952400
947600
942900
938200
933600
929000
924400
919900
915500
911100
906700
902400
898100
893800
889600
885400
881300
877200
873200
869200
865200
861200
857300
853500
849600
845800
842100
838300
834600
831000
827300
823700
820100
816600
813100
809600
806200
802700
799300
796000
792600
789300
786000
782800
779600
776400
773200
770000
766900
763800
760700
757700
754700
751700
748700
745700
1557000
979000
883100
791800
769100
882300
797200
780900
765200
759400
756300
753300
750300
747400
744400
741500
738600
735700
732900
730100
1820000
1045000
917200
795700
766400
763400
760400
757300
754300
751300
748300
745400
742500
7890000
2840000
2024000
1245000
1068000
1063000
1057000
1051000
1045000
1039000
1034000
1028000
1023000
1017000
1012000
1006000
1001000
995700
990500
985300
980200
975100
970100
965200
960300
955400
950600
945800
941100
936500
931800
927300
922800
918300
913800
909400
905100
900800
896500
892300
888100
883900
879800
875700
871700
867700
863700
859800
855900
852000
848200
844400
840700
836900
833300
829600
826000
822400
818800
815300
811800
808300
804900
801500
798100
794700
791400
788100
784800
781600
778400
775200
772000
768900
765800
762700
1276000
1301000
962100
858400
2948000
1426000
1180000
1243000
2152000
4649000
2137000
1592000
2086000
1362000
1252000
1148000
3262000
1745000
1493000
1253000
1194000
1186000
1179000
1172000
1164000
1360000
3247000
1783000
3181000
5489000
9608000
5586000
7991000
3652000
2763000
2195000
2059000
2037000
2015000
1993000
1973000
1952000
1932000
1913000
1893000
7732000
3619000
2933000
2278000
2113000
2090000
2067000
2044000
2613000
2179000
2090000
5576000
3262000
4729000
2871000
2506000
2255000
2180000
2155000
2131000
2107000
2084000
3760000
3956000
2947000
2453000
6949000
4815000
3342000
2652000
2369000
2310000
2282000
2254000
2498000
2284000
2228000
2174000
2143000
2119000
6138000
3283000
2797000
2334000
2210000
2184000
2159000
2135000
2111000
2087000
2065000
2042000
5170000
3592000
2767000
2331000
2161000
2122000
2098000
2832000
2751000
2315000
2157000
2066000
2032000
2011000
1990000
1969000
1948000
1929000
1909000
6102000
3135000
2636000
2159000
2036000
2014000
1993000
1972000
3810000
2489000
2258000
2036000
1970000
1950000
1930000
1910000
4624000
10600000
4708000
3482000
2531000
2311000
2283000
7475000
7088000
4112000
3128000
2606000
2492000
2459000
2427000
2397000
2366000
2337000
2308000
2280000
2253000
2227000
2201000
2175000
2150000
2126000
2102000
2079000
2056000
2034000
2012000
1991000
1970000
1950000
1930000
1910000
1891000
1873000
1854000
2106000
2023000
2203000
1920000
8082000
5155000
3376000
2510000
2175000
2115000
2092000
2069000
2046000
2024000
2003000
1982000
1961000
1941000
1921000
1902000
1883000
1864000
1846000
1828000
1810000
1793000
1776000
1760000
6191000
7988000
11760000
7199000
4464000
3432000
4169000
3014000
2772000
2573000
3127000
5051000
3257000
2880000
5170000
3247000
2913000
2596000
4047000
3143000
2777000
2550000
2456000
3591000
2732000
2566000
2408000
2350000
2321000
2293000
2265000
2238000
2212000
2186000
2161000
4304000
3372000
4049000
10180000
5592000
3873000
2888000
2570000
2513000
2480000
4407000
9028000
5544000
3884000
7166000
3965000
3635000
2997000
2831000
2767000
2722000
2683000
2645000
2608000
2573000
2538000
2504000
2471000
2439000
2408000
2378000
2348000
2319000
2291000
2263000
2237000
2210000
2185000
2160000
2135000
2111000
2088000
2065000
2043000
2021000
1999000
1978000
1958000
1938000
1918000
1899000
1880000
1861000
1843000
1825000
1808000
1790000
1774000
1757000
1741000
2871000
2048000
1900000
1760000
1716000
1701000
1686000
1671000
1656000
1642000
1628000
1614000
1600000
1586000
1573000
1560000
1547000
1535000
1522000
1510000
1498000
1486000
1475000
1463000
1452000
1441000
1430000
1419000
1409000
1398000
1388000
1378000
1368000
1358000
1348000
1339000
1329000
1320000
1311000
1302000
1293000
1284000
1913000
1457000
1376000
1299000
1275000
1266000
1258000
1249000
4948000
8895000
3844000
2679000
1863000
1690000
1675000
1661000
1646000
2407000
5345000
4582000
3105000
6698000
5163000
3245000
2523000
2188000
2119000
4851000
2908000
2572000
2250000
2159000
2135000
2111000
2478000
14640000
5800000
4299000
2902000
2565000
2531000
6565000
3666000
3163000
2686000
2552000
2518000
2485000
2452000
3469000
2697000
2546000
2401000
3949000
7437000
6574000
3976000
6021000
3526000
3089000
2733000
2625000
2589000
2554000
2520000
2487000
2454000
2423000
2392000
2362000
2333000
2304000
2276000
2249000
2222000
2197000
2171000
2146000
2122000
4208000
2715000
2453000
2201000
2127000
2103000
2153000
2785000
4430000
2808000
2739000
2271000
2164000
2110000
3063000
2355000
3945000
2614000
2372000
2163000
2098000
2075000
2052000
2030000
2008000
1987000
1966000
1946000
1926000
1907000
1888000
1869000
1851000
1833000
1815000
1798000
1781000
1764000
1748000
1935000
6091000
3594000
2657000
2100000
1914000
1881000
1863000
1845000
1827000
1809000
1792000
1775000
1759000
1742000
1726000
1711000
1695000
1680000
1665000
1651000
1636000
6512000
7299000
3745000
2711000
2113000
1989000
1968000
1948000
3119000
2424000
2157000
1991000
3951000
2575000
2278000
2031000
1955000
1933000
1914000
1894000
1876000
1857000
1839000
1821000
1804000
1787000
1770000
1753000
1737000
1721000
1706000
1691000
1676000
1661000
1646000
1632000
1618000
1604000
3359000
2096000
1878000
1671000
1771000
1647000
1615000
1585000
1568000
1555000
1542000
1530000
1517000
1505000
1493000
1482000
1470000
1459000
1447000
1436000
1426000
1415000
1404000
1394000
1384000
1374000
1364000
1354000
1344000
1741000
1543000
1421000
1357000
1327000
1316000
1307000
1298000
1289000
1280000
1271000
1263000
1254000
1246000
1238000
1230000
1242000
2286000
2785000
1771000
1503000
1333000
1293000
1285000
1276000
1268000
1259000
1251000
1243000
1234000
1226000
1218000
1211000
1203000
1195000
1188000
1180000
3361000
1814000
1557000
1312000
1251000
1243000
1235000
1227000
1219000
1211000
1203000
1196000
1188000
1181000
1173000
1166000
1159000
1152000
1145000
1138000
1131000
2612000
1556000
1379000
1210000
1167000
1160000
1153000
1146000
1139000
1132000
1125000
1119000
1112000
1105000
1099000
1093000
1086000
1080000
1074000
1068000
1062000
1056000
1050000
1044000
1039000
1033000
1027000
1022000
1016000
1011000
1005000
1e+06
994800
989600
984500
979400
974300
969300
964400
959500
954600
949800
945100
940400
935700
931100
926600
922000
917600
913100
908700
904400
900100
895800
891600
887400
883300
879200
875100
871000
867100
863100
859200
1090000
2191000
2492000
6723000
2720000
1949000
1341000
1206000
1199000
1192000
1184000
1177000
1170000
1162000
1155000
1148000
1141000
1134000
1128000
1121000
1114000
1108000
1101000
1095000
1089000
1082000
1076000
1070000
1064000
1058000
1052000
1046000
1041000
1035000
1029000
1024000
1826000
1810000
1313000
1154000
1068000
1048000
1043000
5656000
2389000
1989000
1384000
1249000
1227000
1216000
1208000
1200000
1193000
1185000
1178000
1278000
2274000
1494000
1352000
1225000
1191000
1184000
1177000
1169000
1162000
1155000
1148000
1141000
1134000
1127000
1121000
1114000
2738000
5700000
3136000
2183000
1585000
1839000
2111000
1633000
1509000
1424000
1399000
2990000
9078000
4788000
3073000
2120000
1820000
1780000
1763000
1747000
1780000
1999000
1888000
1766000
1709000
1676000
1659000
1645000
1630000
1616000
1603000
1589000
3887000
2240000
1960000
1694000
1623000
1610000
1596000
1583000
1570000
5521000
2707000
2236000
1789000
1678000
1663000
1649000
1634000
1620000
1606000
1593000
1580000
1566000
1554000
1541000
3820000
2185000
1907000
1644000
1575000
2562000
1942000
2634000
1923000
3584000
2157000
1902000
1685000
1626000
1613000
1673000
2489000
2014000
1770000
1639000
1586000
1568000
1555000
1543000
1530000
1943000
2101000
1705000
1592000
1518000
1495000
2479000
1765000
1639000
1555000
1494000
1479000
1463000
1451000
1440000
1429000
1419000
1408000
1398000
1387000
1377000
1614000
1432000
1394000
3472000
1980000
1732000
1493000
1432000
1421000
1410000
2427000
1700000
2423000
1821000
1909000
2323000
7140000
4448000
2833000
2066000
1781000
1734000
1719000
1703000
1688000
1673000
1658000
1644000
1630000
1616000
1602000
1588000
1575000
1562000
1549000
1537000
1524000
1512000
1500000
1488000
1477000
1465000
1454000
1443000
1432000
1421000
1410000
1400000
1390000
1379000
1369000
1360000
1350000
1340000
1331000
1321000
1312000
1303000
1294000
1285000
1277000
1268000
1260000
1251000
1243000
1235000
1817000
1394000
1319000
1362000
1259000
1238000
1218000
1207000
1200000
1192000
1184000
1177000
1170000
1163000
1156000
1148000
1142000
1135000
1128000
1121000
1115000
1108000
1102000
1095000
1089000
2064000
2698000
1638000
1371000
1195000
1156000
1149000
1142000
1135000
1129000
1122000
1115000
1109000
1102000
1096000
1090000
1083000
1077000
1071000
1065000
1059000
1053000
1047000
1042000
1036000
1030000
1025000
1019000
1014000
1008000
1003000
997600
992300
987200
982000
976900
971900
967000
962000
957200
952300
947600
942800
938200
933500
1101000
2363000
2035000
1379000
1142000
1627000
1622000
1236000
1115000
1047000
1030000
1025000
1019000
1014000
1008000
1003000
997700
992400
987300
982100
977000
972000
967000
962100
957200
952400
947600
942900
938200
933600
929000
924500
920000
915500
911100
906700
902400
898100
893900
1297000
1026000
962900
2147000
1505000
1236000
2135000
3192000
9278000
3680000
2532000
1649000
1449000
1436000
1426000
1941000
1563000
1494000
1426000
1403000
1393000
1383000
1373000
1363000
1353000
1343000
1334000
1325000
1315000
1306000
1297000
1288000
2086000
1939000
1718000
1448000
2524000
7362000
6745000
3467000
2423000
5205000
5127000
3058000
6056000
4678000
3119000
2527000
2248000
2186000
2161000
2137000
2113000
2089000
12170000
5036000
3848000
2719000
2442000
2411000
2380000
2351000
2322000
2293000
2266000
2239000
3250000
10720000
4935000
3737000
2766000
2516000
2479000
2447000
2415000
2385000
2355000
2326000
2297000
2270000
2588000
2322000
4816000
3579000
3573000
2655000
2409000
4294000
3948000
11260000
9769000
8724000
4768000
6061000
11140000
5674000
10630000
