769100
754600
749300
743800
739600
735900
732200
728600
725000
721400
717900
714400
710900
707500
704100
700700
2130000
1340000
1071000
900500
884800
1446000
1040000
1422000
4418000
2075000
1660000
1287000
1188000
1729000
1410000
1304000
1668000
1430000
1742000
5027000
5005000
2879000
2202000
1824000
2143000
1850000
1787000
3427000
2258000
2725000
2080000
1940000
1848000
1808000
1785000
1764000
1936000
1786000
1745000
1705000
1680000
1661000
1643000
1624000
1606000
2335000
1814000
1716000
1621000
1583000
1566000
1550000
1533000
1578000
2638000
3074000
2558000
1990000
1766000
1668000
1638000
1620000
1602000
1584000
1827000
1635000
1590000
1547000
1524000
1508000
1492000
2048000
1646000
1568000
1493000
1463000
1449000
1434000
1420000
1407000
1393000
1380000
1367000
1355000
1342000
1330000
1318000
1306000
1295000
1283000
1272000
1261000
1250000
1240000
1229000
1219000
1209000
1199000
3135000
1838000
1625000
1413000
1349000
1337000
1325000
1313000
1522000
2187000
1610000
1490000
1388000
1353000
1341000
1329000
1317000
1305000
1294000
1282000
1271000
1260000
1249000
1239000
1228000
1218000
1208000
1198000
1189000
1179000
1170000
1160000
1151000
1142000
1133000
1125000
1116000
2543000
1574000
2053000
1469000
1353000
1276000
1248000
1238000
1227000
1217000
1207000
1197000
1188000
1178000
1169000
2005000
1431000
1332000
1234000
1202000
1192000
1183000
1173000
1164000
1155000
1146000
1137000
1128000
1119000
1111000
1103000
1094000
1086000
1078000
1070000
1063000
1055000
1047000
1040000
1033000
1025000
1018000
1011000
1004000
997500
990700
984100
977500
971000
964600
958300
952100
946000
939900
933900
928000
922100
916400
910700
905100
899500
894000
888600
883200
878000
872700
867600
862500
857400
852400
847500
842600
837800
833000
828300
823700
819100
814500
810000
805600
801200
796800
1896000
1161000
1042000
923900
889700
884500
879200
874000
868800
863700
858600
853600
848700
843800
839000
834200
829500
824800
820200
815600
811100
806700
802200
797900
793600
789300
785100
780900
776700
772700
768600
764600
760600
756700
752800
749000
1570000
2456000
1403000
4245000
2343000
1731000
1362000
1233000
1214000
1204000
1194000
1184000
1175000
1166000
1156000
1147000
1138000
1130000
1121000
1112000
1104000
1096000
1088000
1080000
1072000
1064000
1056000
1049000
1041000
1034000
1323000
2279000
1455000
1292000
1154000
1114000
1106000
1098000
1185000
1225000
1131000
1101000
1079000
1068000
1060000
1053000
1045000
1038000
1030000
1023000
1159000
1575000
1201000
1122000
1057000
1035000
1028000
1021000
1014000
1007000
1e+06
993300
986700
980100
3922000
6128000
2983000
2214000
1683000
1555000
1538000
1522000
1507000
1491000
1476000
1462000
2148000
1657000
1566000
1477000
1444000
2031000
1608000
1528000
1450000
1420000
1406000
1393000
1380000
1367000
1445000
1380000
1354000
1332000
1316000
1349000
1308000
3895000
2132000
1839000
1553000
1698000
1528000
1488000
1450000
2458000
1904000
1669000
1528000
1469000
1450000
1436000
1422000
1456000
1633000
1468000
1427000
1389000
1371000
1358000
1345000
2097000
1582000
1490000
1399000
1366000
1353000
1498000
4506000
2370000
2627000
4011000
2398000
2082000
1820000
1741000
1721000
1701000
1681000
1662000
1643000
1625000
1607000
1590000
1573000
1556000
1540000
1524000
1508000
1492000
1477000
1463000
1448000
1434000
1420000
1459000
1411000
1392000
1374000
1360000
7452000
3334000
2662000
3376000
9285000
4686000
3566000
2727000
2469000
3278000
4378000
3091000
2774000
2529000
2441000
2401000
2362000
2325000
2288000
2253000
2218000
6892000
4854000
3516000
5382000
3505000
3084000
2761000
2634000
2585000
4948000
3292000
2988000
2690000
2579000
2534000
2491000
2449000
2409000
2370000
2332000
4858000
3091000
2775000
2467000
2359000
2322000
2285000
2250000
2216000
2183000
2150000
2119000
2549000
2217000
2140000
2064000
2023000
1996000
1969000
1943000
1917000
1892000
1868000
1844000
1821000
1799000
1777000
1756000
1735000
1715000
1695000
1675000
1656000
1638000
1620000
1602000
1584000
1567000
1551000
1535000
1519000
1503000
1488000
1473000
1458000
1444000
1430000
1416000
1402000
1389000
1376000
1363000
1350000
1338000
1326000
1314000
1302000
1291000
1280000
1268000
1258000
1247000
1236000
1226000
1216000
1206000
1196000
1186000
1177000
2031000
1445000
1344000
1245000
1212000
1202000
1192000
1183000
1173000
1164000
1155000
1146000
1137000
1128000
1119000
1111000
1102000
1094000
1086000
1078000
1070000
1062000
1055000
1047000
1040000
1032000
1025000
1018000
1011000
1004000
997300
990600
983900
977400
970900
964500
958200
952000
945800
939700
933800
927800
922000
916200
910500
904900
899400
893900
888500
883100
877800
872600
867400
862300
857300
852300
847400
842500
837700
832900
828200
823600
819000
814400
809900
805500
801100
796700
792400
788100
783900
779800
775600
771500
1031000
948000
851600
810000
788900
782200
778100
773900
769900
765900
761900
757900
754000
750200
746400
742600
738800
1003000
977800
839700
791500
819500
774400
764700
755100
749800
746000
742200
738500
734800
731100
727500
723900
720300
716800
713300
709900
706400
703100
699700
696400
693100
689800
686600
815300
722900
705600
688700
682000
678900
675700
672600
669600
666500
663500
660500
657600
654600
651700
908600
729300
698500
668400
658500
655600
652700
649800
647000
644100
641300
638500
1655000
1814000
1130000
931000
811800
785300
781300
1360000
967600
902600
838100
818300
1574000
4102000
2002000
1569000
1221000
1128000
1118000
1110000
1396000
3889000
2503000
1882000
1536000
1406000
1381000
1368000
1355000
1343000
1331000
1319000
1307000
1295000
1284000
1776000
1820000
4377000
2333000
1955000
1628000
4209000
2698000
2186000
1853000
1729000
1701000
1682000
1663000
1644000
1626000
1608000
1590000
1573000
1938000
2071000
2823000
2984000
2165000
1890000
1734000
1684000
1664000
4390000
2534000
2220000
3997000
3496000
3900000
4686000
3005000
2591000
3327000
2550000
2405000
2263000
2202000
2169000
2138000
2107000
2077000
3160000
2396000
2250000
2106000
2048000
2019000
1992000
1965000
1939000
1914000
1889000
1865000
1841000
1818000
1796000
1961000
1815000
1774000
1950000
1780000
1736000
1694000
1669000
1650000
1632000
2315000
1886000
6289000
3168000
2639000
2141000
1993000
1966000
2146000
2164000
1998000
1933000
2193000
1959000
1903000
1848000
1817000
1794000
1772000
1751000
1731000
1710000
1690000
1671000
1652000
1634000
1616000
1598000
1581000
1564000
1617000
1553000
1530000
1507000
1490000
1477000
1760000
1567000
1503000
1454000
1429000
1414000
1401000
1388000
1375000
1362000
1349000
1337000
1654000
1984000
1571000
1467000
1950000
1550000
1477000
1406000
1378000
1366000
1353000
1341000
1328000
1316000
1305000
1293000
1282000
1271000
1260000
1249000
1238000
1228000
1218000
1208000
1198000
1188000
1332000
2456000
1608000
1452000
1309000
1266000
1255000
1244000
1234000
1223000
1213000
1203000
1193000
1184000
1174000
1165000
1156000
1147000
1138000
1129000
1120000
1112000
1103000
1095000
1087000
1079000
1071000
1063000
1056000
1048000
1041000
1033000
1026000
1019000
1012000
1005000
998200
991400
984800
978200
971700
965300
959000
952700
946600
940500
934500
928600
922700
917000
911300
905600
900100
894600
889100
883800
878500
873300
868100
863000
857900
852900
848000
843100
838300
833500
828800
824100
819500
815000
810500
806000
801600
797300
792900
788700
784500
780300
776100
772100
768000
764000
760100
756100
752300
748400
744600
740900
737100
733400
729800
726200
722600
719100
715500
712100
708600
705200
701800
698500
695200
691900
688700
685400
682300
679100
676000
672900
1245000
853100
788500
725300
706600
782400
725700
713900
702400
696900
693700
690400
687200
684000
680800
677600
674500
671400
668400
665300
1403000
899200
817100
736500
713500
710100
706700
703400
7e+05
696700
693400
690100
686900
5789000
2344000
1801000
1264000
1121000
1113000
1105000
1097000
1088000
1080000
1073000
1065000
1057000
1049000
1042000
1035000
1027000
1020000
1013000
1006000
999400
992600
985900
979300
972800
966400
960100
953800
947600
941600
935500
929600
923700
918000
912200
906600
901000
895500
890100
884700
879400
874200
869000
863900
858800
853800
848800
844000
839100
834300
829600
825000
820300
815800
811300
806800
802400
798000
793700
789400
785200
781000
776900
772800
768700
764700
760700
756800
752900
749100
745300
741500
737800
734100
730400
726800
1101000
1104000
886100
815700
2192000
1241000
1091000
1156000
2126000
3720000
1966000
1560000
1885000
1397000
1321000
1247000
2699000
1709000
1544000
1380000
1329000
1317000
1305000
1294000
1282000
1412000
2774000
1776000
3177000
5356000
8566000
5663000
8294000
4267000
3409000
2832000
2657000
2610000
2564000
2520000
2477000
2435000
2395000
2357000
2319000
8146000
4170000
3495000
2835000
2630000
2583000
2538000
2495000
3040000
2604000
2500000
5944000
3719000
5107000
3364000
2990000
2732000
2632000
2585000
2540000
2497000
2454000
4103000
4320000
3343000
2852000
6554000
4751000
3653000
3089000
2832000
2754000
2703000
2654000
2877000
2650000
2576000
2504000
2455000
2414000
6054000
3543000
3104000
2674000
2531000
2488000
2446000
2406000
2367000
2329000
2293000
2257000
5358000
3840000
3033000
2595000
2405000
2349000
2312000
3033000
2951000
2518000
2352000
2248000
2202000
2169000
2137000
2106000
2076000
2047000
2019000
5639000
3163000
2740000
2326000
2195000
2162000
2131000
2100000
3627000
2556000
2360000
2167000
2095000
2065000
2036000
2008000
4129000
9477000
4634000
3634000
2819000
2590000
2544000
6485000
6229000
4134000
3405000
2988000
2866000
2811000
2757000
2706000
2657000
2609000
2563000
2519000
2476000
2435000
2395000
2356000
2319000
2282000
2247000
2213000
2180000
2148000
2117000
2086000
2057000
2028000
2001000
1974000
1947000
1922000
1897000
2137000
2026000
2142000
1931000
6989000
4992000
3404000
2675000
2346000
2270000
2235000
2201000
2169000
2137000
2106000
2076000
2047000
2019000
1991000
1964000
1938000
1913000
1888000
1864000
1840000
1818000
1795000
1773000
4972000
7349000
9919000
6509000
4461000
3654000
4163000
3325000
3124000
2949000
3326000
4730000
3457000
3167000
4835000
3462000
3203000
2947000
3984000
3333000
3050000
2860000
2760000
3573000
2944000
2802000
2664000
2594000
2548000
2505000
2462000
2421000
2382000
2343000
2306000
4448000
3538000
4007000
8370000
5139000
3908000
3180000
2904000
2830000
2776000
4169000
7865000
5359000
4096000
7206000
4376000
4079000
3466000
3268000
3176000
3102000
3038000
2975000
2916000
2859000
2803000
2750000
2699000
2650000
2603000
2557000
2513000
2471000
2429000
2390000
2351000
2314000
2278000
2243000
2209000
2176000
2144000
2113000
2082000
2053000
2025000
1997000
1970000
1944000
1918000
1893000
1869000
1846000
1823000
1800000
1778000
1757000
1736000
1716000
1696000
2584000
1955000
1839000
1724000
1680000
1661000
1643000
1624000
1606000
1589000
1572000
1555000
1539000
1523000
1507000
1492000
1477000
1462000
1447000
1433000
1419000
1406000
1392000
1379000
1366000
1354000
1341000
1329000
1317000
1305000
1294000
1283000
1271000
1260000
1250000
1239000
1229000
1218000
1208000
1198000
1189000
1179000
1635000
1315000
1256000
1198000
1176000
1167000
1158000
1149000
3694000
6850000
3294000
2490000
1894000
1743000
1723000
1702000
1683000
2219000
4331000
3873000
2883000
6261000
5231000
3449000
2789000
2447000
2357000
5046000
3171000
2836000
2510000
2397000
2358000
2320000
2672000
12750000
5706000
4495000
3340000
3e+06
2939000
5880000
3844000
3469000
3098000
2958000
2899000
2842000
2788000
3509000
2943000
2810000
2681000
3794000
6386000
5876000
4057000
5702000
3829000
3469000
3166000
3040000
2978000
2918000
2861000
2806000
2753000
2702000
2652000
2605000
2559000
2515000
2472000
2431000
2391000
2353000
2315000
2279000
2244000
4315000
2855000
2590000
2333000
2241000
2207000
2249000
2810000
4489000
2919000
2855000
2390000
2268000
2205000
3133000
2443000
4017000
2721000
2474000
2259000
2180000
2148000
2117000
2087000
2057000
2029000
2001000
1974000
1948000
1922000
1897000
1873000
1849000
1826000
1803000
1781000
1760000
1739000
1718000
1856000
4819000
3135000
2496000
2103000
1953000
1916000
1892000
1867000
1844000
1821000
1799000
1777000
1755000
1734000
1714000
1694000
1675000
1656000
1637000
1619000
1601000
5104000
6068000
3441000
2692000
2222000
2102000
2072000
2043000
2875000
2395000
2202000
2074000
3533000
2542000
2323000
2131000
2057000
2027000
1999000
1972000
1946000
1921000
1896000
1871000
1848000
1825000
1802000
1780000
1759000
1738000
1717000
1697000
1678000
1659000
1640000
1622000
1604000
1587000
2915000
1991000
1828000
1669000
1728000
1634000
1604000
1575000
1556000
1539000
1523000
1507000
1492000
1477000
1462000
1448000
1434000
1420000
1406000
1393000
1379000
1367000
1354000
1342000
1329000
1317000
1306000
1294000
1283000
1590000
1434000
1346000
1295000
1269000
1256000
1246000
1235000
1225000
1215000
1205000
1195000
1185000
1176000
1166000
1157000
1192000
1889000
2252000
1582000
1403000
1283000
1250000
1239000
1229000
1219000
1209000
1199000
1189000
1179000
1170000
1161000
1152000
1143000
1134000
1125000
1116000
2670000
1616000
1442000
1270000
1218000
1208000
1198000
1189000
1179000
1170000
1160000
1151000
1142000
1133000
1125000
1116000
1108000
1099000
1091000
1083000
1075000
2145000
1412000
1289000
1168000
1130000
1122000
1113000
1105000
1096000
1088000
1080000
1072000
1065000
1057000
1049000
1042000
1034000
1027000
1020000
1013000
1006000
999200
992400
985700
979200
972700
966200
959900
953700
947500
941400
935400
929500
923600
917800
912100
906500
900900
895400
890000
884600
879300
874000
868800
863700
858700
853700
848700
843800
839000
834200
829500
824800
820200
815700
811100
806700
802300
797900
793600
789300
785100
780900
977700
1684000
2011000
4915000
2278000
1766000
1354000
1247000
1237000
1227000
1216000
1206000
1197000
1187000
1177000
1168000
1159000
1150000
1141000
1132000
1123000
1115000
1106000
1098000
1090000
1082000
1074000
1066000
1058000
1051000
1043000
1036000
1028000
1021000
1014000
1007000
1586000
1570000
1237000
1127000
1063000
1045000
1038000
4219000
2077000
1824000
1421000
1315000
1294000
1280000
1269000
1258000
1247000
1237000
1227000
1292000
1976000
1463000
1367000
1277000
1247000
1236000
1226000
1216000
1206000
1196000
1186000
1177000
1167000
1158000
1149000
1140000
2258000
4842000
2985000
2213000
1720000
1977000
2249000
1783000
1657000
1567000
1535000
3108000
7550000
4575000
3177000
2430000
2156000
2101000
2071000
2042000
2050000
2192000
2105000
2008000
1953000
1916000
1889000
1865000
1841000
1818000
1796000
1774000
3408000
2283000
2085000
1890000
1823000
1801000
1779000
1757000
1737000
4556000
2643000
2319000
2e+06
1900000
1876000
1852000
1829000
1806000
1784000
1763000
1741000
1721000
1701000
1681000
3307000
2185000
1989000
1797000
1732000
2428000
2e+06
2493000
2002000
3185000
2208000
2024000
1863000
1805000
1783000
1815000
2390000
2063000
1887000
1786000
1736000
1713000
1693000
1673000
1655000
1944000
2056000
1777000
1690000
1629000
1602000
2383000
1827000
1723000
1658000
1595000
1574000
1554000
1537000
1521000
1505000
1490000
1475000
1460000
1445000
1431000
1654000
1480000
1441000
3411000
2031000
1798000
1571000
1502000
1487000
1472000
2484000
1772000
2487000
1903000
1987000
2291000
5662000
3857000
2752000
2213000
1991000
1941000
1915000
1891000
1866000
1843000
1820000
1798000
1776000
1754000
1734000
1713000
1693000
1674000
1655000
1636000
1618000
1601000
1583000
1566000
1550000
1533000
1518000
1502000
1487000
1472000
1457000
1443000
1429000
1415000
1401000
1388000
1375000
1362000
1350000
1337000
1325000
1313000
1302000
1290000
1279000
1308000
1270000
1255000
1241000
1229000
1644000
1351000
1296000
1323000
1247000
1229000
1210000
1198000
1189000
1179000
1170000
1160000
1151000
1142000
1133000
1125000
1116000
1108000
1099000
1091000
1083000
1075000
1067000
1060000
1052000
1774000
2195000
1491000
1308000
1184000
1150000
1141000
1132000
1124000
1115000
1107000
1098000
1090000
1082000
1074000
1066000
1059000
1051000
1044000
1036000
1029000
1022000
1015000
1008000
1001000
994100
987400
980800
974200
967800
961500
955200
949000
942900
936900
930900
925000
919200
913500
907800
902300
896700
891300
885900
880600
1028000
1977000
1707000
1258000
1088000
1417000
1421000
1164000
1081000
1031000
1016000
1009000
1002000
995300
988600
981900
975400
968900
962600
956300
950100
944000
937900
932000
926100
920300
914500
908800
903200
897700
892200
886800
881500
876200
871000
865900
860800
855800
850800
1155000
957600
913000
1850000
1416000
1186000
1835000
2531000
7682000
3389000
2518000
1820000
1631000
1612000
1594000
2102000
1730000
1657000
1585000
1554000
1538000
1522000
1506000
1491000
1476000
1461000
1446000
1432000
1418000
1405000
1391000
1378000
1977000
1964000
1789000
1547000
2617000
6401000
5814000
3415000
2612000
5261000
5433000
3469000
6475000
5128000
3664000
3082000
2783000
2694000
2645000
2598000
2552000
2508000
11240000
5323000
4325000
3347000
3047000
2985000
2925000
2867000
2812000
2759000
2707000
2658000
3643000
9536000
5066000
4117000
3324000
3070000
3003000
2943000
2884000
2828000
2774000
2722000
2672000
2624000
2923000
2647000
4737000
3663000
3631000
2933000
2720000
4190000
3892000
9872000
9809000
9138000
5497000
6791000
11220000
6428000
10320000
