1061000
1046000
1038000
1030000
1024000
1017000
1011000
1004000
998000
991800
985700
979700
973700
967800
962000
956300
2602000
1688000
1272000
1136000
1180000
2119000
1371000
1897000
5156000
2294000
1751000
1521000
1507000
2116000
1721000
1580000
2017000
1739000
2077000
5922000
5583000
2931000
2294000
2105000
2538000
2178000
2092000
3970000
2548000
3030000
2344000
2216000
2144000
2115000
2088000
2061000
2252000
2068000
2015000
1978000
1953000
1930000
1907000
1884000
1862000
2685000
2046000
1914000
1844000
1823000
1803000
1782000
1763000
1809000
3008000
3427000
2736000
2091000
1924000
1872000
1851000
1830000
1809000
1789000
2061000
1827000
1769000
1733000
1715000
1696000
1679000
2103000
1773000
1700000
1658000
1641000
1625000
1608000
1592000
1576000
1561000
1546000
1531000
1517000
1502000
1488000
1475000
1461000
1448000
1435000
1422000
1410000
1397000
1385000
1373000
1362000
1350000
1339000
3546000
1933000
1635000
1495000
1482000
1468000
1455000
1442000
1673000
2416000
1702000
1555000
1488000
1475000
1461000
1448000
1435000
1422000
1410000
1397000
1385000
1373000
1362000
1350000
1339000
1328000
1317000
1306000
1295000
1285000
1275000
1265000
1255000
1245000
1235000
1226000
1217000
2805000
1630000
2138000
1509000
1403000
1351000
1339000
1328000
1317000
1307000
1296000
1286000
1275000
1265000
1255000
2193000
1492000
1359000
1294000
1284000
1274000
1264000
1254000
1244000
1234000
1225000
1215000
1206000
1197000
1188000
1180000
1171000
1162000
1154000
1146000
1138000
1130000
1122000
1114000
1106000
1099000
1091000
1084000
1076000
1069000
1062000
1055000
1048000
1041000
1035000
1028000
1021000
1015000
1009000
1002000
996100
989900
983800
977800
971900
966000
960200
954500
948800
943200
937700
932200
926900
921500
916200
911000
905900
900800
895700
890800
885800
881000
876100
871400
866600
862000
857400
2073000
1185000
1024000
949100
943800
938300
932900
927500
922100
916900
911600
906500
901400
896300
891300
886400
881500
876700
871900
867200
862500
857900
853300
848800
844300
839900
835500
831200
826900
822600
818400
814300
810200
806100
802000
798000
1700000
2480000
1315000
4008000
2192000
1512000
1284000
1251000
1242000
1232000
1223000
1214000
1204000
1195000
1187000
1178000
1169000
1161000
1152000
1144000
1136000
1128000
1120000
1112000
1105000
1097000
1090000
1082000
1075000
1068000
1269000
2261000
1392000
1224000
1151000
1143000
1135000
1127000
1225000
1266000
1151000
1120000
1105000
1097000
1090000
1082000
1075000
1068000
1061000
1054000
1154000
1466000
1165000
1102000
1073000
1066000
1059000
1052000
1045000
1038000
1032000
1025000
1019000
1012000
3851000
5688000
2487000
1810000
1574000
1559000
1544000
1529000
1514000
1500000
1486000
1473000
2011000
1601000
1517000
1472000
1458000
1919000
1565000
1491000
1451000
1438000
1425000
1412000
1400000
1388000
1479000
1401000
1370000
1352000
1340000
1379000
1331000
3766000
1981000
1653000
1500000
1666000
1523000
1486000
1463000
2260000
1790000
1582000
1506000
1485000
1472000
1458000
1445000
1487000
1670000
1481000
1435000
1409000
1397000
1384000
1373000
2220000
1587000
1464000
1403000
1391000
1379000
1544000
4086000
2125000
2250000
3898000
2243000
1915000
1772000
1752000
1733000
1715000
1696000
1679000
1661000
1644000
1627000
1611000
1595000
1579000
1564000
1548000
1534000
1519000
1505000
1491000
1477000
1463000
1450000
1488000
1438000
1419000
1404000
1392000
7228000
2976000
2202000
3404000
8611000
4026000
2920000
2491000
2441000
3104000
3967000
2849000
2593000
2476000
2438000
2401000
2366000
2331000
2298000
2265000
2233000
6155000
4461000
3067000
5422000
3408000
2911000
2690000
2638000
2595000
5092000
3201000
2825000
2635000
2592000
2551000
2511000
2472000
2434000
2397000
2362000
4408000
2891000
2589000
2435000
2398000
2362000
2328000
2294000
2262000
2230000
2199000
2169000
2649000
2254000
2159000
2102000
2075000
2048000
2022000
1997000
1972000
1948000
1925000
1902000
1879000
1858000
1836000
1815000
1795000
1775000
1755000
1736000
1718000
1699000
1682000
1664000
1647000
1630000
1614000
1597000
1582000
1566000
1551000
1536000
1521000
1507000
1493000
1479000
1466000
1452000
1439000
1426000
1414000
1401000
1389000
1377000
1365000
1354000
1342000
1331000
1320000
1310000
1299000
1288000
1278000
1268000
1258000
1248000
1239000
2148000
1467000
1338000
1275000
1265000
1255000
1245000
1236000
1226000
1217000
1208000
1199000
1190000
1181000
1172000
1164000
1155000
1147000
1139000
1131000
1123000
1115000
1107000
1100000
1092000
1085000
1078000
1070000
1063000
1056000
1049000
1042000
1036000
1029000
1022000
1016000
1010000
1003000
997000
990800
984700
978700
972800
966900
961100
955300
949700
944100
938500
933100
927700
922300
917000
911800
906700
901500
896500
891500
886600
881700
876900
872100
867400
862700
858100
853500
849000
844500
840100
835700
831300
827000
822800
818600
1064000
987600
870800
838100
827600
823400
819200
815000
810900
806800
802800
798800
794800
790900
787000
783100
779300
1067000
1029000
855800
811900
860200
810600
798500
791100
787200
783300
779500
775700
772000
768300
764600
761000
757400
753800
750300
746800
743300
739900
736500
733100
729800
726500
723200
810700
743400
729000
720800
717600
714400
711200
708100
705000
701900
698800
695800
692800
689800
686900
871900
735600
709300
696000
693000
690100
687100
684200
681300
678400
675500
672700
1510000
1871000
1052000
876400
817500
813700
809600
1466000
979700
890200
848200
843900
1701000
3697000
1726000
1307000
1147000
1137000
1129000
1121000
1439000
4279000
2434000
1668000
1420000
1382000
1370000
1358000
1347000
1336000
1324000
1314000
1303000
1292000
1282000
1841000
1857000
3941000
2047000
1689000
1533000
3779000
2489000
1927000
1735000
1697000
1679000
1662000
1644000
1628000
1611000
1595000
1579000
1564000
1848000
1941000
2514000
2740000
1983000
1770000
1695000
1675000
1658000
4469000
2391000
2003000
4184000
3546000
3599000
4068000
2647000
2338000
3044000
2417000
2279000
2202000
2172000
2142000
2114000
2086000
2059000
3241000
2340000
2157000
2061000
2035000
2009000
1984000
1960000
1936000
1913000
1890000
1868000
1847000
1825000
1805000
1994000
1820000
1773000
1987000
1788000
1737000
1705000
1687000
1669000
1652000
2187000
1826000
6683000
2999000
2325000
2014000
1989000
1965000
2174000
2185000
1983000
1920000
2235000
1957000
1890000
1848000
1827000
1806000
1786000
1766000
1747000
1728000
1710000
1691000
1674000
1656000
1639000
1623000
1606000
1590000
1620000
1572000
1551000
1534000
1519000
1506000
1727000
1564000
1505000
1476000
1461000
1448000
1435000
1422000
1410000
1397000
1385000
1373000
1724000
2101000
1572000
1455000
1981000
1554000
1467000
1422000
1409000
1397000
1385000
1373000
1361000
1350000
1338000
1327000
1316000
1306000
1295000
1285000
1274000
1264000
1254000
1245000
1235000
1226000
1362000
2647000
1596000
1395000
1305000
1294000
1284000
1274000
1264000
1254000
1244000
1234000
1225000
1216000
1207000
1197000
1189000
1180000
1171000
1163000
1154000
1146000
1138000
1130000
1122000
1114000
1106000
1099000
1091000
1084000
1077000
1069000
1062000
1055000
1048000
1042000
1035000
1028000
1022000
1015000
1009000
1002000
996200
990000
983900
977900
972000
966100
960300
954600
948900
943300
937800
932400
927000
921600
916400
911100
906000
900900
895800
890900
885900
881100
876200
871500
866700
862100
857500
852900
848400
843900
839500
835100
830800
826500
822200
818000
813900
809800
805700
801700
797700
793700
789800
785900
782100
778300
774500
770800
767100
763400
759800
756200
752700
749200
745700
742200
738800
735400
732000
728700
725400
722100
718900
715700
712500
709400
1209000
842200
775000
743300
740100
825100
756500
741600
733200
729900
726600
723300
720000
716800
713600
710400
707300
704200
701100
698100
1343000
872000
786600
746900
743700
740300
736900
733500
730200
726900
723600
720400
717100
5585000
2042000
1417000
1135000
1129000
1121000
1113000
1106000
1098000
1091000
1083000
1076000
1069000
1062000
1055000
1048000
1041000
1034000
1028000
1021000
1015000
1008000
1002000
995700
989600
983500
977500
971500
965700
959900
954200
948500
942900
937400
931900
926600
921200
915900
910700
905600
900500
895500
890500
885600
880700
875900
871100
866400
861700
857100
852500
848000
843600
839100
834800
830400
826200
821900
817700
813600
809500
805400
801400
797400
793400
789500
785600
781800
778000
774200
770500
766800
763200
759600
756000
752400
1154000
1148000
874800
809500
2409000
1225000
1012000
1141000
1858000
3450000
1701000
1335000
1897000
1373000
1272000
1222000
2889000
1657000
1429000
1322000
1312000
1301000
1291000
1280000
1270000
1419000
2887000
1698000
2770000
4711000
8034000
4672000
7199000
3556000
2886000
2596000
2555000
2515000
2475000
2438000
2401000
2365000
2331000
2297000
2264000
7614000
3695000
2959000
2610000
2568000
2527000
2487000
2449000
2892000
2514000
2417000
5536000
3453000
5e+06
3154000
2810000
2641000
2597000
2556000
2515000
2476000
2438000
3781000
4024000
3054000
2669000
6762000
4699000
3324000
2893000
2782000
2735000
2688000
2644000
2861000
2631000
2556000
2501000
2463000
2425000
5835000
3311000
2824000
2586000
2544000
2504000
2466000
2428000
2392000
2356000
2322000
2289000
4815000
3475000
2743000
2495000
2428000
2392000
2356000
2938000
2845000
2460000
2343000
2288000
2256000
2224000
2193000
2164000
2135000
2107000
2079000
5474000
2983000
2511000
2284000
2252000
2221000
2190000
2160000
3642000
2526000
2301000
2185000
2155000
2126000
2098000
2071000
4267000
9052000
4091000
3091000
2680000
2636000
2593000
6870000
6456000
3823000
3158000
2943000
2890000
2838000
2789000
2741000
2694000
2649000
2606000
2564000
2523000
2484000
2446000
2409000
2373000
2338000
2304000
2272000
2240000
2209000
2179000
2149000
2121000
2093000
2066000
2039000
2014000
1988000
1964000
2191000
2086000
2213000
1975000
6972000
4489000
2939000
2461000
2357000
2323000
2290000
2257000
2226000
2195000
2165000
2136000
2108000
2081000
2054000
2028000
2002000
1977000
1953000
1930000
1907000
1884000
1862000
1841000
5445000
6765000
9750000
6028000
3911000
3434000
4256000
3282000
3054000
2930000
3399000
4970000
3393000
3048000
5054000
3421000
3083000
2904000
4147000
3337000
2982000
2833000
2773000
3707000
2942000
2767000
2665000
2621000
2579000
2538000
2498000
2460000
2422000
2386000
2351000
4079000
3276000
3605000
8718000
4970000
3509000
3008000
2908000
2856000
2806000
4395000
8194000
5124000
3698000
6696000
4095000
3754000
3362000
3271000
3196000
3133000
3072000
3014000
2958000
2904000
2852000
2802000
2753000
2706000
2661000
2617000
2575000
2534000
2494000
2456000
2419000
2382000
2347000
2313000
2280000
2248000
2217000
2186000
2157000
2128000
2100000
2073000
2046000
2020000
1995000
1970000
1946000
1923000
1900000
1878000
1856000
1834000
1814000
1793000
1773000
2723000
1992000
1845000
1769000
1750000
1731000
1712000
1694000
1677000
1659000
1642000
1625000
1609000
1593000
1577000
1562000
1547000
1532000
1517000
1503000
1489000
1475000
1462000
1449000
1436000
1423000
1410000
1398000
1386000
1374000
1362000
1351000
1339000
1328000
1317000
1306000
1296000
1285000
1275000
1265000
1255000
1245000
1746000
1364000
1287000
1248000
1239000
1229000
1220000
1211000
4102000
6518000
2849000
2080000
1802000
1782000
1763000
1744000
1725000
2301000
4687000
3977000
2721000
5758000
4568000
2966000
2530000
2407000
2371000
4526000
2935000
2620000
2458000
2421000
2385000
2350000
2632000
12620000
5114000
3710000
3066000
3008000
2952000
6298000
3777000
3277000
3024000
2968000
2913000
2861000
2810000
3638000
2950000
2787000
2691000
3985000
6846000
5989000
3753000
5633000
3679000
3300000
3100000
3040000
2983000
2928000
2875000
2824000
2775000
2728000
2682000
2637000
2594000
2553000
2512000
2473000
2436000
2399000
2363000
2329000
2295000
3978000
2719000
2465000
2333000
2300000
2267000
2296000
2794000
4104000
2735000
2669000
2375000
2312000
2267000
3033000
2429000
3694000
2615000
2402000
2290000
2258000
2226000
2196000
2166000
2137000
2108000
2081000
2054000
2028000
2003000
1978000
1954000
1930000
1907000
1884000
1862000
1841000
1820000
1799000
1950000
5306000
3174000
2344000
2057000
2005000
1981000
1956000
1933000
1910000
1887000
1865000
1843000
1822000
1802000
1782000
1762000
1743000
1724000
1706000
1688000
1670000
5392000
6094000
3089000
2400000
2175000
2145000
2117000
2089000
3032000
2433000
2187000
2087000
3697000
2536000
2256000
2127000
2096000
2069000
2043000
2017000
1992000
1967000
1943000
1920000
1897000
1875000
1853000
1832000
1811000
1791000
1771000
1751000
1732000
1714000
1696000
1678000
1660000
1643000
2759000
1929000
1766000
1684000
1755000
1675000
1647000
1625000
1609000
1593000
1577000
1562000
1547000
1532000
1517000
1503000
1489000
1475000
1462000
1449000
1436000
1423000
1410000
1398000
1386000
1374000
1362000
1351000
1339000
1663000
1484000
1375000
1335000
1320000
1309000
1299000
1288000
1278000
1268000
1258000
1248000
1238000
1229000
1219000
1210000
1230000
2034000
2395000
1557000
1371000
1304000
1294000
1284000
1273000
1263000
1253000
1244000
1234000
1225000
1215000
1206000
1197000
1188000
1179000
1171000
1162000
2889000
1609000
1373000
1264000
1254000
1244000
1235000
1225000
1216000
1207000
1198000
1189000
1180000
1172000
1163000
1155000
1146000
1138000
1130000
1122000
1114000
2258000
1405000
1246000
1171000
1163000
1155000
1146000
1138000
1130000
1122000
1114000
1107000
1099000
1091000
1084000
1077000
1070000
1063000
1055000
1049000
1042000
1035000
1028000
1022000
1015000
1009000
1003000
996400
990200
984100
978100
972200
966300
960500
954800
949100
943500
938000
932500
927100
921800
916500
911300
906100
901000
896000
891000
886100
881200
876400
871600
866900
862200
857600
853000
848500
844000
839600
835200
830900
826600
822400
818200
1011000
1820000
1949000
4690000
1981000
1475000
1267000
1258000
1248000
1238000
1229000
1219000
1210000
1201000
1192000
1183000
1175000
1166000
1158000
1149000
1141000
1133000
1125000
1117000
1109000
1102000
1094000
1087000
1079000
1072000
1065000
1058000
1051000
1044000
1037000
1031000
1456000
1437000
1166000
1098000
1074000
1067000
1060000
4392000
1951000
1616000
1337000
1313000
1296000
1286000
1276000
1266000
1256000
1246000
1236000
1312000
2085000
1447000
1322000
1264000
1254000
1245000
1235000
1226000
1216000
1207000
1198000
1189000
1180000
1172000
1163000
1155000
2423000
4701000
2597000
1854000
1568000
1858000
2071000
1679000
1585000
1544000
1529000
2768000
7531000
4034000
2619000
2163000
2090000
2063000
2037000
2011000
2026000
2191000
2084000
1970000
1924000
1897000
1874000
1853000
1831000
1811000
1790000
1770000
3627000
2232000
1965000
1836000
1815000
1795000
1775000
1755000
1736000
4935000
2559000
2115000
1907000
1885000
1863000
1842000
1821000
1800000
1780000
1760000
1741000
1722000
1704000
1686000
3353000
2108000
1869000
1753000
1734000
2527000
1993000
2531000
1966000
3316000
2149000
1929000
1821000
1801000
1781000
1821000
2473000
2059000
1840000
1761000
1735000
1716000
1698000
1680000
1662000
1886000
1964000
1728000
1664000
1632000
1616000
2228000
1765000
1669000
1646000
1609000
1590000
1573000
1557000
1542000
1528000
1513000
1499000
1485000
1471000
1458000
1639000
1486000
1448000
3079000
1878000
1652000
1544000
1529000
1515000
1501000
2293000
1701000
2248000
1800000
1870000
2129000
5795000
3769000
2445000
2055000
1972000
1948000
1924000
1901000
1879000
1857000
1836000
1815000
1794000
1775000
1755000
1736000
1717000
1699000
1681000
1664000
1646000
1630000
1613000
1597000
1581000
1566000
1551000
1536000
1521000
1507000
1493000
1479000
1465000
1452000
1439000
1426000
1413000
1401000
1389000
1377000
1365000
1354000
1342000
1331000
1320000
1315000
1300000
1289000
1278000
1268000
1737000
1378000
1305000
1358000
1282000
1261000
1246000
1236000
1227000
1217000
1208000
1199000
1190000
1181000
1173000
1164000
1156000
1148000
1139000
1131000
1123000
1116000
1108000
1100000
1093000
1747000
2303000
1443000
1260000
1191000
1182000
1174000
1165000
1157000
1148000
1140000
1132000
1124000
1116000
1109000
1101000
1093000
1086000
1079000
1071000
1064000
1057000
1050000
1044000
1037000
1030000
1023000
1017000
1011000
1004000
998000
991800
985700
979600
973700
967800
962000
956200
950600
944900
939400
933900
928500
923100
917900
1060000
1868000
1534000
1152000
1049000
1336000
1337000
1127000
1073000
1054000
1047000
1040000
1033000
1027000
1020000
1014000
1007000
1001000
994800
988600
982600
976600
970600
964800
959000
953300
947700
942100
936600
931100
925700
920400
915200
910000
904800
899700
894700
889700
884800
1204000
977800
921500
1827000
1328000
1105000
1617000
2323000
7146000
2845000
1990000
1641000
1622000
1606000
1590000
1986000
1677000
1609000
1570000
1555000
1540000
1525000
1511000
1496000
1483000
1469000
1456000
1442000
1430000
1417000
1404000
1392000
2016000
1879000
1683000
1491000
2357000
6096000
5635000
2910000
2278000
4782000
4725000
2964000
6019000
4995000
3294000
2832000
2692000
2647000
2604000
2562000
2521000
2482000
11260000
4818000
3616000
3054000
2996000
2941000
2888000
2836000
2786000
2738000
2692000
2647000
3740000
9905000
4715000
3579000
3098000
3032000
2975000
2921000
2868000
2817000
2768000
2721000
2675000
2631000
2896000
2634000
4772000
3623000
3547000
2839000
2681000
4358000
3963000
9988000
8641000
7703000
4614000
6096000
11580000
5997000
10350000
