979200
974800
969300
963300
957300
951500
945700
939900
934300
928700
923100
917700
912300
906900
901700
896500
2385000
1549000
1269000
1094000
1100000
1685000
1257000
1594000
4404000
2212000
1835000
1500000
1454000
2014000
1673000
1558000
1936000
1689000
2012000
4704000
5082000
3012000
2415000
2104000
2474000
2158000
2087000
3792000
2551000
3034000
2350000
2229000
2129000
2093000
2065000
2037000
2213000
2049000
2002000
1956000
1930000
1906000
1883000
1860000
1838000
2359000
1981000
1905000
1830000
1804000
1783000
1762000
1743000
1770000
2529000
2849000
2509000
2092000
1940000
1874000
1849000
1827000
1805000
1785000
1955000
1809000
1770000
1731000
1710000
1692000
1673000
2070000
1776000
1716000
1657000
1636000
1618000
1602000
1585000
1569000
1553000
1538000
1523000
1508000
1493000
1479000
1465000
1451000
1438000
1425000
1412000
1399000
1386000
1374000
1362000
1350000
1338000
1327000
3428000
1979000
1746000
1518000
1482000
1468000
1454000
1441000
1665000
2348000
1729000
1602000
1499000
1476000
1462000
1449000
1435000
1422000
1409000
1396000
1384000
1372000
1360000
1348000
1336000
1325000
1314000
1302000
1292000
1281000
1270000
1260000
1250000
1240000
1230000
1220000
1211000
2544000
1625000
2143000
1540000
1445000
1365000
1346000
1335000
1323000
1312000
1301000
1290000
1279000
1269000
1259000
2117000
1512000
1410000
1311000
1291000
1280000
1270000
1259000
1249000
1239000
1229000
1220000
1210000
1201000
1192000
1183000
1174000
1165000
1156000
1148000
1139000
1131000
1123000
1115000
1107000
1099000
1091000
1083000
1076000
1068000
1061000
1054000
1047000
1040000
1033000
1026000
1019000
1013000
1006000
999500
993100
986800
980500
974400
968300
962300
956300
950500
944700
938900
933300
927700
922200
916700
911400
906000
900800
895600
890400
885300
880300
875300
870400
865600
860800
856000
851300
2039000
1220000
1092000
965400
947700
942100
936400
930800
925300
919800
914400
909000
903700
898500
893300
888200
883100
878100
873200
868300
863400
858700
853900
849300
844600
840100
835500
831100
826600
822200
817900
813600
809400
805200
801000
796900
1569000
2368000
1382000
3423000
2134000
1632000
1358000
1287000
1273000
1263000
1252000
1242000
1233000
1223000
1213000
1204000
1195000
1185000
1176000
1168000
1159000
1150000
1142000
1133000
1125000
1117000
1109000
1101000
1093000
1086000
1309000
1960000
1392000
1280000
1188000
1171000
1163000
1154000
1213000
1238000
1171000
1148000
1132000
1123000
1115000
1107000
1099000
1091000
1084000
1076000
1170000
1458000
1199000
1144000
1100000
1088000
1081000
1073000
1066000
1059000
1051000
1044000
1037000
1030000
3216000
5339000
2672000
2068000
1667000
1613000
1597000
1581000
1565000
1549000
1534000
1519000
2013000
1655000
1588000
1521000
1502000
1922000
1614000
1555000
1496000
1478000
1464000
1450000
1437000
1423000
1505000
1436000
1408000
1385000
1371000
1406000
1362000
3599000
2053000
1805000
1562000
1690000
1563000
1531000
1500000
2229000
1828000
1658000
1556000
1522000
1506000
1491000
1477000
1514000
1682000
1516000
1475000
1440000
1424000
1411000
1398000
2176000
1626000
1531000
1438000
1416000
1404000
1555000
3896000
2203000
2370000
3361000
2241000
2019000
1839000
1802000
1781000
1761000
1741000
1722000
1703000
1684000
1666000
1648000
1631000
1614000
1597000
1581000
1565000
1549000
1534000
1519000
1504000
1490000
1475000
1529000
1469000
1449000
1429000
1415000
6233000
2973000
2460000
3292000
8067000
4229000
3320000
2663000
2541000
3144000
3963000
3e+06
2762000
2583000
2528000
2487000
2448000
2410000
2373000
2337000
2302000
5815000
4292000
3304000
4769000
3388000
3079000
2827000
2749000
2700000
4467000
3227000
2996000
2768000
2701000
2655000
2610000
2567000
2525000
2484000
2445000
4352000
3016000
2777000
2541000
2481000
2441000
2403000
2367000
2331000
2296000
2262000
2230000
2695000
2327000
2244000
2164000
2129000
2100000
2072000
2044000
2018000
1992000
1966000
1941000
1917000
1894000
1871000
1849000
1827000
1805000
1785000
1764000
1744000
1725000
1706000
1687000
1669000
1651000
1634000
1617000
1600000
1584000
1568000
1552000
1536000
1521000
1506000
1492000
1478000
1464000
1450000
1437000
1423000
1410000
1398000
1385000
1373000
1361000
1349000
1337000
1326000
1315000
1303000
1293000
1282000
1271000
1261000
1251000
1241000
2125000
1507000
1403000
1302000
1282000
1271000
1261000
1251000
1241000
1231000
1221000
1212000
1202000
1193000
1184000
1175000
1166000
1157000
1149000
1140000
1132000
1124000
1116000
1108000
1100000
1092000
1085000
1077000
1070000
1062000
1055000
1048000
1041000
1034000
1027000
1020000
1014000
1007000
1001000
994100
987800
981500
975300
969200
963200
957300
951400
945600
939800
934200
928600
923100
917600
912200
906900
901600
896400
891200
886100
881100
876100
871200
866300
861500
856700
852000
847400
842800
838200
833700
829300
824800
820500
816200
1106000
1004000
899900
855300
837600
832200
827700
823300
819000
814700
810400
806200
802100
797900
793800
789800
785800
972300
950200
858600
825800
847000
817400
809700
801900
797400
793300
789300
785300
781300
777400
773600
769700
765900
762200
758400
754700
751100
747500
743900
740300
736800
733300
729900
823300
755700
742900
730000
725600
722300
718900
715600
712300
709100
705800
702700
699500
696300
693200
867500
746200
725600
704900
700100
697000
693900
690800
687700
684700
681700
678700
1362000
1527000
1043000
911000
838900
828700
824400
1409000
1001000
935300
870900
860200
1648000
3325000
1772000
1445000
1205000
1172000
1163000
1155000
1352000
3717000
2414000
1834000
1522000
1440000
1423000
1410000
1397000
1385000
1373000
1360000
1349000
1337000
1325000
1841000
1874000
3818000
2164000
1866000
1615000
3514000
2429000
2068000
1833000
1771000
1749000
1729000
1710000
1691000
1673000
1655000
1638000
1621000
1881000
1975000
2518000
2640000
2059000
1869000
1767000
1737000
1718000
3825000
2390000
2153000
3977000
3549000
3707000
4123000
2840000
2529000
3095000
2532000
2418000
2306000
2265000
2232000
2200000
2169000
2139000
3223000
2438000
2291000
2149000
2108000
2080000
2052000
2025000
1999000
1974000
1949000
1924000
1901000
1878000
1855000
1972000
1859000
1824000
1946000
1821000
1785000
1749000
1728000
1709000
1690000
2181000
1869000
5799000
3007000
2556000
2123000
2054000
2027000
2218000
2231000
2054000
1987000
2263000
2016000
1958000
1901000
1875000
1852000
1830000
1809000
1788000
1768000
1748000
1728000
1709000
1690000
1672000
1654000
1637000
1619000
1667000
1608000
1585000
1562000
1546000
1534000
1734000
1591000
1541000
1503000
1484000
1470000
1456000
1442000
1429000
1416000
1403000
1391000
1738000
2079000
1622000
1510000
1963000
1584000
1515000
1448000
1430000
1417000
1404000
1391000
1379000
1367000
1355000
1343000
1331000
1320000
1309000
1298000
1287000
1276000
1266000
1256000
1246000
1236000
1359000
2473000
1624000
1473000
1338000
1314000
1303000
1293000
1282000
1271000
1261000
1251000
1241000
1231000
1221000
1212000
1202000
1193000
1184000
1175000
1166000
1157000
1149000
1140000
1132000
1124000
1116000
1108000
1100000
1092000
1084000
1077000
1069000
1062000
1055000
1048000
1041000
1034000
1027000
1020000
1014000
1007000
1e+06
994000
987700
981400
975300
969200
963100
957200
951300
945500
939800
934100
928500
923000
917500
912100
906800
901500
896300
891200
886100
881000
876100
871100
866300
861500
856700
852000
847300
842700
838200
833700
829200
824800
820400
816100
811800
807600
803400
799300
795200
791100
787100
783200
779200
775300
771500
767700
763900
760100
756400
752700
749100
745500
741900
738400
734900
731500
728000
724600
721300
717900
714600
711300
708100
704900
1108000
835400
792400
749000
741600
792400
753000
744200
735400
731400
728000
724600
721300
717900
714600
711300
708100
704900
701700
698500
1202000
862900
810100
756800
748400
744900
741400
737800
734300
730900
727500
724100
723600
4668000
2005000
1606000
1206000
1159000
1151000
1143000
1135000
1126000
1118000
1110000
1102000
1094000
1087000
1079000
1072000
1064000
1057000
1050000
1043000
1036000
1029000
1022000
1016000
1009000
1002000
996000
989600
983400
977200
971000
965000
959000
953100
947300
941600
935900
930300
924700
919200
913800
908500
903200
897900
892800
887600
882600
877600
872700
867800
862900
858200
853400
848800
844200
839600
835100
830600
826200
821800
817500
813200
808900
804700
800600
796500
792400
788400
784400
780400
776500
772700
768800
765000
761300
757600
1029000
1020000
874900
827400
2204000
1245000
1096000
1157000
1810000
2917000
1706000
1438000
1819000
1407000
1338000
1270000
2786000
1726000
1554000
1386000
1358000
1346000
1335000
1323000
1312000
1448000
2801000
1775000
2788000
4293000
7390000
4807000
6800000
3775000
3207000
2794000
2709000
2663000
2617000
2574000
2531000
2491000
2451000
2413000
2375000
6799000
3793000
3293000
2800000
2706000
2660000
2614000
2571000
2971000
2635000
2550000
5129000
3476000
4544000
3237000
2995000
2796000
2731000
2684000
2638000
2594000
2551000
3780000
3942000
3214000
2846000
6010000
4682000
3616000
3121000
2931000
2867000
2814000
2764000
2920000
2738000
2671000
2606000
2561000
2519000
5244000
3371000
3046000
2724000
2649000
2605000
2561000
2519000
2479000
2440000
2402000
2365000
4691000
3553000
2954000
2627000
2514000
2469000
2430000
2965000
2895000
2564000
2434000
2357000
2318000
2283000
2250000
2218000
2186000
2156000
2126000
5258000
3092000
2729000
2375000
2307000
2273000
2240000
2208000
3575000
2599000
2421000
2247000
2201000
2170000
2140000
2110000
4142000
7942000
4202000
3414000
2822000
2720000
2672000
5950000
6236000
4100000
3437000
3082000
2996000
2939000
2884000
2831000
2779000
2730000
2683000
2637000
2592000
2550000
2508000
2468000
2429000
2391000
2355000
2320000
2285000
2252000
2220000
2188000
2157000
2128000
2099000
2071000
2043000
2017000
1991000
2310000
2141000
2252000
2021000
6596000
4510000
3244000
2622000
2425000
2376000
2340000
2305000
2271000
2238000
2206000
2175000
2145000
2116000
2087000
2059000
2032000
2006000
1980000
1955000
1931000
1907000
1883000
1861000
4940000
6475000
8819000
6133000
4281000
3654000
4295000
3422000
3216000
3041000
3455000
4907000
3541000
3238000
4989000
3544000
3273000
3010000
4076000
3411000
3118000
2929000
2846000
3450000
2968000
2853000
2739000
2685000
2639000
2594000
2552000
2510000
2470000
2431000
2393000
4018000
3318000
3671000
7636000
4953000
3815000
3188000
3005000
2940000
2885000
4043000
7762000
5255000
4056000
6609000
4266000
4013000
3506000
3382000
3294000
3223000
3157000
3093000
3033000
2974000
2918000
2863000
2811000
2761000
2712000
2665000
2620000
2576000
2534000
2493000
2453000
2415000
2378000
2342000
2307000
2273000
2240000
2208000
2176000
2146000
2117000
2088000
2060000
2033000
2007000
1981000
1956000
1931000
1908000
1884000
1862000
1840000
1818000
1797000
1776000
2472000
1980000
1887000
1796000
1768000
1748000
1729000
1710000
1691000
1673000
1655000
1637000
1620000
1603000
1587000
1571000
1555000
1539000
1524000
1509000
1495000
1480000
1466000
1453000
1439000
1426000
1413000
1400000
1388000
1375000
1363000
1351000
1340000
1328000
1317000
1306000
1295000
1284000
1273000
1263000
1253000
1243000
1659000
1362000
1308000
1255000
1241000
1231000
1221000
1211000
3677000
5551000
2905000
2276000
1875000
1818000
1797000
1776000
1756000
2139000
3955000
3832000
2852000
5617000
4589000
3233000
2714000
2499000
2446000
4455000
3052000
2802000
2555000
2494000
2454000
2416000
2670000
11210000
5230000
4232000
3280000
3126000
3063000
6129000
3941000
3547000
3165000
3070000
3010000
2952000
2897000
3425000
2992000
2883000
2775000
3608000
6149000
5892000
4040000
5684000
3855000
3530000
3234000
3145000
3082000
3022000
2964000
2908000
2854000
2802000
2752000
2704000
2657000
2612000
2568000
2526000
2486000
2446000
2408000
2371000
2335000
3890000
2788000
2587000
2391000
2339000
2304000
2327000
2782000
4005000
2824000
2774000
2431000
2358000
2302000
3e+06
2472000
3648000
2675000
2500000
2335000
2287000
2254000
2222000
2190000
2159000
2130000
2101000
2073000
2045000
2018000
1992000
1967000
1942000
1918000
1895000
1872000
1849000
1827000
1806000
1908000
4555000
3097000
2483000
2133000
2035000
2004000
1978000
1953000
1929000
1905000
1882000
1859000
1837000
1816000
1794000
1774000
1754000
1734000
1715000
1696000
1678000
4483000
5744000
3277000
2633000
2251000
2187000
2156000
2127000
3002000
2477000
2272000
2139000
3601000
2593000
2371000
2183000
2132000
2103000
2074000
2047000
2020000
1994000
1969000
1944000
1920000
1896000
1873000
1851000
1829000
1808000
1787000
1766000
1746000
1727000
1708000
1689000
1671000
1653000
2664000
1962000
1840000
1719000
1773000
1699000
1673000
1647000
1628000
1612000
1595000
1579000
1563000
1547000
1532000
1517000
1502000
1488000
1473000
1459000
1446000
1432000
1419000
1406000
1394000
1381000
1369000
1357000
1345000
1703000
1508000
1410000
1354000
1332000
1320000
1308000
1297000
1287000
1276000
1266000
1255000
1245000
1235000
1226000
1216000
1257000
1796000
2299000
1604000
1439000
1330000
1309000
1298000
1288000
1277000
1267000
1256000
1246000
1236000
1227000
1217000
1207000
1198000
1189000
1180000
1171000
2503000
1593000
1446000
1301000
1277000
1267000
1257000
1247000
1237000
1227000
1217000
1208000
1198000
1189000
1180000
1171000
1162000
1154000
1145000
1137000
1129000
1906000
1379000
1293000
1206000
1189000
1180000
1171000
1163000
1154000
1145000
1137000
1129000
1121000
1113000
1105000
1097000
1089000
1081000
1074000
1067000
1059000
1052000
1045000
1038000
1031000
1024000
1018000
1011000
1004000
997900
991500
985200
979000
972900
966800
960800
954900
949000
943300
937600
931900
926400
920900
915400
910000
904700
899500
894300
889200
884100
879100
874100
869200
864400
859600
854900
850200
845500
840900
836400
831900
827500
823100
1047000
1767000
1922000
4072000
2013000
1633000
1336000
1297000
1286000
1276000
1265000
1255000
1245000
1235000
1225000
1216000
1206000
1197000
1188000
1179000
1170000
1161000
1152000
1144000
1136000
1127000
1119000
1111000
1103000
1095000
1088000
1080000
1073000
1065000
1058000
1051000
1471000
1449000
1219000
1141000
1102000
1092000
1084000
3736000
1937000
1754000
1409000
1360000
1339000
1326000
1315000
1304000
1293000
1282000
1272000
1342000
2052000
1500000
1399000
1308000
1290000
1279000
1268000
1258000
1248000
1238000
1228000
1219000
1209000
1200000
1190000
1181000
2049000
4418000
2679000
2064000
1671000
1889000
2090000
1753000
1662000
1599000
1579000
2714000
6660000
4074000
2941000
2345000
2191000
2153000
2124000
2095000
2105000
2253000
2159000
2057000
2002000
1967000
1941000
1917000
1894000
1871000
1848000
1827000
3140000
2228000
2070000
1914000
1877000
1855000
1833000
1811000
1790000
4226000
2553000
2276000
2004000
1954000
1929000
1906000
1882000
1860000
1838000
1816000
1795000
1774000
1754000
1735000
2910000
2102000
1962000
1822000
1789000
2288000
1977000
2333000
1979000
2938000
2166000
2029000
1900000
1867000
1844000
1862000
2272000
2035000
1906000
1830000
1796000
1774000
1754000
1735000
1715000
1923000
1998000
1795000
1729000
1684000
1663000
2225000
1822000
1745000
1695000
1654000
1634000
1615000
1598000
1581000
1565000
1550000
1534000
1519000
1505000
1490000
1660000
1521000
1488000
2978000
1936000
1764000
1595000
1564000
1548000
1533000
2267000
1748000
2266000
1845000
1918000
2139000
4983000
3695000
2653000
2203000
2047000
2011000
1985000
1960000
1935000
1911000
1888000
1865000
1843000
1821000
1800000
1779000
1759000
1739000
1720000
1701000
1683000
1665000
1647000
1629000
1612000
1596000
1580000
1564000
1548000
1533000
1518000
1503000
1488000
1474000
1460000
1447000
1433000
1420000
1407000
1394000
1382000
1370000
1358000
1346000
1334000
1422000
1343000
1321000
1300000
1288000
1725000
1407000
1349000
1378000
1304000
1285000
1266000
1255000
1244000
1235000
1225000
1215000
1206000
1196000
1187000
1178000
1169000
1161000
1152000
1143000
1135000
1127000
1119000
1111000
1121000
1628000
1912000
1426000
1302000
1224000
1208000
1199000
1190000
1180000
1172000
1163000
1154000
1146000
1137000
1129000
1121000
1113000
1105000
1097000
1089000
1082000
1074000
1067000
1059000
1052000
1045000
1038000
1031000
1024000
1018000
1011000
1004000
998000
991600
985300
979100
973000
966900
960900
955000
949100
943400
937600
932000
926400
1116000
1823000
1549000
1220000
1094000
1336000
1344000
1166000
1108000
1077000
1067000
1060000
1053000
1046000
1039000
1032000
1025000
1018000
1012000
1005000
998700
992300
986000
979800
973600
967600
961500
955600
949800
944000
938300
932600
927000
921500
916100
910700
905400
900100
894900
1249000
1011000
960200
1773000
1346000
1169000
1605000
2105000
6460000
2959000
2301000
1764000
1690000
1672000
1654000
2018000
1746000
1690000
1635000
1614000
1597000
1581000
1565000
1549000
1534000
1519000
1504000
1489000
1475000
1461000
1448000
1434000
2023000
1909000
1753000
1560000
2337000
5325000
5463000
3197000
2542000
4684000
4713000
3233000
5466000
4703000
3515000
3063000
2856000
2791000
2742000
2694000
2647000
2603000
10150000
4987000
4138000
3306000
3162000
3099000
3037000
2979000
2922000
2868000
2815000
2765000
3494000
8956000
4875000
4025000
3328000
3187000
3121000
3059000
2999000
2942000
2887000
2834000
2783000
2733000
2947000
2728000
4288000
3486000
3468000
2945000
2803000
3903000
3685000
9286000
8545000
7969000
5103000
6189000
10670000
6306000
10460000
