922300
918700
914400
909900
905400
900900
896400
892100
887700
883400
879100
874900
870700
866600
862500
858400
3242000
1818000
1265000
1012000
1051000
2362000
1322000
2070000
6553000
2482000
1741000
1273000
1265000
2123000
1564000
1381000
1974000
1579000
2059000
6793000
6534000
2979000
2035000
1690000
2292000
1816000
1725000
4244000
2301000
2984000
1985000
1843000
1738000
1721000
1705000
1689000
1965000
1733000
1681000
1641000
1626000
1612000
1598000
1584000
1570000
2689000
1829000
1675000
1563000
1550000
1537000
1524000
1511000
1588000
3170000
3749000
2823000
1928000
1670000
1596000
1583000
1569000
1556000
1542000
1922000
1615000
1554000
1507000
1495000
1483000
1471000
2103000
1617000
1526000
1459000
1448000
1436000
1425000
1414000
1403000
1392000
1382000
1371000
1361000
1351000
1341000
1331000
1321000
1312000
1303000
1293000
1284000
1275000
1266000
1258000
1249000
1240000
1232000
4320000
2018000
1630000
1353000
1343000
1334000
1324000
1314000
1647000
2680000
1671000
1473000
1352000
1342000
1332000
1322000
1313000
1304000
1294000
1285000
1276000
1267000
1258000
1250000
1241000
1233000
1225000
1216000
1208000
1200000
1193000
1185000
1177000
1170000
1162000
1155000
1147000
3374000
1705000
2432000
1481000
1349000
1253000
1245000
1236000
1228000
1220000
1212000
1204000
1196000
1188000
1180000
2494000
1504000
1333000
1211000
1203000
1195000
1187000
1180000
1172000
1165000
1157000
1150000
1143000
1136000
1129000
1122000
1115000
1108000
1101000
1095000
1088000
1082000
1075000
1069000
1063000
1057000
1050000
1044000
1039000
1033000
1027000
1021000
1015000
1010000
1004000
998700
993200
987800
982500
977200
972000
966900
961800
956700
951700
946800
941900
937000
932200
927500
922800
918100
913500
909000
904500
9e+05
895600
891200
886900
882600
878300
874100
869900
865800
861700
857600
853600
2622000
1307000
1087000
930500
926100
921400
916800
912200
907700
903200
898700
894300
890000
885600
881300
877100
872900
868700
864600
860500
856500
852500
848500
844600
840700
836800
833000
829200
825500
821700
818100
814400
810800
807200
803600
800100
2115000
3172000
1502000
5852000
2709000
1705000
1220000
1165000
1157000
1150000
1143000
1136000
1129000
1122000
1115000
1108000
1101000
1095000
1088000
1082000
1075000
1069000
1063000
1057000
1051000
1045000
1039000
1033000
1027000
1021000
1458000
2954000
1522000
1251000
1085000
1079000
1073000
1066000
1209000
1268000
1112000
1071000
1049000
1043000
1037000
1032000
1026000
1020000
1014000
1009000
1226000
1873000
1226000
1099000
1022000
1017000
1011000
1005000
999800
994300
988900
983600
978300
973100
5512000
7548000
2950000
1882000
1403000
1393000
1383000
1372000
1362000
1352000
1342000
1332000
2090000
1513000
1409000
1333000
1324000
1972000
1476000
1386000
1320000
1310000
1301000
1292000
1282000
1274000
1407000
1305000
1270000
1247000
1238000
1300000
1239000
4631000
2092000
1666000
1362000
1603000
1407000
1367000
1335000
2453000
1785000
1508000
1380000
1355000
1345000
1335000
1325000
1392000
1652000
1392000
1336000
1299000
1290000
1280000
1272000
2457000
1563000
1408000
1296000
1287000
1278000
1515000
5068000
2262000
2454000
4790000
2327000
1863000
1574000
1560000
1547000
1534000
1521000
1508000
1496000
1484000
1472000
1460000
1448000
1437000
1426000
1415000
1404000
1393000
1382000
1372000
1362000
1352000
1342000
1406000
1341000
1323000
1307000
1298000
9664000
3421000
2378000
3725000
10550000
4364000
2905000
2119000
2069000
2985000
4151000
2626000
2292000
2105000
2081000
2058000
2035000
2012000
1990000
1968000
1947000
7028000
4532000
2939000
5686000
3201000
2638000
2298000
2256000
2228000
5359000
2985000
2567000
2265000
2237000
2210000
2184000
2158000
2132000
2108000
2083000
4855000
2773000
2407000
2142000
2117000
2092000
2068000
2045000
2022000
2e+06
1978000
1957000
2623000
2094000
1990000
1910000
1890000
1871000
1852000
1833000
1815000
1797000
1779000
1762000
1745000
1728000
1712000
1696000
1680000
1665000
1650000
1635000
1621000
1606000
1592000
1578000
1565000
1551000
1538000
1525000
1513000
1500000
1488000
1476000
1464000
1452000
1441000
1430000
1418000
1407000
1397000
1386000
1376000
1365000
1355000
1345000
1335000
1325000
1316000
1306000
1297000
1288000
1279000
1270000
1261000
1252000
1244000
1235000
1227000
2522000
1547000
1378000
1257000
1249000
1240000
1232000
1223000
1215000
1207000
1199000
1191000
1184000
1176000
1168000
1161000
1154000
1146000
1139000
1132000
1125000
1118000
1111000
1105000
1098000
1091000
1085000
1078000
1072000
1066000
1060000
1054000
1047000
1041000
1036000
1030000
1024000
1018000
1013000
1007000
1001000
995900
990500
985200
979900
974600
969400
964300
959200
954200
949200
944300
939400
934600
929800
925100
920500
915800
911200
906700
902200
897800
893400
889000
884700
880400
876200
872000
867900
863700
859700
855600
851600
847700
1226000
1097000
929100
872900
855300
851300
847400
843400
839600
835700
831900
828100
824400
820700
817000
813300
809700
1232000
1171000
922900
850800
914900
844400
829600
818200
814600
810900
807300
803800
800300
796800
793300
789900
786400
783100
779700
776400
773100
769800
766600
763400
760200
757100
753900
957600
800200
771700
750800
747700
744700
741700
738700
735700
732700
729800
726900
724000
721100
718300
1137000
819100
764400
725000
722200
719400
716500
713700
710900
708200
705400
702700
2364000
2513000
1268000
949700
826000
822700
819000
1768000
1057000
937200
851200
847400
2086000
5590000
2188000
1491000
1095000
1084000
1078000
1072000
1529000
5468000
2853000
1799000
1340000
1276000
1267000
1258000
1250000
1241000
1233000
1225000
1216000
1208000
1200000
1985000
2e+06
4901000
2188000
1703000
1395000
4766000
2710000
1933000
1571000
1517000
1505000
1493000
1480000
1468000
1457000
1445000
1434000
1423000
1829000
1957000
2866000
3297000
2025000
1673000
1524000
1506000
1494000
5570000
2503000
1983000
4783000
3890000
3973000
4504000
2537000
2111000
3015000
2171000
2014000
1898000
1878000
1859000
1840000
1822000
1804000
3406000
2185000
1968000
1809000
1792000
1774000
1757000
1740000
1724000
1707000
1692000
1676000
1661000
1646000
1631000
1898000
1673000
1624000
1914000
1655000
1601000
1559000
1546000
1533000
1520000
2572000
1855000
8562000
3282000
2403000
1785000
1768000
1751000
2046000
2071000
1812000
1735000
2164000
1799000
1726000
1670000
1655000
1640000
1625000
1611000
1597000
1583000
1569000
1556000
1542000
1529000
1517000
1504000
1492000
1480000
1534000
1474000
1454000
1437000
1426000
1416000
1731000
1507000
1436000
1393000
1380000
1370000
1360000
1350000
1340000
1330000
1320000
1311000
1810000
2330000
1589000
1424000
2137000
1536000
1428000
1349000
1339000
1330000
1320000
1310000
1301000
1292000
1283000
1274000
1265000
1256000
1248000
1239000
1231000
1222000
1214000
1206000
1198000
1190000
1397000
3178000
1697000
1431000
1254000
1245000
1237000
1229000
1220000
1212000
1204000
1196000
1189000
1181000
1173000
1166000
1158000
1151000
1144000
1137000
1130000
1123000
1116000
1109000
1102000
1096000
1089000
1083000
1076000
1070000
1064000
1057000
1051000
1045000
1039000
1033000
1028000
1022000
1016000
1011000
1005000
999500
994000
988600
983300
978000
972800
967600
962500
957400
952400
947500
942600
937700
932900
928200
923500
918800
914200
909600
905100
900600
896200
891800
887500
883200
878900
874700
870500
866400
862300
858200
854200
850200
846300
842400
838500
834700
830800
827100
823300
819600
816000
812300
808700
805200
801600
798100
794600
791200
787800
784400
781000
777700
774400
771100
767800
764600
761400
758300
755100
752000
748900
745900
742800
739800
736800
733800
1649000
960800
845000
762500
759500
884400
785800
766900
752700
749700
746600
743600
740500
737600
734600
731600
728700
725800
722900
720100
1919000
1019000
868100
761000
758100
755000
751900
748800
745800
742700
739700
736700
733800
8548000
2717000
1756000
1075000
1071000
1065000
1058000
1052000
1046000
1040000
1034000
1029000
1023000
1017000
1011000
1006000
1e+06
994900
989500
984100
978800
973600
968400
963300
958200
953200
948300
943400
938500
933700
928900
924200
919600
914900
910400
905800
901400
896900
892500
888200
883900
879600
875400
871200
867000
862900
858900
854800
850900
846900
843000
839100
835300
831500
827700
823900
820200
816600
812900
809300
805700
802200
798700
795200
791700
788300
784900
781500
778200
774900
771600
768400
765100
761900
758800
755600
1346000
1327000
933300
826400
3122000
1385000
1097000
1217000
2233000
4967000
2043000
1446000
2089000
1353000
1225000
1134000
3456000
1715000
1421000
1211000
1203000
1196000
1188000
1180000
1173000
1386000
3429000
1748000
3255000
5944000
10150000
5459000
8007000
3381000
2596000
2134000
2109000
2085000
2061000
2038000
2015000
1993000
1972000
1951000
1930000
8627000
3634000
2786000
2181000
2155000
2130000
2105000
2081000
2700000
2203000
2101000
5949000
3263000
5090000
2841000
2485000
2241000
2214000
2187000
2161000
2136000
2111000
3936000
4077000
2903000
2386000
7584000
4920000
3192000
2522000
2371000
2340000
2310000
2281000
2548000
2304000
2241000
2189000
2163000
2137000
6702000
3273000
2681000
2256000
2229000
2202000
2175000
2149000
2124000
2100000
2076000
2052000
5461000
3607000
2651000
2246000
2160000
2134000
2110000
2912000
2790000
2289000
2131000
2064000
2041000
2018000
1996000
1974000
1953000
1932000
1912000
6481000
3069000
2486000
2066000
2043000
2021000
1998000
1977000
3982000
2463000
2193000
1996000
1975000
1954000
1933000
1912000
4875000
11400000
4509000
3145000
2357000
2326000
2297000
8079000
7328000
3883000
2896000
2546000
2511000
2477000
2443000
2411000
2379000
2348000
2318000
2289000
2261000
2233000
2206000
2179000
2153000
2128000
2103000
2079000
2056000
2033000
2010000
1988000
1967000
1946000
1925000
1905000
1885000
1866000
1847000
2185000
2037000
2218000
1898000
8608000
5168000
3118000
2310000
2145000
2120000
2096000
2072000
2048000
2026000
2003000
1981000
1960000
1939000
1919000
1899000
1879000
1860000
1841000
1822000
1804000
1787000
1769000
1752000
6605000
8481000
12350000
6988000
4061000
3215000
4254000
2990000
2728000
2556000
3200000
5265000
3206000
2790000
5358000
3216000
2830000
2549000
4200000
3149000
2727000
2516000
2462000
3708000
2721000
2530000
2388000
2357000
2326000
2297000
2268000
2240000
2213000
2186000
2160000
4604000
3457000
4175000
10750000
5486000
3548000
2684000
2558000
2522000
2488000
4586000
9528000
5461000
3603000
7360000
3886000
3516000
2913000
2840000
2777000
2735000
2695000
2655000
2617000
2580000
2544000
2508000
2474000
2441000
2409000
2377000
2346000
2316000
2287000
2259000
2231000
2204000
2177000
2152000
2126000
2102000
2078000
2054000
2031000
2009000
1987000
1965000
1944000
1924000
1904000
1884000
1865000
1846000
1827000
1809000
1791000
1774000
1756000
1740000
1723000
3031000
2029000
1849000
1718000
1702000
1686000
1671000
1656000
1641000
1626000
1612000
1598000
1584000
1570000
1557000
1543000
1530000
1518000
1505000
1493000
1481000
1469000
1457000
1445000
1434000
1423000
1412000
1401000
1390000
1380000
1369000
1359000
1349000
1339000
1329000
1320000
1310000
1301000
1291000
1282000
1273000
1265000
1972000
1432000
1336000
1265000
1256000
1248000
1239000
1231000
5255000
9379000
3572000
2332000
1700000
1684000
1669000
1654000
1639000
2468000
5630000
4642000
2944000
6927000
5200000
3047000
2356000
2154000
2128000
5243000
2901000
2491000
2194000
2167000
2142000
2117000
2517000
15850000
5604000
3846000
2624000
2587000
2550000
6940000
3613000
3029000
2608000
2571000
2535000
2500000
2466000
3573000
2690000
2516000
2386000
4098000
7824000
6671000
3727000
6082000
3430000
2998000
2682000
2643000
2605000
2568000
2532000
2497000
2463000
2430000
2398000
2367000
2337000
2307000
2278000
2250000
2222000
2195000
2169000
2143000
2118000
4395000
2677000
2372000
2148000
2123000
2099000
2156000
2841000
4600000
2738000
2662000
2212000
2150000
2100000
3145000
2333000
4055000
2557000
2304000
2118000
2094000
2070000
2046000
2024000
2001000
1980000
1958000
1937000
1917000
1897000
1877000
1858000
1839000
1821000
1803000
1785000
1768000
1751000
1734000
1949000
6454000
3548000
2469000
1966000
1892000
1873000
1854000
1835000
1817000
1799000
1781000
1764000
1747000
1730000
1714000
1698000
1682000
1667000
1652000
1637000
1622000
6944000
7575000
3479000
2429000
2009000
1987000
1965000
1944000
3226000
2415000
2107000
1952000
4121000
2542000
2198000
1977000
1950000
1929000
1909000
1889000
1870000
1851000
1832000
1814000
1796000
1778000
1761000
1744000
1728000
1711000
1695000
1680000
1664000
1649000
1635000
1620000
1606000
1592000
3571000
2068000
1807000
1620000
1777000
1635000
1600000
1571000
1558000
1544000
1531000
1519000
1506000
1494000
1481000
1469000
1458000
1446000
1435000
1423000
1412000
1402000
1391000
1380000
1370000
1360000
1350000
1340000
1330000
1797000
1539000
1394000
1331000
1312000
1303000
1294000
1284000
1275000
1267000
1258000
1249000
1241000
1232000
1224000
1216000
1257000
2372000
2865000
1696000
1419000
1292000
1283000
1274000
1265000
1256000
1248000
1239000
1231000
1223000
1214000
1206000
1199000
1191000
1183000
1175000
1168000
3587000
1776000
1470000
1251000
1243000
1235000
1226000
1218000
1210000
1202000
1194000
1186000
1179000
1171000
1164000
1156000
1149000
1142000
1135000
1128000
1121000
2778000
1531000
1318000
1167000
1160000
1152000
1145000
1138000
1131000
1124000
1117000
1110000
1103000
1097000
1090000
1084000
1077000
1071000
1065000
1059000
1052000
1046000
1040000
1034000
1029000
1023000
1017000
1011000
1006000
1e+06
994900
989500
984200
978900
973700
968500
963400
958300
953300
948300
943400
938500
933700
929000
924300
919600
915000
910400
905900
901400
897000
892600
888200
883900
879600
875400
871200
867100
863000
858900
854900
850900
846900
1141000
2297000
2562000
7101000
2545000
1719000
1215000
1208000
1200000
1192000
1184000
1177000
1169000
1162000
1154000
1147000
1140000
1133000
1126000
1119000
1112000
1105000
1099000
1092000
1085000
1079000
1073000
1066000
1060000
1054000
1048000
1042000
1036000
1030000
1024000
1019000
1917000
1845000
1270000
1110000
1051000
1045000
1039000
6058000
2305000
1827000
1274000
1248000
1227000
1218000
1210000
1202000
1194000
1187000
1179000
1290000
2368000
1473000
1310000
1201000
1193000
1185000
1178000
1170000
1163000
1155000
1148000
1141000
1134000
1127000
1120000
1113000
2881000
6032000
3051000
1992000
1475000
1871000
2164000
1617000
1487000
1420000
1409000
3216000
9836000
4737000
2775000
1933000
1821000
1803000
1785000
1768000
1805000
2041000
1909000
1771000
1716000
1690000
1675000
1659000
1644000
1630000
1615000
1601000
4102000
2211000
1884000
1651000
1636000
1622000
1607000
1593000
1579000
5880000
2647000
2098000
1708000
1692000
1676000
1661000
1646000
1631000
1617000
1603000
1589000
1575000
1561000
1548000
4031000
2152000
1829000
1597000
1584000
2658000
1940000
2680000
1892000
3717000
2110000
1841000
1651000
1636000
1621000
1688000
2573000
2017000
1739000
1619000
1589000
1575000
1561000
1548000
1535000
1988000
2139000
1685000
1568000
1511000
1498000
2639000
1765000
1610000
1552000
1499000
1480000
1464000
1452000
1440000
1429000
1418000
1407000
1396000
1386000
1375000
1636000
1426000
1382000
3629000
1938000
1650000
1443000
1432000
1420000
1409000
2520000
1683000
2475000
1795000
1907000
2421000
7602000
4435000
2595000
1897000
1761000
1745000
1728000
1712000
1696000
1680000
1665000
1650000
1635000
1620000
1606000
1592000
1578000
1564000
1551000
1538000
1525000
1512000
1500000
1488000
1476000
1464000
1452000
1441000
1429000
1418000
1407000
1396000
1386000
1375000
1365000
1355000
1345000
1335000
1325000
1316000
1306000
1297000
1288000
1279000
1270000
1286000
1259000
1247000
1236000
1228000
1886000
1383000
1293000
1353000
1252000
1228000
1209000
1201000
1193000
1185000
1178000
1170000
1163000
1155000
1148000
1141000
1134000
1127000
1120000
1113000
1106000
1099000
1093000
1086000
1080000
2189000
2801000
1575000
1292000
1159000
1152000
1144000
1137000
1130000
1123000
1116000
1110000
1103000
1096000
1090000
1083000
1077000
1070000
1064000
1058000
1052000
1046000
1040000
1034000
1028000
1022000
1017000
1011000
1005000
999900
994500
989100
983700
978400
973200
968100
962900
957900
952900
947900
943000
938100
933300
928600
923900
1143000
2475000
2058000
1304000
1078000
1659000
1645000
1201000
1079000
1032000
1026000
1020000
1015000
1009000
1003000
997900
992500
987100
981800
976500
971300
966100
961100
956000
951000
946100
941200
936400
931600
926800
922100
917500
912900
908400
903800
899400
895000
890600
886300
1361000
1022000
944900
2239000
1499000
1185000
2207000
3332000
10030000
3497000
2225000
1479000
1462000
1450000
1439000
2001000
1567000
1486000
1426000
1415000
1404000
1393000
1383000
1372000
1362000
1352000
1342000
1332000
1322000
1313000
1303000
1294000
2172000
1971000
1704000
1417000
2617000
7987000
6954000
3193000
2178000
5437000
5303000
2923000
6442000
5075000
3078000
2448000
2250000
2223000
2196000
2169000
2144000
2119000
13340000
4948000
3527000
2518000
2484000
2450000
2417000
2386000
2355000
2324000
2295000
2266000
3551000
11680000
4849000
3445000
2594000
2544000
2509000
2474000
2441000
2409000
2377000
2346000
2316000
2287000
2655000
2335000
5190000
3626000
3558000
2570000
2378000
4595000
4050000
11910000
9965000
8627000
4362000
6071000
12030000
5609000
11210000
