1315000
1223000
1203000
1184000
1177000
1169000
1162000
1155000
1148000
1141000
1134000
1128000
1121000
1114000
1108000
1101000
3374000
1998000
1527000
1275000
1313000
2480000
1566000
2326000
6777000
2812000
2092000
1587000
1573000
2418000
1871000
1691000
2269000
1880000
2357000
6548000
6679000
3324000
2419000
2049000
2638000
2167000
2073000
4557000
2652000
3335000
2330000
2188000
2070000
2047000
2025000
2004000
2270000
2038000
1983000
1936000
1917000
1897000
1878000
1860000
1842000
2631000
2031000
1920000
1827000
1810000
1793000
1776000
1759000
1804000
2956000
3373000
2745000
2112000
1916000
1852000
1834000
1817000
1799000
1782000
2044000
1826000
1778000
1736000
1720000
1704000
1689000
2292000
1829000
1742000
1669000
1655000
1640000
1626000
1612000
1599000
1585000
1572000
1559000
1546000
1534000
1521000
1509000
1497000
1486000
1474000
1463000
1451000
1440000
1429000
1419000
1408000
1398000
1387000
4398000
2175000
1806000
1511000
1499000
1487000
1476000
1464000
1783000
2814000
1825000
1630000
1498000
1486000
1475000
1463000
1452000
1441000
1430000
1419000
1409000
1398000
1388000
1378000
1368000
1358000
1349000
1339000
1330000
1320000
1311000
1302000
1293000
1285000
1276000
1267000
1259000
3319000
1791000
2536000
1597000
1468000
1364000
1354000
1345000
1335000
1326000
1317000
1308000
1299000
1290000
1281000
2564000
1604000
1441000
1310000
1301000
1292000
1283000
1274000
1266000
1258000
1249000
1241000
1233000
1225000
1217000
1209000
1202000
1194000
1187000
1179000
1172000
1165000
1158000
1150000
1144000
1137000
1130000
1123000
1117000
1110000
1104000
1097000
1091000
1085000
1078000
1072000
1066000
1060000
1054000
1049000
1043000
1037000
1031000
1026000
1020000
1015000
1009000
1004000
998700
993500
988300
983200
978100
973100
968100
963200
958300
953500
948700
943900
939300
934600
930000
925500
921000
916500
912100
2615000
1360000
1153000
987400
982300
977200
972200
967200
962300
957400
952600
947800
943100
938500
933800
929200
924700
920200
915800
911300
907000
902700
898400
894100
889900
885800
881600
877600
873500
869500
865500
861600
857700
853800
850000
846200
2102000
3236000
1569000
4548000
2305000
1629000
1265000
1222000
1214000
1206000
1198000
1191000
1183000
1176000
1169000
1162000
1154000
1147000
1141000
1134000
1127000
1120000
1114000
1107000
1101000
1094000
1088000
1082000
1076000
1070000
1343000
2396000
1441000
1261000
1137000
1130000
1123000
1117000
1211000
1253000
1146000
1116000
1099000
1092000
1086000
1080000
1074000
1068000
1062000
1056000
1201000
1649000
1215000
1129000
1070000
1064000
1058000
1052000
1046000
1041000
1035000
1029000
1024000
1018000
4211000
6956000
2858000
1950000
1463000
1452000
1441000
1430000
1419000
1409000
1398000
1388000
2137000
1570000
1469000
1388000
1378000
2019000
1531000
1443000
1372000
1362000
1352000
1343000
1333000
1324000
1456000
1355000
1320000
1296000
1287000
1348000
1288000
4625000
2143000
1735000
1408000
1646000
1454000
1414000
1381000
2487000
1831000
1561000
1425000
1398000
1388000
1378000
1368000
1434000
1692000
1435000
1380000
1340000
1331000
1321000
1312000
2485000
1606000
1456000
1335000
1326000
1317000
1552000
5055000
2307000
2513000
3996000
2200000
1849000
1617000
1603000
1590000
1576000
1563000
1550000
1538000
1525000
1513000
1501000
1489000
1478000
1466000
1455000
1444000
1433000
1422000
1412000
1401000
1391000
1381000
1431000
1377000
1360000
1345000
1335000
8245000
3178000
2349000
3177000
9608000
4217000
2946000
2180000
2127000
3032000
4192000
2692000
2360000
2160000
2136000
2112000
2088000
2065000
2043000
2021000
2e+06
7068000
4588000
3028000
5118000
3085000
2648000
2349000
2309000
2281000
4862000
2932000
2596000
2324000
2295000
2268000
2241000
2215000
2189000
2164000
2139000
4864000
2827000
2477000
2193000
2168000
2143000
2119000
2096000
2073000
2050000
2028000
2007000
2648000
2140000
2040000
1957000
1937000
1918000
1898000
1879000
1861000
1843000
1825000
1807000
1790000
1773000
1757000
1741000
1725000
1709000
1694000
1679000
1664000
1650000
1635000
1621000
1608000
1594000
1581000
1568000
1555000
1542000
1529000
1517000
1505000
1493000
1482000
1470000
1459000
1448000
1437000
1426000
1415000
1405000
1394000
1384000
1374000
1364000
1354000
1345000
1335000
1326000
1317000
1307000
1298000
1290000
1281000
1272000
1264000
2381000
1546000
1403000
1289000
1280000
1271000
1263000
1254000
1246000
1238000
1230000
1222000
1214000
1206000
1199000
1191000
1184000
1176000
1169000
1162000
1155000
1148000
1141000
1134000
1127000
1121000
1114000
1108000
1101000
1095000
1088000
1082000
1076000
1070000
1064000
1058000
1052000
1046000
1041000
1035000
1029000
1024000
1018000
1013000
1007000
1002000
996800
991500
986400
981300
976200
971200
966200
961300
956500
951700
946900
942200
937500
932900
928300
923800
919300
914900
910500
906100
901800
897500
893300
889100
884900
880800
876800
872700
1169000
1101000
945700
894600
875800
871800
867800
863800
859900
856000
852100
848300
844500
840800
837100
833400
829700
1230000
1185000
943800
871400
932100
862900
848600
836600
832900
829200
825600
822000
818500
815000
811500
808000
804600
801200
797800
794400
791100
787800
784600
781300
778100
774900
771800
896700
801100
783200
768200
765100
762000
758900
755900
752900
749900
747000
744000
741100
738200
735400
1009000
806100
771000
742300
739400
736500
733700
730800
728000
725200
722500
719700
1820000
2162000
1197000
956000
845200
841500
837800
1777000
1078000
962100
869200
865200
2092000
4638000
2003000
1448000
1114000
1104000
1097000
1091000
1404000
4389000
2640000
1754000
1369000
1300000
1291000
1282000
1273000
1265000
1256000
1248000
1240000
1232000
1224000
1761000
1848000
4850000
2213000
1750000
1417000
4309000
2507000
1909000
1586000
1542000
1529000
1517000
1505000
1493000
1481000
1470000
1459000
1447000
1848000
1978000
2772000
2887000
1947000
1668000
1550000
1534000
1521000
4488000
2305000
1942000
3912000
3318000
3412000
4276000
2532000
2165000
3056000
2224000
2072000
1948000
1928000
1909000
1890000
1871000
1853000
2970000
2135000
1986000
1862000
1844000
1826000
1809000
1792000
1775000
1758000
1742000
1726000
1710000
1695000
1680000
1863000
1705000
1667000
1868000
1684000
1643000
1607000
1594000
1580000
1567000
2313000
1813000
6686000
2948000
2339000
1853000
1835000
1817000
2022000
2040000
1856000
1796000
2095000
1837000
1782000
1735000
1719000
1704000
1688000
1674000
1659000
1644000
1630000
1616000
1603000
1589000
1576000
1563000
1550000
1537000
1576000
1527000
1508000
1492000
1480000
1469000
1781000
1561000
1491000
1446000
1433000
1422000
1411000
1401000
1390000
1380000
1370000
1360000
1838000
2367000
1640000
1478000
2175000
1584000
1480000
1395000
1385000
1375000
1365000
1355000
1345000
1336000
1327000
1317000
1308000
1299000
1290000
1282000
1273000
1265000
1256000
1248000
1240000
1232000
1342000
2925000
1677000
1460000
1294000
1285000
1277000
1268000
1260000
1251000
1243000
1235000
1227000
1219000
1211000
1203000
1196000
1188000
1181000
1174000
1166000
1159000
1152000
1145000
1138000
1132000
1125000
1118000
1112000
1105000
1099000
1092000
1086000
1080000
1074000
1068000
1062000
1056000
1050000
1044000
1038000
1033000
1027000
1022000
1016000
1011000
1005000
1e+06
994700
989500
984400
979300
974300
969300
964300
959400
954600
949800
945100
940400
935700
931100
926600
922100
917600
913200
908800
904500
900200
895900
891700
887500
883400
879300
875200
871200
867200
863200
859300
855400
851600
847800
844000
840200
836500
832900
829200
825600
822000
818500
814900
811400
808000
804600
801100
797800
794400
791100
787800
784600
781300
778100
774900
771800
768600
765500
762500
759400
1341000
916100
845200
787600
784300
864900
801200
788300
777400
774200
771000
767900
764800
761700
758700
755700
752600
749700
746700
743800
1529000
956700
862200
785800
782500
779300
776100
773000
769800
766700
763600
760500
757500
7063000
2452000
1703000
1106000
1100000
1094000
1087000
1081000
1075000
1069000
1063000
1057000
1051000
1045000
1039000
1034000
1028000
1023000
1017000
1012000
1006000
1001000
995700
990500
985400
980300
975200
970200
965300
960400
955500
950700
946000
941300
936600
932000
927400
922900
918500
914000
909600
905300
901000
896700
892500
888300
884100
880000
876000
871900
867900
864000
860100
856200
852300
848500
844700
841000
837200
833600
829900
826300
822700
819100
815600
812100
808600
805200
801800
798400
795100
791700
788400
785200
781900
778700
1145000
1159000
908900
838500
3019000
1392000
1125000
1235000
2259000
3903000
1839000
1392000
1810000
1315000
1230000
1160000
2781000
1598000
1401000
1242000
1234000
1226000
1218000
1210000
1202000
1347000
3014000
1688000
3245000
5462000
8150000
4975000
7910000
3452000
2681000
2178000
2153000
2129000
2105000
2082000
2059000
2037000
2015000
1994000
1973000
8310000
3624000
2846000
2223000
2197000
2172000
2147000
2123000
2736000
2245000
2147000
5911000
3299000
4772000
2808000
2509000
2283000
2256000
2229000
2203000
2178000
2153000
3958000
4106000
2956000
2435000
6538000
4380000
3105000
2553000
2426000
2395000
2365000
2336000
2598000
2358000
2296000
2242000
2216000
2190000
6154000
3214000
2716000
2314000
2286000
2259000
2232000
2206000
2180000
2155000
2131000
2107000
5476000
3658000
2727000
2301000
2210000
2184000
2159000
2950000
2835000
2343000
2183000
2111000
2088000
2065000
2043000
2021000
1999000
1978000
1958000
6474000
3120000
2558000
2108000
2085000
2062000
2040000
2018000
3998000
2506000
2246000
2035000
2014000
1992000
1971000
1951000
4870000
10070000
4303000
3127000
2405000
2375000
2345000
6637000
6124000
3660000
2912000
2627000
2591000
2556000
2522000
2489000
2456000
2425000
2394000
2364000
2335000
2306000
2278000
2251000
2225000
2199000
2173000
2149000
2124000
2101000
2078000
2055000
2033000
2011000
1990000
1969000
1949000
1929000
1910000
2094000
2025000
2159000
1934000
8228000
5145000
3192000
2381000
2204000
2178000
2153000
2129000
2105000
2082000
2059000
2037000
2016000
1994000
1973000
1953000
1933000
1913000
1894000
1875000
1857000
1839000
1821000
1804000
5865000
8157000
10280000
6096000
3838000
3160000
3910000
2996000
2799000
2655000
3115000
4636000
3156000
2850000
4714000
3174000
2895000
2664000
3865000
3109000
2801000
2629000
2577000
3479000
2766000
2622000
2501000
2469000
2437000
2406000
2375000
2346000
2317000
2289000
2261000
4557000
3483000
3952000
8657000
4880000
3487000
2808000
2698000
2660000
2623000
4154000
8329000
5324000
3699000
7380000
4034000
3694000
3071000
2996000
2929000
2884000
2840000
2798000
2757000
2717000
2679000
2641000
2605000
2569000
2535000
2501000
2468000
2436000
2405000
2375000
2345000
2317000
2289000
2261000
2234000
2208000
2183000
2158000
2133000
2109000
2086000
2063000
2041000
2019000
1998000
1977000
1956000
1936000
1917000
1897000
1879000
1860000
1842000
1824000
1807000
2672000
2018000
1898000
1799000
1782000
1765000
1749000
1733000
1717000
1702000
1687000
1672000
1657000
1643000
1628000
1615000
1601000
1587000
1574000
1561000
1548000
1536000
1523000
1511000
1499000
1488000
1476000
1464000
1453000
1442000
1431000
1420000
1410000
1399000
1389000
1379000
1369000
1359000
1350000
1340000
1331000
1321000
1996000
1483000
1393000
1319000
1310000
1301000
1292000
1283000
5267000
7730000
3313000
2290000
1769000
1752000
1736000
1720000
1705000
2292000
4524000
4224000
2896000
6955000
5275000
3165000
2450000
2232000
2206000
5138000
2951000
2575000
2270000
2243000
2217000
2191000
2586000
13290000
5175000
3804000
2734000
2695000
2657000
5874000
3487000
3070000
2729000
2690000
2652000
2615000
2579000
3383000
2741000
2609000
2497000
3747000
6504000
5735000
3626000
5578000
3467000
3122000
2838000
2796000
2755000
2716000
2677000
2639000
2603000
2568000
2533000
2499000
2467000
2435000
2404000
2374000
2344000
2315000
2287000
2260000
2233000
4478000
2792000
2498000
2258000
2231000
2205000
2259000
2936000
4682000
2850000
2776000
2312000
2250000
2196000
3230000
2430000
4137000
2654000
2408000
2208000
2183000
2158000
2133000
2110000
2086000
2063000
2041000
2019000
1998000
1977000
1956000
1936000
1917000
1897000
1879000
1860000
1842000
1824000
1807000
1946000
5740000
3462000
2511000
2049000
1970000
1950000
1930000
1910000
1891000
1872000
1854000
1836000
1818000
1801000
1784000
1767000
1751000
1735000
1719000
1704000
1688000
5637000
7246000
3460000
2534000
2088000
2065000
2043000
2021000
3281000
2489000
2189000
2026000
4171000
2617000
2284000
2048000
2019000
1998000
1977000
1956000
1936000
1917000
1897000
1879000
1860000
1842000
1824000
1807000
1790000
1773000
1756000
1740000
1724000
1709000
1693000
1678000
1664000
1649000
3001000
1995000
1820000
1678000
1784000
1682000
1653000
1628000
1614000
1600000
1587000
1573000
1560000
1548000
1535000
1523000
1511000
1499000
1487000
1475000
1464000
1453000
1441000
1431000
1420000
1409000
1399000
1389000
1378000
1801000
1576000
1439000
1377000
1357000
1347000
1338000
1328000
1319000
1310000
1301000
1292000
1283000
1275000
1266000
1258000
1262000
2245000
2859000
1733000
1469000
1332000
1322000
1313000
1304000
1295000
1286000
1278000
1269000
1261000
1252000
1244000
1236000
1228000
1220000
1212000
1204000
3133000
1713000
1477000
1287000
1279000
1270000
1262000
1253000
1245000
1237000
1229000
1221000
1213000
1205000
1198000
1190000
1183000
1175000
1168000
1161000
1154000
2256000
1448000
1311000
1201000
1193000
1186000
1178000
1171000
1164000
1157000
1150000
1143000
1136000
1129000
1122000
1116000
1109000
1103000
1096000
1090000
1084000
1078000
1072000
1065000
1060000
1054000
1048000
1042000
1036000
1031000
1025000
1020000
1014000
1009000
1003000
998100
992800
987600
982500
977400
972400
967500
962500
957700
952900
948100
943400
938700
934000
929500
924900
920400
916000
911600
907200
902900
898600
894300
890100
886000
881800
877800
873700
1117000
2298000
2481000
5440000
2226000
1632000
1247000
1239000
1231000
1223000
1215000
1207000
1199000
1192000
1184000
1177000
1170000
1163000
1155000
1148000
1142000
1135000
1128000
1121000
1115000
1108000
1102000
1095000
1089000
1083000
1077000
1070000
1064000
1059000
1053000
1047000
1644000
1620000
1237000
1126000
1080000
1074000
1068000
4767000
2067000
1773000
1310000
1284000
1262000
1254000
1245000
1237000
1229000
1221000
1213000
1286000
2009000
1425000
1318000
1237000
1229000
1221000
1213000
1206000
1198000
1191000
1183000
1176000
1168000
1161000
1154000
1147000
2361000
5615000
2990000
2034000
1517000
1904000
2196000
1658000
1527000
1455000
1444000
3158000
7683000
4070000
2625000
1971000
1877000
1858000
1840000
1822000
1843000
2008000
1913000
1812000
1767000
1744000
1728000
1712000
1697000
1682000
1667000
1652000
3433000
2116000
1891000
1708000
1693000
1678000
1663000
1649000
1635000
4700000
2453000
2078000
1775000
1758000
1742000
1726000
1710000
1695000
1680000
1665000
1651000
1636000
1622000
1608000
3374000
2067000
1844000
1664000
1649000
2411000
1910000
2442000
1884000
3188000
2062000
1875000
1725000
1710000
1694000
1737000
2365000
1979000
1783000
1688000
1661000
1647000
1633000
1619000
1605000
1921000
2034000
1715000
1628000
1580000
1567000
2419000
1776000
1661000
1606000
1565000
1548000
1532000
1519000
1507000
1495000
1483000
1472000
1461000
1449000
1438000
1693000
1487000
1445000
3687000
2009000
1729000
1503000
1491000
1480000
1468000
2563000
1742000
2514000
1850000
1962000
2290000
5940000
3750000
2473000
1950000
1841000
1823000
1806000
1789000
1772000
1755000
1739000
1723000
1708000
1693000
1678000
1663000
1648000
1634000
1620000
1606000
1593000
1579000
1566000
1553000
1541000
1528000
1516000
1504000
1492000
1480000
1469000
1458000
1446000
1435000
1425000
1414000
1404000
1393000
1383000
1373000
1363000
1353000
1344000
1334000
1325000
1316000
1307000
1298000
1289000
1280000
1901000
1428000
1344000
1400000
1300000
1277000
1257000
1249000
1240000
1232000
1224000
1217000
1209000
1201000
1193000
1186000
1179000
1171000
1164000
1157000
1150000
1143000
1136000
1129000
1123000
1847000
2310000
1496000
1305000
1204000
1197000
1189000
1182000
1174000
1167000
1160000
1153000
1146000
1139000
1132000
1125000
1119000
1112000
1106000
1099000
1093000
1087000
1080000
1074000
1068000
1062000
1056000
1050000
1045000
1039000
1033000
1028000
1022000
1017000
1011000
1006000
1e+06
995200
990000
984800
979700
974700
969700
964800
959900
1135000
2312000
1828000
1285000
1097000
1491000
1489000
1192000
1105000
1069000
1063000
1057000
1051000
1045000
1039000
1034000
1028000
1022000
1017000
1011000
1006000
1001000
995500
990300
985100
980000
975000
970000
965000
960100
955300
950500
945700
941000
936400
931800
927200
922700
918200
1348000
1044000
974000
2256000
1530000
1224000
1909000
2653000
8648000
3248000
2211000
1521000
1502000
1490000
1479000
2033000
1608000
1529000
1465000
1454000
1443000
1432000
1421000
1410000
1400000
1390000
1379000
1369000
1360000
1350000
1340000
1331000
2189000
2002000
1743000
1456000
2641000
6698000
5579000
2919000
2139000
5043000
5250000
2969000
6277000
4709000
3068000
2486000
2310000
2282000
2255000
2228000
2202000
2177000
11110000
4562000
3478000
2606000
2571000
2536000
2502000
2470000
2438000
2407000
2376000
2347000
3435000
9331000
4407000
3391000
2710000
2661000
2624000
2588000
2553000
2519000
2485000
2453000
2421000
2391000
2732000
2432000
4716000
3435000
3376000
2622000
2473000
4109000
3720000
9950000
9479000
8604000
4553000
6231000
11100000
5564000
9708000
