1512000
1403000
1373000
1358000
1339000
1328000
1318000
1309000
1299000
1290000
1281000
1273000
1264000
1255000
1247000
1238000
4182000
2515000
1839000
1665000
1534000
2643000
1775000
2400000
6842000
3198000
2421000
2160000
1797000
2614000
2108000
1890000
2553000
2136000
2689000
7665000
6983000
3851000
3083000
2547000
2782000
2354000
2251000
4476000
2875000
3415000
2697000
2391000
2307000
2220000
2185000
2159000
2389000
2191000
2131000
2097000
2057000
2032000
2010000
1988000
1967000
2937000
2240000
2077000
2018000
1932000
1902000
1882000
1863000
1919000
3339000
3909000
3162000
2440000
2171000
2004000
1927000
1901000
1881000
1862000
2185000
1933000
1865000
1834000
1794000
1773000
1756000
2377000
1928000
1821000
1780000
1722000
1699000
1684000
1668000
1654000
1639000
1624000
1610000
1596000
1582000
1569000
1556000
1543000
1530000
1517000
1505000
1493000
1481000
1469000
1457000
1446000
1435000
1423000
4093000
2265000
1873000
1759000
1567000
1527000
1515000
1502000
1784000
2710000
1887000
1702000
1627000
1536000
1512000
1499000
1487000
1475000
1464000
1452000
1441000
1429000
1418000
1408000
1397000
1386000
1376000
1366000
1356000
1346000
1336000
1327000
1317000
1308000
1299000
1289000
1280000
3197000
1873000
2474000
1787000
1521000
1458000
1388000
1368000
1358000
1348000
1339000
1329000
1319000
1310000
1301000
2438000
1646000
1472000
1419000
1333000
1312000
1302000
1293000
1284000
1275000
1266000
1258000
1249000
1241000
1233000
1224000
1216000
1208000
1200000
1193000
1185000
1177000
1170000
1163000
1155000
1148000
1141000
1134000
1127000
1120000
1113000
1107000
1100000
1094000
1087000
1081000
1075000
1068000
1062000
1056000
1050000
1044000
1038000
1032000
1027000
1021000
1015000
1010000
1004000
998900
993500
988200
982900
977700
972600
967500
962400
957400
952500
947600
942700
937900
933200
928500
923900
919300
914700
2427000
1393000
1172000
1110000
1003000
982000
976800
971700
966600
961600
956600
951600
946800
941900
937100
932400
927700
923100
918500
913900
909400
905000
900500
896200
891800
887500
883300
879100
874900
870800
866700
862700
858600
854700
850700
846800
1963000
3024000
1617000
4745000
2752000
1786000
1559000
1302000
1225000
1212000
1204000
1197000
1189000
1181000
1174000
1166000
1159000
1152000
1145000
1138000
1131000
1124000
1117000
1110000
1103000
1097000
1090000
1084000
1078000
1071000
1315000
2297000
1476000
1298000
1231000
1145000
1126000
1119000
1202000
1243000
1151000
1126000
1110000
1095000
1088000
1081000
1075000
1069000
1063000
1057000
1185000
1588000
1226000
1145000
1111000
1070000
1059000
1053000
1047000
1041000
1035000
1030000
1024000
1018000
4255000
6818000
3096000
2281000
1872000
1507000
1446000
1435000
1424000
1413000
1402000
1392000
2054000
1586000
1479000
1443000
1388000
1948000
1545000
1452000
1420000
1371000
1355000
1345000
1335000
1326000
1441000
1357000
1323000
1307000
1289000
1340000
1289000
4262000
2211000
1769000
1644000
1653000
1462000
1420000
1401000
2365000
1833000
1577000
1507000
1424000
1393000
1381000
1371000
1428000
1658000
1444000
1390000
1365000
1335000
1323000
1313000
2351000
1627000
1468000
1418000
1338000
1318000
1525000
4639000
2373000
2488000
4002000
2285000
1924000
1792000
1634000
1599000
1585000
1572000
1559000
1546000
1533000
1520000
1508000
1495000
1483000
1471000
1460000
1448000
1437000
1426000
1415000
1404000
1394000
1383000
1428000
1380000
1362000
1350000
1337000
7593000
3332000
2429000
3688000
9600000
4541000
3224000
2779000
2234000
2939000
4004000
2741000
2450000
2307000
2163000
2121000
2097000
2073000
2050000
2028000
2005000
6494000
4534000
3102000
5176000
3264000
2700000
2553000
2358000
2297000
4578000
2988000
2632000
2517000
2333000
2281000
2253000
2226000
2199000
2173000
2148000
4560000
2881000
2509000
2391000
2202000
2152000
2127000
2103000
2079000
2056000
2033000
2011000
2578000
2155000
2049000
2006000
1946000
1919000
1899000
1880000
1861000
1842000
1824000
1806000
1789000
1771000
1755000
1738000
1722000
1706000
1690000
1675000
1660000
1645000
1630000
1616000
1602000
1588000
1575000
1561000
1548000
1535000
1522000
1510000
1498000
1486000
1474000
1462000
1451000
1439000
1428000
1417000
1406000
1396000
1385000
1375000
1365000
1355000
1345000
1335000
1325000
1316000
1307000
1297000
1288000
1279000
1270000
1262000
1253000
2315000
1574000
1412000
1362000
1281000
1261000
1253000
1244000
1236000
1228000
1220000
1212000
1204000
1196000
1188000
1181000
1173000
1166000
1158000
1151000
1144000
1137000
1130000
1123000
1116000
1109000
1103000
1096000
1090000
1083000
1077000
1071000
1065000
1059000
1052000
1047000
1041000
1035000
1029000
1023000
1018000
1012000
1007000
1001000
995700
990300
985000
979800
974600
969500
964400
959400
954500
949600
944700
939900
935100
930400
925700
921100
916500
912000
907500
903100
898700
894300
890000
885700
881500
877300
873200
869000
865000
860900
1131000
1079000
940600
906100
878400
862200
856800
852800
848900
845000
841100
837300
833500
829800
826100
822400
818700
1175000
1152000
941200
891000
932900
856300
839000
832300
823300
818800
815200
811600
808100
804500
801100
797600
794200
790800
787400
784000
780700
777400
774200
770900
767700
764500
761400
928900
808400
780700
770900
756300
751500
748400
745400
742400
739400
736500
733600
730600
727800
724900
967600
8e+05
762800
750900
731700
726400
723500
720700
717900
715100
712300
709600
1868000
2300000
1293000
1070000
941500
843400
827100
1659000
1084000
960000
924000
863800
1941000
4255000
2057000
1554000
1355000
1132000
1092000
1086000
1362000
4574000
2767000
1874000
1636000
1373000
1291000
1277000
1268000
1259000
1251000
1242000
1234000
1226000
1218000
1903000
1957000
4517000
2333000
1822000
1652000
4004000
2512000
1936000
1785000
1589000
1531000
1515000
1503000
1491000
1479000
1467000
1455000
1444000
1797000
1931000
2645000
2812000
2001000
1761000
1634000
1545000
1520000
4147000
2353000
1967000
4111000
3694000
3836000
4509000
2774000
2314000
3089000
2258000
2077000
2019000
1933000
1903000
1884000
1865000
1846000
3248000
2257000
2034000
1961000
1847000
1814000
1796000
1779000
1762000
1745000
1729000
1713000
1697000
1681000
1666000
1827000
1694000
1655000
1841000
1676000
1631000
1609000
1582000
1566000
1553000
2212000
1803000
6779000
3248000
2454000
2232000
1871000
1800000
2055000
2091000
1870000
1808000
2065000
1827000
1766000
1739000
1703000
1685000
1669000
1654000
1640000
1625000
1611000
1597000
1583000
1570000
1556000
1543000
1531000
1518000
1552000
1508000
1490000
1476000
1461000
1449000
1725000
1544000
1475000
1450000
1418000
1403000
1392000
1382000
1372000
1361000
1351000
1342000
1765000
2254000
1641000
1501000
2133000
1588000
1469000
1432000
1375000
1358000
1348000
1338000
1328000
1319000
1309000
1300000
1291000
1282000
1273000
1265000
1256000
1247000
1239000
1231000
1223000
1215000
1362000
2956000
1755000
1495000
1410000
1285000
1259000
1250000
1242000
1233000
1225000
1217000
1209000
1201000
1194000
1186000
1178000
1171000
1163000
1156000
1149000
1142000
1135000
1128000
1121000
1114000
1108000
1101000
1094000
1088000
1082000
1075000
1069000
1063000
1057000
1051000
1045000
1039000
1033000
1027000
1022000
1016000
1010000
1005000
999500
994100
988800
983500
978300
973100
968000
963000
957900
953000
948100
943300
938500
933700
929000
924400
919700
915200
910700
906200
901800
897400
893000
888700
884500
880300
876100
871900
867800
863800
859700
855800
851800
847900
844000
840200
836400
832600
828900
825100
821500
817800
814200
810600
807100
803600
800100
796700
793200
789800
786500
783100
779800
776500
773300
770100
766900
763700
760500
757400
754300
751300
748200
745200
1452000
963300
858300
827900
777000
877400
797900
778800
771300
760700
756400
753300
750300
747200
744200
741200
738300
735300
732400
729500
1602000
1003000
875100
838700
776800
764600
761500
758400
755200
752200
749100
746100
743100
6548000
2598000
1767000
1542000
1147000
1081000
1075000
1069000
1062000
1056000
1050000
1044000
1038000
1033000
1027000
1021000
1016000
1010000
1005000
999100
993700
988400
983100
977900
972700
967600
962600
957600
952600
947700
942900
938100
933400
928700
924000
919400
914800
910300
905900
901400
897100
892700
888400
884200
879900
875800
871600
867500
863500
859500
855500
851500
847600
843700
839900
836100
832300
828600
824900
821200
817600
814000
810400
806800
803300
799900
796400
793000
789600
786200
782900
779600
776300
773000
769800
766600
1256000
1289000
957400
881100
2880000
1444000
1143000
1345000
2129000
3601000
1896000
1491000
2008000
1368000
1238000
1205000
3119000
1757000
1466000
1383000
1242000
1214000
1206000
1198000
1190000
1376000
3180000
1812000
3101000
5208000
8295000
5304000
7767000
4023000
2888000
2537000
2195000
2124000
2100000
2076000
2053000
2030000
2008000
1987000
1965000
7577000
3724000
2897000
2657000
2254000
2170000
2145000
2120000
2660000
2252000
2148000
5512000
3339000
4565000
3109000
2579000
2432000
2277000
2230000
2203000
2177000
2152000
3748000
3963000
2973000
2577000
6171000
4363000
3163000
2861000
2542000
2411000
2371000
2341000
2569000
2366000
2301000
2264000
2220000
2191000
5699000
3280000
2752000
2590000
2326000
2262000
2234000
2207000
2181000
2156000
2131000
2106000
5088000
3635000
2767000
2541000
2290000
2192000
2160000
2858000
2791000
2358000
2243000
2153000
2092000
2064000
2041000
2018000
1996000
1975000
1954000
5953000
3193000
2596000
2419000
2126000
2061000
2038000
2016000
3768000
2537000
2261000
2171000
2030000
1990000
1969000
1948000
4536000
9278000
4451000
3397000
2946000
2452000
2354000
6152000
6262000
3845000
3281000
2886000
2629000
2564000
2529000
2495000
2461000
2429000
2397000
2366000
2336000
2307000
2278000
2250000
2223000
2197000
2171000
2145000
2121000
2096000
2073000
2050000
2027000
2005000
1983000
1962000
1941000
1921000
1901000
2139000
2063000
2227000
1975000
7842000
5168000
3304000
2847000
2368000
2185000
2145000
2121000
2096000
2073000
2050000
2027000
2005000
1983000
1962000
1942000
1921000
1901000
1882000
1863000
1844000
1826000
1808000
1790000
6017000
7777000
10060000
6794000
4465000
3758000
4239000
3105000
2842000
2733000
3049000
4603000
3219000
2897000
4913000
3282000
2919000
2799000
3722000
3079000
2783000
2685000
2570000
3345000
2751000
2600000
2536000
2448000
2408000
2377000
2346000
2317000
2288000
2260000
2232000
4265000
3418000
3812000
8741000
5327000
3738000
3269000
2793000
2634000
2587000
3940000
8460000
5458000
3914000
7381000
4219000
3684000
3338000
2997000
2903000
2845000
2799000
2757000
2716000
2677000
2638000
2601000
2565000
2529000
2495000
2462000
2429000
2397000
2366000
2336000
2307000
2278000
2251000
2223000
2197000
2171000
2145000
2121000
2097000
2073000
2050000
2027000
2005000
1983000
1962000
1942000
1921000
1901000
1882000
1863000
1844000
1826000
1808000
1790000
1773000
2802000
2069000
1902000
1845000
1758000
1731000
1714000
1699000
1683000
1668000
1653000
1638000
1624000
1609000
1596000
1582000
1568000
1555000
1542000
1529000
1517000
1504000
1492000
1480000
1468000
1457000
1445000
1434000
1423000
1412000
1401000
1391000
1380000
1370000
1360000
1350000
1340000
1331000
1321000
1312000
1302000
1293000
1893000
1468000
1371000
1339000
1289000
1274000
1265000
1257000
4786000
7473000
3492000
2618000
2173000
1779000
1711000
1695000
1680000
2198000
4815000
4411000
3047000
6661000
5257000
3248000
2769000
2389000
2199000
4775000
2973000
2575000
2449000
2247000
2194000
2168000
2515000
12840000
5552000
3993000
3528000
2776000
2629000
6086000
3670000
3133000
2961000
2688000
2615000
2578000
2542000
3251000
2717000
2579000
2519000
3573000
6397000
6241000
3940000
6126000
3822000
3173000
2998000
2769000
2700000
2660000
2622000
2586000
2550000
2515000
2481000
2448000
2416000
2384000
2354000
2324000
2295000
2267000
2239000
2212000
2186000
4173000
2782000
2470000
2368000
2207000
2161000
2206000
2808000
4385000
2857000
2772000
2443000
2234000
2177000
3073000
2408000
3895000
2718000
2396000
2299000
2163000
2122000
2098000
2074000
2051000
2028000
2006000
1984000
1963000
1943000
1922000
1902000
1883000
1864000
1845000
1827000
1809000
1791000
1774000
1907000
5837000
3578000
2597000
2332000
2017000
1919000
1893000
1874000
1855000
1837000
1818000
1801000
1783000
1766000
1749000
1733000
1717000
1701000
1685000
1670000
1655000
5726000
6983000
3614000
2858000
2407000
2070000
2007000
1985000
3100000
2455000
2168000
2082000
3912000
2613000
2270000
2166000
2012000
1967000
1945000
1925000
1905000
1885000
1866000
1847000
1829000
1811000
1793000
1776000
1759000
1743000
1726000
1710000
1694000
1679000
1664000
1649000
1634000
1620000
2822000
1989000
1803000
1743000
1756000
1656000
1627000
1609000
1588000
1573000
1560000
1547000
1534000
1521000
1509000
1497000
1485000
1473000
1461000
1450000
1438000
1427000
1416000
1405000
1395000
1384000
1374000
1364000
1354000
1731000
1549000
1421000
1384000
1344000
1325000
1314000
1305000
1296000
1287000
1278000
1269000
1260000
1252000
1243000
1235000
1246000
2242000
2735000
1759000
1537000
1413000
1313000
1291000
1282000
1273000
1265000
1256000
1248000
1239000
1231000
1223000
1215000
1207000
1199000
1191000
1183000
3263000
1824000
1516000
1427000
1278000
1248000
1239000
1231000
1223000
1215000
1207000
1199000
1191000
1184000
1176000
1169000
1161000
1154000
1147000
1140000
1133000
2365000
1513000
1329000
1274000
1183000
1163000
1156000
1149000
1142000
1135000
1128000
1121000
1114000
1107000
1101000
1094000
1088000
1081000
1075000
1069000
1063000
1057000
1051000
1045000
1039000
1033000
1027000
1022000
1016000
1010000
1005000
999400
994000
988700
983400
978200
973100
967900
962900
957900
952900
948100
943200
938400
933700
929000
924300
919700
915100
910600
906100
901700
897300
893000
888700
884400
880200
876000
871900
867800
863700
859700
855700
1075000
2130000
2350000
5507000
2514000
1802000
1556000
1263000
1214000
1206000
1198000
1190000
1182000
1175000
1168000
1160000
1153000
1146000
1139000
1132000
1125000
1118000
1111000
1105000
1098000
1091000
1085000
1079000
1072000
1066000
1060000
1054000
1048000
1042000
1036000
1031000
1561000
1566000
1233000
1155000
1099000
1063000
1053000
4828000
2246000
1830000
1589000
1308000
1256000
1239000
1229000
1221000
1213000
1205000
1197000
1292000
2244000
1515000
1354000
1300000
1221000
1203000
1195000
1187000
1180000
1172000
1165000
1157000
1150000
1143000
1136000
1129000
2480000
5479000
3088000
2187000
1822000
1912000
2121000
1654000
1546000
1486000
1432000
2944000
7697000
4473000
2924000
2448000
1989000
1847000
1819000
1801000
1831000
2039000
1930000
1812000
1769000
1731000
1706000
1690000
1675000
1659000
1645000
1630000
3206000
2122000
1884000
1809000
1689000
1657000
1643000
1628000
1614000
4609000
2556000
2113000
1984000
1767000
1720000
1704000
1688000
1673000
1658000
1643000
1629000
1614000
1600000
1586000
3150000
2073000
1837000
1764000
1645000
2302000
1894000
2350000
1924000
3025000
2114000
1877000
1805000
1705000
1676000
1712000
2270000
1957000
1776000
1719000
1659000
1631000
1615000
1601000
1587000
1866000
1980000
1706000
1636000
1591000
1553000
2303000
1773000
1651000
1644000
1557000
1531000
1518000
1503000
1490000
1478000
1467000
1455000
1444000
1432000
1421000
1646000
1475000
1431000
3429000
2032000
1732000
1644000
1497000
1465000
1453000
2422000
1746000
2405000
1913000
1931000
2268000
5918000
4175000
2699000
2309000
1960000
1818000
1788000
1771000
1754000
1738000
1721000
1705000
1690000
1674000
1659000
1644000
1630000
1616000
1602000
1588000
1574000
1561000
1548000
1535000
1522000
1510000
1497000
1485000
1473000
1462000
1450000
1439000
1428000
1417000
1406000
1395000
1385000
1374000
1364000
1354000
1344000
1335000
1325000
1316000
1306000
1297000
1288000
1279000
1270000
1262000
1815000
1422000
1332000
1412000
1290000
1260000
1248000
1232000
1223000
1215000
1207000
1199000
1191000
1184000
1176000
1169000
1161000
1154000
1147000
1140000
1133000
1126000
1119000
1112000
1106000
1750000
2487000
1581000
1380000
1284000
1191000
1171000
1164000
1156000
1149000
1142000
1135000
1128000
1121000
1114000
1108000
1101000
1095000
1088000
1082000
1075000
1069000
1063000
1057000
1051000
1045000
1039000
1033000
1028000
1022000
1016000
1011000
1005000
999700
994300
988900
983700
978500
973300
968200
963100
958100
953200
948300
943400
1102000
2150000
1778000
1301000
1178000
1472000
1449000
1186000
1124000
1081000
1052000
1043000
1037000
1031000
1025000
1020000
1014000
1008000
1003000
997500
992200
986800
981600
976400
971300
966200
961100
956200
951200
946300
941500
936700
932000
927300
922700
918100
913500
909000
904600
1289000
1037000
965200
2121000
1515000
1222000
1891000
2524000
8383000
3562000
2431000
2058000
1571000
1485000
1472000
1962000
1610000
1527000
1497000
1452000
1436000
1425000
1414000
1403000
1392000
1382000
1372000
1361000
1351000
1342000
1332000
1322000
2082000
1955000
1728000
1515000
2530000
6132000
6079000
3280000
2600000
5328000
5137000
3079000
6092000
4799000
3149000
2769000
2455000
2298000
2256000
2228000
2202000
2176000
10650000
4856000
3615000
3260000
2655000
2533000
2499000
2465000
2432000
2401000
2370000
2340000
3300000
9315000
4735000
3607000
3229000
2726000
2610000
2572000
2536000
2502000
2468000
2435000
2404000
2373000
2672000
2420000
4432000
3423000
3319000
2780000
2517000
3943000
3635000
9995000
9495000
8510000
5214000
6371000
10610000
5714000
9352000
