1541000
1394000
1361000
1338000
1328000
1319000
1309000
1300000
1291000
1282000
1273000
1264000
1256000
1247000
1239000
1231000
4647000
2491000
1727000
1416000
1482000
2810000
1730000
2629000
9175000
3367000
2290000
1730000
1714000
2920000
2114000
1840000
2691000
2119000
2784000
8446000
7726000
3572000
2519000
2182000
2785000
2292000
2186000
5096000
2836000
3717000
2498000
2303000
2182000
2157000
2132000
2107000
2380000
2135000
2074000
2030000
2008000
1986000
1965000
1944000
1924000
3055000
2173000
2004000
1901000
1882000
1863000
1844000
1826000
1897000
3539000
4091000
3126000
2220000
1974000
1904000
1885000
1866000
1847000
1829000
2209000
1892000
1823000
1776000
1759000
1743000
1727000
2592000
1912000
1781000
1702000
1686000
1671000
1656000
1641000
1626000
1612000
1598000
1585000
1571000
1558000
1545000
1532000
1519000
1507000
1495000
1483000
1471000
1459000
1448000
1436000
1425000
1414000
1404000
5309000
2346000
1821000
1524000
1512000
1500000
1487000
1476000
1941000
3397000
1937000
1650000
1504000
1492000
1480000
1468000
1456000
1445000
1434000
1423000
1412000
1401000
1390000
1380000
1370000
1360000
1350000
1340000
1330000
1321000
1311000
1302000
1293000
1284000
1275000
1266000
1258000
3502000
1807000
2533000
1593000
1450000
1366000
1356000
1346000
1336000
1327000
1317000
1308000
1299000
1290000
1281000
2609000
1599000
1417000
1311000
1301000
1292000
1283000
1274000
1266000
1257000
1249000
1240000
1232000
1224000
1216000
1208000
1200000
1192000
1184000
1177000
1169000
1162000
1155000
1148000
1141000
1134000
1127000
1120000
1113000
1106000
1100000
1093000
1087000
1080000
1074000
1068000
1062000
1056000
1050000
1044000
1038000
1032000
1026000
1021000
1015000
1010000
1004000
998600
993300
987900
982700
977500
972300
967200
962200
957200
952300
947400
942600
937800
933000
928300
923700
919100
914600
910000
905600
3021000
1422000
1141000
981600
976400
971200
966100
961100
956100
951200
946300
941500
936700
932000
927300
922700
918100
913600
909100
904600
900200
895800
891500
887200
883000
878800
874600
870500
866400
862400
858400
854400
850500
846600
842700
838900
2156000
3743000
1626000
6134000
2780000
1697000
1256000
1206000
1199000
1191000
1183000
1176000
1168000
1161000
1154000
1146000
1139000
1132000
1125000
1119000
1112000
1105000
1099000
1092000
1086000
1079000
1073000
1067000
1061000
1055000
1482000
3015000
1544000
1261000
1119000
1112000
1105000
1099000
1243000
1303000
1141000
1100000
1080000
1074000
1068000
1062000
1056000
1050000
1044000
1038000
1257000
1915000
1249000
1117000
1051000
1045000
1039000
1033000
1027000
1022000
1016000
1010000
1005000
999400
5721000
7927000
2964000
1859000
1429000
1418000
1407000
1397000
1386000
1376000
1366000
1356000
2127000
1534000
1423000
1356000
1346000
2006000
1496000
1400000
1342000
1332000
1323000
1313000
1304000
1295000
1431000
1325000
1289000
1268000
1258000
1321000
1259000
4710000
2102000
1642000
1382000
1627000
1426000
1383000
1354000
2491000
1804000
1512000
1396000
1373000
1363000
1353000
1343000
1411000
1676000
1408000
1349000
1316000
1307000
1298000
1288000
2494000
1576000
1409000
1312000
1303000
1294000
1536000
5466000
2328000
2729000
5017000
2358000
1837000
1581000
1568000
1554000
1541000
1529000
1516000
1504000
1492000
1480000
1468000
1456000
1445000
1434000
1422000
1412000
1401000
1390000
1380000
1370000
1360000
1350000
1410000
1348000
1329000
1315000
1305000
10080000
3453000
2292000
3764000
10750000
4321000
2794000
2108000
2062000
2994000
4174000
2600000
2260000
2098000
2074000
2051000
2029000
2006000
1985000
1964000
1943000
7333000
4756000
2911000
5922000
3214000
2590000
2277000
2238000
2211000
5583000
2993000
2520000
2245000
2218000
2192000
2166000
2141000
2116000
2092000
2069000
4917000
2752000
2356000
2125000
2101000
2077000
2054000
2031000
2009000
1987000
1966000
1945000
2616000
2079000
1969000
1899000
1880000
1861000
1842000
1824000
1806000
1789000
1771000
1754000
1738000
1722000
1706000
1690000
1675000
1660000
1645000
1630000
1616000
1602000
1588000
1575000
1561000
1548000
1535000
1523000
1510000
1498000
1486000
1474000
1462000
1451000
1439000
1428000
1417000
1406000
1396000
1385000
1375000
1365000
1355000
1345000
1335000
1326000
1316000
1307000
1298000
1289000
1280000
1271000
1262000
1254000
1245000
1237000
1228000
2505000
1533000
1358000
1256000
1248000
1239000
1231000
1223000
1215000
1207000
1199000
1191000
1184000
1176000
1169000
1161000
1154000
1147000
1140000
1133000
1126000
1119000
1112000
1106000
1099000
1093000
1086000
1080000
1073000
1067000
1061000
1055000
1049000
1043000
1037000
1031000
1026000
1020000
1014000
1009000
1003000
998000
992700
987400
982100
976900
971800
966700
961700
956700
951700
946900
942000
937300
932500
927800
923200
918600
914100
909600
905100
900700
896300
892000
887700
883500
879200
875100
871000
866900
862800
858800
854800
850900
1201000
1093000
922800
872300
856700
852700
848800
844900
841100
837300
833500
829800
826000
822400
818700
815100
811500
1233000
1174000
917600
848900
917600
845300
829700
819500
815900
812300
808700
805200
801700
798200
794800
791400
788000
784700
781300
778100
774800
771600
768300
765200
762000
758900
755800
957000
800100
770300
752400
749400
746300
743300
740300
737400
734500
731600
728700
725800
723000
720200
1144000
819400
760700
726800
723900
721100
718300
715500
712700
710000
707300
704600
2394000
2535000
1245000
933300
826800
823100
819400
1785000
1055000
925300
851300
847400
2108000
5841000
2196000
1444000
1090000
1079000
1073000
1067000
1533000
5538000
2839000
1735000
1324000
1268000
1259000
1251000
1242000
1234000
1226000
1218000
1210000
1202000
1194000
1992000
2002000
4943000
2161000
1650000
1385000
4965000
2726000
1886000
1551000
1504000
1492000
1480000
1468000
1456000
1445000
1434000
1423000
1412000
1825000
1953000
3022000
3350000
2005000
1641000
1509000
1493000
1481000
5715000
2492000
1921000
4823000
3888000
3936000
4498000
2487000
2060000
3012000
2144000
1978000
1877000
1858000
1839000
1821000
1803000
1786000
3416000
2161000
1929000
1792000
1775000
1758000
1741000
1725000
1709000
1693000
1678000
1663000
1648000
1633000
1619000
1889000
1660000
1609000
1909000
1643000
1586000
1549000
1536000
1523000
1511000
2581000
1843000
8661000
3245000
2300000
1771000
1754000
1738000
2038000
2062000
1795000
1720000
2161000
1787000
1709000
1659000
1644000
1630000
1616000
1602000
1588000
1574000
1561000
1548000
1535000
1522000
1510000
1498000
1485000
1474000
1546000
1471000
1448000
1431000
1420000
1410000
1732000
1501000
1426000
1388000
1376000
1366000
1356000
1346000
1336000
1326000
1317000
1308000
1808000
2339000
1575000
1409000
2147000
1529000
1414000
1345000
1335000
1326000
1316000
1307000
1298000
1289000
1280000
1271000
1262000
1254000
1245000
1237000
1229000
1221000
1213000
1205000
1197000
1189000
1381000
3205000
1684000
1403000
1251000
1243000
1234000
1226000
1218000
1210000
1202000
1194000
1187000
1179000
1172000
1164000
1157000
1150000
1143000
1136000
1129000
1122000
1115000
1108000
1102000
1095000
1089000
1082000
1076000
1070000
1064000
1057000
1051000
1045000
1040000
1034000
1028000
1022000
1017000
1011000
1006000
1e+06
994800
989500
984200
979000
973800
968700
963600
958600
953700
948800
943900
939100
934400
929700
925000
920400
915900
911300
906900
902400
898000
893700
889400
885100
880900
876700
872600
868500
864400
860400
856400
852400
848500
844700
840800
837000
833200
829500
825800
822100
818500
814800
811300
807700
804200
800700
797300
793800
790400
787100
783700
780400
777100
773900
770700
767500
764300
761100
758000
754900
751800
748800
745800
742800
739800
736800
1652000
957500
834500
764700
761500
887900
787300
767300
754800
751700
748600
745600
742600
739700
736700
733800
730900
728000
725100
722300
1936000
1016000
854300
762800
759700
756600
753500
750400
747400
744400
741400
738400
735500
8844000
2733000
1668000
1073000
1066000
1060000
1054000
1048000
1042000
1037000
1031000
1025000
1019000
1014000
1008000
1003000
997400
992000
986700
981500
976300
971100
966000
961000
956000
951100
946200
941400
936600
931900
927200
922600
918000
913500
909000
904500
900100
895800
891400
887200
882900
878700
874600
870400
866300
862300
858300
854300
850400
846500
842600
838800
835000
831300
827500
823800
820200
816600
813000
809400
805900
802400
798900
795500
792100
788700
785300
782000
778700
775400
772200
769000
765800
762600
759500
756400
1341000
1330000
923400
820900
3163000
1379000
1066000
1221000
2407000
5144000
2041000
1399000
2099000
1342000
1205000
1126000
3490000
1699000
1382000
1202000
1195000
1187000
1179000
1172000
1165000
1382000
3460000
1730000
3249000
6143000
10260000
5397000
8065000
3331000
2505000
2101000
2077000
2054000
2031000
2009000
1987000
1966000
1945000
1925000
1905000
8827000
3602000
2676000
2149000
2124000
2100000
2076000
2053000
2685000
2174000
2067000
6110000
3249000
5174000
2819000
2428000
2209000
2182000
2157000
2132000
2107000
2084000
3942000
4157000
2867000
2343000
7765000
4915000
3090000
2469000
2336000
2307000
2279000
2251000
2610000
2291000
2214000
2161000
2136000
2111000
6884000
3253000
2601000
2226000
2200000
2174000
2148000
2124000
2099000
2076000
2053000
2030000
5550000
3593000
2582000
2210000
2134000
2110000
2086000
2903000
2773000
2254000
2103000
2042000
2020000
1998000
1977000
1956000
1935000
1915000
1895000
6542000
3033000
2407000
2047000
2025000
2003000
1981000
1960000
3999000
2438000
2150000
1980000
1959000
1938000
1918000
1898000
4909000
11700000
4451000
3019000
2331000
2302000
2273000
8225000
7358000
3770000
2819000
2517000
2483000
2450000
2418000
2386000
2356000
2326000
2297000
2268000
2241000
2214000
2188000
2162000
2137000
2112000
2088000
2065000
2042000
2020000
1998000
1976000
1955000
1935000
1915000
1895000
1876000
1857000
1838000
2151000
2022000
2208000
1886000
8651000
5134000
3002000
2272000
2129000
2105000
2081000
2058000
2035000
2013000
1991000
1970000
1949000
1928000
1908000
1889000
1870000
1851000
1832000
1814000
1797000
1779000
1762000
1746000
6668000
8747000
12630000
6953000
3931000
3164000
4248000
2950000
2680000
2529000
3185000
5283000
3162000
2730000
5382000
3180000
2769000
2525000
4205000
3123000
2681000
2491000
2441000
3708000
2696000
2494000
2369000
2339000
2310000
2281000
2253000
2226000
2199000
2173000
2148000
4823000
3670000
4335000
10900000
5437000
3411000
2642000
2530000
2496000
2462000
4598000
9611000
5401000
3484000
7395000
3837000
3430000
2881000
2808000
2749000
2709000
2669000
2631000
2594000
2558000
2523000
2489000
2455000
2423000
2391000
2361000
2331000
2302000
2273000
2245000
2218000
2192000
2166000
2141000
2116000
2092000
2069000
2046000
2023000
2001000
1980000
1959000
1938000
1918000
1898000
1879000
1860000
1841000
1823000
1805000
1788000
1770000
1754000
1737000
1721000
3013000
2013000
1826000
1715000
1699000
1683000
1668000
1653000
1638000
1624000
1610000
1596000
1582000
1569000
1555000
1542000
1530000
1517000
1505000
1492000
1480000
1469000
1457000
1446000
1434000
1423000
1412000
1402000
1391000
1381000
1370000
1360000
1350000
1341000
1331000
1321000
1312000
1303000
1294000
1285000
1276000
1267000
1976000
1430000
1328000
1267000
1258000
1250000
1241000
1233000
5322000
9720000
3540000
2251000
1692000
1677000
1662000
1647000
1632000
2476000
5688000
4644000
2884000
6975000
5262000
2974000
2317000
2137000
2112000
5462000
2908000
2444000
2174000
2149000
2124000
2100000
2508000
16250000
5559000
3653000
2594000
2558000
2523000
6991000
3568000
2943000
2580000
2544000
2510000
2476000
2443000
3571000
2664000
2481000
2365000
4109000
7887000
6658000
3627000
6077000
3393000
2931000
2658000
2620000
2583000
2547000
2512000
2478000
2446000
2413000
2382000
2352000
2322000
2293000
2265000
2237000
2210000
2184000
2159000
2134000
2109000
4500000
2673000
2336000
2137000
2113000
2089000
2147000
2845000
4619000
2708000
2625000
2200000
2136000
2090000
3154000
2320000
4065000
2541000
2270000
2109000
2085000
2061000
2038000
2016000
1994000
1973000
1952000
1932000
1912000
1892000
1873000
1854000
1835000
1817000
1799000
1782000
1765000
1748000
1732000
1946000
6533000
3536000
2401000
1953000
1888000
1868000
1850000
1831000
1813000
1796000
1778000
1761000
1745000
1728000
1712000
1696000
1681000
1666000
1651000
1636000
1622000
7029000
7634000
3388000
2364000
2002000
1981000
1960000
1939000
3240000
2407000
2084000
1945000
4154000
2530000
2164000
1971000
1945000
1925000
1905000
1885000
1866000
1847000
1829000
1811000
1793000
1776000
1759000
1743000
1726000
1710000
1694000
1679000
1664000
1649000
1634000
1620000
1606000
1592000
3571000
2053000
1778000
1618000
1778000
1633000
1596000
1570000
1557000
1544000
1531000
1519000
1506000
1494000
1482000
1470000
1458000
1447000
1436000
1425000
1414000
1403000
1392000
1382000
1372000
1362000
1352000
1342000
1332000
1790000
1537000
1388000
1331000
1314000
1304000
1295000
1286000
1277000
1268000
1260000
1251000
1243000
1235000
1226000
1218000
1247000
2391000
2886000
1678000
1403000
1293000
1284000
1275000
1266000
1258000
1249000
1241000
1232000
1224000
1216000
1208000
1200000
1193000
1185000
1177000
1170000
3608000
1764000
1437000
1251000
1243000
1235000
1226000
1218000
1210000
1203000
1195000
1187000
1179000
1172000
1165000
1157000
1150000
1143000
1136000
1129000
1122000
2785000
1521000
1296000
1167000
1160000
1152000
1145000
1138000
1131000
1124000
1117000
1111000
1104000
1097000
1091000
1085000
1078000
1072000
1066000
1060000
1054000
1048000
1042000
1036000
1030000
1024000
1019000
1013000
1008000
1002000
996800
991400
986100
980900
975700
970600
965500
960500
955500
950600
945700
940900
936100
931400
926700
922100
917500
913000
908500
904000
899600
895300
891000
886700
882400
878200
874100
870000
865900
861900
857900
853900
850000
1128000
2318000
2773000
7223000
2524000
1642000
1211000
1203000
1196000
1188000
1180000
1173000
1165000
1158000
1151000
1144000
1137000
1130000
1123000
1116000
1109000
1103000
1096000
1090000
1083000
1077000
1071000
1065000
1058000
1052000
1046000
1041000
1035000
1029000
1023000
1018000
1919000
1849000
1254000
1100000
1049000
1043000
1037000
6145000
2286000
1762000
1269000
1241000
1222000
1214000
1206000
1198000
1190000
1183000
1175000
1288000
2384000
1463000
1291000
1197000
1189000
1182000
1174000
1167000
1159000
1152000
1145000
1138000
1131000
1124000
1117000
1110000
2909000
6102000
3020000
1928000
1461000
1871000
2167000
1601000
1471000
1412000
1402000
3410000
10070000
4718000
2657000
1901000
1803000
1786000
1769000
1752000
1790000
2031000
1894000
1752000
1700000
1677000
1662000
1647000
1632000
1618000
1604000
1590000
4135000
2190000
1840000
1639000
1625000
1611000
1597000
1583000
1570000
5946000
2620000
2031000
1696000
1680000
1665000
1650000
1636000
1621000
1607000
1593000
1580000
1566000
1553000
1540000
4066000
2134000
1787000
1589000
1575000
2668000
1930000
2675000
1879000
3731000
2092000
1805000
1642000
1627000
1613000
1681000
2582000
2008000
1718000
1609000
1581000
1568000
1554000
1541000
1529000
1989000
2140000
1671000
1555000
1505000
1493000
2714000
1768000
1594000
1547000
1493000
1474000
1458000
1447000
1436000
1425000
1414000
1403000
1392000
1382000
1372000
1636000
1421000
1376000
3854000
1966000
1629000
1437000
1426000
1415000
1404000
2549000
1676000
2649000
1872000
2038000
2536000
7714000
4420000
2497000
1863000
1745000
1728000
1712000
1696000
1681000
1666000
1651000
1636000
1622000
1608000
1594000
1580000
1567000
1553000
1540000
1528000
1515000
1503000
1491000
1479000
1467000
1455000
1444000
1433000
1422000
1411000
1400000
1390000
1379000
1369000
1359000
1349000
1339000
1329000
1320000
1311000
1301000
1292000
1283000
1274000
1266000
1257000
1249000
1240000
1232000
1224000
1890000
1376000
1280000
1351000
1247000
1222000
1205000
1197000
1189000
1182000
1174000
1167000
1159000
1152000
1145000
1138000
1131000
1124000
1117000
1111000
1104000
1097000
1091000
1084000
1078000
2183000
2815000
1550000
1269000
1155000
1148000
1141000
1134000
1127000
1120000
1113000
1107000
1100000
1093000
1087000
1081000
1074000
1068000
1062000
1056000
1050000
1044000
1038000
1032000
1027000
1021000
1015000
1010000
1004000
998800
993400
988100
982800
977600
972500
967400
962300
957400
952400
947500
942700
937900
933200
928500
923800
1128000
2660000
2095000
1292000
1066000
1667000
1648000
1187000
1069000
1028000
1022000
1017000
1011000
1006000
1e+06
994900
989600
984300
979100
973900
968800
963700
958700
953800
948900
944000
939200
934500
929800
925100
920500
915900
911400
906900
902500
898100
893800
889500
885200
1350000
1015000
935500
2353000
1631000
1214000
2302000
3375000
10290000
3493000
2118000
1463000
1444000
1433000
1422000
1994000
1549000
1463000
1410000
1400000
1389000
1379000
1368000
1358000
1348000
1339000
1329000
1319000
1310000
1301000
1292000
1283000
2171000
1963000
1682000
1398000
2625000
8212000
6994000
3086000
2105000
5477000
5309000
2837000
6544000
5170000
3006000
2392000
2213000
2187000
2161000
2136000
2111000
2087000
13610000
4887000
3347000
2475000
2442000
2410000
2379000
2349000
2319000
2290000
2262000
2235000
3660000
11860000
4777000
3287000
2551000
2504000
2471000
2438000
2406000
2375000
2345000
2315000
2287000
2258000
2747000
2329000
5348000
3624000
3511000
2527000
2337000
4632000
4038000
12010000
9970000
8514000
4233000
6021000
12220000
5508000
11270000
