754400
749200
743200
737100
731200
725400
719700
714000
708500
703000
697700
692400
687100
682000
676900
671900
3131000
1564000
974000
882500
950400
2200000
1173000
2002000
7717000
2556000
1592000
1463000
1440000
2751000
1839000
1517000
2508000
1869000
2568000
9199000
8833000
3466000
2498000
2347000
3206000
2443000
2256000
6037000
3024000
3933000
2648000
2372000
2288000
2231000
2178000
2126000
2417000
2116000
2024000
1974000
1932000
1892000
1853000
1816000
1780000
3021000
2020000
1805000
1751000
1717000
1685000
1655000
1625000
1734000
3475000
4032000
2936000
2016000
1842000
1793000
1759000
1725000
1693000
1662000
2097000
1712000
1618000
1582000
1555000
1529000
1503000
2447000
1677000
1515000
1475000
1451000
1428000
1406000
1385000
1364000
1344000
1324000
1305000
1287000
1269000
1251000
1234000
1218000
1202000
1186000
1171000
1156000
1141000
1127000
1113000
1100000
1087000
1074000
5015000
1995000
1420000
1336000
1317000
1298000
1280000
1262000
1703000
2822000
1622000
1387000
1344000
1324000
1305000
1287000
1269000
1251000
1234000
1218000
1202000
1186000
1171000
1156000
1141000
1127000
1113000
1100000
1087000
1074000
1061000
1049000
1037000
1026000
1014000
1003000
992000
3831000
1638000
2338000
1430000
1257000
1222000
1206000
1190000
1175000
1160000
1145000
1131000
1117000
1103000
1090000
2697000
1449000
1206000
1165000
1150000
1136000
1122000
1108000
1095000
1082000
1069000
1056000
1044000
1032000
1021000
1010000
998500
987700
977100
966700
956500
946600
936900
927300
918000
908800
899800
891000
882400
873900
865600
857500
849500
841600
833900
826400
818900
811600
804500
797400
790500
783700
777000
770500
764000
757700
751400
745300
739200
733300
727400
721700
716000
710400
704900
699500
694200
688900
683800
678700
673700
668700
663900
659100
654300
649700
645100
2980000
1187000
849700
804900
797800
790900
784100
777400
770800
764400
758000
751800
745600
739600
733600
727800
722000
716300
710700
705200
699800
694500
689200
684100
679000
674000
669000
664100
659300
654600
649900
645300
640800
636300
631900
627600
2478000
3591000
1387000
6519000
2982000
1617000
1402000
1369000
1349000
1329000
1310000
1292000
1273000
1256000
1239000
1222000
1206000
1190000
1175000
1160000
1145000
1131000
1117000
1103000
1090000
1077000
1065000
1052000
1040000
1029000
1846000
3223000
1549000
1235000
1187000
1172000
1157000
1142000
1311000
1353000
1164000
1120000
1103000
1090000
1077000
1065000
1052000
1040000
1029000
1017000
1281000
1963000
1218000
1072000
1046000
1034000
1022000
1011000
999800
988900
978300
967900
957700
947700
6097000
10300000
3328000
2056000
1885000
1846000
1810000
1774000
1740000
1707000
1676000
1645000
2803000
1867000
1669000
1621000
1592000
2575000
1773000
1602000
1559000
1533000
1507000
1483000
1459000
1436000
1636000
1458000
1393000
1366000
1345000
1404000
1326000
6114000
2405000
1696000
1590000
1949000
1626000
1545000
1513000
3215000
2131000
1653000
1560000
1530000
1504000
1480000
1456000
1550000
1938000
1512000
1417000
1387000
1366000
1346000
1326000
2786000
1644000
1415000
1371000
1350000
1331000
1588000
6756000
2568000
2819000
5504000
2602000
2040000
1940000
1899000
1860000
1823000
1787000
1752000
1719000
1687000
1656000
1626000
1598000
1570000
1543000
1518000
1493000
1469000
1445000
1423000
1401000
1379000
1359000
1541000
1370000
1322000
1300000
1282000
12020000
3767000
2204000
4626000
15950000
5719000
3345000
2966000
2865000
4192000
5838000
3447000
2941000
2806000
2722000
2642000
2567000
2496000
2428000
2365000
2305000
10050000
5957000
3332000
7165000
3958000
3123000
2931000
2836000
2750000
6634000
3560000
2916000
2765000
2683000
2605000
2532000
2463000
2398000
2336000
2277000
6633000
3193000
2503000
2369000
2308000
2251000
2196000
2144000
2094000
2047000
2002000
1958000
2842000
2105000
1935000
1881000
1842000
1806000
1770000
1736000
1704000
1672000
1642000
1613000
1585000
1558000
1531000
1506000
1481000
1458000
1434000
1412000
1391000
1370000
1349000
1329000
1310000
1292000
1274000
1256000
1239000
1222000
1206000
1190000
1175000
1160000
1145000
1131000
1117000
1104000
1090000
1077000
1065000
1052000
1040000
1029000
1017000
1006000
995000
984200
973700
963400
953300
943400
933700
924300
915000
905900
1015000
2826000
1333000
1049000
1007000
995700
985000
974400
964100
954000
944100
934400
924900
915600
906500
897600
888800
880200
871800
863500
855400
847500
839700
832000
824500
817100
809800
802700
795700
788800
782000
775400
768800
762400
756100
749800
743700
737700
731800
725900
720200
714600
709000
703500
698200
692800
687600
682500
677400
672400
667500
662600
657900
653100
648500
643900
639400
635000
630600
626200
622000
617800
613600
609500
605500
601500
597500
593600
589800
586000
582300
578600
574900
571300
567800
1439000
942700
679700
636200
629000
624700
620500
616300
612100
608100
604000
600100
596100
592300
588500
584700
581000
1097000
983000
684300
630800
726800
641400
622200
616300
612100
608000
604000
6e+05
596100
592300
588400
584700
580900
577300
573600
570000
566500
563000
559600
556200
552800
549500
546200
778900
598100
561800
554700
551300
548000
544700
541500
538300
535200
532000
529000
525900
522900
519900
858400
597500
546600
537900
534800
531700
528600
525600
522500
519600
516600
513700
1900000
2382000
999100
752500
721800
716200
710600
1761000
950000
794700
771100
764700
2133000
6409000
2205000
1370000
1258000
1240000
1223000
1207000
1706000
7180000
3582000
1962000
1697000
1650000
1621000
1592000
1565000
1538000
1513000
1488000
1464000
1441000
1418000
2596000
2587000
6971000
2751000
1952000
1829000
6759000
3634000
2352000
2123000
2064000
2018000
1974000
1932000
1891000
1853000
1815000
1780000
1746000
2370000
2522000
3698000
3846000
2346000
1997000
1920000
1879000
1841000
6975000
2998000
2221000
6638000
5307000
5285000
6283000
3371000
2793000
4318000
2984000
2673000
2571000
2500000
2432000
2369000
2308000
2251000
4628000
2703000
2300000
2206000
2153000
2103000
2055000
2010000
1966000
1924000
1884000
1846000
1809000
1774000
1740000
2058000
1759000
1678000
2006000
1698000
1618000
1584000
1557000
1530000
1505000
2671000
1833000
9800000
3437000
2226000
2046000
2e+06
1957000
2279000
2267000
1950000
1863000
2342000
1911000
1802000
1759000
1725000
1693000
1662000
1632000
1603000
1576000
1549000
1523000
1498000
1473000
1450000
1427000
1405000
1383000
1574000
1395000
1346000
1323000
1304000
1305000
1634000
1372000
1280000
1253000
1235000
1219000
1203000
1187000
1172000
1157000
1142000
1128000
1831000
2271000
1396000
1228000
2087000
1397000
1255000
1224000
1208000
1192000
1177000
1162000
1147000
1133000
1119000
1105000
1092000
1079000
1066000
1054000
1042000
1030000
1019000
1007000
996400
985600
1585000
3255000
1510000
1182000
1133000
1119000
1106000
1092000
1079000
1067000
1054000
1042000
1030000
1019000
1008000
996600
985800
975200
964900
954800
944900
935200
925700
916300
907200
898300
889500
880900
872500
864200
856100
848100
840300
832600
825000
817600
810400
803200
796200
789300
782500
775900
769300
762900
756500
750300
744200
738200
732200
726400
720700
715000
709400
704000
698600
693300
688000
682900
677800
672800
667900
663000
658200
653500
648900
644300
639800
635300
630900
626600
622300
618100
613900
609800
605800
601800
597800
593900
590100
586300
582600
578900
575200
571600
568100
571200
562700
558400
554900
551500
548200
544900
541700
538500
535300
532200
529100
526100
523100
520100
517100
514200
511300
508500
505700
502900
500100
497400
1358000
703000
579000
561700
558300
661700
578000
559800
554700
551300
548000
544800
541500
538300
535200
532100
529000
525900
522900
564000
1510000
759100
617300
597700
593800
590000
586200
582400
578700
575100
571500
567900
618100
9382000
2642000
1382000
1224000
1208000
1192000
1176000
1161000
1147000
1132000
1118000
1105000
1092000
1079000
1066000
1054000
1042000
1030000
1018000
1007000
996000
985200
974700
964400
954300
944400
934700
925200
915900
906700
897800
889000
880500
872000
863800
855600
847700
839900
832200
824700
817300
810000
802900
795800
789000
782200
775500
769000
762600
756200
750000
743900
737900
731900
726100
720400
714700
709200
703700
698300
693000
687800
682600
677500
672500
667600
662800
658000
653300
648600
644000
639500
635100
630700
626400
622100
1589000
1307000
802100
714200
3349000
1332000
951700
1319000
3019000
5819000
2184000
1468000
2726000
1664000
1449000
1405000
4872000
2169000
1647000
1563000
1537000
1511000
1486000
1462000
1439000
1764000
4867000
2184000
4435000
8949000
15640000
8219000
13990000
5581000
3958000
3643000
3501000
3369000
3248000
3134000
3029000
2930000
2838000
2751000
2670000
13470000
5080000
3429000
3141000
3035000
2936000
2843000
2756000
3639000
2829000
2618000
8234000
4195000
6342000
3626000
3060000
2910000
2819000
2734000
2653000
2577000
2506000
5217000
5303000
3411000
2745000
9334000
5686000
3476000
3049000
2926000
2834000
2747000
2666000
3051000
2627000
2492000
2418000
2355000
2295000
8256000
3597000
2674000
2506000
2438000
2374000
2313000
2255000
2201000
2148000
2098000
2051000
6781000
4118000
2590000
2307000
2234000
2180000
2129000
3166000
2987000
2254000
2090000
2032000
1988000
1945000
1904000
1865000
1827000
1791000
1756000
7354000
3031000
2191000
2053000
2007000
1964000
1922000
1882000
4136000
2372000
2009000
1931000
1891000
1852000
1815000
1779000
5136000
13200000
4550000
2914000
2662000
2586000
2514000
8876000
8381000
4012000
3178000
3003000
2907000
2816000
2730000
2650000
2574000
2503000
2435000
2372000
2311000
2253000
2198000
2146000
2097000
2049000
2004000
1960000
1919000
1879000
1841000
1804000
1769000
1735000
1702000
1671000
1641000
1612000
1584000
2557000
1912000
2008000
1652000
9762000
5883000
2813000
2282000
2188000
2137000
2087000
2040000
2051000
1966000
1917000
1876000
1838000
1802000
1767000
1733000
1700000
1669000
1639000
1610000
1582000
1555000
1528000
1567000
7114000
10030000
14330000
7943000
4288000
3741000
5208000
3529000
3134000
2999000
3683000
5848000
3516000
3010000
6039000
3566000
3026000
2881000
4683000
3436000
2884000
2732000
2648000
4033000
2850000
2571000
2478000
2412000
2349000
2290000
2233000
2179000
2128000
2079000
2093000
5323000
3709000
4306000
11790000
5597000
3328000
2926000
2817000
2732000
2652000
4947000
11190000
6189000
3659000
9439000
4508000
3831000
3347000
3183000
3069000
2968000
2873000
2785000
2701000
2623000
2548000
2478000
2412000
2349000
2290000
2233000
2180000
2128000
2079000
2033000
1988000
1945000
1904000
1865000
1827000
1791000
1757000
1723000
1691000
1660000
1630000
1601000
1574000
1547000
2197000
1652000
1530000
1494000
1470000
1447000
1424000
1402000
1381000
1360000
1340000
2793000
1653000
1425000
1380000
1359000
1339000
1320000
1301000
1282000
1264000
1247000
1230000
1214000
1198000
1182000
1167000
1152000
1138000
1124000
1110000
1097000
1084000
1071000
1058000
1046000
1034000
1023000
1011000
1e+06
989400
978700
968300
958100
948200
938400
928800
919400
910300
901200
892400
883800
875300
1646000
1048000
929700
908100
899100
890300
881700
873300
5073000
9354000
3005000
1847000
1694000
1663000
1633000
1604000
1576000
2487000
5945000
4825000
2847000
9083000
6708000
3329000
2709000
2584000
2512000
6889000
3440000
2737000
2589000
2517000
2449000
2384000
2961000
21050000
6608000
3828000
3394000
3271000
3156000
8935000
4331000
3379000
3169000
3061000
2960000
2866000
2778000
3961000
2922000
2666000
2570000
4428000
8508000
7440000
3848000
7358000
3985000
3276000
3098000
2995000
2898000
2808000
2723000
2643000
2568000
2497000
2430000
2366000
2306000
2248000
2194000
2142000
2092000
2045000
2e+06
1957000
1915000
4590000
2500000
2076000
1988000
1945000
1904000
1966000
2700000
4704000
2509000
2407000
2070000
1980000
1932000
3076000
2144000
4059000
2402000
2061000
1983000
1941000
1900000
1861000
1823000
1787000
1753000
1720000
1688000
1657000
1627000
1598000
1571000
1544000
1518000
1493000
1469000
1446000
1423000
1401000
1654000
6533000
3250000
1965000
1752000
1708000
1677000
1646000
1617000
1588000
1561000
1535000
1509000
1485000
1461000
1438000
1415000
1393000
1372000
1352000
1332000
1313000
6971000
8139000
3093000
2177000
2041000
1996000
1953000
1912000
3386000
2398000
2002000
1910000
4317000
2514000
2069000
1975000
1932000
1891000
1853000
1815000
1780000
1745000
1713000
1681000
1650000
1621000
1592000
1565000
1538000
1513000
1488000
1464000
1441000
1418000
1396000
1375000
1355000
1335000
3891000
1901000
1513000
1448000
1628000
1449000
1399000
1374000
1354000
1334000
1315000
1296000
1278000
1260000
1243000
1226000
1210000
1194000
1178000
1163000
1149000
1134000
1120000
1107000
1093000
1080000
1068000
1055000
1043000
1894000
1336000
1113000
1070000
1056000
1044000
1032000
1020000
1009000
997700
986900
976300
966000
955800
945900
936200
1264000
2274000
2739000
1381000
1133000
1096000
1083000
1070000
1057000
1045000
1033000
1022000
1010000
999300
988500
977900
967500
957300
947300
937600
928000
4051000
1634000
1176000
1112000
1098000
1085000
1072000
1060000
1048000
1036000
1024000
1013000
1001000
990500
979900
969500
959200
949200
939400
929800
920400
3163000
1420000
1088000
1040000
1028000
1017000
1005000
994400
983600
973100
962800
952700
942900
933200
923700
914500
905400
896500
887700
879200
870800
862500
854400
846500
838700
831000
823500
816200
808900
801800
794800
787900
781200
774500
768000
761600
755300
749100
743000
737000
731000
725200
719500
713900
708300
702900
697500
692200
687000
681800
676800
671800
666900
662000
657300
652600
647900
643400
638900
634400
630000
625700
621400
1330000
2300000
2388000
7533000
2410000
1464000
1341000
1321000
1302000
1284000
1266000
1249000
1232000
1215000
1199000
1184000
1168000
1154000
1139000
1125000
1111000
1098000
1085000
1072000
1059000
1047000
1035000
1024000
1012000
1001000
990300
979600
969200
959000
949000
939200
2191000
1882000
1172000
1044000
1022000
1010000
999200
6971000
2384000
1745000
1451000
1397000
1372000
1352000
1332000
1312000
1294000
1276000
1258000
1387000
2556000
1542000
1340000
1300000
1282000
1264000
1247000
1230000
1214000
1198000
1182000
1167000
1152000
1138000
1124000
1110000
3069000
7832000
3607000
2105000
1767000
2416000
2840000
1949000
1763000
1714000
1682000
4321000
13310000
6070000
3177000
2694000
2592000
2520000
2451000
2387000
2419000
2724000
2482000
2239000
2156000
2104000
2056000
2010000
1966000
1925000
1885000
1846000
4601000
2460000
2028000
1941000
1900000
1861000
1824000
1788000
1753000
6833000
2910000
2146000
2018000
1974000
1932000
1891000
1853000
1816000
1780000
1746000
1713000
1681000
1650000
1621000
4391000
2228000
1800000
1722000
1689000
2866000
2035000
2813000
1994000
3982000
2237000
1887000
1815000
1779000
1745000
1806000
2762000
2115000
1776000
1698000
1664000
1634000
1605000
1577000
1550000
2076000
2192000
1653000
1538000
1503000
1479000
2813000
1743000
1525000
1543000
1470000
1437000
1414000
1392000
1371000
1351000
1331000
1312000
1293000
1275000
1257000
1573000
1305000
1241000
4058000
1881000
1461000
1393000
1372000
1352000
1332000
2760000
1641000
2784000
1870000
2003000
2592000
8380000
4822000
2510000
2113000
2038000
1993000
1950000
1909000
1870000
1832000
1796000
1761000
1727000
1695000
1664000
1634000
1605000
1577000
1550000
1524000
1499000
1475000
1451000
1428000
1406000
1385000
1364000
1344000
1324000
1305000
1287000
1269000
1251000
1234000
1218000
1202000
1186000
1171000
1156000
1141000
1127000
1113000
1100000
1087000
1074000
1582000
1171000
1084000
1063000
1051000
1819000
1209000
1086000
1215000
1084000
1051000
1036000
1024000
1013000
1002000
991000
980300
969900
959600
949600
939800
930200
920800
911600
902600
893700
885000
876500
868100
1149000
2047000
2742000
1335000
1077000
1039000
1027000
1016000
1005000
993700
983000
972500
962200
952100
942300
932600
923200
913900
904800
895900
887200
878600
870300
862000
853900
846000
838200
830600
823100
815700
808500
801400
794400
787500
780800
774100
767600
761200
754900
748700
742600
736600
730700
724900
719200
713500
1278000
2302000
1674000
1025000
913800
1511000
1561000
1056000
960700
942300
932700
923200
913900
904900
895900
887200
878700
870300
862000
854000
846000
838200
830600
823100
815700
808500
801400
794400
787500
780800
774100
767600
761200
754900
748700
742600
736600
730700
724900
1601000
944800
797700
2222000
1434000
1037000
2293000
3491000
13580000
4118000
2252000
1997000
1953000
1911000
1872000
2738000
2018000
1854000
1803000
1767000
1734000
1701000
1670000
1640000
1610000
1582000
1555000
1529000
1504000
1479000
1455000
1432000
2911000
2442000
1953000
1574000
3446000
10630000
9392000
3712000
2728000
7932000
7944000
3918000
10410000
7774000
4238000
3543000
3362000
3241000
3128000
3023000
2925000
2833000
19040000
6510000
4057000
3642000
3500000
3369000
3247000
3134000
3028000
2930000
2837000
2751000
4378000
14970000
5743000
3709000
3352000
3228000
3116000
3012000
2914000
2823000
2737000
2657000
2581000
2509000
3027000
2514000
5907000
3881000
3658000
2726000
2515000
5021000
4324000
14400000
12810000
10750000
5183000
7978000
16730000
6990000
14350000
