625600
606400
600800
595900
593000
590000
587100
584300
581400
578600
575900
573100
570400
567700
565000
562300
2136000
1200000
877200
721800
751100
1570000
941900
1479000
4708000
1921000
1412000
1092000
1082000
1738000
1346000
1191000
1749000
1404000
1894000
5931000
5712000
2800000
2018000
1729000
2310000
1846000
1749000
4153000
2336000
3034000
2062000
1912000
1799000
1773000
1747000
1721000
1956000
1746000
1692000
1647000
1625000
1603000
1582000
1561000
1541000
2344000
1741000
1625000
1538000
1518000
1499000
1480000
1462000
1517000
2674000
3107000
2485000
1862000
1674000
1612000
1591000
1570000
1549000
1530000
1800000
1575000
1522000
1480000
1462000
1444000
1427000
2038000
1572000
1481000
1413000
1396000
1380000
1364000
1349000
1334000
1319000
1305000
1291000
1277000
1263000
1250000
1237000
1225000
1212000
1200000
1188000
1176000
1165000
1154000
1143000
1132000
1121000
1111000
4240000
1959000
1570000
1296000
1282000
1268000
1255000
1242000
1594000
2616000
1622000
1423000
1301000
1287000
1274000
1260000
1247000
1234000
1222000
1209000
1197000
1185000
1174000
1162000
1151000
1140000
1129000
1119000
1108000
1098000
1088000
1078000
1069000
1059000
1050000
1041000
1032000
2953000
1559000
2333000
1428000
1294000
1198000
1186000
1174000
1163000
1152000
1141000
1130000
1119000
1109000
1099000
2325000
1422000
1264000
1150000
1139000
1129000
1118000
1108000
1097000
1087000
1078000
1068000
1059000
1049000
1040000
1031000
1022000
1014000
1005000
996800
988600
980500
972500
964700
957000
949400
941900
934500
927300
920200
913100
906200
899400
892700
886100
879600
873200
866800
860600
854500
848400
842400
836600
830700
825000
819400
813800
808300
802900
797500
792300
787100
781900
776800
771800
766900
762000
757200
752400
747700
743100
738500
734000
729500
725100
720700
716400
2528000
1209000
986600
830000
824300
818700
813100
807600
802200
796900
791600
786400
781300
776200
771200
766300
761400
756600
751800
747200
742500
737900
733400
729000
724600
720200
715900
711600
707400
703300
699200
695100
691100
687100
683200
679300
1850000
3092000
1441000
5029000
2579000
1696000
1291000
1231000
1219000
1206000
1194000
1182000
1171000
1160000
1148000
1137000
1127000
1116000
1106000
1096000
1086000
1076000
1066000
1057000
1048000
1039000
1030000
1021000
1012000
1004000
1370000
2508000
1448000
1241000
1115000
1104000
1094000
1084000
1182000
1220000
1111000
1078000
1059000
1049000
1040000
1031000
1023000
1014000
1005000
997000
1149000
1598000
1166000
1077000
1022000
1013000
1005000
996200
988000
979900
971900
964100
956400
948800
4800000
7747000
3167000
2150000
1655000
1633000
1611000
1589000
1568000
1548000
1528000
1509000
2261000
1694000
1585000
1502000
1484000
2126000
1637000
1542000
1469000
1451000
1434000
1417000
1400000
1384000
1512000
1405000
1364000
1336000
1320000
1376000
1311000
4705000
2240000
1819000
1519000
1752000
1554000
1506000
1467000
2579000
1932000
1656000
1524000
1491000
1472000
1454000
1437000
1496000
1752000
1492000
1431000
1388000
1372000
1356000
1341000
2524000
1649000
1492000
1377000
1361000
1346000
1579000
5144000
2419000
2614000
4972000
2581000
2120000
1829000
1801000
1775000
1749000
1723000
1699000
1675000
1652000
1629000
1607000
1586000
1565000
1545000
1525000
1506000
1487000
1469000
1451000
1433000
1416000
1400000
1491000
1398000
1370000
1346000
1331000
9519000
3601000
2600000
3985000
11990000
5260000
3601000
2704000
2611000
3677000
5313000
3317000
2866000
2601000
2545000
2492000
2441000
2392000
2344000
2299000
2255000
8035000
5559000
3557000
6551000
3799000
3172000
2777000
2701000
2641000
6086000
3495000
3015000
2664000
2605000
2549000
2496000
2444000
2395000
2348000
2302000
5076000
3040000
2665000
2387000
2340000
2295000
2251000
2210000
2169000
2130000
2093000
2057000
2757000
2195000
2074000
1980000
1947000
1916000
1886000
1856000
1828000
1800000
1774000
1748000
1722000
1698000
1674000
1651000
1628000
1606000
1585000
1564000
1544000
1524000
1505000
1486000
1468000
1450000
1433000
1416000
1399000
1383000
1367000
1352000
1337000
1322000
1307000
1293000
1279000
1266000
1253000
1240000
1227000
1214000
1202000
1190000
1178000
1167000
1156000
1145000
1134000
1123000
1113000
1102000
1092000
1082000
1073000
1063000
1054000
2251000
1379000
1227000
1117000
1107000
1097000
1087000
1077000
1068000
1058000
1049000
1040000
1031000
1022000
1013000
1005000
996500
988200
980100
972200
964300
956600
949000
941600
934200
927000
919800
912800
905900
899100
892400
885800
879300
872900
866600
860300
854200
848100
842200
836300
830500
824800
819100
813600
808100
802600
797300
792000
786800
781700
776600
771600
766700
761800
757000
752200
747500
742900
738300
733800
729300
724900
720500
716200
712000
707800
703600
699500
695400
691400
687500
683500
679700
675800
1057000
887800
764200
716400
703600
699500
695500
691400
687500
683600
679700
675800
672000
668300
664600
660900
657300
970400
916400
752900
703000
746400
699000
688000
679100
675300
671500
667800
664100
660400
656800
653200
649700
646200
642700
639300
635900
632500
629200
625900
622600
619400
616200
613100
772300
653300
631100
614600
611400
608300
605200
602200
599200
596200
593300
590300
587400
584600
581700
870200
658600
621300
594300
591400
588500
585600
582800
579900
577200
574400
571600
1692000
1958000
1057000
834800
742200
737600
733100
1684000
984500
864400
779700
774700
2016000
4903000
2082000
1481000
1150000
1135000
1124000
1114000
1498000
5506000
2989000
1967000
1517000
1446000
1429000
1412000
1396000
1379000
1364000
1348000
1333000
1319000
1304000
2089000
2113000
5111000
2426000
1938000
1624000
5307000
3082000
2277000
1886000
1819000
1792000
1765000
1740000
1715000
1690000
1667000
1644000
1621000
2021000
2150000
3184000
3569000
2296000
1931000
1772000
1741000
1716000
5818000
2809000
2285000
5088000
4264000
4387000
4945000
3059000
2628000
3518000
2682000
2503000
2365000
2319000
2274000
2232000
2191000
2151000
3741000
2541000
2310000
2137000
2100000
2063000
2028000
1994000
1961000
1930000
1899000
1869000
1840000
1812000
1785000
2052000
1813000
1753000
2017000
1766000
1704000
1655000
1632000
1610000
1589000
2340000
1840000
8261000
3430000
2610000
2031000
1997000
1964000
2251000
2264000
1998000
1909000
2327000
1958000
1874000
1807000
1780000
1754000
1728000
1704000
1680000
1656000
1634000
1612000
1590000
1569000
1549000
1529000
1510000
1491000
1577000
1484000
1455000
1429000
1412000
1401000
1709000
1485000
1410000
1364000
1346000
1331000
1317000
1302000
1288000
1274000
1261000
1248000
1787000
2282000
1549000
1381000
2095000
1503000
1393000
1312000
1297000
1283000
1270000
1256000
1243000
1231000
1218000
1206000
1194000
1182000
1170000
1159000
1148000
1137000
1126000
1116000
1105000
1095000
1308000
2998000
1618000
1366000
1199000
1187000
1176000
1164000
1153000
1142000
1131000
1121000
1110000
1100000
1090000
1080000
1070000
1061000
1052000
1042000
1033000
1025000
1016000
1007000
999000
990700
982600
974500
966700
958900
951300
943800
936400
929100
922000
914900
908000
901200
894400
887800
881200
874800
868500
862200
856000
850000
844000
838100
832200
826500
820800
815200
809700
804300
798900
793600
788400
783200
778100
773100
768200
763300
758400
753600
748900
744300
739700
735100
730700
726200
721800
717500
713300
709000
704900
700700
696700
692600
688600
684700
680800
677000
673200
669400
665700
662000
658400
654800
651200
647700
644200
640800
637400
634000
630600
627300
624100
620800
617600
614500
611300
608200
605200
602100
599100
596100
593200
590300
1262000
777300
694800
636000
632600
718600
651700
637900
627300
624000
620800
617600
614400
611300
608200
605100
602100
599100
596100
593100
1423000
826300
725200
653300
649700
646200
642700
639300
635900
632600
629200
626000
630500
7307000
2498000
1697000
1134000
1123000
1113000
1103000
1093000
1083000
1073000
1064000
1054000
1045000
1036000
1027000
1018000
1010000
1001000
992900
984700
976700
968800
961000
953300
945800
938400
931100
923900
916800
909800
903000
896200
889600
883000
876500
870200
863900
857700
851600
845600
839600
833800
828000
822300
816700
811200
805700
800300
795000
789800
784600
779500
774500
769500
764600
759700
754900
750200
745500
740900
736400
731900
727400
723000
718700
714400
710200
706000
701800
697700
693700
689700
685800
681900
678000
674200
1130000
1147000
842300
759700
3061000
1367000
1081000
1207000
2245000
4586000
2059000
1526000
2215000
1493000
1362000
1268000
3589000
1897000
1604000
1395000
1379000
1363000
1348000
1333000
1318000
1527000
3572000
1940000
3452000
6818000
11290000
6842000
10750000
4765000
3682000
3031000
2955000
2883000
2815000
2750000
2687000
2628000
2571000
2517000
2464000
10540000
4642000
3609000
2868000
2800000
2735000
2674000
2615000
3291000
2714000
2574000
7292000
4075000
6105000
3517000
3079000
2774000
2711000
2650000
2592000
2537000
2484000
4441000
4904000
3483000
2835000
8313000
5486000
3737000
3026000
2842000
2776000
2712000
2652000
2957000
2640000
2543000
2461000
2411000
2363000
6919000
3576000
2979000
2545000
2491000
2440000
2391000
2344000
2299000
2255000
2213000
2173000
5589000
3792000
2849000
2438000
2334000
2289000
2246000
3043000
2917000
2413000
2244000
2162000
2123000
2086000
2050000
2015000
1982000
1949000
1918000
6512000
3163000
2578000
2158000
2119000
2082000
2047000
2012000
4025000
2523000
2245000
2041000
2007000
1973000
1941000
1910000
4895000
11180000
4690000
3381000
2623000
2566000
2512000
7940000
7565000
4241000
3284000
2912000
2842000
2776000
2712000
2652000
2594000
2539000
2485000
2435000
2386000
2339000
2294000
2250000
2209000
2168000
2130000
2092000
2056000
2021000
1987000
1955000
1923000
1893000
1863000
1834000
1807000
1780000
1753000
2262000
1985000
2141000
1805000
8497000
5195000
3193000
2401000
2225000
2184000
2145000
2107000
2070000
2035000
2001000
1968000
1936000
1905000
1875000
1846000
1818000
1790000
1764000
1738000
1713000
1689000
1665000
1642000
6285000
8247000
12080000
7233000
4440000
3634000
4655000
3393000
3103000
2901000
3521000
5568000
3537000
3099000
5657000
3542000
3133000
2829000
4461000
3410000
2969000
2737000
2656000
3863000
2890000
2682000
2522000
2470000
2420000
2371000
2325000
2280000
2238000
2196000
2156000
4559000
3437000
3901000
10140000
5567000
3768000
2960000
2806000
2742000
2680000
4762000
9730000
5788000
3954000
7712000
4318000
3927000
3302000
3188000
3087000
3008000
2934000
2863000
2796000
2731000
2670000
2611000
2555000
2501000
2450000
2400000
2353000
2307000
2263000
2221000
2180000
2141000
2103000
2067000
2031000
1997000
1964000
1933000
1902000
1872000
1843000
1815000
1788000
1761000
1774000
1721000
1692000
1665000
1643000
1620000
1599000
1577000
1557000
1537000
1517000
2593000
1797000
1649000
1539000
1520000
1501000
1482000
1464000
1446000
1429000
1412000
1395000
1379000
1364000
1348000
1333000
1318000
1304000
1290000
1276000
1263000
1250000
1237000
1224000
1212000
1199000
1187000
1176000
1164000
1153000
1142000
1131000
1121000
1110000
1100000
1090000
1080000
1070000
1061000
1052000
1042000
1033000
1570000
1175000
1103000
1049000
1040000
1031000
1022000
1013000
4547000
7888000
3218000
2205000
1695000
1671000
1648000
1625000
1603000
2193000
5247000
4595000
3001000
7035000
5460000
3335000
2645000
2423000
2375000
5550000
3208000
2779000
2463000
2413000
2365000
2319000
2701000
16010000
6114000
4384000
3173000
3090000
3011000
7373000
4118000
3512000
3066000
2989000
2915000
2846000
2779000
3860000
2970000
2772000
2618000
4179000
8028000
6983000
4112000
6468000
3868000
3409000
3065000
2988000
2914000
2844000
2778000
2714000
2654000
2596000
2540000
2487000
2436000
2387000
2340000
2295000
2252000
2210000
2170000
2131000
2093000
4384000
2684000
2371000
2141000
2103000
2067000
2116000
2791000
4558000
2734000
2656000
2207000
2133000
2072000
3109000
2305000
4023000
2554000
2294000
2102000
2066000
2030000
1996000
1963000
1932000
1901000
1871000
1842000
1814000
1787000
1760000
1735000
1710000
1686000
1662000
1639000
1617000
1596000
1574000
1744000
5736000
3337000
2349000
1903000
1823000
1795000
1769000
1743000
1718000
1693000
1670000
1646000
1624000
1602000
1581000
1560000
1540000
1521000
1501000
1483000
1465000
5886000
7313000
3427000
2476000
2057000
2022000
1988000
1956000
3250000
2437000
2123000
1960000
4124000
2576000
2228000
2003000
1964000
1932000
1901000
1871000
1842000
1814000
1787000
1761000
1735000
1710000
1686000
1663000
1640000
1618000
1596000
1575000
1554000
1534000
1515000
1496000
1477000
1459000
3026000
1881000
1676000
1527000
1634000
1525000
1492000
1463000
1445000
1428000
1411000
1395000
1379000
1363000
1348000
1333000
1318000
1303000
1289000
1276000
1262000
1249000
1236000
1223000
1211000
1199000
1187000
1175000
1164000
1730000
1403000
1247000
1175000
1155000
1144000
1133000
1122000
1112000
1102000
1092000
1082000
1072000
1062000
1053000
1044000
1125000
1847000
2569000
1516000
1285000
1165000
1154000
1143000
1132000
1121000
1111000
1101000
1091000
1081000
1071000
1062000
1052000
1043000
1034000
1025000
1017000
3089000
1588000
1332000
1149000
1138000
1128000
1117000
1107000
1097000
1087000
1077000
1067000
1058000
1048000
1039000
1030000
1022000
1013000
1004000
996100
987800
2232000
1336000
1181000
1070000
1060000
1051000
1042000
1033000
1024000
1015000
1007000
998200
989900
981800
973800
965900
958200
950600
943100
935700
928500
921300
914300
907300
900500
893800
887200
880600
874200
867900
861600
855400
849400
843400
837500
831700
825900
820300
814700
809200
803800
798400
793100
787900
782700
777700
772600
767700
762800
758000
753200
748500
743800
739200
734700
730200
725800
721400
717100
712800
708600
704500
700300
974900
2118000
2342000
6e+06
2329000
1653000
1249000
1236000
1224000
1211000
1199000
1187000
1176000
1164000
1153000
1142000
1131000
1120000
1110000
1100000
1090000
1080000
1070000
1061000
1051000
1042000
1033000
1024000
1016000
1007000
998800
990500
982400
974400
966500
958800
1632000
1565000
1175000
1061000
1017000
1009000
1e+06
5470000
2238000
1842000
1351000
1319000
1292000
1279000
1265000
1252000
1239000
1226000
1214000
1324000
2400000
1521000
1357000
1247000
1234000
1221000
1209000
1197000
1185000
1173000
1162000
1151000
1140000
1129000
1118000
1108000
2785000
6044000
3177000
2156000
1650000
2039000
2337000
1800000
1665000
1590000
1570000
3405000
10090000
5159000
3248000
2415000
2282000
2239000
2197000
2158000
2176000
2392000
2248000
2095000
2023000
1981000
1948000
1917000
1887000
1857000
1829000
1801000
4299000
2445000
2114000
1875000
1845000
1817000
1790000
1764000
1738000
6042000
2884000
2336000
1945000
1914000
1883000
1854000
1826000
1798000
1771000
1745000
1720000
1696000
1672000
1649000
3856000
2228000
1939000
1729000
1704000
2676000
2043000
2793000
2024000
3847000
2271000
1997000
1801000
1775000
1749000
1806000
2670000
2132000
1851000
1725000
1686000
1662000
1639000
1617000
1596000
1919000
2025000
1702000
1610000
1559000
1539000
2399000
1755000
1633000
1581000
1533000
1509000
1487000
1468000
1451000
1433000
1416000
1400000
1383000
1368000
1352000
1618000
1401000
1353000
3623000
1955000
1665000
1458000
1440000
1423000
1406000
2527000
1698000
2471000
1822000
1932000
2274000
7108000
4482000
2766000
2125000
1978000
1945000
1914000
1884000
1855000
1826000
1799000
1772000
1746000
1721000
1696000
1672000
1649000
1627000
1605000
1584000
1563000
1543000
1523000
1504000
1485000
1467000
1449000
1432000
1415000
1398000
1382000
1366000
1351000
1336000
1321000
1306000
1292000
1278000
1265000
1252000
1239000
1226000
1214000
1201000
1189000
1353000
1214000
1182000
1156000
1145000
1814000
1308000
1215000
1278000
1172000
1145000
1124000
1113000
1103000
1093000
1083000
1073000
1064000
1055000
1045000
1036000
1027000
1019000
1010000
1002000
993200
985100
977000
969100
1007000
1796000
2235000
1387000
1188000
1093000
1083000
1073000
1064000
1054000
1045000
1036000
1027000
1018000
1010000
1001000
992900
984700
976700
968800
961000
953300
945800
938400
931100
923900
916800
909800
903000
896200
889600
883000
876500
870200
863900
857700
851600
845600
839600
833800
828000
822300
816700
811200
805700
800300
1118000
2208000
1715000
1159000
982000
1389000
1389000
1090000
1006000
970600
962800
955100
947500
940100
932700
925500
918400
911400
904500
897800
891100
884500
878000
871600
865300
859100
853000
846900
841000
835100
829300
823600
818000
812400
807000
801600
796200
791000
785800
1362000
955200
865900
2155000
1435000
1126000
1834000
2650000
10150000
3746000
2496000
1741000
1707000
1683000
1660000
2217000
1786000
1696000
1627000
1605000
1583000
1563000
1542000
1523000
1504000
1485000
1467000
1449000
1431000
1415000
1398000
1382000
2283000
2076000
1813000
1527000
2724000
8169000
7264000
3623000
2627000
6047000
6576000
3706000
8304000
6250000
3998000
3223000
2970000
2897000
2828000
2762000
2700000
2640000
14800000
5960000
4422000
3320000
3229000
3144000
3062000
2985000
2912000
2842000
2776000
2712000
4185000
12200000
5525000
4104000
3239000
3140000
3059000
2982000
2908000
2839000
2773000
2709000
2649000
2591000
2919000
2596000
5320000
3894000
3843000
2867000
2654000
4660000
4292000
12210000
10620000
9992000
5322000
7480000
14220000
6920000
12390000
