1116000
1096000
1088000
1079000
1073000
1066000
1060000
1054000
1048000
1042000
1037000
1031000
1025000
1019000
1014000
1008000
3983000
2205000
1571000
1207000
1239000
2511000
1508000
2228000
6530000
2731000
2048000
1499000
1453000
2275000
1754000
1585000
2139000
1764000
2232000
7389000
6790000
3410000
2369000
1928000
2477000
2029000
1942000
4350000
2528000
3204000
2216000
2066000
1943000
1916000
1897000
1877000
2139000
1917000
1867000
1819000
1800000
1782000
1765000
1749000
1732000
2804000
1998000
1857000
1726000
1703000
1687000
1672000
1657000
1727000
3282000
3845000
2997000
2130000
1841000
1744000
1723000
1707000
1691000
1676000
2038000
1749000
1690000
1636000
1619000
1605000
1591000
2363000
1779000
1675000
1579000
1560000
1547000
1534000
1522000
1509000
1497000
1485000
1473000
1461000
1450000
1439000
1428000
1417000
1406000
1395000
1385000
1374000
1364000
1354000
1344000
1335000
1325000
1316000
4272000
2127000
1780000
1460000
1429000
1418000
1407000
1396000
1713000
2713000
1770000
1584000
1441000
1422000
1411000
1400000
1389000
1379000
1369000
1359000
1349000
1339000
1330000
1320000
1311000
1301000
1292000
1283000
1274000
1266000
1257000
1249000
1240000
1232000
1224000
1216000
1208000
3336000
1781000
2500000
1566000
1432000
1321000
1305000
1296000
1287000
1278000
1269000
1261000
1252000
1244000
1235000
2493000
1569000
1415000
1274000
1257000
1248000
1240000
1232000
1224000
1216000
1208000
1200000
1192000
1185000
1177000
1170000
1162000
1155000
1148000
1141000
1134000
1127000
1120000
1113000
1107000
1100000
1093000
1087000
1081000
1074000
1068000
1062000
1056000
1050000
1044000
1038000
1032000
1027000
1021000
1015000
1010000
1004000
998900
993600
988300
983000
977800
972700
967600
962500
957600
952600
947800
942900
938100
933400
928700
924100
919500
914900
910400
906000
901600
897200
892900
888600
884300
2572000
1349000
1154000
972700
956600
951800
947000
942200
937400
932700
928000
923300
918800
914200
909700
905300
900900
896500
892200
887900
883700
879500
875300
871200
867100
863000
859000
855100
851100
847200
843400
839600
835800
832000
828300
824600
2077000
3169000
1579000
5529000
2715000
1811000
1290000
1197000
1186000
1178000
1171000
1164000
1156000
1149000
1142000
1135000
1128000
1121000
1114000
1108000
1101000
1095000
1088000
1082000
1076000
1069000
1063000
1057000
1051000
1045000
1442000
2906000
1568000
1316000
1121000
1102000
1096000
1089000
1226000
1285000
1139000
1098000
1073000
1065000
1059000
1053000
1047000
1041000
1036000
1030000
1172000
1757000
1229000
1128000
1049000
1038000
1032000
1027000
1021000
1015000
1010000
1004000
998800
993500
5099000
7337000
3081000
2046000
1462000
1416000
1406000
1395000
1385000
1374000
1364000
1354000
2082000
1541000
1447000
1360000
1345000
1968000
1502000
1420000
1345000
1331000
1321000
1312000
1303000
1294000
1422000
1325000
1292000
1268000
1257000
1316000
1259000
4521000
2138000
1755000
1402000
1611000
1428000
1390000
1355000
2427000
1805000
1551000
1408000
1373000
1362000
1352000
1342000
1406000
1657000
1413000
1360000
1317000
1306000
1297000
1288000
2427000
1589000
1449000
1319000
1302000
1293000
1521000
4926000
2308000
2524000
4296000
2286000
1904000
1610000
1579000
1566000
1553000
1540000
1527000
1514000
1502000
1490000
1478000
1466000
1455000
1443000
1432000
1421000
1410000
1400000
1389000
1379000
1369000
1358000
1417000
1358000
1340000
1324000
1314000
8942000
3407000
2522000
3715000
10270000
4480000
3112000
2196000
2087000
2964000
4102000
2676000
2352000
2133000
2096000
2073000
2050000
2027000
2005000
1984000
1963000
6891000
4547000
3073000
5062000
3074000
2655000
2336000
2278000
2249000
4730000
2910000
2599000
2311000
2265000
2238000
2211000
2185000
2159000
2134000
2110000
4769000
2819000
2490000
2185000
2141000
2117000
2093000
2069000
2046000
2024000
2002000
1980000
2616000
2121000
2026000
1937000
1912000
1893000
1873000
1855000
1836000
1818000
1800000
1783000
1766000
1749000
1733000
1717000
1701000
1685000
1670000
1655000
1640000
1626000
1612000
1598000
1584000
1571000
1557000
1544000
1532000
1519000
1507000
1494000
1482000
1471000
1459000
1448000
1436000
1425000
1414000
1404000
1393000
1383000
1372000
1362000
1352000
1342000
1333000
1323000
1314000
1304000
1295000
1286000
1277000
1269000
1260000
1251000
1243000
2464000
1566000
1417000
1280000
1263000
1254000
1246000
1237000
1229000
1221000
1213000
1205000
1197000
1190000
1182000
1174000
1167000
1160000
1152000
1145000
1138000
1131000
1124000
1118000
1111000
1104000
1098000
1091000
1085000
1079000
1072000
1066000
1060000
1054000
1048000
1042000
1036000
1030000
1025000
1019000
1014000
1008000
1003000
997100
991800
986500
981300
976100
971000
965900
960900
955900
951000
946100
941300
936500
931800
927200
922500
918000
913400
908900
904500
900100
895700
891400
887100
882900
878700
874600
870400
866400
862300
858300
1202000
1099000
945500
887900
865600
860600
856700
852700
848800
844900
841100
837300
833500
829800
826100
822400
818800
1220000
1172000
941800
867500
921600
853500
840000
827200
823000
819400
815800
812200
808600
805100
801600
798200
794700
791300
788000
784600
781300
778000
774800
771500
768300
765200
762000
954200
809000
783500
759900
755500
752500
749400
746400
743400
740400
737500
734500
731600
728800
725900
1127000
829700
780400
735100
729600
726700
723900
721100
718300
715500
712800
710000
2307000
2479000
1320000
995800
841400
829000
825400
1737000
1071000
962900
863400
853400
2044000
5065000
2165000
1554000
1128000
1091000
1084000
1078000
1518000
5314000
2877000
1901000
1386000
1284000
1271000
1263000
1254000
1246000
1237000
1229000
1221000
1213000
1205000
1959000
1988000
4793000
2236000
1781000
1419000
4205000
2495000
1934000
1592000
1527000
1512000
1500000
1488000
1476000
1464000
1453000
1441000
1430000
1820000
1951000
2730000
2855000
1955000
1676000
1542000
1519000
1506000
4990000
2447000
2033000
4700000
3875000
4005000
4499000
2611000
2180000
2999000
2192000
2050000
1918000
1891000
1872000
1853000
1835000
1817000
3356000
2211000
2014000
1832000
1804000
1787000
1770000
1753000
1736000
1720000
1704000
1689000
1673000
1658000
1643000
1899000
1688000
1643000
1916000
1670000
1620000
1573000
1558000
1545000
1532000
2257000
1781000
8059000
3303000
2537000
1845000
1784000
1767000
2050000
2079000
1837000
1759000
2164000
1819000
1751000
1689000
1670000
1655000
1641000
1626000
1612000
1598000
1584000
1571000
1558000
1545000
1532000
1519000
1507000
1495000
1543000
1488000
1469000
1452000
1440000
1430000
1733000
1523000
1457000
1410000
1394000
1384000
1374000
1363000
1353000
1344000
1334000
1324000
1800000
2311000
1619000
1459000
2124000
1554000
1457000
1367000
1352000
1342000
1332000
1323000
1313000
1304000
1295000
1286000
1277000
1268000
1260000
1251000
1243000
1234000
1226000
1218000
1210000
1202000
1390000
3113000
1726000
1483000
1277000
1256000
1248000
1239000
1231000
1223000
1215000
1207000
1199000
1191000
1184000
1176000
1169000
1161000
1154000
1147000
1140000
1133000
1126000
1119000
1112000
1106000
1099000
1093000
1086000
1080000
1074000
1067000
1061000
1055000
1049000
1043000
1038000
1032000
1026000
1020000
1015000
1009000
1004000
998300
993000
987700
982400
977200
972100
967000
962000
957000
952100
947200
942400
937600
932900
928200
923500
919000
914400
909900
905500
901100
896700
892400
888100
883800
879600
875500
871400
867300
863200
859200
855200
851300
847400
843500
839700
835900
832200
828400
824700
821100
817500
813900
810300
806800
803300
799800
796400
792900
789600
786200
782900
779600
776300
773100
769800
766700
763500
760400
757300
754200
751100
748100
745100
742100
1613000
973800
870600
775900
767000
886500
794200
777000
761000
757100
754000
750900
747900
744900
741900
739000
736000
733100
730200
727300
1876000
1034000
899500
775500
764800
761700
758600
755600
752500
749400
746400
743400
740400
7884000
2697000
1881000
1129000
1076000
1071000
1065000
1059000
1053000
1047000
1041000
1035000
1029000
1023000
1018000
1012000
1007000
1001000
995800
990500
985200
980000
974900
969700
964700
959700
954700
949800
945000
940200
935400
930700
926000
921400
916900
912300
907900
903400
899000
894700
890400
886100
881900
877700
873600
869500
865400
861400
857400
853400
849500
845600
841800
838000
834200
830400
826700
823100
819400
815800
812200
808700
805200
801700
798200
794800
791400
788000
784700
781400
778100
774800
771600
768400
765200
762100
1320000
1319000
953700
844700
3041000
1409000
1150000
1224000
2206000
4472000
2016000
1493000
2079000
1365000
1250000
1145000
3372000
1738000
1473000
1230000
1207000
1200000
1192000
1184000
1177000
1382000
3350000
1774000
3236000
5303000
9551000
5440000
8031000
3516000
2718000
2168000
2110000
2086000
2063000
2040000
2018000
1996000
1975000
1954000
1933000
8088000
3624000
2898000
2228000
2161000
2136000
2111000
2087000
2683000
2215000
2121000
5769000
3282000
4733000
2818000
2510000
2267000
2226000
2199000
2173000
2148000
2123000
3877000
4045000
2957000
2442000
6825000
4790000
3266000
2601000
2398000
2358000
2329000
2299000
2555000
2324000
2265000
2209000
2181000
2155000
5996000
3201000
2737000
2307000
2253000
2226000
2199000
2173000
2148000
2123000
2099000
2076000
5351000
3629000
2750000
2304000
2186000
2156000
2131000
2901000
2798000
2330000
2168000
2087000
2061000
2038000
2016000
1994000
1973000
1952000
1931000
6322000
3124000
2598000
2114000
2061000
2038000
2016000
1994000
3921000
2496000
2252000
2026000
1992000
1970000
1949000
1929000
4774000
10540000
4526000
3302000
2431000
2348000
2318000
7350000
7138000
4001000
3034000
2598000
2538000
2504000
2470000
2438000
2406000
2375000
2344000
2315000
2286000
2258000
2231000
2204000
2178000
2153000
2128000
2104000
2080000
2057000
2034000
2012000
1990000
1969000
1948000
1928000
1908000
1888000
1869000
2175000
2052000
2233000
1926000
8376000
5181000
3290000
2406000
2174000
2138000
2114000
2090000
2066000
2044000
2021000
1999000
1978000
1957000
1936000
1916000
1896000
1877000
1858000
1840000
1822000
1804000
1786000
1769000
6426000
8158000
11590000
6993000
4242000
3323000
4238000
3034000
2786000
2589000
3196000
5193000
3263000
2870000
5287000
3260000
2910000
2588000
4154000
3173000
2783000
2552000
2483000
3677000
2751000
2576000
2415000
2375000
2345000
2316000
2287000
2259000
2232000
2205000
2179000
4426000
3401000
3875000
9994000
5439000
3713000
2785000
2594000
2552000
2517000
4532000
9322000
5544000
3789000
7280000
3955000
3626000
2969000
2870000
2803000
2760000
2719000
2680000
2641000
2604000
2567000
2532000
2498000
2464000
2432000
2400000
2369000
2339000
2310000
2281000
2253000
2226000
2200000
2174000
2148000
2124000
2099000
2076000
2053000
2030000
2008000
1986000
1965000
1945000
1924000
1904000
1885000
1866000
1847000
1829000
1811000
1793000
1776000
1759000
1743000
2977000
2053000
1892000
1745000
1720000
1704000
1688000
1673000
1658000
1643000
1629000
1615000
1601000
1587000
1573000
1560000
1547000
1534000
1521000
1509000
1497000
1485000
1473000
1461000
1450000
1439000
1427000
1416000
1406000
1395000
1385000
1374000
1364000
1354000
1344000
1335000
1325000
1316000
1306000
1297000
1288000
1279000
1953000
1451000
1364000
1284000
1270000
1262000
1253000
1245000
5114000
8707000
3622000
2471000
1759000
1700000
1684000
1669000
1654000
2451000
5506000
4630000
3046000
6824000
5191000
3175000
2440000
2177000
2139000
4986000
2902000
2551000
2225000
2180000
2155000
2130000
2514000
14770000
5603000
4085000
2727000
2604000
2568000
6788000
3665000
3138000
2653000
2587000
2551000
2516000
2482000
3546000
2716000
2557000
2409000
3826000
7593000
6628000
3882000
6070000
3492000
3081000
2719000
2660000
2622000
2585000
2549000
2514000
2481000
2448000
2415000
2384000
2354000
2324000
2295000
2267000
2239000
2212000
2186000
2161000
2136000
4322000
2711000
2435000
2179000
2139000
2115000
2169000
2828000
4533000
2788000
2719000
2244000
2171000
2116000
3119000
2356000
4019000
2593000
2357000
2144000
2107000
2084000
2060000
2038000
2015000
1994000
1972000
1951000
1931000
1911000
1891000
1872000
1853000
1835000
1817000
1799000
1782000
1765000
1748000
1951000
6289000
3579000
2585000
2022000
1908000
1885000
1866000
1847000
1829000
1811000
1793000
1776000
1759000
1742000
1726000
1710000
1694000
1679000
1664000
1649000
1634000
6746000
7451000
3636000
2569000
2047000
1995000
1974000
1953000
3182000
2426000
2143000
1973000
4046000
2565000
2252000
2001000
1958000
1937000
1917000
1898000
1878000
1859000
1841000
1823000
1805000
1787000
1770000
1753000
1737000
1721000
1705000
1689000
1674000
1659000
1644000
1630000
1615000
1601000
3484000
2089000
1855000
1641000
1778000
1644000
1611000
1580000
1566000
1553000
1540000
1527000
1515000
1502000
1490000
1478000
1467000
1455000
1444000
1432000
1421000
1411000
1400000
1389000
1379000
1369000
1359000
1349000
1339000
1778000
1545000
1412000
1344000
1321000
1311000
1302000
1293000
1284000
1275000
1266000
1258000
1249000
1241000
1233000
1224000
1256000
2334000
2830000
1738000
1462000
1308000
1290000
1281000
1272000
1264000
1255000
1247000
1238000
1230000
1222000
1214000
1206000
1198000
1191000
1183000
1175000
3488000
1798000
1525000
1273000
1249000
1241000
1232000
1224000
1216000
1208000
1200000
1193000
1185000
1177000
1170000
1163000
1155000
1148000
1141000
1134000
1127000
2707000
1547000
1357000
1183000
1165000
1158000
1151000
1143000
1136000
1129000
1123000
1116000
1109000
1103000
1096000
1090000
1083000
1077000
1071000
1064000
1058000
1052000
1046000
1040000
1035000
1029000
1023000
1018000
1012000
1007000
1001000
995700
990300
985100
979800
974700
969600
964500
959500
954600
949700
944800
940000
935300
930600
925900
921300
916700
912200
907700
903300
898900
894600
890300
886000
881800
877600
873400
869300
865300
861200
857300
853300
1124000
2249000
2441000
6565000
2541000
1812000
1255000
1213000
1205000
1198000
1190000
1182000
1175000
1167000
1160000
1153000
1146000
1139000
1132000
1125000
1118000
1111000
1105000
1098000
1092000
1085000
1079000
1073000
1066000
1060000
1054000
1048000
1042000
1036000
1031000
1025000
1736000
1800000
1283000
1134000
1062000
1052000
1046000
5862000
2349000
1930000
1312000
1255000
1232000
1223000
1215000
1207000
1199000
1192000
1184000
1290000
2329000
1489000
1340000
1213000
1198000
1190000
1182000
1175000
1168000
1160000
1153000
1146000
1139000
1132000
1125000
1118000
2818000
5879000
3105000
2100000
1518000
1860000
2145000
1633000
1505000
1425000
1410000
3074000
9030000
4673000
2907000
2007000
1831000
1806000
1789000
1771000
1807000
2034000
1912000
1782000
1724000
1695000
1679000
1664000
1649000
1635000
1620000
1606000
4010000
2236000
1941000
1672000
1641000
1626000
1612000
1598000
1585000
5634000
2667000
2183000
1740000
1696000
1681000
1666000
1651000
1636000
1622000
1608000
1594000
1580000
1567000
1554000
3688000
2119000
1859000
1620000
1591000
2576000
1942000
2669000
1915000
3669000
2141000
1890000
1671000
1643000
1629000
1692000
2544000
2027000
1768000
1636000
1597000
1582000
1569000
1556000
1543000
1852000
1964000
1661000
1575000
1524000
1509000
2337000
1723000
1616000
1554000
1509000
1493000
1477000
1465000
1454000
1442000
1431000
1420000
1409000
1399000
1388000
1638000
1440000
1401000
3575000
1973000
1711000
1470000
1444000
1432000
1421000
2488000
1703000
2458000
1813000
1921000
2235000
6999000
4359000
2707000
1977000
1786000
1760000
1743000
1727000
1711000
1695000
1680000
1665000
1650000
1635000
1621000
1607000
1593000
1579000
1566000
1553000
1540000
1527000
1514000
1502000
1490000
1478000
1466000
1455000
1443000
1432000
1421000
1410000
1400000
1389000
1379000
1369000
1359000
1349000
1339000
1329000
1320000
1310000
1301000
1292000
1283000
1282000
1268000
1258000
1249000
1240000
1872000
1400000
1319000
1365000
1264000
1242000
1222000
1213000
1205000
1197000
1189000
1182000
1174000
1167000
1159000
1152000
1145000
1138000
1131000
1124000
1117000
1111000
1104000
1098000
1091000
2143000
2761000
1618000
1339000
1178000
1161000
1154000
1147000
1140000
1133000
1126000
1119000
1113000
1106000
1099000
1093000
1086000
1080000
1074000
1068000
1061000
1055000
1049000
1043000
1038000
1032000
1026000
1020000
1015000
1009000
1004000
998400
993000
987700
982500
977300
972200
967100
962000
957100
952100
947300
942400
937700
932900
1133000
2257000
1800000
1281000
1088000
1506000
1604000
1212000
1103000
1046000
1037000
1031000
1026000
1020000
1015000
1009000
1004000
998100
992700
987400
982200
977000
971900
966800
961800
956800
951900
947000
942200
937400
932700
928000
923400
918800
914200
909700
905300
900900
896500
1342000
1032000
963300
2201000
1509000
1222000
1877000
3109000
9244000
3502000
2372000
1545000
1475000
1463000
1452000
1991000
1585000
1511000
1442000
1428000
1417000
1406000
1395000
1385000
1374000
1364000
1354000
1344000
1335000
1325000
1316000
1306000
2147000
1971000
1730000
1446000
2587000
7318000
6790000
3325000
2308000
5336000
5246000
3030000
6177000
4659000
3089000
2491000
2278000
2240000
2213000
2187000
2162000
2136000
12380000
4930000
3721000
2611000
2507000
2473000
2440000
2409000
2377000
2347000
2318000
2289000
3347000
10810000
4833000
3617000
2686000
2576000
2540000
2505000
2472000
2439000
2407000
2376000
2346000
2316000
2650000
2362000
4619000
3374000
3327000
2578000
2416000
4112000
3837000
11560000
9907000
8768000
4610000
6130000
11230000
5619000
10590000
