1500000
1435000
1414000
1402000
1386000
1374000
1364000
1354000
1344000
1335000
1325000
1316000
1307000
1298000
1289000
1280000
4191000
2541000
1861000
1738000
1605000
2675000
1812000
2427000
8021000
3542000
2570000
2365000
1894000
2802000
2178000
1931000
2705000
2199000
2731000
7648000
6973000
3840000
3156000
2656000
2827000
2374000
2270000
4479000
2890000
3411000
2738000
2425000
2337000
2248000
2205000
2179000
2406000
2209000
2148000
2119000
2078000
2051000
2028000
2007000
1985000
2945000
2253000
2088000
2047000
1958000
1919000
1899000
1880000
1935000
3339000
3901000
3156000
2460000
2214000
2040000
1948000
1916000
1897000
1878000
2197000
1946000
1878000
1853000
1812000
1788000
1771000
2506000
1972000
1844000
1812000
1742000
1712000
1696000
1681000
1666000
1651000
1637000
1623000
1609000
1595000
1581000
1568000
1555000
1542000
1529000
1517000
1505000
1493000
1481000
1469000
1458000
1446000
1435000
4384000
2346000
1899000
1824000
1603000
1534000
1521000
1509000
1786000
2852000
1925000
1720000
1660000
1552000
1516000
1503000
1491000
1479000
1468000
1456000
1445000
1434000
1423000
1412000
1402000
1391000
1381000
1371000
1361000
1351000
1341000
1332000
1322000
1313000
1304000
1295000
1286000
3177000
1868000
2456000
1808000
1536000
1471000
1399000
1372000
1362000
1353000
1343000
1333000
1324000
1314000
1305000
2428000
1644000
1469000
1436000
1346000
1316000
1306000
1297000
1288000
1279000
1271000
1262000
1254000
1245000
1237000
1229000
1221000
1213000
1205000
1197000
1190000
1182000
1175000
1167000
1160000
1153000
1146000
1139000
1132000
1125000
1118000
1112000
1105000
1099000
1092000
1086000
1080000
1073000
1067000
1061000
1055000
1049000
1043000
1038000
1032000
1026000
1021000
1015000
1010000
1004000
998700
993400
988100
982900
977800
972700
967700
962700
957700
952800
948000
943200
938500
933800
929100
924500
920000
2378000
1380000
1162000
1127000
1019000
986400
981200
976100
971000
966000
961000
956100
951200
946400
941600
936900
932200
927600
923000
918400
913900
909500
905100
900700
896400
892100
887900
883700
879500
875400
871300
867300
863200
859300
855300
851400
1951000
3061000
1621000
5490000
2976000
1864000
1659000
1345000
1223000
1206000
1198000
1190000
1183000
1175000
1168000
1161000
1153000
1146000
1139000
1132000
1126000
1119000
1112000
1106000
1099000
1093000
1086000
1080000
1074000
1068000
1413000
2755000
1598000
1347000
1281000
1154000
1117000
1110000
1231000
1290000
1159000
1127000
1108000
1088000
1079000
1073000
1067000
1060000
1054000
1049000
1233000
1807000
1280000
1164000
1129000
1069000
1049000
1043000
1038000
1032000
1026000
1021000
1015000
1009000
4918000
6932000
3114000
2327000
1941000
1522000
1421000
1411000
1400000
1390000
1379000
1369000
2025000
1560000
1453000
1429000
1372000
1921000
1521000
1427000
1406000
1356000
1335000
1326000
1316000
1307000
1422000
1338000
1304000
1291000
1273000
1323000
1272000
4214000
2179000
1731000
1658000
1657000
1442000
1400000
1385000
2338000
1808000
1551000
1498000
1416000
1377000
1364000
1354000
1411000
1639000
1426000
1373000
1353000
1323000
1308000
1299000
2326000
1608000
1446000
1415000
1333000
1304000
1509000
4590000
2341000
2446000
4510000
2417000
1952000
1842000
1636000
1574000
1561000
1548000
1535000
1522000
1510000
1498000
1486000
1474000
1463000
1451000
1440000
1429000
1418000
1407000
1397000
1386000
1376000
1366000
1409000
1363000
1346000
1335000
1322000
8367000
3512000
2458000
4106000
9634000
4485000
3170000
2827000
2249000
2882000
3933000
2677000
2398000
2283000
2129000
2075000
2052000
2029000
2007000
1986000
1965000
6405000
4457000
3020000
5303000
3295000
2660000
2543000
2333000
2250000
4623000
2960000
2581000
2504000
2307000
2234000
2208000
2182000
2157000
2132000
2108000
4493000
2829000
2452000
2378000
2184000
2115000
2091000
2068000
2045000
2023000
2001000
1980000
2540000
2121000
2016000
1983000
1923000
1892000
1873000
1854000
1836000
1818000
1801000
1783000
1767000
1750000
1734000
1718000
1702000
1687000
1671000
1657000
1642000
1628000
1614000
1600000
1586000
1573000
1560000
1547000
1534000
1521000
1509000
1497000
1485000
1473000
1462000
1450000
1439000
1428000
1417000
1407000
1396000
1386000
1375000
1365000
1355000
1346000
1336000
1327000
1317000
1308000
1299000
1290000
1281000
1272000
1264000
1255000
1247000
2288000
1560000
1396000
1366000
1283000
1254000
1246000
1238000
1230000
1222000
1214000
1206000
1198000
1190000
1183000
1175000
1168000
1161000
1154000
1147000
1140000
1133000
1126000
1119000
1112000
1106000
1099000
1093000
1086000
1080000
1074000
1068000
1062000
1056000
1050000
1044000
1038000
1032000
1027000
1021000
1016000
1010000
1005000
999300
993900
988700
983500
978300
973200
968200
963200
958200
953300
948500
943700
938900
934300
929600
925000
920400
915900
911400
907000
902600
898300
894000
889700
885500
881300
877200
873100
869000
865000
861000
1120000
1074000
936900
907200
881700
863000
856500
852600
848700
844800
841000
837300
833500
829800
826200
822500
818900
1169000
1148000
937500
893200
937500
857800
838400
833100
824000
818900
815300
811800
808300
804800
801300
797900
794500
791100
787800
784500
781200
778000
774700
771500
768400
765200
762100
926400
808000
780000
773400
758400
752200
749200
746200
743200
740300
737400
734500
731600
728700
725900
1085000
832300
775600
765000
736400
726600
723800
721000
718200
715500
712700
710000
2149000
2362000
1313000
1100000
968100
851100
824300
1647000
1077000
951300
930200
867800
1927000
4801000
2203000
1608000
1443000
1159000
1081000
1073000
1470000
4911000
2838000
1886000
1687000
1395000
1275000
1256000
1248000
1240000
1231000
1223000
1215000
1207000
1200000
1878000
1930000
4460000
2303000
1792000
1669000
4003000
2479000
1894000
1788000
1589000
1508000
1491000
1479000
1467000
1456000
1444000
1433000
1422000
1772000
1904000
2608000
2803000
1981000
1749000
1632000
1531000
1498000
4725000
2485000
1992000
4661000
3808000
3819000
4502000
2752000
2280000
3064000
2221000
2023000
1984000
1897000
1859000
1841000
1823000
1805000
3193000
2210000
1985000
1937000
1820000
1776000
1760000
1743000
1727000
1711000
1696000
1680000
1665000
1651000
1636000
1863000
1682000
1632000
1898000
1671000
1610000
1591000
1557000
1539000
1527000
2204000
1780000
7524000
3424000
2484000
2324000
1887000
1758000
2011000
2046000
1827000
1770000
2136000
1819000
1739000
1715000
1671000
1648000
1634000
1620000
1606000
1592000
1579000
1565000
1552000
1539000
1527000
1514000
1502000
1490000
1523000
1481000
1463000
1451000
1437000
1425000
1698000
1518000
1449000
1429000
1398000
1381000
1370000
1360000
1351000
1341000
1331000
1322000
1739000
2224000
1615000
1481000
2119000
1571000
1445000
1420000
1362000
1339000
1329000
1320000
1311000
1302000
1293000
1284000
1275000
1266000
1258000
1249000
1241000
1233000
1225000
1217000
1209000
1201000
1343000
2923000
1732000
1471000
1416000
1285000
1245000
1236000
1228000
1220000
1212000
1204000
1197000
1189000
1182000
1174000
1167000
1160000
1152000
1145000
1138000
1131000
1125000
1118000
1111000
1105000
1098000
1092000
1085000
1079000
1073000
1067000
1061000
1055000
1049000
1043000
1037000
1031000
1026000
1020000
1015000
1009000
1004000
998300
993000
987700
982500
977400
972300
967300
962300
957300
952500
947600
942800
938100
933400
928800
924200
919600
915100
910600
906200
901900
897500
893200
889000
884800
880600
876500
872400
868300
864300
860300
856400
852500
848600
844700
840900
837200
833400
829700
826100
822400
818800
815200
811700
808200
804700
801300
797800
794400
791100
787700
784400
781200
777900
774700
771500
768300
765200
762000
758900
755900
752800
749800
746800
743800
1506000
975600
859000
839600
782000
873800
795200
775900
770400
759600
754400
751400
748400
745400
742400
739500
736600
733700
730800
728000
1755000
1042000
886000
860800
784500
761700
758600
755500
752400
749400
746400
743500
740500
7271000
2779000
1809000
1666000
1197000
1066000
1060000
1054000
1049000
1043000
1037000
1031000
1025000
1020000
1014000
1009000
1003000
998100
992700
987500
982300
977200
972100
967000
962100
957100
952200
947400
942600
937900
933200
928600
924000
919400
914900
910500
906000
901700
897300
893000
888800
884600
880400
876300
872200
868100
864100
860100
856200
852300
848400
844600
840800
837000
833300
829600
825900
822300
818700
815100
811500
808000
804600
801100
797700
794300
790900
787600
784300
781000
777800
774500
771300
768200
765000
761900
1242000
1276000
946800
878500
2861000
1432000
1122000
1358000
2125000
4263000
2069000
1560000
2250000
1426000
1234000
1209000
3164000
1748000
1441000
1390000
1239000
1193000
1185000
1178000
1170000
1355000
3138000
1780000
3052000
5209000
9010000
5442000
7774000
4101000
2877000
2538000
2173000
2066000
2043000
2021000
1999000
1978000
1957000
1937000
1917000
7469000
3644000
2804000
2665000
2248000
2118000
2094000
2071000
2606000
2202000
2098000
5436000
3278000
4472000
3085000
2547000
2405000
2244000
2183000
2158000
2133000
2109000
3689000
3899000
2911000
2542000
6585000
4736000
3216000
2916000
2561000
2365000
2313000
2285000
2512000
2312000
2248000
2217000
2173000
2143000
5700000
3236000
2686000
2586000
2307000
2213000
2187000
2162000
2137000
2113000
2089000
2066000
5016000
3572000
2702000
2528000
2281000
2157000
2121000
2812000
2745000
2314000
2211000
2129000
2061000
2030000
2009000
1987000
1966000
1946000
1925000
5881000
3143000
2538000
2433000
2130000
2032000
2010000
1988000
3722000
2501000
2222000
2164000
2019000
1965000
1945000
1924000
4484000
9907000
4566000
3424000
3062000
2475000
2309000
6956000
6851000
3964000
3365000
2932000
2585000
2492000
2459000
2427000
2395000
2365000
2335000
2306000
2278000
2250000
2223000
2197000
2172000
2147000
2122000
2098000
2075000
2052000
2029000
2008000
1986000
1965000
1945000
1925000
1905000
1886000
1867000
2095000
2025000
2188000
1943000
7747000
5093000
3221000
2863000
2394000
2158000
2108000
2084000
2061000
2038000
2016000
1995000
1973000
1953000
1932000
1913000
1893000
1874000
1855000
1837000
1819000
1802000
1784000
1767000
5946000
7681000
10940000
7151000
4606000
3923000
4367000
3080000
2786000
2695000
3145000
4942000
3262000
2879000
5208000
3311000
2868000
2781000
4033000
3152000
2758000
2662000
2520000
3551000
2751000
2555000
2500000
2391000
2340000
2311000
2282000
2255000
2228000
2201000
2176000
4185000
3345000
3727000
9572000
5489000
3739000
3341000
2788000
2560000
2509000
4324000
8714000
5450000
3866000
7341000
4160000
3561000
3282000
2933000
2812000
2756000
2712000
2673000
2635000
2598000
2563000
2528000
2494000
2461000
2429000
2397000
2367000
2337000
2308000
2280000
2252000
2225000
2199000
2173000
2148000
2124000
2100000
2076000
2053000
2031000
2009000
1988000
1967000
1946000
1926000
1906000
1887000
1868000
1849000
1831000
1813000
1796000
1779000
1762000
1746000
2802000
2047000
1872000
1833000
1741000
1704000
1689000
1674000
1659000
1644000
1630000
1616000
1602000
1588000
1575000
1562000
1549000
1536000
1523000
1511000
1499000
1487000
1475000
1464000
1452000
1441000
1430000
1419000
1408000
1398000
1387000
1377000
1367000
1357000
1347000
1338000
1328000
1319000
1309000
1300000
1291000
1282000
1873000
1453000
1356000
1335000
1284000
1264000
1255000
1247000
4738000
8271000
3664000
2700000
2313000
1810000
1682000
1667000
1652000
2369000
5154000
4460000
3044000
6637000
5223000
3181000
2757000
2396000
2167000
4701000
2913000
2509000
2431000
2224000
2149000
2125000
2469000
13670000
5707000
3971000
3668000
2812000
2558000
6364000
3684000
3078000
2960000
2651000
2543000
2509000
2475000
3432000
2717000
2538000
2485000
3827000
7175000
6386000
3957000
6121000
3790000
3082000
2937000
2703000
2613000
2577000
2542000
2508000
2474000
2442000
2410000
2379000
2349000
2320000
2291000
2263000
2236000
2210000
2184000
2158000
2134000
4100000
2721000
2405000
2340000
2175000
2113000
2159000
2755000
4315000
2798000
2717000
2424000
2205000
2137000
3023000
2362000
3830000
2679000
2351000
2276000
2138000
2083000
2060000
2038000
2016000
1994000
1973000
1952000
1932000
1912000
1893000
1874000
1855000
1837000
1819000
1801000
1784000
1767000
1750000
1924000
5851000
3550000
2553000
2355000
2032000
1896000
1867000
1849000
1830000
1813000
1795000
1778000
1761000
1745000
1729000
1713000
1697000
1682000
1667000
1652000
1637000
6237000
7054000
3605000
2897000
2464000
2072000
1974000
1954000
3056000
2417000
2129000
2063000
3873000
2575000
2227000
2157000
2e+06
1939000
1918000
1899000
1879000
1861000
1842000
1824000
1807000
1789000
1772000
1755000
1739000
1723000
1707000
1692000
1677000
1662000
1647000
1632000
1618000
1604000
3251000
2090000
1828000
1778000
1794000
1646000
1610000
1594000
1570000
1554000
1541000
1528000
1516000
1504000
1492000
1480000
1468000
1457000
1445000
1434000
1423000
1413000
1402000
1392000
1381000
1371000
1361000
1351000
1341000
1711000
1533000
1406000
1375000
1337000
1314000
1303000
1294000
1285000
1276000
1268000
1259000
1251000
1242000
1234000
1226000
1234000
2222000
2708000
1737000
1531000
1425000
1313000
1282000
1273000
1264000
1256000
1247000
1239000
1231000
1223000
1215000
1207000
1199000
1192000
1184000
1177000
3229000
1806000
1493000
1441000
1287000
1240000
1231000
1223000
1215000
1207000
1200000
1192000
1184000
1177000
1170000
1162000
1155000
1148000
1141000
1134000
1127000
2519000
1548000
1334000
1296000
1190000
1156000
1149000
1142000
1135000
1128000
1121000
1114000
1108000
1101000
1095000
1088000
1082000
1076000
1070000
1064000
1058000
1052000
1046000
1040000
1034000
1029000
1023000
1017000
1012000
1006000
1001000
995600
990300
985100
979900
974800
969700
964700
959800
954900
950000
945200
940400
935700
931100
926400
921900
917300
912800
908400
904000
899700
895300
891100
886800
882600
878500
874400
870300
866300
862300
858300
854400
1067000
2113000
2328000
6185000
2697000
1873000
1666000
1299000
1200000
1192000
1185000
1177000
1170000
1163000
1156000
1148000
1141000
1134000
1128000
1121000
1114000
1108000
1101000
1095000
1088000
1082000
1076000
1069000
1063000
1057000
1051000
1046000
1040000
1034000
1028000
1023000
1739000
1765000
1285000
1184000
1115000
1058000
1042000
5397000
2383000
1857000
1668000
1331000
1237000
1220000
1209000
1201000
1194000
1186000
1179000
1273000
2214000
1491000
1330000
1294000
1212000
1185000
1177000
1170000
1163000
1156000
1148000
1141000
1135000
1128000
1121000
1114000
2647000
5468000
3058000
2168000
1854000
1923000
2094000
1626000
1523000
1472000
1414000
2905000
8431000
4617000
2954000
2552000
2021000
1811000
1776000
1760000
1790000
1996000
1892000
1773000
1734000
1698000
1671000
1655000
1640000
1626000
1612000
1598000
3766000
2245000
1906000
1844000
1674000
1618000
1605000
1591000
1577000
5307000
2708000
2137000
2041000
1759000
1672000
1657000
1643000
1629000
1614000
1601000
1587000
1574000
1560000
1547000
3569000
2153000
1838000
1781000
1623000
2514000
1942000
2565000
1985000
3489000
2218000
1880000
1808000
1669000
1621000
1677000
2448000
2008000
1758000
1697000
1620000
1579000
1563000
1550000
1537000
1813000
1925000
1654000
1589000
1550000
1510000
2249000
1723000
1600000
1607000
1519000
1488000
1475000
1461000
1449000
1438000
1427000
1416000
1406000
1395000
1385000
1607000
1438000
1394000
3375000
1988000
1681000
1629000
1478000
1429000
1418000
2377000
1706000
2354000
1883000
1895000
2233000
6614000
4309000
2714000
2370000
1969000
1775000
1736000
1720000
1704000
1689000
1673000
1658000
1644000
1629000
1615000
1601000
1588000
1574000
1561000
1548000
1535000
1523000
1511000
1498000
1487000
1475000
1463000
1452000
1441000
1430000
1419000
1408000
1397000
1387000
1377000
1367000
1357000
1347000
1337000
1328000
1318000
1309000
1300000
1291000
1282000
1273000
1265000
1256000
1248000
1240000
1783000
1396000
1306000
1395000
1273000
1239000
1228000
1213000
1203000
1195000
1188000
1180000
1173000
1165000
1158000
1151000
1144000
1137000
1130000
1123000
1117000
1110000
1103000
1097000
1091000
2005000
2622000
1610000
1397000
1297000
1183000
1151000
1144000
1137000
1131000
1124000
1117000
1110000
1104000
1097000
1091000
1085000
1078000
1072000
1066000
1060000
1054000
1048000
1042000
1036000
1031000
1025000
1019000
1014000
1008000
1003000
997600
992300
987000
981900
976700
971600
966600
961600
956700
951800
947000
942200
937500
932800
1086000
2125000
1829000
1300000
1185000
1607000
1598000
1217000
1138000
1086000
1041000
1027000
1022000
1016000
1011000
1005000
999900
994600
989400
984100
979000
973900
968800
963800
958900
954000
949100
944300
939600
934900
930200
925600
921000
916500
912000
907600
903200
898900
894600
1271000
1023000
951800
2102000
1499000
1201000
1934000
3064000
8616000
3620000
2446000
2137000
1599000
1451000
1439000
1924000
1575000
1492000
1471000
1425000
1405000
1394000
1384000
1374000
1364000
1354000
1344000
1334000
1325000
1316000
1306000
1297000
2049000
1922000
1694000
1494000
2503000
6861000
6465000
3368000
2693000
5354000
5073000
2987000
6015000
4755000
3070000
2730000
2433000
2244000
2192000
2167000
2142000
2117000
11420000
4990000
3582000
3353000
2660000
2450000
2418000
2387000
2357000
2327000
2298000
2270000
3222000
10070000
4857000
3587000
3302000
2710000
2521000
2485000
2452000
2420000
2389000
2359000
2329000
2300000
2598000
2349000
4461000
3398000
3309000
2756000
2477000
4058000
3837000
10740000
9598000
8438000
5213000
6328000
10900000
5666000
10110000
