1260000
1229000
1217000
1204000
1195000
1186000
1177000
1169000
1160000
1152000
1144000
1136000
1128000
1120000
1113000
1105000
4332000
2531000
1820000
1406000
1363000
2962000
1750000
2720000
8449000
3495000
2574000
1794000
1615000
2704000
2030000
1805000
2535000
2031000
2651000
8462000
8410000
4222000
2923000
2226000
2849000
2283000
2168000
5264000
2956000
3821000
2553000
2303000
2137000
2080000
2053000
2028000
2364000
2084000
2018000
1954000
1923000
1900000
1878000
1856000
1835000
2856000
2110000
1972000
1839000
1794000
1775000
1755000
1737000
1800000
3285000
3864000
3101000
2284000
1972000
1844000
1808000
1788000
1769000
1750000
2092000
1821000
1762000
1705000
1679000
1662000
1645000
2425000
1850000
1743000
1640000
1605000
1589000
1574000
1558000
1544000
1529000
1515000
1501000
1487000
1473000
1460000
1447000
1434000
1422000
1409000
1397000
1385000
1373000
1362000
1351000
1339000
1328000
1318000
5250000
2452000
1985000
1542000
1434000
1421000
1409000
1397000
1820000
3154000
1925000
1674000
1471000
1419000
1406000
1394000
1382000
1370000
1359000
1348000
1337000
1326000
1315000
1304000
1294000
1284000
1274000
1264000
1254000
1244000
1235000
1225000
1216000
1207000
1198000
1189000
1181000
3429000
1837000
2859000
1691000
1477000
1326000
1285000
1275000
1265000
1255000
1245000
1236000
1226000
1217000
1208000
2460000
1570000
1418000
1272000
1233000
1223000
1214000
1205000
1196000
1187000
1179000
1170000
1162000
1154000
1145000
1137000
1130000
1122000
1114000
1106000
1099000
1091000
1084000
1077000
1070000
1063000
1056000
1049000
1042000
1036000
1029000
1023000
1016000
1010000
1004000
997500
991400
985400
979400
973500
967700
962000
956300
950700
945200
939700
934300
928900
923600
918400
913200
908100
903100
898100
893100
888200
883400
878600
873900
869200
864600
860000
855500
851000
846500
842100
837800
3164000
1508000
1234000
974100
912600
907500
902500
897500
892500
887700
882800
878100
873300
868700
864000
859500
854900
850400
846000
841600
837300
833000
828700
824500
820300
816200
812100
808100
804100
800100
796200
792300
788500
784600
780900
777100
2077000
3918000
1813000
5817000
2853000
1909000
1358000
1187000
1166000
1158000
1149000
1141000
1133000
1125000
1118000
1110000
1102000
1095000
1088000
1080000
1073000
1066000
1059000
1052000
1046000
1039000
1032000
1026000
1019000
1013000
1410000
2806000
1569000
1325000
1125000
1078000
1071000
1064000
1193000
1253000
1116000
1076000
1048000
1038000
1031000
1025000
1018000
1012000
1006000
999500
1198000
1801000
1241000
1126000
1033000
1009000
1002000
996200
990100
984100
978200
972300
966500
960800
5228000
8528000
3585000
2385000
1584000
1420000
1407000
1395000
1383000
1372000
1360000
1349000
2317000
1613000
1488000
1370000
1336000
2164000
1559000
1451000
1348000
1317000
1307000
1296000
1286000
1276000
1414000
1311000
1277000
1250000
1236000
1291000
1237000
5220000
2381000
1908000
1461000
1674000
1436000
1388000
1342000
2761000
1956000
1620000
1426000
1356000
1339000
1328000
1317000
1404000
1741000
1424000
1355000
1297000
1277000
1267000
1257000
2631000
1645000
1475000
1315000
1271000
1261000
1478000
5975000
2643000
2941000
4809000
2465000
2010000
1647000
1559000
1545000
1530000
1516000
1502000
1488000
1474000
1461000
1448000
1435000
1422000
1410000
1398000
1386000
1374000
1363000
1351000
1340000
1329000
1318000
1401000
1324000
1303000
1283000
1270000
10110000
3860000
2829000
3769000
11550000
5106000
3531000
2397000
2103000
3230000
4713000
2907000
2483000
2174000
2090000
2063000
2037000
2012000
1987000
1963000
1939000
8181000
5328000
3454000
5992000
3367000
2800000
2379000
2249000
2214000
5450000
3121000
2715000
2329000
2219000
2189000
2160000
2132000
2104000
2077000
2050000
5484000
3015000
2588000
2184000
2074000
2047000
2022000
1997000
1972000
1949000
1925000
1903000
2511000
2051000
1958000
1869000
1833000
1812000
1792000
1773000
1753000
1735000
1716000
1698000
1681000
1663000
1646000
1630000
1614000
1598000
1582000
1567000
1552000
1537000
1522000
1508000
1494000
1481000
1467000
1454000
1441000
1428000
1416000
1404000
1392000
1380000
1368000
1357000
1345000
1334000
1323000
1313000
1302000
1292000
1282000
1271000
1262000
1252000
1242000
1233000
1223000
1214000
1205000
1196000
1188000
1179000
1170000
1162000
1154000
2334000
1496000
1353000
1216000
1179000
1170000
1162000
1153000
1145000
1137000
1129000
1121000
1114000
1106000
1099000
1091000
1084000
1077000
1070000
1063000
1056000
1049000
1042000
1036000
1029000
1022000
1016000
1010000
1003000
997300
991200
985200
979200
973400
967600
961800
956100
950500
945000
939500
934100
928800
923500
918300
913100
908000
902900
897900
893000
888100
883300
878500
873700
869100
864400
859900
855300
850800
846400
842000
837700
833400
829100
824900
820700
816600
812500
808400
804400
800500
796500
792600
788800
785000
1125000
1027000
882600
825300
797500
790100
786300
782500
778800
775100
771400
767700
764100
760500
757000
753500
750000
1136000
1098000
884100
811400
855600
788400
775400
762900
757400
753800
750400
746900
743500
740100
736700
733400
730100
726800
723600
720400
717200
714100
710900
707800
704700
701700
698700
884500
748800
724300
700800
693300
690400
687500
684600
681700
678900
676000
673200
670400
667700
665000
1050000
774100
727000
682200
670100
667300
664600
661900
659200
656600
653900
651300
2179000
2382000
1307000
992100
813200
778800
775100
1647000
1032000
929700
831400
806400
2223000
5832000
2458000
1731000
1182000
1059000
1051000
1044000
1464000
5269000
3094000
2030000
1477000
1285000
1257000
1247000
1238000
1229000
1219000
1210000
1201000
1192000
1184000
1904000
1950000
5655000
2545000
1972000
1491000
5116000
2896000
2151000
1681000
1530000
1506000
1492000
1478000
1465000
1452000
1439000
1426000
1414000
1933000
2116000
3157000
3340000
2150000
1762000
1554000
1501000
1486000
5310000
2599000
2144000
4627000
3844000
4008000
4976000
2825000
2326000
3367000
2315000
2133000
1960000
1905000
1882000
1861000
1840000
1819000
3288000
2230000
2041000
1860000
1804000
1785000
1765000
1746000
1727000
1709000
1691000
1674000
1657000
1640000
1623000
1866000
1669000
1623000
1881000
1648000
1599000
1551000
1529000
1515000
1501000
2466000
1848000
8017000
3434000
2659000
1950000
1778000
1759000
2027000
2059000
1832000
1755000
2133000
1808000
1742000
1678000
1651000
1634000
1618000
1602000
1586000
1570000
1555000
1541000
1526000
1512000
1498000
1484000
1471000
1457000
1527000
1456000
1434000
1412000
1398000
1388000
1793000
1521000
1436000
1375000
1350000
1338000
1327000
1316000
1305000
1295000
1284000
1274000
1870000
2587000
1688000
1478000
2347000
1586000
1457000
1335000
1300000
1289000
1279000
1269000
1259000
1250000
1240000
1231000
1221000
1212000
1203000
1194000
1186000
1177000
1169000
1160000
1152000
1144000
1329000
2977000
1696000
1464000
1257000
1205000
1196000
1187000
1179000
1170000
1162000
1154000
1146000
1137000
1130000
1122000
1114000
1106000
1099000
1092000
1084000
1077000
1070000
1063000
1056000
1049000
1042000
1036000
1029000
1023000
1016000
1010000
1004000
997500
991400
985400
979400
973600
967800
962000
956300
950700
945200
939700
934300
929000
923700
918400
913300
908200
903100
898100
893200
888300
883400
878600
873900
869200
864600
860000
855500
851000
846500
842200
837800
833500
829200
825000
820900
816700
812600
808600
804600
800600
796700
792800
788900
785100
781300
777600
773900
770200
766600
763000
759400
755900
752300
748900
745400
742000
738700
735300
732000
728700
725400
722200
719000
715800
712700
709600
706500
703400
700400
697400
694400
691500
688500
685600
1523000
929800
830900
736700
713400
827900
742300
725800
710000
704100
701000
698000
695000
692100
689100
686200
683300
680500
677600
674800
1776000
997200
868300
745500
715900
712800
709700
706600
703500
700500
697500
694500
691500
8675000
3043000
2124000
1250000
1051000
1045000
1038000
1031000
1025000
1019000
1012000
1006000
999700
993600
987500
981500
975600
969800
964000
958300
952700
947200
941700
936200
930800
925500
920300
915100
910000
904900
899900
894900
890000
885100
880300
875600
870900
866200
861600
857100
852600
848100
843700
839300
835000
830700
826500
822300
818200
814100
810000
806000
802000
798100
794200
790300
786500
782700
778900
775200
771500
767800
764200
760700
757100
753600
750100
746700
743200
739800
736500
733200
729900
726600
723400
720200
1259000
1268000
928600
822000
3273000
1494000
1203000
1356000
2675000
4916000
2243000
1621000
2088000
1365000
1254000
1149000
3262000
1758000
1506000
1266000
1206000
1197000
1188000
1180000
1171000
1366000
3417000
1843000
3827000
6748000
10530000
6466000
9959000
4290000
3131000
2360000
2177000
2148000
2120000
2092000
2065000
2039000
2014000
1989000
1965000
9895000
4254000
3308000
2412000
2190000
2160000
2132000
2104000
2874000
2284000
2166000
6864000
3711000
5578000
3124000
2641000
2315000
2220000
2190000
2160000
2132000
2104000
4368000
4616000
3237000
2567000
7618000
5012000
3464000
2700000
2398000
2333000
2300000
2268000
2602000
2314000
2242000
2173000
2135000
2108000
7071000
3525000
2921000
2348000
2197000
2168000
2139000
2111000
2084000
2057000
2031000
2006000
6231000
4067000
2940000
2349000
2125000
2077000
2051000
3049000
2932000
2341000
2131000
2012000
1973000
1949000
1926000
1903000
1881000
1859000
1838000
6919000
3305000
2696000
2117000
1970000
1946000
1923000
1900000
4098000
2514000
2237000
1973000
1897000
1875000
1853000
1832000
4895000
11940000
5055000
3627000
2515000
2261000
2230000
7604000
7100000
4118000
3115000
2586000
2468000
2431000
2395000
2360000
2326000
2293000
2261000
2230000
2199000
2170000
2141000
2113000
2086000
2059000
2033000
2008000
1983000
1959000
1936000
1913000
1891000
1869000
1847000
1826000
1806000
1786000
1767000
2068000
1950000
2124000
1836000
9071000
5886000
3593000
2540000
2118000
2043000
2018000
1993000
1969000
1945000
1922000
1899000
1877000
1856000
1835000
1814000
1794000
1774000
1755000
1736000
1718000
1700000
1682000
1665000
6226000
9348000
12460000
7462000
4532000
3425000
4154000
3001000
2756000
2553000
3105000
5026000
3240000
2861000
5150000
3234000
2899000
2578000
4027000
3124000
2756000
2525000
2427000
3562000
2702000
2533000
2371000
2309000
2277000
2245000
2214000
2184000
2155000
2127000
2099000
5004000
3718000
4336000
10220000
5595000
3858000
2868000
2548000
2486000
2448000
4372000
8971000
5537000
3888000
7665000
4114000
3720000
3022000
2837000
2766000
2715000
2670000
2627000
2584000
2544000
2504000
2466000
2429000
2393000
2358000
2324000
2291000
2259000
2228000
2198000
2168000
2139000
2111000
2084000
2058000
2032000
2007000
1982000
1958000
1935000
1912000
1889000
1867000
1846000
1825000
1805000
1785000
1766000
1747000
1728000
1710000
1692000
1674000
1657000
1640000
2833000
1969000
1815000
1667000
1622000
1606000
1590000
1574000
1559000
1544000
1530000
1515000
1501000
1488000
1474000
1461000
1448000
1435000
1422000
1410000
1398000
1386000
1374000
1362000
1351000
1340000
1329000
1318000
1307000
1297000
1287000
1277000
1267000
1257000
1247000
1238000
1228000
1219000
1210000
1201000
1192000
1183000
1831000
1364000
1281000
1202000
1178000
1169000
1161000
1152000
5529000
9396000
3980000
2690000
1812000
1628000
1612000
1596000
1580000
2341000
5281000
4533000
3067000
7755000
6083000
3549000
2621000
2182000
2093000
5765000
3128000
2674000
2242000
2125000
2097000
2070000
2570000
15820000
6132000
4473000
2937000
2568000
2527000
6558000
3675000
3171000
2690000
2552000
2512000
2473000
2436000
3449000
2678000
2523000
2374000
3919000
7412000
6570000
3987000
6034000
3553000
3113000
2753000
2639000
2597000
2555000
2516000
2477000
2440000
2403000
2368000
2334000
2301000
2268000
2237000
2206000
2177000
2148000
2119000
2092000
2065000
4888000
2850000
2494000
2156000
2061000
2035000
2110000
2966000
5178000
2967000
2871000
2239000
2099000
2033000
3323000
2361000
4506000
2694000
2368000
2089000
2008000
1983000
1959000
1936000
1913000
1890000
1869000
1847000
1826000
1806000
1786000
1766000
1747000
1729000
1710000
1693000
1675000
1658000
1641000
1837000
5988000
3505000
2572000
2016000
1830000
1796000
1776000
1757000
1738000
1720000
1702000
1684000
1667000
1650000
1633000
1617000
1601000
1585000
1570000
1554000
1540000
6431000
7889000
3859000
2743000
2069000
1927000
1905000
1882000
3099000
2373000
2101000
1927000
4190000
2617000
2265000
1979000
1891000
1867000
1846000
1825000
1804000
1784000
1765000
1746000
1727000
1709000
1691000
1674000
1657000
1640000
1623000
1607000
1591000
1576000
1561000
1546000
1531000
1517000
3328000
2030000
1806000
1593000
1692000
1567000
1535000
1504000
1486000
1472000
1459000
1446000
1433000
1421000
1408000
1396000
1384000
1373000
1361000
1350000
1339000
1328000
1317000
1306000
1296000
1286000
1275000
1265000
1256000
1702000
1470000
1342000
1272000
1241000
1230000
1221000
1211000
1202000
1194000
1185000
1176000
1168000
1159000
1151000
1143000
1177000
2206000
2707000
1695000
1427000
1257000
1218000
1209000
1200000
1191000
1182000
1174000
1165000
1157000
1149000
1141000
1133000
1125000
1117000
1109000
1102000
3321000
1756000
1495000
1246000
1184000
1175000
1167000
1159000
1150000
1142000
1134000
1126000
1119000
1111000
1103000
1096000
1089000
1081000
1074000
1067000
1060000
2578000
1501000
1320000
1147000
1103000
1096000
1089000
1081000
1074000
1067000
1060000
1053000
1046000
1040000
1033000
1027000
1020000
1014000
1007000
1001000
995000
988900
982900
977000
971200
965400
959700
954000
948500
942900
937500
932100
926800
921500
916300
911200
906100
901000
896100
891100
886300
881500
876700
872000
867300
862700
858100
853600
849200
844700
840400
836000
831800
827500
823300
819200
815000
811000
806900
802900
799000
795100
791200
1057000
2443000
2927000
6818000
2751000
1927000
1309000
1174000
1166000
1157000
1149000
1141000
1133000
1125000
1117000
1110000
1102000
1095000
1088000
1080000
1073000
1066000
1059000
1052000
1045000
1039000
1032000
1026000
1019000
1013000
1006000
1e+06
994200
988100
982100
976200
1799000
1771000
1274000
1113000
1026000
1006000
999900
5628000
2372000
1973000
1367000
1232000
1208000
1196000
1187000
1179000
1170000
1162000
1153000
1254000
2249000
1475000
1332000
1204000
1170000
1162000
1153000
1145000
1137000
1129000
1121000
1114000
1106000
1099000
1091000
1084000
2709000
6593000
3575000
2388000
1643000
2012000
2386000
1717000
1544000
1427000
1395000
3605000
9551000
4995000
3183000
2181000
1872000
1827000
1807000
1787000
1817000
2033000
1920000
1796000
1736000
1701000
1681000
1663000
1646000
1630000
1614000
1598000
3895000
2257000
1977000
1710000
1637000
1621000
1605000
1589000
1574000
5526000
2730000
2261000
1813000
1700000
1683000
1665000
1648000
1632000
1615000
1599000
1584000
1568000
1553000
1539000
3820000
2192000
1914000
1650000
1579000
2564000
1946000
2639000
1930000
3591000
2173000
1918000
1699000
1638000
1622000
1680000
2494000
2021000
1777000
1644000
1589000
1569000
1554000
1540000
1525000
1939000
2095000
1700000
1585000
1510000
1485000
2586000
1787000
1646000
1561000
1485000
1466000
1448000
1434000
1421000
1409000
1397000
1385000
1373000
1361000
1350000
1684000
1429000
1378000
4263000
2170000
1819000
1487000
1404000
1391000
1380000
2798000
1776000
2776000
1931000
2050000
2468000
7164000
4468000
2847000
2077000
1792000
1743000
1724000
1706000
1688000
1671000
1653000
1637000
1620000
1604000
1589000
1573000
1558000
1543000
1529000
1514000
1500000
1486000
1473000
1460000
1447000
1434000
1421000
1409000
1397000
1385000
1373000
1361000
1350000
1339000
1328000
1317000
1307000
1296000
1286000
1276000
1266000
1256000
1246000
1237000
1227000
1235000
1214000
1203000
1193000
1184000
1787000
1351000
1273000
1315000
1210000
1189000
1168000
1157000
1148000
1140000
1132000
1125000
1117000
1109000
1102000
1094000
1087000
1080000
1073000
1065000
1059000
1052000
1045000
1038000
1032000
2046000
2656000
1597000
1327000
1150000
1110000
1103000
1095000
1088000
1081000
1074000
1067000
1060000
1053000
1046000
1039000
1033000
1026000
1020000
1013000
1007000
1001000
994700
988600
982600
976700
970900
965100
959400
953700
948200
942700
937200
931800
926500
921200
916000
910900
905800
900800
895800
890900
886000
881200
876400
1161000
2706000
2097000
1384000
1103000
1579000
1576000
1191000
1070000
1002000
984900
979000
973100
967300
961600
955900
950300
944800
939300
933900
928600
923300
918000
912900
907800
902700
897700
892800
887900
883100
878300
873600
868900
864200
859700
855100
850600
846200
841800
1465000
1041000
945600
2645000
1704000
1308000
2201000
3176000
10650000
4079000
2739000
1695000
1456000
1441000
1428000
2147000
1618000
1522000
1430000
1400000
1388000
1376000
1365000
1353000
1342000
1331000
1320000
1309000
1299000
1289000
1278000
1268000
2314000
2151000
1847000
1477000
2972000
8224000
7017000
3618000
2481000
5770000
6144000
3409000
7511000
5544000
3485000
2692000
2327000
2248000
2217000
2187000
2158000
2129000
13300000
5407000
4089000
2835000
2526000
2487000
2449000
2412000
2377000
2342000
2309000
2276000
3644000
11060000
5115000
3855000
2850000
2589000
2544000
2505000
2467000
2430000
2393000
2359000
2325000
2292000
2726000
2366000
5229000
3698000
3642000
2681000
2422000
4447000
4e+06
11520000
10770000
10150000
5270000
7084000
12900000
6283000
11320000
