870900
857200
850100
842600
836400
830300
824300
818400
812600
806800
801200
795600
790100
784600
779300
774000
1764000
1269000
1103000
995200
1006000
1392000
1140000
1402000
3584000
2059000
1798000
1558000
1534000
1910000
1696000
1617000
1871000
1720000
1943000
4751000
4771000
3230000
2728000
2491000
2737000
2507000
2431000
3742000
2850000
3295000
2729000
2613000
2500000
2445000
2394000
2344000
2447000
2311000
2253000
2196000
2154000
2114000
2076000
2038000
2002000
2534000
2147000
2061000
1975000
1940000
1908000
1876000
1846000
1878000
2640000
2983000
2638000
2239000
2089000
2021000
1985000
1951000
1918000
1886000
2062000
1901000
1852000
1804000
1776000
1748000
1722000
2125000
1824000
1758000
1692000
1667000
1643000
1619000
1596000
1574000
1553000
1532000
1512000
1492000
1472000
1454000
1435000
1417000
1400000
1383000
1366000
1350000
1334000
1319000
1304000
1289000
1275000
1261000
2840000
1854000
1695000
1532000
1509000
1489000
1470000
1451000
1624000
2080000
1693000
1605000
1532000
1511000
1491000
1472000
1453000
1435000
1417000
1399000
1382000
1366000
1350000
1334000
1318000
1303000
1289000
1274000
1260000
1246000
1233000
1220000
1207000
1194000
1182000
1170000
1158000
2330000
1576000
1913000
1507000
1448000
1389000
1372000
1355000
1339000
1324000
1309000
1294000
1279000
1265000
1251000
1909000
1478000
1402000
1325000
1309000
1294000
1280000
1266000
1252000
1238000
1225000
1212000
1199000
1187000
1174000
1162000
1151000
1139000
1128000
1117000
1106000
1095000
1085000
1075000
1065000
1055000
1045000
1036000
1026000
1017000
1008000
999300
990700
982100
973700
965500
957400
949400
941600
933900
926300
918800
911500
904300
897200
890200
883300
876500
869800
863200
856800
850400
844100
837900
831800
825800
819800
814000
808200
802500
796900
791400
786000
780600
775300
770100
764900
1662000
1101000
1014000
925000
916200
908900
901800
894700
887700
880900
874100
867500
860900
854500
848100
841900
835700
829700
823700
817800
811900
806200
800600
795000
789500
784100
778700
773400
768200
763100
758000
753000
748100
743200
738400
733700
1447000
1872000
1277000
3205000
2086000
1730000
1501000
1457000
1438000
1420000
1403000
1385000
1369000
1353000
1337000
1321000
1306000
1291000
1277000
1263000
1249000
1235000
1222000
1209000
1196000
1184000
1172000
1160000
1148000
1137000
1477000
2075000
1507000
1384000
1292000
1277000
1262000
1249000
1311000
1330000
1260000
1232000
1212000
1199000
1186000
1174000
1162000
1150000
1139000
1127000
1231000
1519000
1260000
1202000
1156000
1143000
1132000
1121000
1110000
1099000
1089000
1079000
1068000
1059000
3034000
4954000
2802000
2307000
1983000
1945000
1912000
1880000
1850000
1820000
1791000
1764000
2263000
1900000
1823000
1747000
1719000
2142000
1828000
1760000
1693000
1667000
1643000
1620000
1597000
1575000
1620000
1565000
1535000
1509000
1489000
1502000
1463000
3232000
2113000
1930000
1742000
1884000
1748000
1707000
1666000
2310000
1987000
1825000
1726000
1689000
1664000
1640000
1617000
1629000
1735000
1623000
1585000
1551000
1530000
1510000
1490000
2016000
1672000
1605000
1536000
1515000
1495000
1589000
3603000
2273000
2512000
3599000
2529000
2304000
2118000
2077000
2040000
2004000
1969000
1936000
1903000
1872000
1841000
1812000
1784000
1756000
1729000
1703000
1678000
1654000
1630000
1607000
1585000
1563000
1542000
1608000
1536000
1509000
1482000
1462000
5675000
3043000
2629000
3225000
8089000
4739000
3934000
3316000
3196000
3778000
4603000
3645000
3375000
3164000
3076000
2995000
2917000
2844000
2774000
2708000
2645000
6243000
4787000
3815000
5259000
3978000
3656000
3372000
3265000
3173000
4964000
3726000
3467000
3205000
3114000
3030000
2951000
2876000
2805000
2737000
2672000
4706000
3312000
3047000
2784000
2714000
2650000
2590000
2532000
2476000
2423000
2373000
2324000
2692000
2397000
2316000
2235000
2191000
2149000
2109000
2071000
2034000
1998000
1963000
1930000
1898000
1867000
1836000
1807000
1779000
1752000
1725000
1699000
1674000
1650000
1626000
1603000
1581000
1559000
1538000
1518000
1498000
1478000
1459000
1441000
1423000
1405000
1388000
1371000
1355000
1339000
1324000
1308000
1294000
1279000
1265000
1251000
1237000
1224000
1211000
1198000
1186000
1174000
1162000
1150000
1139000
1127000
1116000
1105000
1152000
1915000
1390000
1298000
1210000
1196000
1184000
1172000
1160000
1148000
1137000
1126000
1115000
1104000
1093000
1083000
1073000
1063000
1053000
1043000
1034000
1024000
1015000
1006000
997500
988900
980400
972000
963800
955700
947800
940000
932300
924700
917300
910000
902800
895700
888700
881900
875100
868400
861900
855400
849100
842800
836600
830500
824500
818600
812800
807000
801400
795800
790300
784800
779500
774200
769000
763800
758800
753800
748800
743900
739100
734400
729700
725000
720500
715900
711500
707100
702700
698400
694200
1020000
884200
809100
768600
756900
751800
746900
742100
737300
732500
727900
723300
718700
714200
709800
705400
701100
871300
874400
786400
756300
781300
750800
742300
733800
729100
724500
719900
715400
710900
706500
702200
697900
693700
689500
685300
681300
677200
673200
669300
665400
661500
657700
654000
735200
682800
672400
661200
657300
653500
649800
646100
642500
638900
635400
631900
628400
624900
621500
739000
665400
652200
638200
634500
630900
627500
624100
620700
617300
614000
610700
1047000
1362000
967500
872700
814300
807700
802000
1200000
944800
902500
859500
852500
1371000
2970000
1760000
1514000
1322000
1302000
1287000
1273000
1471000
3349000
2522000
2024000
1775000
1706000
1680000
1655000
1631000
1608000
1586000
1564000
1543000
1522000
1502000
1851000
1890000
3828000
2401000
2150000
1919000
3873000
2839000
2483000
2240000
2174000
2133000
2094000
2056000
2019000
1984000
1950000
1917000
1885000
2146000
2235000
2793000
2941000
2375000
2181000
2072000
2031000
1996000
4004000
2719000
2495000
3895000
3866000
4157000
4684000
3448000
3125000
3691000
3122000
2976000
2832000
2761000
2696000
2633000
2573000
2516000
3367000
2762000
2627000
2490000
2435000
2384000
2335000
2288000
2242000
2199000
2157000
2117000
2078000
2041000
2005000
2127000
1995000
1947000
2062000
1929000
1883000
1838000
1809000
1780000
1753000
2254000
1935000
5215000
3043000
2692000
2338000
2286000
2241000
2359000
2352000
2215000
2148000
2328000
2147000
2089000
2031000
1995000
1960000
1927000
1895000
1864000
1834000
1805000
1776000
1749000
1723000
1697000
1672000
1648000
1624000
1692000
1616000
1587000
1557000
1536000
1524000
1648000
1551000
1511000
1477000
1457000
1439000
1421000
1403000
1386000
1369000
1353000
1337000
1622000
1833000
1539000
1459000
1771000
1530000
1480000
1429000
1411000
1394000
1377000
1361000
1345000
1329000
1314000
1299000
1284000
1270000
1256000
1242000
1229000
1215000
1203000
1190000
1178000
1166000
1416000
2123000
1533000
1413000
1316000
1300000
1285000
1271000
1257000
1243000
1230000
1217000
1204000
1191000
1179000
1167000
1155000
1143000
1132000
1121000
1110000
1099000
1089000
1079000
1068000
1059000
1049000
1039000
1030000
1021000
1012000
1003000
994000
985400
976900
968600
960500
952500
944600
936800
929200
921700
914300
907000
899900
892800
885900
879100
872400
865700
859200
852800
846500
840300
834100
828100
822100
816200
810400
804700
799100
793500
788000
782600
777300
772100
766900
761800
756700
751700
746800
742000
737200
732400
727800
723200
718600
714100
709700
705300
701000
696700
692500
688300
684200
688100
679500
674900
670300
666400
662500
658700
654900
651200
647500
643800
640200
636700
633100
629600
626200
622800
619400
616100
612800
609500
606300
603100
906300
725400
697200
666800
662600
696600
671200
664400
657300
653500
649800
646100
642500
638900
635300
631800
628400
624900
621500
636000
952500
758500
727000
694500
689800
685700
681600
677600
673600
669600
665700
661900
678500
3789000
1875000
1589000
1294000
1275000
1261000
1247000
1234000
1220000
1207000
1195000
1182000
1170000
1158000
1147000
1135000
1124000
1113000
1102000
1092000
1081000
1071000
1061000
1052000
1042000
1032000
1023000
1014000
1005000
996400
987800
979300
970900
962700
954700
946800
939000
931300
923800
916400
909100
901900
894800
887800
881000
874200
867600
861000
854600
848200
842000
835800
829700
823800
817800
812000
806300
800600
795100
789600
784100
778800
773500
768300
763200
758100
753100
748200
743300
738500
733800
729100
724400
719900
715400
710900
1035000
1009000
862000
810500
1774000
1168000
1074000
1115000
1614000
2969000
1835000
1602000
1868000
1579000
1522000
1463000
2513000
1858000
1746000
1628000
1604000
1582000
1560000
1539000
1518000
1602000
2639000
1931000
3027000
4661000
7907000
5596000
8413000
5103000
4471000
3942000
3802000
3678000
3562000
3453000
3350000
3254000
3163000
3076000
2995000
7546000
4628000
4110000
3579000
3462000
3359000
3262000
3171000
3540000
3174000
3052000
5667000
4064000
5135000
3867000
3613000
3376000
3276000
3183000
3096000
3014000
2935000
4177000
4353000
3629000
3242000
6098000
4860000
4058000
3613000
3437000
3334000
3239000
3148000
3282000
3064000
2966000
2872000
2800000
2733000
5516000
3657000
3317000
2976000
2896000
2823000
2755000
2689000
2627000
2567000
2510000
2456000
4514000
3641000
3078000
2775000
2662000
2600000
2542000
2907000
2856000
2621000
2509000
2433000
2382000
2333000
2286000
2241000
2197000
2155000
2115000
4401000
2956000
2705000
2445000
2390000
2341000
2293000
2248000
3221000
2566000
2432000
2295000
2248000
2204000
2162000
2122000
3588000
7479000
4288000
3637000
3108000
3018000
2940000
5950000
5855000
4354000
3802000
3518000
3409000
3309000
3215000
3126000
3042000
2962000
2887000
2815000
2746000
2681000
2619000
2560000
2503000
2449000
2398000
2348000
2300000
2254000
2211000
2168000
2128000
2088000
2051000
2014000
1979000
1945000
1913000
2342000
2087000
2139000
1953000
5296000
4240000
3211000
2746000
2582000
2523000
2468000
2415000
2393000
2328000
2279000
2232000
2188000
2147000
2107000
2069000
2032000
1996000
1962000
1928000
1896000
1865000
1835000
1843000
4280000
5815000
8188000
6001000
4615000
4098000
4557000
3929000
3725000
3539000
3801000
4836000
3884000
3627000
4892000
3892000
3656000
3418000
4211000
3696000
3444000
3258000
3155000
3762000
3249000
3105000
2963000
2886000
2814000
2746000
2681000
2619000
2560000
2503000
2483000
3849000
3372000
3773000
7189000
4925000
4045000
3510000
3354000
3256000
3165000
4201000
7049000
5344000
4371000
6843000
4776000
4528000
4005000
3850000
3708000
3590000
3479000
3375000
3277000
3185000
3097000
3015000
2936000
2862000
2791000
2724000
2660000
2599000
2541000
2485000
2432000
2381000
2332000
2285000
2239000
2196000
2154000
2114000
2076000
2038000
2002000
1968000
1934000
1902000
2197000
1960000
1899000
1839000
1809000
1781000
1754000
1727000
1701000
1676000
1652000
2299000
1859000
1773000
1687000
1662000
1638000
1614000
1592000
1570000
1548000
1528000
1507000
1488000
1468000
1450000
1432000
1414000
1396000
1380000
1363000
1347000
1331000
1316000
1301000
1286000
1272000
1258000
1244000
1230000
1217000
1204000
1192000
1180000
1167000
1156000
1144000
1133000
1122000
1111000
1100000
1089000
1079000
1409000
1192000
1151000
1110000
1099000
1088000
1078000
1068000
2782000
4762000
2696000
2236000
1924000
1887000
1856000
1827000
1798000
2185000
3755000
3485000
2813000
5281000
4806000
3560000
3093000
2881000
2807000
4842000
3450000
3181000
2912000
2836000
2766000
2700000
2940000
11050000
5719000
4804000
3904000
3762000
3640000
6083000
4410000
4060000
3706000
3585000
3474000
3370000
3273000
3780000
3323000
3182000
3044000
3876000
5872000
5588000
4281000
5660000
4272000
3980000
3690000
3570000
3461000
3358000
3261000
3169000
3083000
3001000
2923000
2850000
2780000
2713000
2649000
2589000
2531000
2476000
2423000
2372000
2323000
3438000
2700000
2552000
2398000
2347000
2299000
2299000
2603000
3483000
2713000
2679000
2439000
2375000
2314000
2792000
2431000
3258000
2618000
2490000
2359000
2310000
2264000
2220000
2177000
2136000
2097000
2058000
2022000
1986000
1952000
1919000
1887000
1857000
1827000
1798000
1770000
1743000
1716000
1691000
1785000
3945000
2795000
2354000
2083000
2015000
1980000
1946000
1913000
1881000
1851000
1821000
1792000
1764000
1737000
1711000
1686000
1661000
1637000
1614000
1591000
1570000
3962000
4696000
3072000
2609000
2354000
2303000
2257000
2213000
2844000
2478000
2325000
2215000
3244000
2585000
2425000
2280000
2230000
2187000
2146000
2106000
2068000
2031000
1995000
1960000
1927000
1895000
1864000
1834000
1805000
1777000
1749000
1723000
1697000
1672000
1648000
1624000
1601000
1579000
2598000
1937000
1821000
1701000
1735000
1676000
1647000
1618000
1596000
1573000
1552000
1531000
1511000
1491000
1472000
1453000
1435000
1417000
1399000
1382000
1366000
1350000
1334000
1318000
1303000
1289000
1274000
1260000
1246000
1597000
1403000
1326000
1274000
1256000
1242000
1228000
1215000
1202000
1190000
1178000
1166000
1154000
1142000
1131000
1120000
1255000
1678000
1940000
1474000
1354000
1282000
1267000
1253000
1239000
1226000
1213000
1200000
1188000
1175000
1163000
1152000
1140000
1129000
1118000
1107000
1096000
2347000
1545000
1416000
1286000
1270000
1256000
1242000
1229000
1216000
1203000
1190000
1178000
1166000
1154000
1143000
1131000
1120000
1109000
1099000
1088000
1078000
1938000
1384000
1293000
1201000
1187000
1175000
1163000
1151000
1140000
1128000
1117000
1106000
1096000
1085000
1075000
1065000
1055000
1046000
1036000
1027000
1018000
1009000
999800
991100
982500
974200
965900
957800
949800
942000
934300
926700
919200
911900
904600
897500
890500
883600
876800
870100
863600
857100
850700
844400
838200
832100
826100
820100
814300
808500
802800
797200
791700
786200
780900
775600
770300
765200
760100
755000
750100
745200
740300
1017000
1417000
1546000
3521000
1957000
1685000
1451000
1430000
1412000
1395000
1378000
1361000
1345000
1330000
1314000
1299000
1285000
1270000
1256000
1242000
1229000
1216000
1203000
1191000
1178000
1166000
1154000
1143000
1131000
1120000
1109000
1099000
1088000
1078000
1068000
1058000
1441000
1473000
1252000
1179000
1141000
1129000
1118000
3391000
1965000
1811000
1543000
1514000
1488000
1469000
1450000
1432000
1414000
1397000
1380000
1424000
1904000
1557000
1487000
1422000
1403000
1386000
1370000
1353000
1337000
1322000
1307000
1292000
1277000
1263000
1249000
1236000
2035000
3871000
2717000
2213000
1903000
2145000
2354000
2015000
1915000
1843000
1813000
2967000
6671000
4512000
3462000
2913000
2768000
2700000
2638000
2578000
2551000
2621000
2535000
2437000
2370000
2316000
2270000
2225000
2183000
2141000
2102000
2064000
3264000
2468000
2318000
2165000
2123000
2084000
2046000
2010000
1975000
4060000
2727000
2497000
2261000
2213000
2171000
2130000
2091000
2053000
2017000
1982000
1948000
1915000
1883000
1852000
3064000
2254000
2107000
1959000
1924000
2426000
2112000
2472000
2117000
3001000
2311000
2182000
2055000
2017000
1982000
1990000
2400000
2160000
2024000
1939000
1898000
1867000
1837000
1807000
1779000
1997000
2064000
1854000
1780000
1730000
1703000
2255000
1863000
1783000
1732000
1688000
1660000
1634000
1611000
1588000
1566000
1545000
1524000
1504000
1485000
1465000
1585000
1483000
1453000
2473000
1829000
1719000
1604000
1580000
1558000
1537000
2048000
1713000
2094000
1821000
1899000
2165000
4713000
3505000
2759000
2392000
2282000
2236000
2192000
2151000
2111000
2072000
2035000
1999000
1965000
1931000
1899000
1868000
1838000
1808000
1780000
1753000
1726000
1700000
1675000
1651000
1627000
1604000
1582000
1560000
1539000
1519000
1499000
1479000
1460000
1442000
1424000
1406000
1389000
1372000
1356000
1340000
1324000
1309000
1294000
1280000
1265000
1478000
1323000
1288000
1254000
1240000
1549000
1333000
1290000
1310000
1257000
1237000
1218000
1205000
1193000
1180000
1168000
1156000
1145000
1133000
1122000
1111000
1101000
1090000
1080000
1070000
1060000
1050000
1040000
1031000
1141000
1456000
1862000
1388000
1279000
1205000
1191000
1179000
1167000
1155000
1143000
1132000
1121000
1110000
1099000
1089000
1078000
1068000
1058000
1049000
1039000
1030000
1020000
1011000
1003000
993800
985200
976800
968500
960300
952300
944400
936700
929000
921500
914100
906900
899700
892700
885800
878900
872200
865600
859100
852700
846300
1065000
1480000
1332000
1131000
1055000
1221000
1239000
1133000
1095000
1072000
1062000
1052000
1042000
1033000
1024000
1015000
1006000
996900
988300
979800
971500
963300
955200
947300
939500
931800
924200
916800
909500
902300
895200
888300
881400
874600
868000
861400
855000
848600
842400
1182000
972400
930300
1458000
1219000
1118000
1433000
2117000
6e+06
3118000
2563000
2109000
2060000
2023000
1988000
2355000
2071000
2e+06
1930000
1898000
1866000
1836000
1807000
1779000
1751000
1725000
1699000
1674000
1650000
1626000
1603000
1581000
2008000
1952000
1857000
1713000
2442000
5349000
5570000
3629000
3050000
5299000
5437000
4006000
6459000
5827000
4553000
4027000
3763000
3640000
3526000
3419000
3318000
3224000
10700000
5903000
5071000
4224000
4061000
3919000
3787000
3664000
3549000
3440000
3339000
3243000
3962000
8897000
5431000
4649000
3994000
3839000
3712000
3594000
3483000
3379000
3280000
3188000
3100000
3017000
3217000
2967000
4543000
3751000
3733000
3198000
3043000
4150000
3944000
8660000
8895000
8600000
5913000
7048000
11290000
7336000
11240000
