1035000
1021000
1014000
1007000
1001000
995300
989800
984300
978800
973500
968200
962900
957700
952600
947500
942400
2883000
1774000
1361000
1126000
1150000
2035000
1351000
1855000
4860000
2286000
1829000
1454000
1421000
1990000
1637000
1521000
1905000
1652000
1979000
5833000
5393000
3009000
2264000
1948000
2340000
2018000
1951000
3684000
2400000
2890000
2190000
2080000
1985000
1959000
1938000
1917000
2099000
1936000
1894000
1854000
1833000
1814000
1796000
1778000
1760000
2529000
1956000
1852000
1754000
1732000
1715000
1699000
1683000
1729000
2847000
3270000
2682000
2069000
1860000
1786000
1765000
1748000
1731000
1714000
1971000
1761000
1714000
1671000
1653000
1638000
1623000
2210000
1767000
1685000
1609000
1591000
1577000
1563000
1549000
1535000
1522000
1509000
1497000
1484000
1472000
1460000
1448000
1436000
1424000
1413000
1402000
1391000
1380000
1369000
1359000
1348000
1338000
1328000
3400000
1939000
1705000
1483000
1458000
1446000
1435000
1423000
1642000
2338000
1700000
1572000
1471000
1454000
1442000
1430000
1419000
1408000
1397000
1386000
1375000
1364000
1354000
1344000
1334000
1324000
1314000
1304000
1295000
1285000
1276000
1267000
1258000
1249000
1240000
1232000
1223000
2718000
1653000
2156000
1521000
1428000
1350000
1336000
1326000
1316000
1306000
1297000
1287000
1278000
1269000
1260000
2139000
1506000
1400000
1301000
1286000
1277000
1268000
1259000
1250000
1241000
1232000
1224000
1215000
1207000
1199000
1191000
1183000
1175000
1167000
1160000
1152000
1145000
1137000
1130000
1123000
1116000
1109000
1102000
1095000
1089000
1082000
1075000
1069000
1063000
1056000
1050000
1044000
1038000
1032000
1026000
1020000
1014000
1008000
1002000
996800
991300
985800
980300
974900
969600
964300
959100
954000
948900
943800
938800
933900
929000
924100
919300
914600
909900
905300
900700
896100
891600
887200
1995000
1218000
1097000
980000
968400
963300
958100
953000
947900
942800
937900
932900
928100
923200
918400
913700
909000
904400
899800
895300
890800
886300
881900
877600
873200
869000
864700
860500
856400
852300
848200
844200
840200
836200
832300
828400
1684000
2517000
1413000
4421000
2327000
1690000
1307000
1241000
1231000
1222000
1214000
1206000
1198000
1189000
1182000
1174000
1166000
1158000
1151000
1143000
1136000
1129000
1122000
1115000
1108000
1101000
1094000
1087000
1081000
1074000
1371000
2376000
1464000
1291000
1156000
1141000
1134000
1126000
1219000
1260000
1158000
1127000
1108000
1100000
1093000
1087000
1080000
1073000
1067000
1061000
1204000
1639000
1226000
1143000
1079000
1070000
1063000
1057000
1051000
1044000
1038000
1032000
1026000
1020000
4125000
5652000
2680000
1947000
1536000
1501000
1489000
1477000
1464000
1452000
1441000
1429000
1932000
1563000
1496000
1433000
1418000
1848000
1530000
1471000
1416000
1402000
1391000
1380000
1369000
1359000
1444000
1375000
1349000
1328000
1317000
1355000
1312000
3579000
1973000
1716000
1474000
1616000
1488000
1458000
1430000
2172000
1753000
1580000
1479000
1451000
1438000
1427000
1415000
1455000
1627000
1459000
1419000
1386000
1374000
1363000
1353000
2142000
1573000
1477000
1385000
1370000
1359000
1514000
4152000
2184000
2515000
4021000
2302000
1966000
1712000
1682000
1667000
1651000
1636000
1621000
1606000
1592000
1578000
1564000
1550000
1536000
1523000
1510000
1497000
1485000
1473000
1460000
1448000
1437000
1425000
1466000
1418000
1402000
1386000
1375000
7320000
3101000
2434000
3256000
8391000
4148000
3085000
2380000
2282000
2903000
4037000
2799000
2525000
2325000
2286000
2256000
2228000
2200000
2173000
2147000
2121000
6150000
4518000
3163000
5248000
3280000
2860000
2537000
2474000
2439000
4946000
3109000
2791000
2495000
2445000
2411000
2379000
2347000
2316000
2287000
2257000
4525000
2881000
2599000
2334000
2290000
2261000
2232000
2204000
2177000
2151000
2125000
2100000
2556000
2196000
2120000
2048000
2021000
1998000
1976000
1954000
1933000
1912000
1892000
1872000
1852000
1833000
1814000
1796000
1778000
1760000
1743000
1726000
1709000
1693000
1677000
1661000
1645000
1630000
1615000
1601000
1586000
1572000
1559000
1545000
1532000
1518000
1506000
1493000
1480000
1468000
1456000
1444000
1432000
1421000
1410000
1399000
1388000
1377000
1366000
1356000
1345000
1335000
1325000
1315000
1306000
1296000
1287000
1278000
1268000
2149000
1515000
1410000
1310000
1295000
1285000
1276000
1267000
1258000
1249000
1240000
1232000
1223000
1215000
1207000
1198000
1190000
1182000
1175000
1167000
1159000
1152000
1144000
1137000
1130000
1123000
1116000
1109000
1102000
1095000
1088000
1081000
1075000
1068000
1062000
1056000
1049000
1043000
1037000
1031000
1025000
1019000
1014000
1008000
1002000
996400
990900
985400
979900
974500
969200
963900
958700
953600
948500
943400
938400
933500
928600
923800
919000
914300
909600
904900
900300
895800
891300
886800
882400
878100
873700
869500
865200
861000
1117000
1033000
929200
887600
871500
866700
862500
858400
854200
850200
846100
842100
838100
834200
830300
826400
822600
1097000
1064000
913200
863100
898900
853100
842900
833100
828800
825000
821200
817400
813700
809900
806300
802600
799000
795400
791900
788400
784900
781400
778000
774600
771200
767900
764600
897300
797700
779600
762500
758500
755300
752100
748900
745700
742600
739500
736500
733400
730400
727400
997400
800400
767600
736600
732100
729100
726100
723200
720200
717300
714400
711600
1783000
1917000
1163000
952600
851300
842300
838500
1449000
1014000
944000
877600
869800
1668000
4109000
1925000
1485000
1162000
1133000
1126000
1119000
1423000
4069000
2432000
1777000
1426000
1355000
1342000
1332000
1322000
1313000
1303000
1294000
1284000
1275000
1266000
1788000
1815000
3782000
2056000
1752000
1502000
4043000
2536000
2009000
1695000
1631000
1614000
1599000
1585000
1571000
1557000
1544000
1530000
1517000
1784000
1936000
2780000
2936000
2049000
1771000
1636000
1611000
1597000
4479000
2407000
2070000
3955000
3398000
3520000
3907000
2584000
2277000
2864000
2292000
2183000
2081000
2052000
2028000
2005000
1983000
1961000
3064000
2255000
2110000
1974000
1945000
1924000
1903000
1883000
1863000
1844000
1825000
1806000
1788000
1770000
1753000
1932000
1776000
1737000
1928000
1750000
1708000
1669000
1652000
1637000
1622000
2346000
1870000
6532000
3039000
2480000
1967000
1917000
1896000
2093000
2111000
1934000
1871000
2157000
1907000
1853000
1801000
1781000
1763000
1746000
1729000
1712000
1696000
1680000
1664000
1648000
1633000
1618000
1604000
1589000
1575000
1629000
1567000
1546000
1526000
1512000
1501000
1707000
1561000
1512000
1476000
1460000
1448000
1437000
1425000
1414000
1402000
1391000
1381000
1713000
2069000
1599000
1489000
1950000
1562000
1494000
1428000
1413000
1402000
1391000
1380000
1370000
1359000
1349000
1339000
1329000
1319000
1309000
1299000
1290000
1281000
1272000
1262000
1254000
1245000
1387000
2576000
1635000
1469000
1326000
1308000
1299000
1289000
1280000
1271000
1262000
1253000
1244000
1235000
1227000
1218000
1210000
1202000
1194000
1186000
1178000
1170000
1162000
1155000
1147000
1140000
1133000
1126000
1118000
1111000
1104000
1098000
1091000
1084000
1078000
1071000
1065000
1058000
1052000
1046000
1040000
1034000
1028000
1022000
1016000
1010000
1004000
998800
993200
987600
982200
976800
971400
966100
960900
955700
950600
945500
940500
935600
930600
925800
921000
916200
911500
906900
902300
897700
893200
888700
884300
879900
875500
871200
867000
862800
858600
854500
850400
846300
842300
838300
834400
830500
826600
822800
819000
815200
811500
807800
804100
800500
796900
793300
789800
786300
782800
779400
776000
772600
769300
766000
762700
759400
756200
753000
749800
746600
1342000
914800
846400
782100
775300
855000
792900
780500
768800
765000
761700
758400
755200
752000
748800
745700
742600
739500
736400
733400
1509000
953600
865700
783100
775200
772000
768700
765400
762100
758800
755600
752400
749200
5917000
2253000
1692000
1160000
1123000
1117000
1110000
1103000
1096000
1089000
1083000
1076000
1070000
1063000
1057000
1051000
1045000
1038000
1032000
1026000
1021000
1015000
1009000
1003000
997500
992000
986500
981000
975600
970300
965000
959800
954600
949500
944400
939400
934500
929600
924700
920000
915200
910500
905900
901300
896700
892200
887700
883300
878900
874600
870300
866100
861900
857700
853600
849500
845400
841400
837500
833500
829600
825800
821900
818200
814400
810700
807000
803300
799700
796100
792600
789100
785600
782100
778700
775300
1162000
1158000
918100
845100
2319000
1256000
1091000
1144000
1918000
3777000
1864000
1466000
1843000
1356000
1277000
1202000
2750000
1643000
1465000
1296000
1278000
1269000
1260000
1251000
1242000
1382000
2752000
1686000
2709000
4868000
7742000
4690000
7154000
3504000
2868000
2401000
2344000
2313000
2284000
2254000
2226000
2198000
2171000
2145000
2119000
7365000
3628000
3018000
2447000
2382000
2350000
2319000
2289000
2707000
2369000
2293000
5515000
3383000
4893000
3033000
2726000
2477000
2431000
2398000
2365000
2334000
2304000
3820000
4173000
3117000
2626000
6586000
4552000
3351000
2773000
2607000
2563000
2526000
2491000
2741000
2505000
2440000
2378000
2345000
2314000
5965000
3327000
2886000
2473000
2417000
2384000
2353000
2322000
2292000
2262000
2234000
2206000
4896000
3633000
2829000
2445000
2328000
2294000
2265000
2811000
2740000
2404000
2280000
2213000
2183000
2157000
2131000
2105000
2081000
2057000
2033000
5178000
2951000
2583000
2235000
2188000
2162000
2135000
2110000
3493000
2489000
2311000
2143000
2109000
2084000
2060000
2036000
4085000
9176000
4294000
3327000
2605000
2528000
2493000
6661000
6236000
3913000
3153000
2818000
2758000
2716000
2674000
2635000
2596000
2558000
2522000
2486000
2452000
2418000
2385000
2354000
2323000
2293000
2263000
2235000
2207000
2180000
2153000
2127000
2102000
2077000
2053000
2029000
2006000
1984000
1962000
2202000
2091000
2214000
1989000
6768000
4729000
3195000
2521000
2318000
2280000
2251000
2223000
2195000
2168000
2142000
2116000
2091000
2067000
2043000
2020000
1997000
1974000
1953000
1931000
1911000
1890000
1870000
1851000
5219000
7025000
1e+07
6225000
4127000
3388000
4061000
3177000
2980000
2819000
3255000
4733000
3326000
3027000
4813000
3336000
3069000
2817000
3967000
3246000
2950000
2765000
2698000
3572000
2886000
2745000
2612000
2569000
2532000
2496000
2461000
2427000
2395000
2363000
2331000
4451000
3527000
4018000
8604000
5022000
3696000
2970000
2814000
2765000
2723000
4206000
7784000
5078000
3805000
6399000
3995000
3748000
3250000
3156000
3085000
3031000
2979000
2930000
2882000
2836000
2791000
2747000
2705000
2664000
2625000
2586000
2549000
2513000
2478000
2443000
2410000
2378000
2346000
2315000
2285000
2256000
2228000
2200000
2173000
2147000
2121000
2096000
2071000
2047000
2024000
2001000
1978000
1957000
1935000
1914000
1894000
1874000
1854000
1835000
1816000
2734000
2055000
1933000
1819000
1795000
1777000
1759000
1742000
1725000
1708000
1692000
1676000
1660000
1645000
1630000
1615000
1600000
1586000
1572000
1558000
1544000
1531000
1518000
1505000
1492000
1480000
1468000
1456000
1444000
1432000
1421000
1409000
1398000
1387000
1376000
1366000
1355000
1345000
1335000
1325000
1315000
1305000
1780000
1431000
1369000
1310000
1298000
1288000
1279000
1270000
3961000
7089000
3229000
2387000
1838000
1789000
1771000
1754000
1736000
2305000
4516000
3936000
2832000
5657000
4889000
3171000
2590000
2350000
2309000
4936000
3026000
2700000
2395000
2347000
2316000
2286000
2552000
12470000
5245000
4055000
2967000
2857000
2811000
5932000
3667000
3273000
2903000
2837000
2792000
2748000
2706000
3481000
2865000
2735000
2613000
3816000
6514000
5837000
3831000
5459000
3587000
3275000
2993000
2929000
2881000
2835000
2790000
2747000
2705000
2664000
2624000
2586000
2548000
2512000
2477000
2443000
2409000
2377000
2345000
2315000
2285000
4171000
2793000
2553000
2326000
2285000
2255000
2284000
2750000
4209000
2813000
2750000
2371000
2306000
2254000
2967000
2425000
3755000
2646000
2456000
2281000
2243000
2215000
2188000
2161000
2135000
2109000
2085000
2060000
2037000
2013000
1991000
1969000
1947000
1926000
1905000
1885000
1865000
1845000
1826000
1971000
5095000
3205000
2507000
2103000
2016000
1991000
1969000
1947000
1926000
1905000
1885000
1865000
1846000
1827000
1808000
1790000
1772000
1754000
1737000
1720000
1704000
5396000
5969000
3304000
2553000
2179000
2134000
2108000
2083000
2964000
2429000
2223000
2094000
3582000
2542000
2317000
2131000
2091000
2067000
2043000
2019000
1997000
1974000
1953000
1931000
1910000
1890000
1870000
1851000
1831000
1813000
1794000
1776000
1759000
1741000
1724000
1708000
1691000
1675000
3059000
2051000
1879000
1719000
1813000
1713000
1684000
1656000
1640000
1625000
1610000
1595000
1581000
1567000
1553000
1540000
1527000
1514000
1501000
1488000
1476000
1464000
1452000
1440000
1428000
1417000
1405000
1394000
1384000
1700000
1531000
1436000
1385000
1365000
1355000
1344000
1334000
1324000
1314000
1305000
1295000
1286000
1277000
1267000
1258000
1289000
2029000
2386000
1647000
1459000
1351000
1336000
1326000
1316000
1306000
1297000
1287000
1278000
1269000
1260000
1251000
1242000
1233000
1225000
1216000
1208000
2835000
1676000
1489000
1313000
1294000
1285000
1276000
1267000
1258000
1249000
1240000
1231000
1223000
1214000
1206000
1198000
1190000
1182000
1174000
1167000
1159000
2275000
1473000
1342000
1219000
1204000
1196000
1188000
1180000
1172000
1165000
1157000
1150000
1142000
1135000
1128000
1120000
1113000
1107000
1100000
1093000
1086000
1080000
1073000
1067000
1060000
1054000
1048000
1042000
1035000
1029000
1023000
1018000
1012000
1006000
1e+06
994800
989200
983800
978300
973000
967700
962400
957200
952100
947000
942000
937000
932100
927200
922400
917600
912900
908200
903600
899000
894500
890000
885600
881200
876800
872500
868200
864000
1061000
1807000
2075000
5141000
2230000
1705000
1299000
1268000
1259000
1250000
1241000
1233000
1224000
1216000
1207000
1199000
1191000
1183000
1175000
1168000
1160000
1153000
1145000
1138000
1130000
1123000
1116000
1109000
1102000
1096000
1089000
1082000
1076000
1069000
1063000
1056000
1661000
1628000
1263000
1149000
1096000
1087000
1081000
4438000
2052000
1776000
1354000
1313000
1294000
1284000
1275000
1266000
1257000
1248000
1239000
1310000
2031000
1461000
1359000
1269000
1256000
1247000
1238000
1229000
1221000
1213000
1204000
1196000
1188000
1180000
1173000
1165000
2346000
4498000
2642000
1972000
1576000
1813000
2108000
1689000
1587000
1518000
1502000
2969000
7496000
4120000
2809000
2125000
1992000
1965000
1944000
1922000
1940000
2096000
2005000
1906000
1857000
1829000
1810000
1791000
1773000
1756000
1739000
1722000
3451000
2199000
1989000
1792000
1764000
1746000
1729000
1712000
1696000
4675000
2542000
2193000
1867000
1830000
1811000
1793000
1775000
1757000
1740000
1723000
1706000
1690000
1674000
1658000
3377000
2131000
1923000
1728000
1701000
2440000
1964000
2484000
1945000
3210000
2131000
1951000
1790000
1763000
1746000
1785000
2395000
2028000
1841000
1742000
1708000
1691000
1675000
1659000
1644000
1953000
2063000
1759000
1671000
1617000
1601000
2428000
1814000
1706000
1643000
1596000
1578000
1560000
1546000
1533000
1520000
1507000
1494000
1482000
1469000
1457000
1628000
1489000
1458000
3168000
1935000
1733000
1543000
1519000
1507000
1494000
2331000
1723000
2472000
1881000
1994000
2313000
5866000
3807000
2598000
2051000
1908000
1882000
1862000
1843000
1824000
1805000
1787000
1769000
1751000
1734000
1717000
1701000
1685000
1669000
1653000
1638000
1623000
1608000
1594000
1580000
1566000
1552000
1538000
1525000
1512000
1499000
1487000
1474000
1462000
1450000
1438000
1427000
1415000
1404000
1393000
1382000
1372000
1361000
1351000
1340000
1330000
1349000
1319000
1306000
1294000
1285000
1722000
1399000
1341000
1371000
1300000
1282000
1264000
1255000
1246000
1237000
1228000
1220000
1212000
1203000
1195000
1187000
1179000
1172000
1164000
1156000
1149000
1141000
1134000
1127000
1120000
1870000
2297000
1520000
1328000
1216000
1202000
1194000
1186000
1178000
1170000
1163000
1155000
1148000
1140000
1133000
1126000
1119000
1112000
1105000
1098000
1091000
1085000
1078000
1071000
1065000
1059000
1052000
1046000
1040000
1034000
1028000
1022000
1016000
1010000
1005000
999000
993400
987900
982400
977000
971600
966300
961100
955900
950800
1097000
2045000
1765000
1281000
1112000
1484000
1485000
1203000
1116000
1074000
1066000
1059000
1053000
1047000
1041000
1035000
1029000
1023000
1017000
1011000
1005000
999600
994000
988400
982900
977500
972200
966900
961600
956400
951300
946200
941200
936300
931300
926500
921700
916900
912200
1224000
1011000
964200
1833000
1434000
1200000
1899000
2628000
7356000
3082000
2243000
1621000
1565000
1551000
1538000
2032000
1659000
1589000
1524000
1508000
1495000
1483000
1471000
1458000
1447000
1435000
1423000
1412000
1401000
1390000
1379000
1368000
1954000
1838000
1677000
1482000
2274000
6252000
5567000
3084000
2313000
4499000
4468000
2938000
5998000
4807000
3286000
2718000
2503000
2458000
2425000
2392000
2360000
2329000
10860000
4777000
3790000
2868000
2770000
2728000
2686000
2646000
2607000
2569000
2532000
2496000
3551000
9295000
4639000
3677000
2939000
2840000
2794000
2750000
2708000
2667000
2628000
2589000
2552000
2515000
2844000
2551000
4767000
3556000
3513000
2767000
2600000
4176000
3819000
9481000
8326000
7939000
4666000
6192000
11150000
5919000
9977000
