1555000
1405000
1369000
1355000
1345000
1336000
1327000
1318000
1309000
1300000
1291000
1283000
1274000
1266000
1258000
1250000
3783000
2149000
1532000
1417000
1478000
2472000
1646000
2284000
7392000
2818000
1926000
1773000
1757000
2682000
2043000
1811000
2506000
2056000
2548000
6924000
6427000
3021000
2369000
2262000
2753000
2334000
2232000
4668000
2744000
3457000
2515000
2322000
2269000
2242000
2217000
2191000
2395000
2198000
2141000
2112000
2090000
2067000
2045000
2024000
2003000
2868000
2173000
2022000
1981000
1961000
1941000
1922000
1903000
1953000
3211000
3612000
2827000
2157000
2024000
1991000
1971000
1951000
1931000
1912000
2200000
1947000
1883000
1858000
1841000
1823000
1806000
2468000
1931000
1814000
1781000
1765000
1749000
1733000
1718000
1703000
1688000
1673000
1659000
1645000
1631000
1617000
1604000
1591000
1578000
1565000
1552000
1540000
1528000
1516000
1504000
1492000
1481000
1470000
4635000
2173000
1687000
1598000
1585000
1572000
1559000
1547000
1903000
3013000
1857000
1625000
1579000
1566000
1554000
1541000
1529000
1517000
1505000
1494000
1482000
1471000
1460000
1449000
1438000
1427000
1417000
1407000
1397000
1387000
1377000
1367000
1357000
1348000
1339000
1329000
1320000
2987000
1706000
2212000
1586000
1464000
1435000
1425000
1414000
1404000
1394000
1384000
1374000
1364000
1355000
1345000
2330000
1566000
1410000
1377000
1367000
1358000
1348000
1339000
1330000
1321000
1312000
1303000
1294000
1286000
1277000
1269000
1261000
1252000
1244000
1236000
1229000
1221000
1213000
1206000
1198000
1191000
1183000
1176000
1169000
1162000
1155000
1148000
1142000
1135000
1128000
1122000
1115000
1109000
1103000
1096000
1090000
1084000
1078000
1072000
1066000
1060000
1055000
1049000
1043000
1038000
1032000
1027000
1021000
1016000
1011000
1005000
1e+06
994900
989900
984800
979800
974900
970000
965200
960400
955700
951000
2712000
1345000
1077000
1030000
1024000
1019000
1013000
1008000
1003000
997700
992600
987500
982500
977500
972600
967800
963000
958200
953500
948800
944200
939600
935100
930600
926100
921700
917300
913000
908700
904500
900300
896100
892000
887900
883900
879800
1825000
3189000
1436000
4767000
2315000
1440000
1283000
1265000
1256000
1248000
1240000
1232000
1225000
1217000
1209000
1202000
1194000
1187000
1180000
1173000
1166000
1159000
1152000
1145000
1138000
1131000
1125000
1118000
1112000
1106000
1424000
2552000
1433000
1213000
1173000
1166000
1159000
1152000
1257000
1298000
1172000
1143000
1133000
1127000
1120000
1114000
1107000
1101000
1095000
1089000
1250000
1733000
1226000
1123000
1102000
1096000
1090000
1084000
1078000
1072000
1066000
1060000
1054000
1049000
4550000
6304000
2371000
1619000
1502000
1491000
1479000
1468000
1457000
1446000
1435000
1425000
1994000
1545000
1450000
1426000
1415000
1902000
1515000
1432000
1410000
1400000
1390000
1380000
1370000
1361000
1459000
1377000
1345000
1332000
1322000
1367000
1317000
3901000
1916000
1524000
1452000
1631000
1477000
1438000
1423000
2264000
1742000
1507000
1457000
1443000
1433000
1422000
1412000
1459000
1652000
1447000
1399000
1383000
1374000
1364000
1354000
2246000
1553000
1411000
1380000
1370000
1360000
1537000
4667000
2118000
2360000
4257000
2156000
1742000
1667000
1653000
1639000
1625000
1611000
1598000
1585000
1572000
1559000
1547000
1535000
1523000
1511000
1499000
1487000
1476000
1465000
1454000
1443000
1432000
1422000
1464000
1414000
1396000
1385000
1375000
8250000
2948000
1912000
3367000
8958000
3698000
2442000
2220000
2190000
2900000
4030000
2589000
2293000
2227000
2202000
2177000
2153000
2129000
2106000
2083000
2061000
6541000
4477000
2703000
5370000
3111000
2533000
2413000
2380000
2351000
5185000
2945000
2488000
2390000
2361000
2332000
2304000
2277000
2251000
2225000
2199000
4770000
2756000
2345000
2257000
2231000
2205000
2180000
2156000
2132000
2109000
2086000
2064000
2576000
2149000
2049000
2015000
1994000
1974000
1954000
1934000
1915000
1896000
1878000
1860000
1842000
1825000
1808000
1791000
1774000
1758000
1742000
1727000
1712000
1697000
1682000
1667000
1653000
1639000
1625000
1612000
1598000
1585000
1572000
1560000
1547000
1535000
1523000
1511000
1499000
1488000
1476000
1465000
1454000
1443000
1433000
1422000
1412000
1401000
1391000
1381000
1372000
1362000
1352000
1343000
1334000
1325000
1316000
1307000
1298000
2251000
1510000
1360000
1328000
1319000
1310000
1301000
1292000
1284000
1275000
1267000
1259000
1251000
1243000
1235000
1227000
1219000
1212000
1204000
1197000
1189000
1182000
1175000
1168000
1161000
1154000
1147000
1140000
1133000
1127000
1120000
1114000
1108000
1101000
1095000
1089000
1083000
1077000
1071000
1065000
1059000
1053000
1048000
1042000
1036000
1031000
1025000
1020000
1015000
1009000
1004000
999000
993800
988800
983700
978800
973800
969000
964200
959400
954600
950000
945300
940700
936200
931700
927200
922800
918400
914100
909800
905600
901300
897200
1153000
1067000
937600
910300
903400
899200
895000
890900
886800
882800
878800
874800
870900
867000
863100
859300
855500
1157000
1110000
917700
878900
936000
882400
868900
863500
859600
855800
852100
848300
844700
841000
837300
833700
830200
826600
823100
819600
816200
812800
809400
806000
802700
799300
796100
940100
824200
799200
792400
789200
786000
782800
779700
776600
773500
770400
767300
764300
761300
758300
1061000
823700
775300
765100
762100
759100
756100
753200
750300
747400
744500
741700
1949000
2034000
1078000
896500
868700
864900
861000
1550000
1020000
914400
894000
889900
1790000
4760000
1843000
1239000
1139000
1132000
1125000
1119000
1463000
4427000
2375000
1509000
1351000
1331000
1322000
1313000
1304000
1295000
1287000
1278000
1270000
1261000
1253000
1843000
1841000
4044000
1938000
1527000
1454000
4370000
2469000
1739000
1602000
1580000
1567000
1555000
1542000
1530000
1518000
1506000
1495000
1483000
1828000
2002000
2877000
2971000
1883000
1630000
1582000
1568000
1556000
4810000
2276000
1775000
4164000
3405000
3379000
3891000
2353000
2050000
2861000
2177000
2028000
1987000
1967000
1947000
1928000
1909000
1890000
3140000
2153000
1946000
1898000
1879000
1861000
1843000
1826000
1809000
1792000
1776000
1760000
1744000
1728000
1713000
1917000
1733000
1686000
1923000
1711000
1659000
1638000
1625000
1611000
1598000
2418000
1834000
7059000
2852000
2029000
1882000
1864000
1846000
2073000
2083000
1865000
1811000
2156000
1858000
1787000
1762000
1746000
1731000
1715000
1700000
1686000
1671000
1657000
1643000
1629000
1615000
1602000
1589000
1576000
1563000
1617000
1553000
1531000
1517000
1506000
1495000
1799000
1573000
1492000
1469000
1457000
1447000
1436000
1425000
1415000
1405000
1394000
1384000
1754000
2140000
1557000
1437000
2015000
1548000
1449000
1424000
1414000
1404000
1393000
1384000
1374000
1364000
1354000
1345000
1336000
1327000
1318000
1309000
1300000
1291000
1283000
1274000
1266000
1258000
1401000
2748000
1596000
1367000
1323000
1314000
1306000
1297000
1288000
1280000
1271000
1263000
1255000
1247000
1239000
1231000
1223000
1215000
1208000
1200000
1193000
1186000
1178000
1171000
1164000
1157000
1150000
1144000
1137000
1130000
1124000
1117000
1111000
1104000
1098000
1092000
1086000
1080000
1074000
1068000
1062000
1056000
1051000
1045000
1039000
1034000
1028000
1023000
1017000
1012000
1007000
1002000
996500
991400
986300
981300
976400
971500
966600
961800
957100
952400
947700
943100
938500
934000
929500
925100
920700
916300
912000
907700
903500
899300
895100
891000
886900
882900
878900
874900
871000
867100
863200
859400
855600
851800
848100
844400
840800
837100
833500
829900
826400
822900
819400
816000
812500
809200
805800
802400
799100
795900
792600
789400
786200
783000
779800
776700
1433000
925500
824700
805800
802400
891900
817700
800700
795200
792000
788700
785500
782400
779200
776100
773000
769900
766900
763900
760900
1629000
959000
826900
803000
799700
796400
793100
789900
786700
783500
780400
777200
774100
6827000
2179000
1276000
1126000
1120000
1113000
1107000
1101000
1095000
1088000
1082000
1076000
1070000
1064000
1059000
1053000
1047000
1042000
1036000
1030000
1025000
1020000
1014000
1009000
1004000
998600
993500
988400
983400
978400
973500
968600
963800
959000
954300
949600
945000
940400
935900
931400
926900
922500
918100
913800
909500
905200
901000
896900
892700
888600
884600
880600
876600
872600
868700
864800
861000
857200
853400
849700
845900
842300
838600
835000
831400
827900
824300
820900
817400
814000
810600
807200
803800
800500
797200
793900
1214000
1198000
894900
835600
2525000
1231000
976900
1169000
2227000
4097000
1717000
1235000
1893000
1320000
1204000
1179000
2931000
1578000
1310000
1260000
1252000
1244000
1236000
1228000
1220000
1380000
2917000
1607000
2711000
5166000
8168000
4327000
6694000
3043000
2349000
2222000
2196000
2172000
2148000
2124000
2101000
2078000
2056000
2034000
2013000
7644000
3299000
2438000
2277000
2251000
2225000
2199000
2175000
2654000
2249000
2152000
5626000
3168000
4754000
2807000
2425000
2341000
2313000
2286000
2259000
2233000
2207000
3793000
4178000
2863000
2386000
6996000
4442000
2849000
2538000
2480000
2448000
2417000
2387000
2678000
2402000
2326000
2291000
2264000
2238000
6330000
3131000
2490000
2363000
2334000
2306000
2279000
2252000
2226000
2201000
2176000
2152000
5201000
3585000
2518000
2305000
2260000
2234000
2209000
2830000
2717000
2295000
2197000
2163000
2139000
2116000
2093000
2070000
2048000
2027000
2006000
5607000
2836000
2280000
2171000
2146000
2123000
2100000
2077000
3641000
2416000
2160000
2100000
2078000
2055000
2034000
2013000
4324000
10010000
3893000
2696000
2487000
2455000
2424000
7132000
6368000
3393000
2810000
2703000
2666000
2629000
2594000
2560000
2526000
2493000
2462000
2431000
2400000
2371000
2342000
2314000
2287000
2260000
2234000
2208000
2183000
2159000
2135000
2111000
2089000
2066000
2044000
2023000
2002000
1981000
1961000
2203000
2090000
2221000
1974000
7511000
4936000
2755000
2339000
2271000
2245000
2219000
2194000
2169000
2145000
2122000
2098000
2076000
2054000
2032000
2011000
1990000
1970000
1950000
1931000
1912000
1893000
1874000
1856000
5642000
7609000
10410000
5808000
3462000
3153000
4079000
3027000
2794000
2726000
3235000
4879000
3151000
2788000
4981000
3197000
2820000
2727000
4048000
3162000
2775000
2677000
2635000
3630000
2804000
2616000
2557000
2524000
2491000
2459000
2428000
2398000
2369000
2340000
2312000
4849000
3549000
3952000
9208000
4792000
3119000
2801000
2742000
2704000
2666000
4349000
8288000
4847000
3298000
6628000
3801000
3402000
3127000
3051000
2999000
2953000
2908000
2865000
2823000
2782000
2743000
2704000
2667000
2631000
2595000
2561000
2527000
2494000
2463000
2432000
2401000
2372000
2343000
2315000
2287000
2261000
2234000
2209000
2184000
2159000
2136000
2112000
2089000
2067000
2045000
2024000
2003000
1982000
1962000
1942000
1923000
1904000
1885000
1867000
1849000
2847000
2052000
1885000
1843000
1825000
1808000
1792000
1775000
1759000
1743000
1728000
1712000
1697000
1682000
1668000
1654000
1640000
1626000
1612000
1599000
1586000
1573000
1560000
1548000
1535000
1523000
1511000
1500000
1488000
1477000
1466000
1455000
1444000
1433000
1423000
1412000
1402000
1392000
1382000
1372000
1362000
1353000
1878000
1463000
1375000
1353000
1343000
1334000
1325000
1316000
4631000
8012000
2943000
1967000
1809000
1792000
1776000
1760000
1744000
2389000
4846000
3988000
2591000
6041000
5091000
2810000
2367000
2289000
2262000
5327000
2916000
2427000
2326000
2298000
2271000
2244000
2551000
13830000
4872000
3110000
2795000
2755000
2716000
6247000
3478000
2910000
2785000
2745000
2706000
2669000
2633000
3517000
2775000
2604000
2548000
3921000
6885000
5823000
3380000
5469000
3413000
2990000
2886000
2843000
2802000
2762000
2723000
2685000
2648000
2612000
2577000
2543000
2510000
2478000
2446000
2416000
2386000
2357000
2328000
2301000
2273000
4643000
2767000
2382000
2297000
2270000
2244000
2282000
2810000
4652000
2744000
2684000
2348000
2272000
2238000
3116000
2404000
4077000
2621000
2323000
2253000
2227000
2201000
2177000
2152000
2129000
2105000
2083000
2060000
2039000
2017000
1997000
1976000
1956000
1936000
1917000
1898000
1880000
1862000
1844000
2005000
5526000
3167000
2228000
2048000
2015000
1994000
1974000
1954000
1934000
1915000
1896000
1878000
1860000
1842000
1825000
1808000
1791000
1775000
1758000
1743000
1727000
5884000
6289000
2906000
2253000
2144000
2121000
2098000
2075000
3070000
2411000
2137000
2071000
3771000
2497000
2178000
2106000
2082000
2060000
2038000
2017000
1996000
1976000
1956000
1936000
1917000
1898000
1880000
1862000
1844000
1826000
1809000
1792000
1776000
1760000
1744000
1728000
1713000
1698000
3224000
2024000
1780000
1728000
1846000
1728000
1693000
1675000
1661000
1647000
1633000
1619000
1606000
1593000
1580000
1567000
1554000
1542000
1530000
1518000
1506000
1494000
1483000
1471000
1460000
1449000
1439000
1428000
1418000
1758000
1561000
1440000
1410000
1398000
1388000
1378000
1368000
1358000
1349000
1340000
1330000
1321000
1312000
1303000
1295000
1316000
2160000
2514000
1590000
1408000
1374000
1364000
1355000
1346000
1336000
1327000
1318000
1309000
1300000
1292000
1283000
1275000
1266000
1258000
1250000
1242000
3053000
1658000
1381000
1329000
1320000
1311000
1302000
1293000
1285000
1276000
1268000
1260000
1252000
1244000
1236000
1228000
1220000
1212000
1205000
1197000
1190000
2427000
1467000
1275000
1238000
1230000
1222000
1215000
1207000
1200000
1192000
1185000
1178000
1171000
1164000
1157000
1150000
1143000
1136000
1130000
1123000
1117000
1110000
1104000
1098000
1091000
1085000
1079000
1073000
1067000
1061000
1056000
1050000
1044000
1039000
1033000
1028000
1022000
1017000
1012000
1006000
1001000
995900
990900
985800
980800
975900
971000
966100
961300
956600
951900
947200
942600
938100
933500
929100
924600
920200
915900
911600
907300
903100
898900
1101000
2026000
2505000
5617000
2070000
1389000
1279000
1270000
1262000
1254000
1246000
1238000
1230000
1222000
1215000
1207000
1200000
1192000
1185000
1178000
1171000
1164000
1157000
1150000
1143000
1136000
1130000
1123000
1117000
1110000
1104000
1098000
1091000
1085000
1079000
1073000
1743000
1677000
1215000
1124000
1107000
1101000
1094000
4882000
1968000
1510000
1326000
1301000
1290000
1281000
1273000
1265000
1256000
1248000
1240000
1322000
2132000
1434000
1293000
1263000
1255000
1247000
1239000
1231000
1223000
1216000
1208000
1201000
1193000
1186000
1179000
1172000
2504000
4865000
2579000
1730000
1507000
1873000
2241000
1639000
1516000
1488000
1476000
3222000
8155000
3883000
2241000
1948000
1909000
1890000
1872000
1854000
1879000
2059000
1945000
1827000
1793000
1774000
1758000
1742000
1727000
1711000
1696000
1682000
3636000
2107000
1799000
1736000
1721000
1706000
1691000
1676000
1662000
5025000
2414000
1896000
1800000
1783000
1767000
1751000
1735000
1719000
1704000
1689000
1675000
1660000
1646000
1632000
3572000
2053000
1747000
1686000
1672000
2509000
1924000
2477000
1890000
3301000
2050000
1799000
1745000
1730000
1715000
1763000
2450000
1993000
1753000
1699000
1681000
1666000
1652000
1638000
1624000
1975000
2081000
1704000
1622000
1599000
1586000
2522000
1776000
1621000
1628000
1582000
1563000
1550000
1537000
1525000
1513000
1502000
1490000
1479000
1467000
1456000
1649000
1485000
1444000
3589000
1919000
1586000
1523000
1511000
1500000
1488000
2622000
1726000
2546000
1861000
1948000
2359000
6328000
3727000
2185000
1898000
1855000
1837000
1820000
1803000
1787000
1770000
1754000
1738000
1723000
1708000
1693000
1678000
1664000
1649000
1635000
1622000
1608000
1595000
1582000
1569000
1556000
1544000
1532000
1520000
1508000
1496000
1485000
1473000
1462000
1451000
1440000
1430000
1419000
1409000
1399000
1389000
1379000
1369000
1359000
1350000
1341000
1335000
1323000
1314000
1305000
1296000
1789000
1398000
1316000
1390000
1309000
1286000
1276000
1267000
1259000
1251000
1243000
1235000
1227000
1219000
1212000
1204000
1197000
1190000
1182000
1175000
1168000
1161000
1154000
1147000
1140000
1963000
2415000
1445000
1256000
1222000
1215000
1207000
1200000
1192000
1185000
1178000
1171000
1164000
1157000
1150000
1143000
1136000
1130000
1123000
1117000
1110000
1104000
1098000
1091000
1085000
1079000
1073000
1067000
1062000
1056000
1050000
1044000
1039000
1033000
1028000
1022000
1017000
1012000
1006000
1001000
996000
990900
985900
980900
975900
1199000
2458000
1854000
1202000
1080000
1551000
1528000
1171000
1099000
1085000
1079000
1073000
1067000
1061000
1055000
1049000
1044000
1038000
1032000
1027000
1022000
1016000
1011000
1006000
1e+06
995300
990300
985200
980200
975300
970400
965600
960800
956000
951300
946700
942100
937500
933000
1268000
1021000
956400
2225000
1511000
1145000
1993000
2785000
8057000
2808000
1718000
1537000
1523000
1512000
1500000
2102000
1615000
1512000
1486000
1474000
1463000
1452000
1441000
1431000
1420000
1410000
1400000
1389000
1380000
1370000
1360000
1351000
2008000
1843000
1616000
1428000
2350000
6860000
5678000
2556000
1987000
4724000
4554000
2577000
5918000
4715000
2799000
2424000
2354000
2326000
2298000
2271000
2245000
2219000
11670000
4352000
2909000
2648000
2612000
2577000
2543000
2510000
2478000
2446000
2416000
2386000
3584000
9995000
4238000
2969000
2735000
2694000
2657000
2621000
2585000
2551000
2518000
2486000
2454000
2423000
2802000
2457000
4950000
3464000
3296000
2605000
2461000
4304000
3797000
10060000
8413000
7147000
3979000
5690000
11510000
5270000
9812000
