2329000
1338000
1123000
1058000
956400
937200
932000
926900
921800
916800
911800
906900
902000
897200
892500
887700
20920000
8718000
3999000
2764000
1919000
8886000
3116000
7041000
32340000
9752000
4921000
3260000
1140000
5880000
2718000
1590000
5068000
2654000
5106000
27580000
23470000
8454000
4758000
2276000
3340000
1463000
1093000
11140000
3642000
5925000
2680000
1369000
1091000
815900
772900
769300
2472000
1237000
971800
893300
770300
749600
746200
743000
739700
5922000
2177000
1377000
1146000
779000
722900
719800
716800
2407000
7624000
9718000
6176000
2832000
1656000
982200
726900
697600
694800
691900
3274000
1406000
1006000
889400
705400
676300
673600
4356000
1694000
1125000
960500
699500
659300
656700
654200
651600
649100
646600
1249000
810200
714700
685700
640900
632300
629900
627600
625300
622900
620600
618400
616100
613900
611600
609400
29040000
8519000
4148000
2895000
899100
606700
604500
602400
5911000
8901000
3158000
1873000
1199000
663700
591900
589900
587800
585800
583700
581700
579700
1431000
1190000
784900
687600
609300
572300
566500
564600
562700
560900
559000
557100
555300
553500
551700
4206000
19640000
6032000
8542000
3556000
1412000
985900
602000
544600
542900
541100
539400
537700
536000
534300
532600
13080000
4022000
2093000
1539000
657800
528100
526500
524800
523200
521600
520000
518400
516800
515200
513700
512100
510500
509000
507500
505900
504400
502900
501400
499900
498500
497000
495500
494100
492600
491200
489800
1232000
991800
5101000
1819000
1070000
845100
529400
482700
481300
480000
478600
477200
475900
474600
473200
471900
470600
469300
468000
466700
3464000
5708000
2066000
1255000
850200
509300
463100
461800
460500
459300
458000
456800
455600
454300
453100
4059000
19920000
6045000
3048000
1982000
649700
460000
3350000
1263000
817500
689200
485300
454600
453400
452200
451000
449700
448600
447400
446200
445000
443800
2918000
1131000
749700
639700
465000
438600
437500
436300
435200
434100
433000
431900
430800
429700
3206000
19880000
20300000
6974000
27710000
11130000
4328000
2717000
919500
486400
457900
456600
455400
454200
453000
451800
450500
449300
448100
447000
445800
444600
443400
442300
441100
440000
438800
437700
436500
435400
831500
12310000
12520000
4374000
2482000
1266000
531200
440600
439500
1952000
1703000
860400
663000
518700
442900
433200
432100
431000
429900
428800
427700
2746000
4985000
1804000
1100000
764400
465300
424300
423200
422200
421100
420100
419000
418000
417000
23130000
33300000
10650000
5569000
2808000
713000
440800
439700
438500
437400
436200
435100
4452000
1552000
933800
756000
473300
3657000
1328000
832000
689000
461900
427900
426800
425700
424600
1251000
709700
540600
494400
432900
768200
515000
16750000
4980000
2453000
1733000
1872000
779600
581600
524200
5853000
2765000
1328000
960200
542500
427600
418000
416900
785000
2077000
894400
637600
542100
428000
411100
410100
6385000
2073000
1154000
889900
469900
407900
1775000
18600000
5536000
6022000
14050000
4146000
2087000
1360000
535700
419600
418500
417500
416500
415400
414400
413400
412400
411400
410400
409400
408400
407400
406400
405500
404500
403500
402600
401600
5098000
1708000
985500
778000
447700
34750000
9964000
4687000
10420000
32400000
10630000
4993000
3019000
821300
4142000
7944000
2698000
1539000
993700
500400
433100
432000
430900
429800
428700
427700
21240000
10660000
4261000
12230000
4076000
1791000
1262000
572700
445600
10570000
3260000
1703000
1257000
546000
441500
440300
439200
438000
436900
435800
1.5e+07
4491000
2252000
1611000
588700
438900
437800
436600
435500
434400
433300
432200
6463000
2110000
1183000
916200
492300
429600
428500
427400
426300
425300
424200
423100
422100
421000
420000
418900
417900
416900
415800
414800
413800
412800
411800
410800
409800
408800
407800
406800
405800
12710000
3832000
1940000
1398000
534400
407800
406800
405800
404800
403800
402900
401900
401000
4e+05
399100
398100
397200
396300
395300
394400
393500
392600
391600
390700
389800
388900
388000
11160000
12080000
4152000
2342000
1204000
483200
393600
392700
391800
390800
389900
389000
388100
1645000
736500
542500
486300
397300
383600
382700
381900
381000
568000
664400
466700
421900
397600
378500
375300
374500
373600
372800
372000
371200
370400
369600
368700
367900
367100
366300
365500
364800
364000
363200
362400
361600
360900
360100
359300
358600
357800
357000
356300
355500
354800
354000
353300
352600
351800
351100
350400
349600
348900
348200
347500
346800
346000
345300
344600
343900
343200
342500
341800
341100
340500
20270000
6831000
3091000
2069000
630300
360200
349900
349200
348500
347700
347000
346300
345600
344900
344200
343500
342800
10460000
4699000
2035000
1353000
1423000
600100
453500
415600
355500
346100
345400
344700
344000
343300
342600
341900
341200
340500
339800
711700
517800
1845000
778300
527200
454200
351800
1971000
3600000
1323000
819300
580800
366600
337300
336600
336000
335300
334600
334000
333300
332600
332000
331300
4869000
1596000
898100
698000
379300
332300
331700
331000
330400
329700
329100
328400
12240000
12480000
4277000
2397000
1174000
432400
341600
6528000
2065000
1114000
841300
407000
8497000
26240000
8203000
4026000
2375000
622800
362600
359100
2663000
21500000
9433000
3960000
2423000
825700
399900
367600
366800
366000
365300
364500
363700
362900
362100
4887000
4545000
18270000
5694000
2707000
1729000
14560000
5878000
2566000
1702000
659000
394700
375800
374500
372900
372000
371100
370300
369500
2948000
3222000
6965000
7627000
2914000
1551000
872400
440500
373300
14900000
4415000
2183000
12470000
8683000
8658000
10970000
3692000
1821000
4929000
1545000
871200
699800
427000
386600
385700
384800
383900
6473000
2078000
1142000
873200
445400
382400
381500
380600
379800
378900
378100
377200
376400
375500
374700
2521000
970900
640300
1750000
729200
521400
467600
382400
369300
447100
4479000
1834000
24810000
7375000
3411000
2298000
622500
378400
2054000
1786000
847500
628300
2203000
867500
590600
513500
391100
372600
371800
370900
370100
369300
368500
367700
366900
366100
365300
364500
363700
362900
5361000
1753000
984700
764100
974500
741600
2058000
1003000
615600
504000
385400
359300
357100
356400
355600
354900
354100
353400
8217000
6805000
2521000
1520000
4862000
1537000
865800
685500
398600
356200
355500
354700
354000
353200
352500
351800
351000
350300
349600
348800
348100
347400
346700
346000
345300
344600
11020000
12350000
4192000
2335000
1189000
446300
353400
352600
351900
351200
350400
349700
349000
348300
347600
346800
346100
345400
344700
344000
343300
1150000
567000
442400
406200
349000
340100
339400
1284000
601500
455800
413600
346700
336300
335700
335000
334300
333700
333000
332400
331700
331100
330400
329800
329100
328500
327800
327200
326600
6939000
2169000
1153000
862000
397900
329800
329100
328500
327900
327200
326600
326000
5421000
1746000
962500
738000
380200
327600
326900
326300
325700
325000
324400
323800
323200
322600
321900
321300
320700
320100
319500
318900
318300
3234000
3112000
1234000
4201000
1457000
765900
595600
356800
321500
320800
320200
319600
319000
318400
317800
317200
316600
316000
315400
314900
314300
313700
313100
312500
311900
1897000
10200000
3143000
1622000
1095000
416100
2e+06
787100
528400
454000
335600
317900
317300
316700
316100
315500
314900
314300
313700
313100
5767000
9366000
3095000
1698000
984100
399800
322300
321700
321100
320500
319900
319300
318700
4663000
47490000
13660000
6410000
4084000
817400
347700
347000
346200
345500
344800
344100
343400
342700
342000
341300
340700
340000
339300
338600
337900
337200
336600
335900
335200
334600
333900
333200
332600
331900
331300
330600
330000
329300
328700
328100
327400
326800
326200
325500
324900
324300
323700
323000
322400
321800
321200
320600
320000
319400
318800
318200
317600
317000
316400
315800
315200
314600
314000
313400
312800
312300
311700
311100
310500
310000
309400
308800
308300
307700
307100
5311000
1701000
932200
711700
360400
308800
8245000
5054000
2007000
1269000
15150000
4395000
2135000
3480000
8737000
20060000
6417000
3179000
6073000
1715000
877300
688900
11170000
3349000
1693000
1219000
462300
351600
350900
350200
349400
1510000
10920000
3348000
10220000
21450000
32590000
16190000
24400000
8290000
3312000
1872000
573500
392100
391200
390300
389400
388500
387600
386700
385800
23420000
6800000
3260000
2246000
630500
394500
393500
392600
2785000
1057000
688800
14020000
4955000
9666000
3629000
1518000
999700
473500
397300
396300
395400
394500
7405000
7606000
3419000
1806000
15930000
8211000
3257000
2047000
842600
440800
403700
402700
1948000
831500
593000
524100
414700
398000
14890000
4432000
2205000
1567000
550200
401400
400400
871400
529900
456500
434800
400800
13500000
6446000
2699000
1753000
727600
424500
399100
4348000
3257000
1380000
934800
579600
414900
396000
395100
394200
393300
392300
391400
18760000
5505000
2683000
1874000
585600
397200
396300
395300
8930000
2771000
1459000
1082000
483100
395100
394100
393200
13420000
29700000
9169000
4651000
2608000
673900
410800
16090000
14020000
4943000
2832000
1325000
515200
419800
418800
417700
416700
415700
414600
413600
412600
411600
410600
409600
408600
1923000
828700
594900
527300
420100
403700
402700
401800
400800
399900
398900
2714000
1042000
685400
9634000
3406000
2839000
1514000
24270000
12670000
4917000
3006000
1105000
470300
412100
2652000
1658000
862900
667500
481900
414300
407000
406000
405000
404100
403100
402100
401200
400200
399300
398300
4919000
19180000
24220000
30680000
15920000
7006000
4222000
5434000
1767000
1014000
1009000
2742000
7741000
2583000
1444000
8822000
2683000
1412000
1066000
5508000
2439000
1229000
914000
536000
4763000
1637000
972500
781300
477300
432100
431000
429900
428800
427700
426600
5959000
10680000
5797000
6913000
23310000
9632000
4118000
2477000
869400
472400
444200
6320000
18870000
8697000
3806000
13740000
4065000
2614000
1579000
663400
514200
464500
456200
455000
453800
452600
451400
450200
449000
447800
446600
445400
444200
443100
441900
440700
439600
438400
437300
436200
435000
433900
432800
431700
430600
429500
3455000
1270000
804400
9248000
6330000
2467000
1554000
798200
465400
428700
427600
426500
425500
424400
423300
9779000
3027000
1589000
1177000
519700
423100
422100
421000
420000
418900
417900
416900
415800
414800
413800
412800
411800
410800
409800
408800
407800
406800
405800
404800
403900
402900
401900
401000
4e+05
399100
398200
397200
396300
395400
394400
393500
392600
391700
390800
389900
389000
388100
9983000
3059000
1584000
1161000
487300
388500
387600
386700
2e+07
31920000
10100000
5227000
2704000
675600
408500
407600
406600
3520000
14380000
11210000
5283000
19220000
12940000
4618000
2653000
1167000
499800
10820000
3321000
1723000
1265000
535000
427800
426800
2058000
39930000
11500000
5428000
3595000
839900
440200
11890000
3629000
1868000
1363000
559200
441200
440000
438900
3504000
1291000
818600
682600
5010000
14640000
11930000
4458000
10600000
3440000
1540000
1105000
532000
447600
446400
445200
444100
442900
441700
440600
439400
438300
437100
436000
434900
433800
432700
431500
430400
429300
10410000
3208000
1674000
1234000
532500
429500
1082000
3254000
9369000
3071000
2699000
1399000
642200
512500
4231000
1483000
7381000
2537000
1275000
949900
494500
427300
426200
425100
424100
423000
421900
420900
419800
418800
513400
443300
427600
422400
414700
412700
411700
410700
409700
3817000
17520000
7491000
3301000
2019000
755800
438600
415600
414600
413600
412600
411500
410500
409500
704400
490000
443500
429600
407800
403800
402900
401900
23150000
22650000
7674000
4228000
1932000
583200
419700
418700
7197000
2900000
1428000
1038000
8281000
2829000
1453000
1073000
518300
420900
417300
416300
415200
414200
413200
412200
411200
410200
409200
408200
407200
406200
405300
404300
403300
402400
401400
400400
399500
398500
19930000
5838000
2836000
1976000
1642000
693700
533500
487000
413400
401800
400900
399900
399000
398100
397100
396200
395300
394300
393400
392500
391600
390700
389800
388900
3959000
1382000
832200
1193000
2896000
5839000
2535000
1309000
854200
475400
391200
385300
384400
383500
382600
381800
380900
380000
379200
378300
377500
8199000
8092000
9433000
3520000
1722000
965800
450000
382500
381600
380700
379900
379000
378200
377300
376500
375600
374800
374000
373100
372300
8074000
18320000
5734000
2966000
1730000
542400
380300
379400
378500
377700
376900
376000
375200
374300
373500
372700
371900
371100
370200
369400
368600
1562000
18890000
5580000
2733000
1849000
560600
374100
373300
372500
371700
370900
370000
369200
368400
367600
366800
366000
365200
364400
363700
362900
362100
361300
360500
359800
359000
358200
357500
356700
356000
355200
354500
353700
353000
352300
1952000
8e+05
693700
519700
384800
361300
350600
348400
347700
347000
346300
345600
344900
344100
343400
342800
342100
341400
340700
340000
339300
338600
337900
337300
336600
335900
335300
2690000
3278000
6788000
11290000
11880000
31370000
9708000
4492000
2634000
644800
366700
365900
365100
364300
363500
362800
362000
361200
360400
359700
358900
358100
357400
356600
355900
355100
354400
353600
352900
352200
351400
350700
350000
349200
348500
347800
347100
346400
12510000
6460000
2624000
1670000
696600
380600
352000
24300000
7021000
4058000
2487000
696600
419800
368800
360700
359900
359200
358400
357700
1504000
6217000
2042000
1140000
814900
414000
356600
355900
355100
354400
353700
352900
352200
351400
350700
350000
349300
8975000
23980000
10050000
4785000
2589000
3061000
4151000
1511000
931200
637800
396100
8731000
30400000
12850000
5536000
3157000
964600
419800
380900
380000
881300
1528000
1096000
647800
509700
416500
379100
374400
373600
372700
371900
371100
9516000
2916000
1511000
1108000
465700
371500
370700
369900
369100
15830000
4673000
2297000
1616000
531700
373100
372300
371500
370700
369800
369000
368200
367400
366600
365800
10170000
3096000
1588000
1156000
467600
4312000
1840000
4304000
1861000
7841000
2595000
1282000
928300
439500
368000
816600
3796000
1979000
991100
715600
450600
371400
364100
363300
362500
3105000
2890000
1194000
801600
530900
378400
5152000
1693000
956400
1068000
498300
398900
383900
360500
356400
355700
354900
354200
353400
352700
352000
2525000
956600
622100
11670000
3476000
1742000
1251000
469200
354800
354000
7485000
2339000
5570000
2693000
2634000
4418000
21800000
11260000
4481000
2620000
957600
418100
369000
368200
367400
366600
365800
365000
364200
363400
362600
361800
361100
360300
359500
358800
358000
357200
356500
355700
355000
354200
353500
352800
352000
351300
350600
349800
349100
348400
347700
346900
346200
7236000
2265000
1206000
902300
418500
347500
346800
1305000
5120000
1721000
986100
720100
393700
4935000
1625000
919700
1808000
699100
484200
435600
358500
346600
345900
345200
344500
343800
343100
342400
341700
341000
340300
339600
339000
338300
337600
336900
1574000
8850000
7918000
9438000
3479000
1662000
928800
416700
349200
348500
347800
347100
346400
922700
505800
416500
390500
349400
342800
342100
341400
340700
340000
339300
338600
338000
337300
336600
4289000
1437000
829900
655600
377900
336900
336200
335600
334900
334200
333600
332900
7671000
2377000
1250000
926900
411900
336300
335600
5942000
10370000
6462000
2703000
1467000
4108000
3331000
1333000
874700
546000
370300
349200
348500
347800
347100
346400
345700
344900
344200
343500
342800
342100
341500
2146000
843500
565600
485600
358400
339300
338600
338000
337300
336600
335900
335300
334600
333900
333300
4145000
11150000
3642000
1893000
9832000
4385000
2098000
7044000
11810000
42130000
13050000
6075000
3600000
797300
380300
375800
3931000
1364000
817300
660100
410000
372900
372100
371300
370500
369700
368900
368100
367300
366500
365700
364900
364100
8501000
4849000
2924000
1555000
6846000
26330000
21140000
7611000
4170000
14270000
12940000
4442000
16190000
10530000
3723000
2187000
986500
461700
404800
403900
402900
401900
32850000
9436000
4451000
3023000
747700
415500
414500
413500
412500
411500
410500
409500
4964000
25110000
7934000
3822000
2405000
695600
425200
419700
418700
417600
416600
415600
414600
413500
2319000
942500
8852000
4584000
4061000
1881000
902500
6614000
5220000
25280000
21070000
17020000
6688000
9787000
21880000
6819000
17260000
