672600
670300
667500
664500
661400
658500
655500
652600
649700
646800
643900
641100
638300
635500
632700
630000
19820000
7581000
3149000
881400
1285000
9733000
2717000
7422000
35770000
8886000
4016000
599700
597300
6114000
2429000
1280000
5025000
2415000
5481000
30920000
25080000
7489000
2332000
572500
3400000
1211000
851500
12420000
3257000
6426000
1619000
1027000
553300
551200
549100
547100
1913000
853900
679100
539000
537000
535100
533100
531200
529200
5762000
1715000
1052000
521800
519900
518100
516200
514400
995800
8395000
10780000
6328000
2067000
818400
502400
500600
498900
497200
495500
2351000
914300
678000
488900
487300
485700
484100
4475000
1388000
882200
477800
476200
474700
473100
471600
470100
468600
467100
465600
464100
462600
461200
459700
458300
456800
455400
454000
452600
451200
449800
448400
447100
445700
444300
21270000
5173000
2542000
439300
438000
436700
435400
434100
2808000
9192000
2538000
1259000
428000
426700
425500
424200
423000
421800
420600
419400
418200
417000
415800
414600
413400
412300
411100
409900
408800
407700
406500
405400
404300
403200
402000
400900
399800
15510000
3832000
8224000
1829000
1032000
394600
393500
392400
391400
390300
389300
388300
387200
386200
385200
9044000
2351000
1257000
381800
380800
379800
378800
377800
376800
375900
374900
373900
373000
372000
371100
370100
369200
368300
367300
366400
365500
364600
363700
362800
361900
361000
360100
359200
358300
357500
356600
355700
354800
354000
353100
352300
351400
350600
349700
348900
348100
347300
346400
345600
344800
344000
343200
342400
341600
340800
340000
339200
338400
337600
336800
336100
335300
334500
333800
333000
332200
331500
330700
330000
329200
328500
327800
17780000
4293000
2088000
325900
325100
324400
323700
323000
322300
321600
320800
320100
319400
318700
318000
317400
316700
316000
315300
314600
313900
313300
312600
311900
311300
310600
309900
309300
308600
308000
307300
306700
306100
305400
304800
304100
13690000
22040000
5902000
32490000
10680000
4154000
655400
302700
302000
301400
300800
300200
299500
298900
298300
297700
297100
296500
295900
295300
294700
294100
293500
292900
292400
291800
291200
290600
290000
289500
3948000
12550000
3255000
1442000
287400
286800
286300
285700
1255000
1595000
629700
393600
283100
282500
282000
281400
280900
280400
279800
279300
1669000
5594000
1555000
782500
277400
276900
276400
275900
275400
274800
274300
273800
273300
272800
29060000
40530000
10840000
3677000
274400
273800
273300
272800
272300
271800
271300
270800
4834000
1307000
730600
269600
269100
4168000
1155000
661700
267800
267300
266800
266300
265800
265300
1117000
528500
366000
270700
263100
680300
357100
21180000
5006000
2369000
262300
1751000
6e+05
411400
260700
6933000
2813000
1169000
364600
259600
259200
258700
258200
710600
2293000
742000
451800
256400
255900
255500
255000
7337000
1864000
969500
254400
253900
253500
1723000
23300000
5564000
6600000
15390000
3894000
1690000
255200
254800
254300
253900
253400
253000
252600
252100
251700
251300
250800
250400
250000
249500
249100
248700
248300
247800
247400
247000
246600
984300
413600
319900
245000
244600
43130000
9992000
4575000
9156000
39410000
10900000
4295000
382000
249300
4281000
9198000
2482000
1060000
249000
248600
248200
247800
247300
246900
246500
246100
22940000
10900000
3788000
12630000
3439000
1557000
299200
248200
247700
11560000
2818000
1390000
247800
247400
247000
246600
246100
245700
245300
244900
12510000
3033000
1483000
245100
244700
244300
243900
243500
243100
242700
242300
241900
3473000
975800
567300
240800
240400
240000
239600
239200
238800
238400
238000
237600
237200
236900
236500
236100
235700
235300
235000
234600
234200
233800
233500
233100
232700
232300
232000
231600
231200
230900
230500
230100
229800
229400
229100
228700
228300
228000
227600
227300
226900
226600
226200
225900
225500
225200
224800
224500
224100
223800
223500
223100
222800
222400
222100
221800
221400
9898000
2421000
1198000
221400
221100
220700
220400
220100
219800
219400
219100
218800
218400
218100
217800
217500
217100
216800
216500
216200
215900
215500
215200
214900
214600
214300
214000
213600
213300
213000
212700
212400
212100
211800
211500
211200
210900
210600
210300
210000
209700
209400
209100
208800
208500
208200
207900
207600
207300
207000
206700
206400
206100
205800
205500
205200
205000
204700
204400
204100
203800
203500
203200
203000
202700
202400
202100
201800
201600
201300
201000
200700
200500
200200
5871000
2839000
1079000
336200
199700
199400
199100
198900
198600
198300
198100
197800
197500
197300
197000
196700
196500
4413000
3360000
1123000
418700
982100
374400
274800
195200
195000
194700
194500
194200
193900
193700
193400
193200
192900
192700
192400
192200
191900
191700
191400
191200
190900
190700
190400
2400000
692200
412900
189700
189400
189200
188900
188700
188500
188200
188000
187700
187500
187200
187000
3916000
1034000
563000
186500
186300
186000
185800
185600
185300
185100
184900
184600
14320000
15220000
4301000
1380000
186800
186600
186300
8262000
2022000
1002000
186400
186200
10720000
32280000
8324000
3260000
222500
189600
189300
189100
2942000
26220000
10060000
3622000
576600
191400
191100
190900
190600
190400
190100
189900
189700
189400
189200
4921000
4888000
21970000
5211000
2258000
191100
17540000
6123000
2395000
393000
192100
191900
191600
191400
191100
190900
190600
190400
190100
2691000
3405000
8084000
8505000
2602000
895000
214400
190400
190100
1.8e+07
4239000
1989000
13720000
9605000
9807000
11730000
3006000
1138000
4947000
1274000
673700
193900
193600
193400
193100
192800
192600
7136000
1771000
893400
192400
192200
191900
191600
191400
191100
190900
190600
190400
190100
189900
189700
1462000
478300
317400
1592000
507600
330100
188300
188000
187800
187500
4757000
1620000
30280000
6942000
3171000
190100
189900
189600
1555000
1667000
592200
306700
2194000
644300
390800
188200
188000
187700
187500
187300
187000
186800
186500
186300
186100
185800
185600
185400
185100
184900
851700
336100
251700
184100
183900
229600
1953000
738500
395300
198500
183100
182900
182700
182400
182200
182000
181700
181500
3313000
6018000
1663000
699700
4717000
1213000
640400
182600
182300
182100
181900
181700
181400
181200
181000
180800
180500
180300
180100
179900
179600
179400
179200
179000
178800
178600
2184000
11780000
2915000
1305000
180000
179800
179600
179400
179100
178900
178700
178500
178300
178000
177800
177600
177400
177200
177000
176800
176500
176300
176100
175900
175700
175500
175300
175100
174900
174600
174400
174200
174000
173800
173600
173400
173200
173000
172800
172600
172400
172200
172000
171800
171600
171400
171200
171000
170800
170600
170400
170200
170000
169800
169600
169400
169200
169000
168800
168600
168400
168200
168000
167800
167600
167400
167200
167100
166900
166700
166500
166300
166100
165900
165700
165500
165400
165200
165000
164800
164600
164400
164200
164100
163900
163700
163500
163300
163100
163000
162800
162600
162400
162200
162100
161900
161700
161500
161300
161200
161000
160800
160600
160500
160300
160100
159900
159700
8232000
1995000
975800
161100
160900
1207000
398500
266200
160500
160300
160200
160000
159800
159600
159500
159300
159100
158900
158800
158600
9887000
2371000
1142000
160400
160200
160000
159900
159700
159500
159300
159200
159000
355400
57430000
13190000
5941000
166400
166200
166000
165800
165600
165400
165200
165000
164900
164700
164500
164300
164100
163900
163700
163600
163400
163200
163000
162800
162700
162500
162300
162100
161900
161800
161600
161400
161200
161000
160900
160700
160500
160300
160200
160000
159800
159600
159500
159300
159100
158900
158800
158600
158400
158300
158100
157900
157700
157600
157400
157200
157100
156900
156700
156600
156400
156200
156100
155900
155700
155600
155400
155200
155100
154900
154700
154600
154400
154200
154100
153900
153800
5797000
4731000
1473000
487800
18490000
4325000
2009000
2674000
10590000
23920000
6167000
2352000
5422000
1357000
695300
166600
12980000
3080000
1462000
168900
168700
168500
168300
168100
167900
1370000
12650000
3066000
11320000
23930000
37890000
16280000
26570000
5781000
2370000
183800
183600
183400
183100
182900
182700
182500
182200
182000
181800
27390000
6367000
2930000
184500
184200
184000
183800
183500
2767000
770600
444100
16590000
4812000
11100000
2335000
1100000
185800
185600
185300
185100
184800
184600
7992000
8396000
3234000
1017000
18710000
8766000
3046000
630600
187500
187300
187000
186800
1450000
473500
313700
186000
185800
185600
17340000
4084000
1918000
186800
186500
186300
186100
185800
185600
185400
185100
184900
14830000
6453000
2332000
483000
186000
185800
185600
3696000
3098000
1021000
399000
185300
185100
184900
184600
184400
184200
183900
183700
19770000
4635000
2162000
185300
185100
184900
184600
184400
8798000
2142000
1054000
184700
184500
184300
184000
183800
12920000
34810000
8684000
3391000
188300
188000
187800
18850000
15890000
4677000
1347000
190100
189900
189600
189400
189100
188900
188600
188400
188200
187900
187700
187400
187200
187000
186700
186500
186200
186000
185800
185500
185300
185100
184800
184600
184400
184100
183900
183700
2671000
1273000
1884000
539000
29120000
13670000
4671000
887700
187200
186900
186700
186500
186200
186000
185700
185500
185300
185000
184800
184600
184300
184100
183900
183600
183400
183200
183000
182700
21340000
27680000
35500000
15620000
5283000
2204000
5479000
1434000
690600
190900
2383000
8948000
2289000
1025000
9190000
2236000
1100000
191200
5573000
2173000
906800
267500
190700
4308000
1126000
605900
190200
189900
189700
189400
189200
188900
188700
188400
188200
10730000
5376000
7247000
27260000
9818000
3517000
522700
191800
191600
191300
6970000
22540000
9130000
3095000
14830000
3439000
2365000
360600
268200
194300
194100
193800
193600
193300
193000
192800
192500
192300
192000
191800
191500
191300
191000
190800
190500
190300
190000
189800
189500
189300
189000
188800
188600
188300
188100
187800
187600
187400
187100
915400
352300
260000
186300
186000
185800
185600
185300
185100
184900
184600
6623000
1648000
834700
184700
184400
184200
184000
183700
183500
183300
183100
182800
182600
182400
182100
181900
181700
181500
181200
181000
180800
180600
180300
180100
179900
179700
179500
179200
179000
178800
178600
178400
178100
177900
177700
177500
177300
177100
176800
176600
176400
176200
4556000
1172000
618700
176600
176400
176200
176000
175700
23530000
37420000
9796000
3405000
182600
182400
182100
181900
181700
3537000
16960000
12420000
4958000
21760000
13750000
4248000
1075000
187800
187600
12940000
3086000
1475000
188100
187900
187600
187400
2009000
47540000
11040000
4929000
191600
191300
191100
14220000
3380000
1608000
191800
191500
191300
191000
190800
3813000
1014000
556000
190200
5719000
17480000
13470000
3874000
11200000
2487000
1212000
193000
192800
192500
192300
192000
191800
191500
191300
191000
190800
190500
190300
190000
189800
189500
189300
189000
188800
188600
10140000
2451000
1194000
188800
188500
188300
554600
3549000
11040000
2807000
2492000
481000
318200
188100
4757000
1226000
8655000
2008000
996200
188100
187900
187600
187400
187100
186900
186700
186400
186200
186000
185700
185500
185200
185000
184800
184500
184300
184100
183800
183600
1267000
20300000
7423000
2785000
449600
185600
185300
185100
184900
184600
184400
184200
183900
183700
183500
183200
183000
182800
182600
182300
182100
181900
23050000
24980000
6948000
2165000
186300
186100
185800
185600
5797000
2145000
907600
254700
9522000
2586000
1192000
214200
185800
185600
185300
185100
184800
184600
184400
184100
183900
183700
183500
183200
183000
182800
182500
182300
182100
181900
181600
181400
181200
181000
9686000
2342000
1141000
181700
866200
337000
250300
181000
180800
180500
180300
180100
179900
179700
179400
179200
179000
178800
178600
178300
178100
177900
177700
177500
177300
177000
176800
176600
176400
3532000
1499000
642600
233100
176500
176200
176000
175800
175600
175400
175200
175000
174800
174600
174300
174100
1086000
6607000
9253000
2525000
940900
176700
176500
176300
176100
175900
175700
175500
175200
175000
174800
174600
174400
174200
174000
173800
173600
15110000
3569000
1683000
175600
175400
175200
174900
174700
174500
174300
174100
173900
173700
173500
173300
173100
172900
172700
172500
172300
172100
10500000
2520000
1216000
173700
173500
173300
173100
172900
172700
172500
172200
172000
171800
171600
171400
171200
171000
170800
170600
170400
170200
170000
169800
169600
169500
169300
169100
168900
168700
168500
168300
168100
167900
167700
167500
167300
167100
166900
166700
166600
166400
166200
166000
165800
165600
165400
165200
165000
164900
164700
164500
164300
164100
163900
163800
163600
163400
163200
163000
162800
162700
162500
162300
3804000
11650000
12480000
36360000
8620000
3498000
172400
172200
172000
171800
171600
171400
171200
171000
170800
170600
170400
170200
170000
169800
169600
169400
169200
169000
168900
168700
168500
168300
168100
167900
167700
167500
167300
167100
166900
166700
5618000
4687000
1464000
499400
168100
167900
167700
29010000
6724000
3879000
353000
252100
171500
171300
171100
170900
170700
170500
170300
840100
6625000
1671000
807300
171200
171000
170800
170600
170400
170200
170000
169800
169600
169400
169200
169000
168800
9726000
28120000
10040000
3844000
568000
2703000
4242000
1223000
529600
176200
176000
9969000
36310000
13260000
4602000
625500
182300
182100
181900
181700
407300
1367000
883600
391600
223600
180800
180600
180400
180200
179900
179700
179500
10580000
2544000
1230000
180500
180300
180000
179800
179600
179400
18260000
4290000
2006000
181200
181000
180800
180500
180300
180100
179900
179700
179400
179200
179000
178800
10520000
2529000
1223000
179800
179600
4480000
1579000
4539000
1318000
8926000
2092000
1020000
181700
181500
181300
502300
4067000
1796000
729100
253700
181200
181000
180700
180500
180300
2044000
2588000
819500
380700
180300
180100
5057000
1289000
672700
396700
229400
201800
179800
179600
179300
179100
178900
178700
178500
178200
178000
1709000
525800
332300
13380000
3179000
1512000
179300
179000
178800
178600
6539000
1625000
5936000
1988000
2572000
4368000
26060000
11960000
4001000
765500
184800
184500
184300
184100
183800
183600
183400
183200
182900
182700
182500
182200
182000
181800
181600
181300
181100
180900
180700
180400
180200
180000
179800
179600
179300
179100
178900
178700
178500
178200
178000
177800
177600
177400
177200
176900
176700
176500
176300
176100
175900
1506000
478100
309900
175400
175200
3852000
1011000
546600
884600
336500
246700
175000
174800
174500
174300
174100
173900
173700
173500
173300
173100
172900
172700
172500
172300
172100
171900
171700
171500
918700
6732000
9631000
2621000
974800
174300
174100
173900
173700
173500
173300
173100
172900
172700
172500
172300
172100
171900
171700
171500
171300
171100
170900
170700
170500
170300
170100
169900
169700
169500
169300
169100
168900
168700
168500
168300
168100
167900
167700
167500
167300
167100
167000
166800
166600
166400
3029000
11060000
6703000
2094000
565300
3693000
3538000
1110000
429900
170700
170500
170300
170100
169900
169700
169500
169300
169100
168900
168700
168500
168300
168100
167900
167700
167600
167400
167200
167000
166800
166600
166400
166200
166000
165800
165700
165500
165300
165100
5045000
1425000
692500
10550000
4504000
1988000
7273000
13150000
50320000
12380000
4999000
218800
178300
178100
177900
3299000
887300
493000
177900
177700
177500
177300
177000
176800
176600
176400
176200
176000
175800
175600
175300
175100
5166000
3805000
2290000
665500
7333000
31320000
23810000
6891000
1961000
15580000
14650000
4228000
18210000
10820000
3439000
873900
188200
188000
187800
187500
187300
187000
38810000
8966000
4088000
190600
190400
190100
189900
189600
189400
189200
188900
188700
5050000
30330000
7815000
3244000
245500
191300
191000
190800
190500
190300
190000
189800
189500
189300
1831000
562100
10510000
4647000
4335000
1005000
455100
7616000
5732000
30630000
23620000
18840000
4585000
9871000
25200000
6589000
19790000
