274000
273800
273500
273200
272800
272400
272000
271500
271000
270600
270100
269600
269000
268500
268000
267400
8581000
7372000
3300000
1915000
1914000
6210000
4565000
4696000
17340000
12270000
6096000
4288000
3909000
6580000
5038000
3032000
3859000
3653000
4794000
16040000
18720000
10060000
5349000
4365000
5862000
5082000
3097000
7057000
5514000
5475000
4472000
3285000
2618000
1811000
1711000
1176000
1596000
1326000
1004000
970900
616600
681100
528900
383600
336800
2748000
2079000
968300
704100
601900
798100
635600
462200
973300
4069000
6494000
5283000
2955000
1805000
1810000
1814000
1398000
956800
779000
1927000
1718000
1213000
888700
651400
668400
542800
2170000
1592000
779200
614000
574600
714800
524500
412600
354700
339900
376800
377900
375500
262400
267400
274900
237600
226900
226500
226100
225700
225300
224900
224600
224200
223800
223400
13110000
9558000
3709000
2325000
2036000
3060000
2189000
1359000
2977000
5909000
4336000
2562000
2132000
1404000
1576000
1267000
706800
520800
587000
672500
672800
538100
326400
345400
317600
234100
213700
213400
213100
212700
212400
212000
211700
211400
211000
210700
936200
9854000
7010000
5517000
3771000
2389000
2771000
2048000
1651000
1152000
1037000
1165000
1184000
1194000
622600
649600
6076000
4354000
1784000
1129000
988500
1431000
1054000
695100
500300
525800
661800
666200
659800
307400
323700
348100
232700
199900
199600
199300
199000
198700
198400
198100
197800
197600
197300
197000
196700
196400
196100
195800
195500
2237000
1674000
746900
527400
481500
643400
505200
373500
302000
311200
360800
362300
359700
230500
236300
245100
202600
190500
565600
2914000
2067000
913900
641900
616700
785800
595800
424600
340500
360800
420800
422200
395500
241500
1109000
11010000
7773000
3067000
1960000
1801000
2548000
2716000
1783000
1021000
991000
1219000
1299000
1172000
475000
477100
508200
315900
257400
256100
198500
200900
204700
185700
180200
179900
179700
179400
179200
179000
178700
178500
178200
178000
177800
177500
311700
10670000
15710000
8779000
16980000
13820000
8181000
6040000
4380000
4499000
3516000
2874000
2531000
2525000
2183000
1759000
1813000
813600
532900
548000
287400
181100
172200
172000
171800
171600
171400
171100
170900
170700
170500
5443000
8860000
5124000
2347000
1706000
2016000
2047000
1378000
1554000
1692000
1408000
1246000
1179000
883100
582700
545200
404000
259200
249300
261100
1294000
3143000
2046000
951000
682100
701700
801900
588200
411800
340400
375600
429400
430000
362100
12760000
23760000
14080000
6127000
4283000
4955000
5256000
3474000
2106000
1660000
2033000
2397000
4556000
3153000
1297000
1163000
919700
2496000
1776000
830800
564400
534500
728300
610000
493100
294400
737600
703800
457200
382100
256700
486500
415000
9319000
6774000
2660000
1713000
2194000
2709000
1748000
1090000
3771000
3496000
2174000
1591000
1440000
1100000
973800
788300
669800
1382000
1127000
728700
613500
415700
450200
393000
3535000
2578000
1103000
773300
700600
946000
1391000
10890000
7719000
4966000
9727000
7009000
4703000
3068000
2419000
2466000
1921000
1678000
1475000
1492000
1023000
1059000
965500
366000
334900
324800
184600
147900
147800
147600
147400
147300
147100
146900
1989000
1481000
644800
446800
405500
19200000
13930000
5352000
7304000
21880000
17730000
8580000
5293000
4422000
7465000
9695000
6575000
4117000
2660000
3190000
3450000
2424000
1010000
921600
976100
712600
11600000
10900000
5014000
8049000
6273000
4531000
3291000
2274000
2148000
7186000
5615000
3028000
2454000
1767000
2083000
1768000
867500
565100
599900
623300
7812000
5814000
2196000
1436000
1299000
1760000
1241000
776200
524100
557400
733800
739700
3532000
2304000
1054000
785500
573700
754000
564700
384300
286400
299200
367500
369800
366600
189500
197700
210000
152000
135600
135400
135300
135200
135000
134900
134700
134600
134500
134300
134200
134100
4874000
3567000
1416000
906800
800700
1177000
856900
551600
386000
407900
523600
527500
522200
222600
236600
257400
159400
131700
131500
131400
131300
131200
131000
130900
130800
130600
130500
4898000
8419000
4922000
2216000
1590000
1860000
1923000
1289000
811100
664200
803100
925200
924000
617400
325900
361300
284200
156400
128100
128000
127900
127800
127600
127500
127400
127300
127200
127000
126900
126800
126700
126500
126400
126300
126200
126100
125900
125800
125700
125600
125500
125400
125200
125100
125000
124900
124800
124700
124500
124400
124300
124200
124100
124000
123800
123700
123600
123500
123400
123300
123200
123000
122900
122800
122700
122600
122500
122400
122200
122100
122000
121900
121800
121700
121600
9653000
7631000
3139000
1840000
1562000
2305000
1710000
1055000
683100
706100
941800
964500
954500
351600
341600
385500
191300
4813000
4506000
2105000
1152000
1408000
1629000
1179000
760300
522400
546600
634100
632100
611400
316100
278900
302900
209800
132500
128000
130000
120200
413700
331900
197300
165400
158700
1017000
2573000
1677000
757200
545900
578900
666200
490100
325800
267400
297400
336100
334800
280000
168300
177300
2657000
1928000
788300
521000
465200
662800
494600
334300
247400
258800
319600
321600
7242000
10500000
5901000
2751000
1972000
2388000
2344000
5271000
3657000
1809000
1602000
1655000
6753000
18060000
11800000
5108000
3401000
3410000
4113000
2911000
2909000
13520000
11700000
6174000
4132000
3476000
3430000
2765000
1832000
1027000
970100
1257000
1307000
1216000
497000
2794000
3797000
11230000
7605000
3196000
2360000
9917000
9128000
4538000
2659000
2136000
2819000
2585000
1879000
1444000
883800
1064000
1085000
878100
1643000
2436000
4710000
5896000
3549000
1940000
1516000
1526000
1418000
9037000
6552000
2839000
8137000
9116000
9200000
9874000
6176000
4065000
5488000
4580000
3325000
2534000
1763000
1900000
1880000
1294000
1011000
4143000
2921000
1364000
947700
634100
876900
664500
408600
281400
296600
376800
379500
375800
168200
177900
1154000
820900
365400
915500
713700
493500
358300
281700
3e+05
260200
2454000
1999000
14210000
10190000
4106000
2858000
2365000
3260000
3084000
2523000
1602000
1345000
2531000
2196000
1738000
722700
634400
736500
420400
296200
262900
215800
207900
213800
198400
123500
123200
127200
107800
102300
2085000
1538000
638500
425500
528400
769900
1405000
1039000
537900
428700
449600
500800
432500
242400
217200
230600
211100
192600
3668000
5058000
2810000
1345000
3221000
2822000
1765000
1139000
812600
922000
867500
785600
705900
493500
406400
430800
367000
156000
148600
158400
112300
99200
99130
99060
98980
98910
4940000
8779000
5156000
2288000
1624000
1893000
1977000
1316000
813700
655500
797800
928300
927300
615700
303200
340000
262800
127700
97530
97460
97390
97320
97250
97180
97110
97040
96960
96890
96820
96750
96680
96610
96540
96470
96400
96330
96260
96190
96120
96050
95990
95920
95850
95780
95710
95640
95570
95500
95430
2368000
1741000
709900
465800
415000
595400
441900
295600
216200
226600
282100
284000
2645000
1850000
783800
540100
440200
614700
455000
302800
220200
231100
288800
290800
288100
138700
145700
156100
107300
93430
93360
93290
93230
346700
1551000
1085000
2649000
1908000
915200
766200
615200
696700
506700
379100
334600
345400
381000
303000
305500
168700
147300
149500
104600
91880
91820
91750
91690
91630
417300
6407000
4583000
1789000
1129000
1019000
2350000
1678000
880700
576500
593200
811100
757100
673800
260200
283800
325200
198400
162000
107000
2494000
6687000
4251000
1790000
1216000
1297000
1521000
1040000
645200
487000
567700
688200
689600
2397000
27880000
19810000
7649000
4670000
4202000
6165000
4269000
2511000
1602000
1769000
2413000
2434000
2287000
631100
717700
795600
241700
88460
88400
88340
88290
88230
88170
88110
88050
87990
87940
87880
87820
87760
87700
87650
87590
87530
87470
87420
87360
87300
87240
87190
87130
87070
87020
86960
86900
86850
86790
86730
86680
86620
86560
86510
86450
86390
86340
86280
86230
86170
86110
86060
86000
85950
85890
85840
85780
85730
85670
85620
85560
85510
2007000
1477000
605100
398700
355700
508300
5449000
5557000
2740000
1465000
10160000
8063000
3793000
3539000
7592000
16440000
10890000
5194000
6339000
5411000
4754000
3479000
8694000
6258000
3451000
2908000
2420000
2557000
1585000
1208000
925300
1240000
7036000
5117000
7114000
14690000
24220000
18780000
19410000
13440000
8578000
7667000
6053000
5367000
4108000
3310000
3360000
3192000
2679000
1784000
1563000
13410000
9611000
3777000
2199000
1860000
2863000
2010000
1197000
2050000
1752000
1474000
8805000
7150000
7050000
4867000
2763000
2599000
1971000
1819000
1254000
1007000
966600
4776000
6760000
4130000
2274000
9789000
9520000
5141000
2857000
2090000
2597000
2285000
1693000
2032000
1554000
1253000
1229000
1142000
593000
8348000
6153000
2366000
1429000
1258000
1889000
1353000
794900
520300
560300
738700
741000
7901000
6758000
3161000
1821000
1353000
1846000
1468000
2885000
2984000
1808000
1334000
1224000
1352000
842000
586100
490200
323000
306300
324000
10050000
7242000
2772000
1739000
1486000
2227000
1564000
937900
5045000
3864000
2084000
1615000
1505000
1243000
971900
728700
7095000
19490000
12610000
5409000
3720000
3654000
4347000
11550000
13080000
7277000
4253000
3863000
4435000
3824000
2041000
1483000
1268000
1167000
1217000
1212000
664200
364800
418100
263600
107400
77380
77330
77290
77240
77200
77150
77110
77060
77020
76980
76930
76890
76840
76800
4904000
3832000
2228000
1411000
14050000
13860000
6754000
3662000
2805000
3745000
3206000
2836000
2353000
1601000
1703000
1719000
1656000
778600
539200
556900
291700
169200
160100
159600
117000
97010
101000
2e+06
11210000
17870000
2.3e+07
16840000
9463000
7584000
8936000
7598000
4930000
3426000
4256000
7957000
6391000
3884000
6998000
5106000
3134000
2130000
4050000
3603000
2059000
1438000
1148000
3473000
2589000
1419000
1056000
657000
888400
769300
538000
269800
266300
332700
2311000
6573000
5428000
5076000
14760000
11850000
6188000
3877000
3186000
3662000
2877000
5257000
13270000
10760000
5735000
10340000
8265000
5384000
3786000
2658000
2471000
1999000
1845000
1640000
1437000
998900
947900
930200
321400
253000
249400
118200
82400
74920
72780
72740
72700
72660
72620
72580
72540
72500
72470
72430
72390
72350
72310
72270
72230
4450000
5180000
2659000
1310000
1004000
1309000
1167000
754200
476700
429400
545400
596400
4996000
3503000
1396000
948400
768100
1052000
743600
460200
306500
326900
434500
438200
433300
155200
168200
187700
96750
71080
71040
71000
70970
70930
70890
70850
70820
70780
70740
70700
70670
70630
70590
70550
70520
70480
70440
70400
70370
70330
70290
70260
70220
70180
4579000
3336000
1290000
805500
704700
1063000
758300
468000
11150000
22680000
13870000
6135000
4331000
4582000
5016000
3359000
1955000
3160000
10310000
11670000
7755000
13570000
13380000
8515000
5262000
3537000
3566000
8915000
6645000
3558000
2749000
2405000
2757000
2331000
2103000
22110000
16030000
6466000
4085000
3660000
4889000
9784000
6693000
2977000
2381000
2748000
3268000
2762000
1044000
2561000
2203000
1165000
869300
3332000
9565000
10420000
5689000
7355000
5677000
3972000
3163000
2235000
1987000
1639000
1551000
1461000
1310000
969100
748000
735300
303800
191300
187600
93990
67570
67530
67500
67470
67430
5235000
3810000
1465000
910300
794700
1205000
1140000
2199000
6e+06
4082000
2572000
1922000
1651000
1504000
3181000
2334000
4697000
3471000
1883000
1649000
1345000
1217000
914900
644400
469700
464400
538100
406000
408300
190200
157800
161600
87280
66300
66270
66240
66200
66170
66140
1555000
10130000
8175000
3608000
2066000
1854000
2441000
1833000
1122000
737900
774100
1001000
1036000
933000
368300
326000
338600
149600
72500
65490
65460
65430
12040000
17580000
9710000
4411000
3194000
3947000
3841000
2473000
4795000
3960000
2701000
2422000
6578000
5027000
2331000
1654000
1198000
1286000
1039000
766100
604800
410300
504300
526900
455400
159300
161400
180700
93050
65300
64470
64430
64400
64370
64340
64310
64280
64250
9337000
6780000
2573000
1577000
1850000
2454000
1610000
961300
626900
708000
902200
879100
852100
268500
307800
349300
157300
72860
74270
76360
66410
63580
63550
63520
803500
599400
263600
267000
1522000
3821000
2725000
1265000
807900
819900
948400
706800
472800
324300
360800
430700
417700
329200
166700
161000
146300
3426000
5562000
6831000
4073000
2018000
1825000
1762000
1628000
1068000
741900
710900
805800
893600
682200
493700
288000
243500
176500
83500
62310
2850000
10870000
7180000
2894000
1888000
1913000
2423000
1650000
986900
693100
801900
1019000
1023000
837700
290800
329300
310700
113000
61770
61740
61710
61680
9417000
6837000
2592000
1588000
1378000
2122000
1490000
887600
561000
604400
833000
840900
830700
239600
267500
308900
115700
61180
61150
61120
61090
61060
61040
61010
60980
60950
60920
60900
60870
60840
60810
60790
60760
60730
60700
60680
60650
60620
60590
60560
60540
60510
60480
60450
60430
60400
60370
60350
60320
60290
60260
60240
60210
60180
60150
60130
60100
60070
60050
60020
59990
768600
2044000
4787000
8359000
9864000
21010000
14110000
6730000
5059000
4466000
4918000
3458000
2425000
2003000
2098000
2256000
1933000
1615000
612600
549600
489000
147900
59390
59370
59340
59310
59290
59260
59240
59210
59180
59160
59130
59100
59080
59050
59020
59000
5762000
5812000
2777000
1428000
1126000
1543000
1287000
14230000
10220000
4502000
3099000
2664000
3682000
2405000
1487000
1022000
948400
1196000
1199000
1736000
3856000
2790000
1352000
729800
626800
829600
581900
362400
256100
283800
360400
362400
324800
129500
141100
143700
4971000
15500000
11500000
5351000
3230000
4339000
6291000
4251000
2310000
1595000
1764000
6754000
20730000
15970000
7120000
4423000
4212000
4809000
3455000
2043000
1615000
2213000
2518000
2231000
1763000
783400
744600
688200
294600
130100
118500
133300
5120000
3732000
1437000
891700
779100
1163000
818800
497000
323100
8814000
6601000
2763000
1848000
1344000
2031000
1482000
833700
509100
548300
755300
762400
753200
218200
243400
5499000
3885000
1468000
907800
791100
3356000
2619000
3108000
2199000
5132000
4113000
2187000
1761000
1140000
1337000
1294000
2728000
2358000
1290000
1013000
846600
921100
559700
382500
300500
1517000
2165000
1317000
717300
467200
532200
3060000
2174000
898700
746300
684600
842800
655100
405900
271200
281500
311300
280400
272600
116300
123900
1298000
915300
373400
6499000
4746000
2002000
1253000
1038000
1494000
1077000
4390000
3156000
3962000
3289000
2870000
4321000
13940000
12520000
6230000
3563000
3061000
3724000
3083000
1899000
1374000
1240000
1439000
1447000
1277000
550400
406200
421700
190200
70220
54870
54850
54820
54800
54780
54760
54730
54710
54690
54670
54640
54620
54600
54580
54560
54530
54510
54490
54470
2703000
1973000
771000
486500
427300
637700
458700
500200
3095000
2254000
1050000
752700
705300
3163000
2304000
1033000
1183000
976800
982600
761100
576400
363400
346000
377000
301500
285500
146200
153800
163900
78570
66110
68570
57000
53720
53700
53680
53660
4637000
6534000
7436000
4447000
2257000
2136000
1992000
1789000
1166000
828500
820700
919700
1012000
721700
531500
317800
248600
173700
75690
53240
53210
53190
53170
53150
53130
53110
53090
1215000
894500
367300
242500
216500
308800
230300
155500
114900
120300
148700
149700
3496000
2499000
983900
629600
530800
789900
563800
3411000
7514000
6678000
3600000
2112000
3993000
4660000
3045000
1710000
1174000
1313000
1416000
1253000
905200
557200
517400
514900
4e+05
205200
119700
132200
97230
59620
52220
52200
52180
52160
52140
52120
52100
52080
52060
52040
52020
52000
51980
51960
51940
1176000
6728000
4676000
1875000
6311000
5823000
3776000
5651000
9467000
27920000
19180000
8546000
6066000
5676000
6537000
4690000
4935000
3337000
2664000
3009000
2671000
2407000
960200
848800
748500
285600
201400
201800
199800
85790
91150
99120
61850
3845000
4027000
2481000
1374000
4307000
17020000
18990000
10230000
5182000
11230000
14980000
9949000
13080000
12180000
8150000
6226000
5062000
4770000
3495000
2580000
2257000
1914000
18990000
13900000
5971000
3481000
2776000
4184000
2855000
1619000
988200
1070000
1499000
1513000
3881000
15130000
10750000
4599000
2677000
2448000
3316000
2302000
1364000
905500
1016000
1337000
1351000
1187000
1299000
1077000
5216000
4540000
3284000
2108000
1307000
4791000
5305000
15970000
18390000
15510000
9592000
9749000
19030000
13670000
15220000
