1797000
1782000
1766000
1750000
1734000
1719000
1704000
1689000
1675000
1660000
1646000
1632000
1619000
1605000
1592000
1579000
6418000
2936000
1832000
1745000
1908000
4047000
2036000
3296000
10660000
3078000
2132000
2109000
2087000
3507000
2408000
2105000
3197000
2429000
3204000
9797000
8710000
3211000
2595000
2560000
3443000
2628000
2498000
6183000
2981000
4173000
2751000
2544000
2511000
2479000
2448000
2417000
2794000
2422000
2350000
2322000
2295000
2268000
2242000
2216000
2191000
3596000
2359000
2183000
2159000
2135000
2112000
2089000
2067000
2295000
4064000
4491000
3207000
2272000
2162000
2139000
2115000
2093000
2070000
2049000
2606000
2092000
2010000
1989000
1969000
1949000
1930000
2976000
2048000
1916000
1897000
1879000
1861000
1843000
1826000
1809000
1792000
1776000
1760000
1744000
1729000
1714000
1699000
1684000
1669000
1655000
1641000
1628000
1614000
1601000
1588000
1575000
1562000
1550000
7554000
2411000
1756000
1740000
1725000
1709000
1695000
1680000
2619000
3909000
1973000
1731000
1716000
1701000
1686000
1671000
1657000
1643000
1629000
1616000
1603000
1590000
1577000
1564000
1552000
1539000
1527000
1515000
1504000
1492000
1481000
1470000
1459000
1448000
1437000
1427000
1416000
5191000
1971000
2760000
1732000
1592000
1579000
1566000
1554000
1542000
1530000
1518000
1506000
1494000
1483000
1472000
3566000
1771000
1536000
1524000
1512000
1501000
1489000
1478000
1467000
1456000
1445000
1434000
1424000
1413000
1403000
1393000
1383000
1374000
1364000
1354000
1345000
1336000
1327000
1318000
1309000
1300000
1292000
1283000
1275000
1266000
1258000
1250000
1242000
1494000
1264000
1229000
1221000
1213000
1206000
1199000
1191000
1184000
1177000
1170000
1163000
1156000
1149000
1142000
1136000
1129000
1123000
1116000
1696000
1187000
1117000
1111000
1105000
1099000
1092000
1086000
1080000
1074000
1068000
1063000
1057000
1051000
1046000
4918000
1600000
1180000
1173000
1166000
1159000
1298000
1166000
1144000
1137000
1130000
1124000
1117000
1111000
1105000
1099000
1092000
1086000
1080000
1074000
1068000
1063000
1057000
1051000
1046000
1040000
1034000
1029000
1024000
1018000
1013000
1008000
1003000
997400
992300
987300
3935000
4962000
1610000
6967000
2726000
1545000
1464000
1453000
1443000
1432000
1422000
1411000
1401000
1391000
1381000
1372000
1362000
1352000
1343000
1334000
1325000
1316000
1307000
1298000
1290000
1281000
1273000
1265000
1257000
1248000
2886000
3637000
1609000
1370000
1360000
1351000
1341000
1332000
1566000
1559000
1346000
1315000
1306000
1297000
1289000
1280000
1272000
1264000
1256000
1247000
1610000
2253000
1379000
1268000
1260000
1252000
1244000
1236000
1228000
1220000
1213000
1205000
1198000
1190000
6713000
8929000
2425000
1675000
1661000
1647000
1633000
1619000
1606000
1593000
1580000
1567000
2490000
1687000
1575000
1563000
1550000
2321000
1646000
1551000
1539000
1527000
1515000
1503000
1492000
1480000
1650000
1500000
1458000
1445000
1435000
1508000
1427000
5432000
2010000
1572000
1559000
1849000
1581000
1537000
1525000
2846000
1912000
1584000
1550000
1538000
1526000
1514000
1502000
1581000
1879000
1531000
1479000
1468000
1457000
1446000
1435000
2857000
1631000
1468000
1457000
1446000
1436000
1732000
5849000
2089000
2422000
5413000
2158000
1750000
1734000
1719000
1704000
1689000
1674000
1660000
1646000
1632000
1619000
1605000
1592000
1579000
1567000
1554000
1542000
1530000
1518000
1506000
1494000
1483000
1472000
1971000
1527000
1462000
1451000
1440000
11190000
2858000
1804000
4258000
12050000
3688000
2303000
2239000
2213000
3349000
4562000
2531000
2270000
2244000
2218000
2193000
2169000
2145000
2121000
2098000
2076000
8523000
4532000
2535000
5663000
2969000
2471000
2426000
2396000
2367000
5559000
2811000
2441000
2411000
2381000
2352000
2324000
2297000
2270000
2244000
2218000
6156000
2774000
2328000
2300000
2274000
2247000
2222000
2196000
2172000
2148000
2124000
2101000
3447000
2262000
2094000
2072000
2050000
2028000
2008000
1987000
1967000
1947000
1928000
1909000
1890000
1872000
1854000
1837000
1820000
1803000
1786000
1770000
1754000
1738000
1723000
1708000
1693000
1679000
1664000
1650000
1636000
2664000
1767000
1644000
1630000
1616000
1603000
1590000
1577000
1564000
1552000
1540000
1527000
1516000
1504000
1492000
1481000
1470000
1459000
1448000
1437000
1427000
1416000
1406000
1396000
1386000
1376000
1367000
2720000
3700000
1721000
1482000
1471000
1460000
1449000
1438000
1428000
1417000
1407000
1397000
1387000
1377000
1367000
1358000
1348000
1339000
1330000
1321000
1312000
1303000
1295000
1286000
1278000
1269000
1261000
1253000
1245000
1237000
1229000
1222000
1214000
1207000
1199000
1192000
1185000
1177000
1170000
1163000
1156000
1150000
1143000
1136000
1130000
1123000
1117000
1110000
1104000
1098000
1092000
1086000
1080000
1074000
1068000
1062000
1056000
1050000
1045000
1039000
1034000
1028000
1023000
1018000
1012000
1007000
1002000
996800
991700
986700
981700
976800
972000
967100
962400
3160000
1477000
1081000
1056000
1050000
1044000
1039000
1033000
1028000
1022000
1017000
1012000
1007000
1001000
996300
991200
986200
2048000
1445000
1069000
1031000
1152000
1040000
1021000
1016000
1010000
1005000
1e+06
994900
989900
984900
979900
975000
970200
965400
960600
955900
951300
946600
942100
937500
933000
928600
1008000
1491000
1003000
939200
934700
930300
925800
921500
917100
912800
908600
904400
900200
896100
892000
887900
1537000
976800
903300
899200
895000
890900
886900
882900
878900
875000
871100
867200
2924000
2813000
1194000
1014000
1009000
1004000
998700
2133000
1164000
1038000
1032000
1027000
2535000
7130000
1995000
1304000
1289000
1281000
1272000
1264000
1812000
6396000
2776000
1582000
1490000
1479000
1468000
1457000
1446000
1435000
1425000
1415000
1404000
1394000
1384000
2373000
2237000
5592000
2044000
1599000
1586000
5736000
2724000
1795000
1721000
1707000
1691000
1677000
1662000
1648000
1635000
1621000
1608000
1594000
2123000
2180000
3219000
3606000
1969000
1709000
1687000
1672000
1658000
6436000
2320000
1793000
5519000
4056000
4026000
4801000
2379000
2082000
3379000
2235000
2073000
2051000
2030000
2009000
1988000
1968000
1949000
3903000
2201000
1971000
1951000
1932000
1913000
1894000
1876000
1858000
1840000
1823000
1806000
1790000
1773000
1757000
2218000
1794000
1728000
2108000
1754000
1697000
1682000
1668000
1654000
1640000
2666000
1849000
9718000
2801000
1923000
1904000
1886000
1868000
2287000
2219000
1879000
1827000
2377000
1875000
1798000
1782000
1766000
1750000
1734000
1719000
1704000
1689000
1674000
1660000
1646000
1632000
1619000
1605000
1592000
1579000
2118000
1639000
1568000
1556000
1553000
1588000
1915000
1603000
1522000
1507000
1495000
1484000
1473000
1462000
1451000
1440000
1430000
1419000
2555000
2640000
1601000
1477000
2435000
1602000
1488000
1476000
1465000
1454000
1444000
1433000
1423000
1412000
1402000
1392000
1382000
1372000
1363000
1353000
1344000
1335000
1326000
1317000
1308000
1299000
2746000
3796000
1675000
1421000
1411000
1401000
1391000
1381000
1371000
1362000
1352000
1343000
1334000
1325000
1316000
1307000
1298000
1290000
1281000
1273000
1264000
1256000
1248000
1240000
1233000
1225000
1217000
1210000
1202000
1195000
1187000
1180000
1173000
1166000
1159000
1152000
1146000
1139000
1132000
1126000
1119000
1113000
1107000
1100000
1094000
1088000
1082000
1076000
1070000
1064000
1058000
1053000
1047000
1042000
1036000
1031000
1025000
1020000
1014000
1009000
1004000
1395000
1054000
1007000
1002000
997000
992000
986900
982000
977100
972200
967400
962600
957900
953200
948500
944000
939400
934900
930400
926000
921600
917300
913000
908800
1530000
993800
923100
918700
914400
910100
905900
901700
897600
893500
889400
885400
881400
877400
873500
869600
865700
861900
858100
854300
850600
846900
843300
2555000
1089000
902600
898400
894300
1106000
918200
891200
887100
883100
879200
875200
871300
867400
863600
859800
856000
852300
848600
1248000
2398000
1075000
912200
907900
903700
899500
895400
891300
887300
883200
879300
875300
1194000
10690000
2314000
1268000
1259000
1251000
1243000
1235000
1228000
1220000
1212000
1205000
1197000
1190000
1183000
1176000
1169000
1162000
1155000
1148000
1141000
1135000
1128000
1122000
1115000
1109000
1103000
1096000
1090000
1084000
1078000
1072000
1066000
1061000
1055000
1049000
1044000
1038000
1033000
1027000
1022000
1016000
1011000
1006000
1001000
995600
990600
985600
980600
975700
970900
966100
961300
956600
951900
947300
942700
938200
933700
929200
924800
920500
916100
911900
907600
903400
899200
895100
891000
887000
883000
968300
888200
874800
870900
867000
863200
2418000
1590000
992300
934500
3690000
1346000
1049000
1431000
2958000
5805000
1805000
1286000
2425000
1434000
1303000
1294000
4038000
1684000
1382000
1372000
1362000
1353000
1344000
1334000
1325000
1601000
3965000
1699000
3544000
6670000
11170000
4922000
8362000
2994000
2326000
2298000
2271000
2245000
2220000
2195000
2170000
2146000
2123000
2100000
2077000
9746000
3202000
2360000
2332000
2304000
2277000
2251000
2225000
2980000
2294000
2186000
6754000
3113000
4897000
2703000
2407000
2377000
2349000
2321000
2293000
2267000
2240000
4475000
4338000
2782000
2365000
7918000
4739000
2733000
2528000
2496000
2464000
2433000
2403000
2783000
2408000
2337000
2309000
2282000
2256000
7057000
2948000
2409000
2379000
2350000
2322000
2295000
2268000
2242000
2216000
2191000
2167000
6405000
3591000
2417000
2302000
2276000
2249000
2223000
3303000
2945000
2291000
2202000
2177000
2153000
2130000
2107000
2084000
2062000
2040000
2019000
7741000
2839000
2206000
2181000
2157000
2133000
2110000
2087000
4653000
2431000
2133000
2110000
2088000
2065000
2044000
2022000
5873000
12120000
3555000
2510000
2478000
2447000
2416000
8570000
7540000
3195000
2703000
2666000
2629000
2594000
2560000
2527000
2494000
2463000
2432000
2402000
2373000
2344000
2316000
2289000
2262000
2236000
2211000
2186000
2161000
2138000
2114000
2092000
2069000
2048000
2026000
2005000
1985000
1965000
1945000
4118000
2389000
2406000
2023000
9992000
5066000
2564000
2334000
2306000
2279000
2252000
2335000
2432000
2214000
2167000
2143000
2120000
2097000
2075000
2053000
2031000
2010000
1990000
1969000
1950000
1930000
1911000
2580000
7983000
9074000
12800000
6325000
3367000
3262000
4666000
3005000
2769000
2730000
3604000
5863000
3098000
2732000
6124000
3154000
2749000
2711000
4772000
3222000
2720000
2653000
2617000
4267000
2789000
2575000
2541000
2508000
2476000
2445000
2415000
2385000
2356000
2328000
2952000
5362000
3512000
3998000
11830000
5004000
2943000
2773000
2734000
2696000
2659000
5204000
10710000
5090000
3103000
8237000
3663000
3336000
3046000
2969000
2925000
2881000
2839000
2798000
2758000
2720000
2682000
2646000
2610000
2575000
2542000
2509000
2477000
2446000
2415000
2386000
2357000
2328000
2301000
2274000
2248000
2222000
2197000
2172000
2148000
2125000
2102000
2079000
2057000
3383000
3410000
2229000
2080000
2058000
2036000
2015000
1995000
1974000
1955000
1935000
1916000
4190000
2215000
1952000
1932000
1913000
1895000
1876000
1858000
1841000
1824000
1807000
1790000
1774000
1758000
1742000
1727000
1711000
1696000
1682000
1667000
1653000
1639000
1626000
1612000
1599000
1586000
1573000
1560000
1548000
1536000
1524000
1512000
1500000
1489000
1478000
1466000
1456000
1445000
1434000
1424000
1413000
1403000
2979000
1621000
1443000
1432000
1422000
1411000
1401000
1391000
6172000
10530000
2807000
1892000
1873000
1855000
1838000
1821000
1804000
2807000
6412000
4768000
2672000
7762000
5307000
2623000
2338000
2310000
2283000
5794000
2775000
2373000
2344000
2316000
2289000
2262000
2757000
17790000
4491000
2804000
2764000
2725000
2687000
7896000
3374000
2775000
2736000
2698000
2661000
2625000
2590000
3926000
2718000
2539000
2506000
4183000
8565000
6716000
3161000
6524000
3271000
2829000
2788000
2749000
2710000
2673000
2637000
2602000
2567000
2534000
2501000
2469000
2438000
2408000
2379000
2350000
2322000
2294000
2268000
2241000
2216000
5174000
2621000
2279000
2253000
2227000
2202000
2315000
3080000
5057000
2576000
2611000
2283000
2220000
2195000
3445000
2339000
4397000
2492000
2232000
2207000
2182000
2158000
2134000
2111000
2088000
2066000
2044000
2023000
2002000
1982000
1962000
1942000
1923000
1904000
1886000
1868000
1850000
1833000
1816000
2459000
7418000
3339000
2100000
2e+06
1980000
1960000
1940000
1921000
1903000
1884000
1866000
1848000
1831000
1814000
1797000
1781000
1765000
1749000
1733000
1718000
1703000
8635000
8130000
2727000
2125000
2102000
2079000
2057000
2036000
3829000
2468000
2080000
2037000
4634000
2470000
2097000
2066000
2045000
2023000
2002000
1982000
1962000
1942000
1923000
1904000
1886000
1868000
1850000
1833000
1816000
1799000
1782000
1766000
1750000
1735000
1719000
1704000
1689000
1675000
6167000
2292000
1795000
1778000
2015000
1783000
1740000
1725000
1709000
1694000
1680000
1665000
1651000
1637000
1624000
1610000
1597000
1584000
1571000
1559000
1546000
1534000
1522000
1510000
1499000
1487000
1476000
1465000
1817000
2670000
1750000
1510000
1486000
1474000
1463000
1452000
1442000
1431000
1421000
1410000
1400000
1390000
1380000
1371000
1361000
2317000
2855000
3195000
1668000
1485000
1474000
1463000
1452000
1441000
1431000
1420000
1410000
1400000
1390000
1380000
1370000
1361000
1351000
1342000
1333000
1762000
5287000
1910000
1484000
1473000
1462000
1451000
1441000
1430000
1420000
1409000
1399000
1389000
1379000
1370000
1360000
1351000
1341000
1332000
1323000
1314000
1305000
4706000
1794000
1422000
1412000
1402000
1392000
1382000
1372000
1363000
1353000
1344000
1335000
1326000
1317000
1308000
1299000
1290000
1282000
1274000
1265000
1257000
1249000
1241000
1233000
1226000
1218000
1210000
1203000
1195000
1188000
1181000
1174000
1167000
1160000
1153000
1146000
1140000
1133000
1126000
1120000
1114000
1107000
1101000
1095000
1089000
1083000
1077000
1071000
1065000
1059000
1053000
1048000
1042000
1037000
1031000
1026000
1020000
1015000
1010000
1005000
999400
994300
1283000
2102000
3090000
3419000
8165000
2177000
1449000
1438000
1427000
1417000
1407000
1397000
1387000
1377000
1367000
1358000
1348000
1339000
1330000
1321000
1312000
1303000
1295000
1286000
1278000
1269000
1261000
1253000
1245000
1237000
1229000
1222000
1214000
1206000
1199000
1192000
1184000
3130000
2173000
1341000
1256000
1248000
1240000
1232000
7174000
2097000
1630000
1470000
1441000
1430000
1420000
1409000
1399000
1389000
1379000
1370000
1555000
2765000
1556000
1399000
1389000
1379000
1370000
1360000
1351000
1341000
1332000
1323000
1314000
1305000
1297000
1288000
1280000
3412000
6867000
2811000
1755000
1602000
2128000
2422000
1701000
1607000
1594000
1581000
3747000
11330000
4287000
2174000
2018000
1997000
1977000
1957000
1937000
2018000
2260000
2064000
1899000
1867000
1850000
1832000
1815000
1798000
1782000
1766000
1750000
4758000
2154000
1814000
1797000
1781000
1765000
1749000
1733000
1718000
6866000
2431000
1863000
1845000
1828000
1811000
1794000
1778000
1762000
1746000
1730000
1715000
1700000
1686000
1671000
4690000
2077000
1738000
1723000
1707000
2999000
1993000
2873000
1931000
4111000
2053000
1783000
1767000
1751000
1735000
1835000
2854000
2074000
1751000
1712000
1697000
1682000
1668000
1654000
1640000
2121000
2126000
1692000
1633000
1619000
1606000
2675000
1748000
1620000
1664000
1603000
1584000
1571000
1558000
1546000
1534000
1522000
1510000
1498000
1487000
1476000
1900000
1520000
1463000
4201000
1860000
1557000
1545000
1533000
1521000
1509000
2997000
1716000
2635000
1843000
1975000
2428000
8283000
4178000
2073000
1882000
1864000
1846000
1829000
1812000
1795000
1778000
1762000
1746000
1731000
1716000
1701000
1686000
1672000
1657000
1643000
1630000
1616000
1603000
1590000
1577000
1564000
1552000
1539000
1527000
1515000
1504000
1492000
1481000
1470000
1459000
1448000
1437000
1427000
1734000
1454000
1410000
1400000
1390000
1380000
1370000
1361000
2513000
1515000
1381000
1372000
1362000
2300000
1484000
1374000
1566000
1385000
1354000
1345000
1335000
1326000
1317000
1308000
1300000
1291000
1283000
1274000
1266000
1258000
1250000
1242000
1234000
1226000
1218000
1211000
1203000
2581000
2794000
3152000
1533000
1341000
1332000
1323000
1314000
1305000
1297000
1288000
1280000
1271000
1263000
1255000
1247000
1239000
1231000
1223000
1216000
1208000
1201000
1193000
1186000
1179000
1172000
1165000
1158000
1151000
1144000
1138000
1131000
1125000
1118000
1112000
1105000
1099000
1093000
1087000
1835000
1185000
1099000
1093000
1087000
1081000
1075000
2010000
3456000
2279000
1293000
1194000
2011000
1863000
1285000
1217000
1209000
1202000
1194000
1187000
1180000
1173000
1166000
1159000
1152000
1145000
1139000
1132000
1125000
1119000
1113000
1106000
1100000
1094000
1088000
1082000
1076000
1070000
1064000
1058000
1053000
1047000
1041000
1036000
1030000
1025000
2737000
1309000
1093000
3276000
1827000
1284000
2672000
3801000
11930000
2946000
1726000
1698000
1684000
1669000
1655000
2504000
1756000
1650000
1636000
1623000
1609000
1596000
1583000
1570000
1558000
1546000
1533000
1521000
1510000
1498000
1487000
1475000
2876000
2217000
1820000
1556000
3025000
9437000
7239000
2535000
2059000
6297000
5673000
2605000
6941000
5036000
2743000
2490000
2458000
2428000
2398000
2368000
2340000
2312000
15320000
4176000
2752000
2714000
2676000
2640000
2605000
2570000
2537000
2504000
2472000
2441000
3822000
12940000
4126000
2817000
2756000
2717000
2680000
2643000
2608000
2573000
2540000
2507000
2475000
2444000
2928000
2464000
5272000
3392000
3282000
2574000
2466000
4624000
4003000
13340000
10190000
8240000
3744000
6371000
12310000
4691000
10830000
