170200
170100
170000
169800
169600
169500
169300
169100
168900
168700
168600
168400
168200
168000
167900
167700
167500
186400
193500
197700
199700
202300
212600
214900
223200
270200
283100
292500
296500
300700
310400
312900
314200
321600
325100
333700
392000
447800
468800
481200
489200
500800
502400
502300
532700
539400
557200
561300
565100
565300
564600
563100
561100
564000
563200
562200
560700
559200
557400
555400
553500
551600
566000
568000
569200
568600
568200
566700
564700
562700
564500
586100
616600
635700
643300
647500
649100
648400
646100
643500
640900
646500
645900
644900
643000
641200
638900
636400
647500
648300
648400
646900
645700
643500
640900
638400
635800
633300
630800
628300
625800
623400
620900
618500
616100
613700
611400
609000
606700
604400
602100
599900
597600
595400
593100
691500
713300
730200
735700
742400
742200
738800
735400
749400
782400
790000
794100
794700
794600
791700
787800
783900
780000
776200
772500
768700
765000
761400
757700
754200
750600
747100
743600
740100
736700
733300
729900
726600
723300
720000
716800
717200
800500
818400
860000
870300
879900
880400
878500
874600
869800
865100
860400
855800
851200
846700
842200
894500
903500
909700
909600
910100
906800
901700
896600
891500
886600
881700
876800
872000
867200
862500
857900
853300
848700
844200
839700
835300
831000
826700
822400
818100
814000
809800
805700
801600
797600
793600
789700
785800
798700
798800
798200
795600
793400
790000
786100
782200
778400
774600
770800
767100
763400
759800
756200
752600
749100
745500
742200
761000
762900
763700
762000
760600
757700
754100
750600
747100
743600
740100
736700
733300
729900
731500
827600
848600
864100
868600
873900
872400
875600
872800
869600
865600
861700
857300
852800
848200
843700
839200
834800
830500
826200
821900
817700
813500
809300
805200
801200
797200
793200
789300
785400
781500
777700
773900
770100
766400
762800
759100
857100
972600
1010000
1220000
1300000
1346000
1359000
1368000
1365000
1355000
1343000
1332000
1321000
1310000
1299000
1289000
1278000
1268000
1258000
1248000
1238000
1229000
1219000
1210000
1201000
1192000
1183000
1174000
1166000
1157000
1220000
1304000
1327000
1337000
1340000
1339000
1330000
1319000
1318000
1317000
1310000
1302000
1293000
1284000
1274000
1264000
1254000
1244000
1234000
1225000
1230000
1256000
1257000
1255000
1250000
1244000
1235000
1226000
1216000
1207000
1198000
1189000
1180000
1171000
1360000
1692000
1786000
1842000
1866000
1881000
1869000
1847000
1826000
1805000
1785000
1765000
1791000
1782000
1771000
1756000
1741000
1761000
1750000
1739000
1723000
1708000
1691000
1673000
1656000
1639000
1630000
1616000
1602000
1587000
1572000
1560000
1546000
1713000
1739000
1757000
1754000
1767000
1757000
1741000
1723000
1769000
1776000
1771000
1759000
1747000
1731000
1713000
1694000
1680000
1681000
1669000
1655000
1640000
1625000
1609000
1593000
1640000
1639000
1635000
1624000
1614000
1599000
1597000
1791000
1825000
1889000
2050000
2092000
2106000
2096000
2085000
2063000
2037000
2011000
1986000
1961000
1937000
1914000
1891000
1869000
1847000
1826000
1805000
1785000
1765000
1745000
1726000
1708000
1689000
1672000
1688000
1678000
1667000
1653000
1639000
2059000
2140000
2198000
2318000
2900000
3041000
3107000
3110000
3110000
3142000
3237000
3220000
3190000
3146000
3101000
3046000
2988000
2932000
2879000
2827000
2778000
3121000
3256000
3292000
3501000
3537000
3529000
3476000
3424000
3360000
3510000
3488000
3456000
3401000
3351000
3289000
3222000
3157000
3095000
3036000
2979000
3184000
3185000
3174000
3134000
3099000
3048000
2990000
2935000
2881000
2830000
2780000
2732000
2772000
2746000
2716000
2678000
2642000
2602000
2560000
2519000
2479000
2441000
2404000
2368000
2333000
2299000
2266000
2234000
2203000
2173000
2143000
2115000
2087000
2060000
2033000
2007000
1982000
1958000
1934000
1911000
1888000
1962000
1962000
1958000
1942000
1928000
1908000
1886000
1864000
1842000
1821000
1800000
1780000
1760000
1741000
1722000
1703000
1685000
1667000
1650000
1633000
1616000
1600000
1584000
1569000
1553000
1538000
1523000
1592000
1695000
1718000
1727000
1725000
1719000
1704000
1686000
1668000
1651000
1634000
1617000
1601000
1585000
1569000
1554000
1539000
1524000
1509000
1495000
1481000
1467000
1454000
1441000
1428000
1415000
1403000
1390000
1378000
1366000
1355000
1343000
1332000
1321000
1310000
1299000
1289000
1278000
1268000
1258000
1248000
1238000
1229000
1219000
1210000
1201000
1192000
1183000
1174000
1166000
1157000
1149000
1141000
1133000
1124000
1117000
1109000
1101000
1094000
1086000
1079000
1071000
1064000
1057000
1050000
1043000
1036000
1030000
1023000
1017000
1010000
1004000
997400
991200
985100
1095000
1124000
1141000
1145000
1149000
1146000
1138000
1130000
1122000
1114000
1106000
1098000
1091000
1083000
1076000
1069000
1062000
1112000
1133000
1140000
1139000
1144000
1141000
1134000
1127000
1120000
1112000
1104000
1097000
1089000
1082000
1074000
1067000
1060000
1053000
1046000
1039000
1033000
1027000
1021000
1014000
1008000
1002000
1005000
1023000
1024000
1023000
1019000
1015000
1009000
1003000
996700
990500
984400
978300
972300
966400
960600
954800
976900
977800
977400
973900
970700
965800
960000
954200
948500
942900
937300
931800
1008000
1092000
1119000
1132000
1138000
1140000
1134000
1178000
1182000
1184000
1180000
1176000
1240000
1480000
1540000
1579000
1591000
1601000
1593000
1578000
1586000
1818000
1902000
1940000
1948000
1953000
1941000
1919000
1896000
1874000
1852000
1831000
1810000
1789000
1769000
1799000
1827000
2047000
2087000
2112000
2109000
2316000
2368000
2382000
2370000
2359000
2334000
2301000
2268000
2236000
2204000
2174000
2145000
2116000
2120000
2131000
2199000
2277000
2290000
2285000
2269000
2248000
2220000
2415000
2435000
2443000
2614000
2735000
2862000
3026000
3055000
3052000
3101000
3079000
3041000
2991000
2943000
2892000
2840000
2790000
2741000
2802000
2780000
2753000
2715000
2680000
2639000
2596000
2554000
2513000
2474000
2436000
2399000
2363000
2328000
2294000
2286000
2260000
2233000
2221000
2197000
2171000
2144000
2117000
2089000
2062000
2090000
2080000
2440000
2500000
2542000
2536000
2534000
2506000
2490000
2473000
2443000
2411000
2405000
2378000
2349000
2317000
2286000
2254000
2223000
2192000
2162000
2133000
2104000
2077000
2050000
2024000
1998000
1973000
1949000
1925000
1944000
1930000
1915000
1896000
1881000
1863000
1862000
1848000
1831000
1813000
1794000
1775000
1755000
1736000
1717000
1699000
1681000
1663000
1712000
1761000
1767000
1764000
1803000
1802000
1793000
1777000
1762000
1744000
1725000
1707000
1689000
1671000
1653000
1636000
1620000
1603000
1587000
1571000
1556000
1541000
1526000
1511000
1497000
1483000
1552000
1660000
1685000
1695000
1694000
1690000
1675000
1658000
1641000
1624000
1607000
1591000
1575000
1560000
1545000
1530000
1515000
1501000
1487000
1473000
1459000
1446000
1433000
1420000
1408000
1395000
1383000
1371000
1359000
1348000
1337000
1325000
1314000
1304000
1293000
1283000
1272000
1262000
1252000
1242000
1233000
1223000
1214000
1205000
1196000
1187000
1178000
1169000
1161000
1177000
1174000
1171000
1164000
1158000
1151000
1142000
1134000
1126000
1118000
1110000
1103000
1123000
1123000
1120000
1115000
1110000
1103000
1096000
1088000
1081000
1073000
1066000
1059000
1052000
1045000
1038000
1032000
1025000
1018000
1012000
1006000
999200
993000
1e+06
997400
1020000
1021000
1022000
1018000
1014000
1008000
1002000
995800
989600
983500
977400
971500
965600
959700
954000
948300
942700
937100
931600
926200
920800
915500
911700
976900
988500
996500
996600
997500
1003000
999600
995300
990000
984900
979100
973200
967200
961400
955600
949900
944200
938700
933200
951800
1011000
1023000
1031000
1032000
1032000
1027000
1020000
1014000
1007000
1001000
994800
988600
1002000
1418000
1511000
1582000
1605000
1631000
1628000
1612000
1595000
1580000
1564000
1549000
1534000
1519000
1505000
1490000
1477000
1463000
1450000
1437000
1424000
1411000
1399000
1386000
1374000
1363000
1351000
1340000
1328000
1317000
1306000
1296000
1285000
1275000
1265000
1255000
1245000
1235000
1226000
1216000
1207000
1198000
1189000
1180000
1172000
1163000
1154000
1146000
1138000
1130000
1122000
1114000
1106000
1099000
1091000
1084000
1076000
1069000
1062000
1055000
1048000
1041000
1034000
1028000
1021000
1014000
1008000
1002000
995400
989200
983000
995600
994000
991600
987000
982800
977400
1033000
1063000
1073000
1076000
1203000
1229000
1246000
1266000
1352000
1555000
1605000
1636000
1697000
1714000
1712000
1699000
1819000
1832000
1838000
1829000
1821000
1805000
1784000
1765000
1745000
1740000
1853000
1866000
1985000
2272000
2838000
3103000
3644000
3767000
3836000
3812000
3770000
3696000
3612000
3531000
3453000
3379000
3308000
3240000
3175000
3637000
3684000
3705000
3665000
3635000
3570000
3491000
3415000
3394000
3335000
3277000
3520000
3542000
3713000
3703000
3687000
3630000
3568000
3495000
3419000
3346000
3277000
3357000
3443000
3445000
3412000
3729000
3843000
3851000
3810000
3765000
3698000
3616000
3535000
3487000
3419000
3352000
3285000
3221000
3158000
3408000
3413000
3403000
3359000
3320000
3262000
3196000
3132000
3071000
3013000
2956000
2902000
3106000
3161000
3163000
3134000
3103000
3057000
3001000
3013000
3008000
2974000
2932000
2889000
2843000
2794000
2745000
2698000
2653000
2609000
2567000
2843000
2871000
2883000
2859000
2840000
2800000
2751000
2704000
2803000
2790000
2770000
2735000
2703000
2662000
2618000
2575000
2746000
3307000
3417000
3473000
3468000
3456000
3400000
3694000
3946000
3982000
3965000
3926000
3867000
3783000
3694000
3609000
3528000
3451000
3377000
3306000
3238000
3173000
3111000
3050000
2993000
2937000
2883000
2832000
2782000
2734000
2687000
2642000
2599000
2557000
2516000
2476000
2438000
2401000
2365000
2462000
2465000
2475000
2455000
2867000
3047000
3107000
3109000
3102000
3069000
3014000
2977000
2939000
2892000
2844000
2797000
2750000
2703000
2658000
2614000
2571000
2530000
2490000
2452000
2414000
2378000
2343000
2357000
2635000
3053000
3724000
4039000
4171000
4222000
4319000
4273000
4192000
4097000
4061000
4157000
4106000
4042000
4168000
4131000
4072000
3988000
4033000
3985000
3915000
3834000
3757000
3770000
3706000
3640000
3566000
3497000
3424000
3351000
3282000
3215000
3150000
3089000
3095000
3236000
3280000
3365000
3873000
4026000
4066000
4036000
3997000
3922000
3830000
3882000
4292000
4408000
4415000
4723000
4732000
4709000
4611000
4519000
4406000
4288000
4175000
4067000
3964000
3867000
3774000
3686000
3601000
3521000
3444000
3370000
3300000
3232000
3167000
3105000
3045000
2987000
2932000
2878000
2827000
2777000
2729000
2683000
2638000
2595000
2553000
2512000
2473000
2552000
2601000
2598000
2578000
2554000
2523000
2486000
2447000
2410000
2374000
2339000
2305000
2391000
2384000
2373000
2348000
2326000
2296000
2263000
2231000
2200000
2170000
2141000
2112000
2084000
2057000
2031000
2005000
1980000
1956000
1932000
1909000
1886000
1864000
1842000
1821000
1800000
1780000
1760000
1741000
1722000
1703000
1685000
1668000
1650000
1633000
1617000
1600000
1584000
1569000
1553000
1538000
1523000
1509000
1575000
1579000
1579000
1571000
1563000
1551000
1536000
1521000
1723000
2128000
2234000
2295000
2316000
2327000
2306000
2273000
2240000
2254000
2443000
2585000
2638000
2971000
3188000
3248000
3248000
3229000
3191000
3358000
3343000
3319000
3270000
3226000
3169000
3107000
3078000
3951000
4086000
4168000
4144000
4131000
4056000
4267000
4232000
4184000
4103000
4030000
3940000
3843000
3752000
3737000
3669000
3600000
3526000
3561000
3834000
4043000
4065000
4271000
4268000
4232000
4149000
4065000
3970000
3873000
3780000
3691000
3606000
3526000
3448000
3375000
3304000
3236000
3171000
3108000
3048000
2991000
2935000
2881000
2830000
2956000
2945000
2926000
2888000
2854000
2809000
2769000
2772000
2892000
2888000
2892000
2864000
2834000
2791000
2813000
2782000
2869000
2854000
2835000
2798000
2762000
2718000
2672000
2628000
2585000
2543000
2503000
2464000
2426000
2389000
2354000
2319000
2286000
2253000
2222000
2191000
2161000
2132000
2104000
2111000
2338000
2407000
2432000
2427000
2419000
2395000
2360000
2325000
2292000
2259000
2227000
2196000
2166000
2137000
2109000
2081000
2054000
2028000
2002000
1977000
1953000
2234000
2554000
2642000
2680000
2690000
2683000
2648000
2604000
2663000
2654000
2633000
2601000
2705000
2702000
2685000
2653000
2623000
2586000
2544000
2504000
2465000
2427000
2390000
2355000
2320000
2287000
2254000
2222000
2192000
2162000
2133000
2104000
2077000
2050000
2024000
1998000
1973000
1949000
2147000
2173000
2187000
2177000
2182000
2162000
2136000
2108000
2082000
2055000
2029000
2003000
1978000
1954000
1930000
1907000
1884000
1862000
1840000
1819000
1799000
1778000
1759000
1739000
1729000
1713000
1696000
1680000
1689000
1733000
1738000
1734000
1724000
1712000
1696000
1679000
1661000
1644000
1627000
1610000
1594000
1578000
1563000
1548000
1533000
1575000
1635000
1720000
1737000
1744000
1740000
1731000
1715000
1696000
1678000
1661000
1643000
1627000
1610000
1594000
1578000
1563000
1547000
1532000
1518000
1547000
1722000
1756000
1776000
1777000
1776000
1763000
1743000
1724000
1706000
1688000
1670000
1652000
1635000
1619000
1602000
1586000
1571000
1555000
1540000
1525000
1511000
1672000
1698000
1715000
1712000
1711000
1699000
1681000
1663000
1646000
1629000
1613000
1596000
1580000
1565000
1550000
1535000
1520000
1505000
1491000
1477000
1464000
1450000
1437000
1424000
1412000
1399000
1387000
1375000
1363000
1352000
1340000
1329000
1318000
1307000
1296000
1286000
1276000
1265000
1255000
1246000
1236000
1226000
1217000
1208000
1199000
1190000
1181000
1172000
1163000
1155000
1147000
1138000
1130000
1122000
1114000
1107000
1099000
1091000
1084000
1077000
1069000
1068000
1081000
1127000
1211000
1308000
1632000
1715000
1771000
1788000
1800000
1789000
1770000
1750000
1731000
1712000
1694000
1676000
1659000
1641000
1625000
1608000
1592000
1576000
1561000
1545000
1530000
1516000
1502000
1487000
1474000
1460000
1447000
1434000
1421000
1408000
1396000
1384000
1372000
1452000
1491000
1503000
1503000
1501000
1493000
1480000
1735000
1782000
1825000
1830000
1837000
1826000
1806000
1786000
1766000
1747000
1728000
1709000
1701000
1750000
1749000
1744000
1732000
1720000
1704000
1686000
1668000
1651000
1634000
1617000
1601000
1585000
1569000
1554000
1538000
1617000
1889000
1988000
2039000
2054000
2093000
2130000
2121000
2104000
2084000
2062000
2154000
2627000
2797000
2870000
2886000
2892000
2863000
2815000
2766000
2725000
2698000
2665000
2626000
2587000
2548000
2509000
2470000
2432000
2395000
2359000
2325000
2433000
2431000
2422000
2398000
2377000
2346000
2312000
2279000
2246000
2456000
2478000
2488000
2471000
2457000
2427000
2391000
2355000
2321000
2287000
2255000
2223000
2192000
2162000
2133000
2241000
2243000
2239000
2219000
2202000
2233000
2222000
2253000
2243000
2335000
2335000
2328000
2305000
2283000
2254000
2228000
2247000
2238000
2220000
2196000
2172000
2145000
2117000
2089000
2061000
2065000
2071000
2056000
2037000
2017000
1995000
2031000
2020000
2007000
1990000
1972000
1951000
1927000
1905000
1882000
1860000
1838000
1817000
1797000
1777000
1757000
1761000
1747000
1733000
1852000
1866000
1873000
1863000
1855000
1838000
1817000
1876000
1874000
1924000
1929000
1947000
1980000
2277000
2411000
2460000
2469000
2470000
2450000
2415000
2379000
2344000
2309000
2276000
2244000
2213000
2182000
2152000
2124000
2095000
2068000
2041000
2015000
1990000
1965000
1941000
1918000
1895000
1872000
1851000
1829000
1808000
1788000
1768000
1749000
1729000
1711000
1692000
1675000
1657000
1685000
1678000
1670000
1656000
1644000
1628000
1612000
1598000
1636000
1633000
1627000
1615000
1604000
1635000
1630000
1623000
1620000
1611000
1598000
1583000
1569000
1554000
1539000
1524000
1509000
1495000
1481000
1468000
1454000
1441000
1428000
1415000
1403000
1390000
1378000
1366000
1355000
1415000
1477000
1564000
1584000
1596000
1594000
1588000
1574000
1559000
1544000
1529000
1514000
1500000
1486000
1472000
1458000
1445000
1432000
1419000
1407000
1394000
1382000
1370000
1359000
1347000
1336000
1325000
1326000
1318000
1310000
1300000
1291000
1281000
1271000
1260000
1251000
1241000
1231000
1222000
1258000
1259000
1258000
1253000
1247000
1239000
1230000
1264000
1347000
1398000
1414000
1420000
1453000
1477000
1477000
1470000
1462000
1452000
1440000
1427000
1414000
1402000
1389000
1377000
1366000
1354000
1342000
1331000
1320000
1309000
1298000
1288000
1278000
1267000
1257000
1247000
1238000
1228000
1219000
1209000
1200000
1191000
1182000
1174000
1165000
1167000
1248000
1263000
1271000
1353000
1387000
1401000
1460000
1574000
2126000
2259000
2348000
2373000
2394000
2376000
2342000
2357000
2334000
2310000
2281000
2254000
2224000
2193000
2163000
2134000
2106000
2078000
2051000
2025000
1999000
1974000
1950000
1926000
1989000
2015000
2027000
2018000
2090000
2480000
2815000
2915000
2958000
3235000
3484000
3522000
3858000
4047000
4081000
4045000
3992000
3920000
3830000
3739000
3652000
3569000
4353000
4446000
4495000
4445000
4409000
4317000
4202000
4092000
3988000
3890000
3796000
3707000
3724000
4313000
4390000
4412000
4362000
4313000
4221000
4111000
4006000
3907000
3812000
3722000
3636000
3554000
3513000
3446000
3570000
3583000
3606000
3564000
3518000
3597000
3633000
4235000
4740000
5199000
5269000
5519000
6245000
6299000
