1852000
1816000
1775000
1736000
1699000
1664000
1629000
1597000
1565000
1535000
1506000
1478000
1451000
1425000
1400000
1375000
21360000
6798000
1953000
1425000
2049000
8895000
2588000
6341000
33140000
6520000
1758000
1455000
1429000
6306000
2683000
1516000
5040000
2653000
5038000
28460000
21530000
4294000
1642000
1474000
3850000
1824000
1435000
11520000
3057000
5379000
2036000
1425000
1367000
1344000
1322000
1300000
3236000
1585000
1269000
1233000
1214000
1196000
1178000
1161000
1144000
6676000
2034000
1179000
1114000
1098000
1083000
1069000
1055000
2885000
7439000
8958000
4843000
1578000
1111000
1073000
1059000
1045000
1031000
1018000
3514000
1418000
1027000
991800
979600
967700
956100
4137000
1473000
979700
940100
929200
918400
908000
897700
887700
878000
868400
2798000
1176000
873800
847500
838600
829800
821300
812900
804700
796700
788800
781000
773500
766000
758800
751600
28010000
5278000
1145000
892800
882900
873200
863700
854500
6219000
7405000
1873000
960100
899500
889500
879600
870000
860600
851400
842400
833600
825000
2761000
1447000
884800
812100
801200
793200
785400
777700
770200
762800
755600
748500
741600
734700
728000
4981000
16430000
3290000
5552000
1604000
903800
853900
844900
836000
827300
867300
818600
803100
794700
786900
779200
12700000
2765000
954200
839300
830500
822000
813600
805400
797300
789400
781700
774100
766600
759300
752200
745100
738200
731500
724800
718300
711900
705600
699400
693300
687400
681500
675700
670000
664500
659000
653600
2074000
1103000
4043000
1217000
706100
670700
665100
659600
654200
648900
643700
638500
633500
628500
623600
618700
614000
609300
604700
600100
3814000
4372000
1194000
672700
638900
633800
628800
623900
619100
614300
609600
605000
600400
595900
591500
4247000
16670000
3238000
863000
719100
712600
706300
4299000
1297000
746800
708400
702200
696100
690000
684100
678300
672600
667000
661400
656000
650700
645400
4162000
1233000
696900
660100
654700
649400
644200
639000
633900
628900
624000
619200
614400
609700
4002000
17280000
16460000
3084000
24420000
7186000
1594000
1004000
970500
958800
947400
936200
925400
914700
904400
894200
884300
874600
865100
855800
846700
837800
829100
820600
812200
804000
796000
788100
780400
772800
3036000
11910000
10610000
2287000
970900
889700
879900
870300
860900
2534000
1898000
992200
851500
835800
827100
818600
810300
802100
794200
786300
778600
3332000
4774000
1398000
826300
786600
778900
771400
764000
756700
749600
742600
735800
729100
722500
22410000
30960000
5478000
1246000
996400
984100
972100
960300
948900
937700
926800
916100
4714000
1537000
952100
907900
897600
3872000
1380000
919800
883400
873800
864300
855000
845900
837000
1643000
1008000
833800
810400
801800
1118000
840300
15920000
3311000
1014000
869900
2068000
1054000
862800
843000
5808000
2426000
1030000
860700
844800
836000
827300
818800
1150000
2286000
1039000
812500
791900
784100
776500
769000
6337000
1688000
837800
780500
772900
765500
2086000
17570000
3544000
4025000
12020000
2691000
1044000
937900
926900
916300
905900
895700
885700
876000
866500
857100
848000
839100
830300
821800
813400
805200
797100
789200
781500
773900
766500
759200
6159000
1650000
825300
769700
762300
34850000
6419000
1250000
7674000
34220000
7534000
1618000
1139000
1113000
5397000
8947000
2319000
1183000
1104000
1089000
1074000
1060000
1046000
1032000
1019000
1006000
24290000
9755000
2135000
11730000
3315000
1328000
1150000
1130000
1114000
12730000
3017000
1241000
1121000
1106000
1091000
1076000
1061000
1047000
1034000
1021000
17950000
3817000
1241000
1075000
1061000
1047000
1033000
1020000
1007000
994600
1591000
1073000
6975000
1965000
1046000
980600
968700
957000
963700
937600
924000
913300
902900
892800
882900
873200
863800
854500
845500
836600
827900
819400
811000
802900
794900
787000
779300
771800
764400
757100
750000
14320000
3011000
951100
821800
813400
805200
797200
789300
781500
773900
766500
759200
752000
745000
738100
731400
724700
718200
711800
705500
927000
732000
691700
683800
678000
672300
666600
11190000
10380000
2155000
851400
773100
765700
758400
751300
744300
737400
730600
724000
1353000
2901000
1063000
735500
710600
704300
698100
692100
686100
680300
1886000
1046000
715800
673600
666500
731500
667500
651500
645600
640400
635300
630300
625400
620500
615700
611000
606400
601800
597300
592900
588500
584200
579900
575800
571600
567600
563600
559600
555700
551900
548100
544400
540700
537000
533400
529900
526400
523000
519600
516200
512900
509600
506400
503200
5e+05
496900
493900
490800
487800
484900
481900
479000
476200
18040000
4216000
892700
611400
599700
595200
590800
586500
582200
578000
573900
569800
565700
561700
557800
553900
1029000
9315000
3325000
920300
641200
1461000
761500
630500
618300
613500
608900
604300
599700
595200
590800
586500
582200
578000
573800
569800
2089000
882800
1818000
774600
585400
570500
566400
2257000
3229000
987200
608000
582600
578400
574200
570100
566100
562100
558200
554300
550500
546700
543000
539300
4907000
1268000
604700
561900
558000
554100
550300
546500
542800
539100
535500
532000
10450000
9709000
1963000
736300
664000
658500
653200
6182000
1575000
734400
679400
673700
8148000
24860000
4848000
1105000
855200
844100
835200
826500
2990000
21450000
7040000
1603000
985900
949500
938300
927400
916700
906300
896100
886100
876400
866800
857500
5252000
4256000
17870000
3661000
1130000
971400
15360000
4820000
1411000
1048000
1038000
1012000
996700
984200
972200
960500
949000
937800
926900
3492000
3294000
6469000
6592000
1987000
1064000
983600
970100
958500
15860000
3425000
1159000
12460000
8457000
8149000
10460000
2540000
1211000
5421000
1820000
1153000
1100000
1085000
1070000
1056000
1042000
1029000
7344000
2063000
1093000
1023000
1010000
997800
985400
973400
961600
950100
938900
928000
917300
906900
896700
3231000
1271000
907800
2011000
1058000
877700
858300
849100
840200
1099000
4610000
1738000
25010000
4849000
1192000
966400
954800
943500
2696000
2081000
1088000
931100
2550000
1178000
921000
896200
886300
876500
867000
857700
848500
839600
830800
822300
813900
805600
797600
789700
781900
774300
6464000
1714000
845100
786600
1583000
1111000
2243000
1128000
800400
761900
753600
746500
739600
732800
726100
719600
713100
706800
9411000
6109000
1491000
807700
4671000
1412000
814000
771700
764300
757100
749900
743000
736100
729400
722800
716300
709900
703600
697500
691400
685500
679700
673900
668300
662700
657300
11710000
11020000
2248000
856000
772700
765300
758100
750900
743900
737000
730300
723700
717200
710800
704500
698300
692300
686300
680500
674700
669000
2180000
915700
681700
662700
657200
651800
646600
1972000
862100
656300
639300
634200
629200
624300
619400
614700
610000
605300
600800
596300
591900
587500
583200
579000
574800
570700
566700
562700
7980000
1809000
684500
613900
609200
604600
6e+05
595600
591100
586800
582500
578300
5640000
1426000
657500
607900
603300
598700
594300
589900
585600
581300
577100
573000
568900
564800
560900
557000
553100
549300
545500
541800
538200
4466000
2876000
879600
3501000
1060000
615800
585600
581300
577100
573000
568900
564900
560900
557000
553100
549300
545600
541900
538200
534600
1450000
682200
539800
528200
524700
2106000
8811000
1895000
665100
589500
585100
2283000
864200
603100
583700
579400
575200
571100
567100
563100
559100
555200
551400
547600
543900
6366000
7872000
1711000
696600
635100
630100
625200
620300
615500
610800
606200
601600
597100
5391000
48840000
8540000
1310000
877700
868200
858800
849700
840700
831900
823300
814900
806700
798600
790700
782900
775300
767800
760500
753300
746300
739300
732500
725900
719300
712900
706600
700400
694300
688300
682400
676600
670900
665300
659800
654400
649100
643900
638700
633600
628600
623700
618900
614100
609400
604800
600300
595800
591400
587000
582800
578500
574400
570300
566200
562200
558300
554400
550600
546800
543100
539400
535800
532200
528700
525200
521800
518400
515100
511800
508500
5847000
1400000
589800
538700
535100
531500
7322000
3821000
1003000
613900
13730000
2792000
802000
2399000
8734000
18760000
3755000
1026000
5111000
1553000
899900
852800
11070000
2555000
1002000
900600
890500
880600
871000
861600
852400
2183000
10740000
2478000
8980000
20980000
34180000
12440000
22950000
4674000
1505000
1302000
1281000
1260000
1241000
1222000
1203000
1185000
1168000
1151000
1134000
28030000
5562000
1469000
1211000
1193000
1175000
1158000
1141000
3845000
1562000
1134000
15940000
4430000
9570000
2504000
1248000
1158000
1141000
1125000
1110000
1094000
1079000
8875000
8154000
2876000
1282000
17600000
7728000
1959000
1204000
1152000
1136000
1120000
1104000
3034000
1397000
1088000
1057000
1043000
1029000
16690000
3615000
1229000
1075000
1061000
1047000
1033000
1940000
1163000
1012000
990900
978800
14650000
5575000
1551000
1063000
1029000
1016000
1003000
5022000
3271000
1312000
1021000
994100
981900
969900
958300
946900
935700
924900
914300
20520000
4165000
1188000
1e+06
988100
976000
964100
952600
9685000
2398000
1066000
976000
964200
952600
941400
930400
14820000
31640000
5837000
1399000
1130000
1114000
1310000
18470000
14160000
3012000
1296000
1187000
1170000
1153000
1136000
1120000
1105000
1090000
1075000
1061000
1047000
1786000
1451000
1072000
1007000
2926000
1307000
1003000
973700
961900
950400
939200
928300
917600
907200
896900
4709000
1521000
933800
9557000
2767000
2176000
1123000
25800000
11210000
2314000
1147000
1078000
1063000
1049000
4146000
2117000
1160000
1033000
1014000
1002000
989200
977000
965200
953600
942400
931300
1341000
980800
907100
893300
5446000
19480000
23680000
30510000
11640000
3128000
2463000
5835000
1981000
1286000
1822000
3735000
8957000
2438000
1286000
10120000
2670000
1303000
1205000
6982000
2810000
1353000
1181000
1158000
6300000
1983000
1186000
1124000
1109000
1093000
1079000
1064000
1050000
1036000
1023000
8238000
11520000
5139000
6350000
25250000
7929000
1905000
1237000
1193000
1176000
1158000
7828000
21050000
7478000
1939000
13990000
3351000
2225000
1411000
1267000
1240000
1221000
1203000
1185000
1167000
1150000
1134000
1118000
1103000
1088000
1073000
1059000
1045000
1031000
1018000
1005000
992600
980400
968500
956900
945500
934400
923600
913000
902600
892500
6002000
1735000
952100
8838000
5414000
1555000
991700
951900
940700
929700
918900
908500
898200
888200
878400
10740000
2521000
1020000
921300
910800
900500
890400
880600
870900
861500
852300
843300
834500
825800
817300
809000
800900
793000
785100
777500
770000
762600
755400
748300
741300
734500
947800
758000
718200
709900
703600
697500
691400
685500
679700
673900
668300
662700
657300
651900
646600
641400
9351000
2096000
774000
690500
684600
678800
673000
667400
18120000
29600000
5271000
1171000
928400
917700
907300
897100
887100
3807000
14130000
9611000
3195000
18940000
11780000
2561000
1204000
1118000
1103000
12590000
2985000
1228000
1110000
1095000
1080000
1065000
2632000
45330000
8321000
1620000
1209000
1191000
1173000
13860000
3254000
1315000
1184000
1166000
1150000
1133000
1117000
4553000
1660000
1123000
1077000
5907000
16060000
11560000
2608000
10250000
2652000
1272000
1174000
1157000
1140000
1124000
1109000
1093000
1079000
1064000
1050000
1036000
1023000
1010000
997500
985100
973100
961400
949900
1317000
991500
10790000
2565000
1064000
964400
952800
941600
1676000
3466000
9017000
2241000
1998000
1128000
972900
952900
4456000
1524000
6991000
1954000
1035000
970100
958400
947000
935900
925000
914400
904000
893900
884000
874300
864800
1437000
944200
847400
833400
824800
816300
808000
799900
792000
4352000
16620000
5355000
1369000
925200
897400
887400
877700
868100
858700
849600
840600
831900
1099000
1625000
939300
813200
798400
790500
782700
775100
767600
23860000
20620000
3778000
1140000
985700
973600
961800
950400
8078000
2675000
1133000
975900
8503000
2442000
1102000
988700
974600
962800
951300
940100
929100
918400
907900
897700
887700
877900
868400
859000
849800
840900
832100
823500
815100
806800
798700
790800
783000
775400
21440000
4211000
1078000
883900
1996000
1053000
874600
855300
846200
837300
828600
820100
811800
803600
795600
787700
780000
772400
765000
757800
750600
743600
736700
730000
5455000
1507000
785400
1577000
3001000
5430000
1937000
876100
761500
750300
743300
736400
729700
723100
716600
710200
703900
1151000
768900
694600
684700
8381000
7032000
7625000
1802000
844800
783800
776200
768700
761400
754200
747100
740200
733400
726700
720100
713700
707400
701100
695000
689000
9002000
16540000
3231000
963000
825800
817300
809000
800900
792900
785100
777500
770000
762600
755400
748300
741300
734500
727800
721200
714700
708400
3308000
17780000
3519000
972400
816000
807800
799700
791700
783900
776300
768800
761500
754300
747200
740300
733500
726800
720200
713800
707400
701200
695100
2413000
974800
708700
687500
681600
675800
670200
664600
659100
653700
648400
643100
638000
2944000
1022000
787600
661300
637900
631800
626800
622000
617100
612400
607700
603200
598600
594200
589800
585500
581200
577000
572900
568800
564800
1734000
754600
573600
559300
555400
551600
2772000
2862000
5491000
8805000
9206000
28670000
5234000
1121000
873500
864000
854700
845700
836800
828100
819600
811200
803100
795000
787200
779500
772000
764500
757300
750200
743200
736300
729600
723000
716500
710100
703800
697700
691600
685700
679800
674100
668400
662900
13210000
5427000
1299000
777100
746300
739400
732600
24100000
4617000
1734000
968000
859300
844400
835500
826900
818400
810100
801900
793900
2140000
6136000
1653000
857700
804000
795900
788100
780400
772800
765400
758100
751000
744000
737100
730300
723700
717200
9067000
22700000
6749000
1796000
974600
2931000
4076000
1389000
930800
895300
885400
8552000
31870000
10040000
2036000
1134000
1083000
1068000
1054000
1040000
1610000
2036000
1512000
1069000
996700
981400
969500
957800
946400
935300
924500
913900
9626000
2361000
1033000
944600
933600
922700
912200
901900
891800
16420000
3469000
1110000
960400
948900
937800
926800
916200
905800
895600
885600
875900
866400
857100
847900
10190000
2403000
981400
888300
878500
4559000
1824000
4030000
1575000
7291000
1952000
982900
915900
905500
895300
1365000
3980000
1966000
1011000
886200
871400
862000
852700
843700
834900
3724000
2919000
1129000
850700
827600
819100
5435000
1578000
871500
1175000
872800
811100
799900
792000
784200
776500
769000
761700
754500
747400
1062000
3026000
1106000
758100
11340000
2500000
889100
787000
779300
771700
764300
8085000
1977000
4898000
1991000
2343000
4017000
21410000
8537000
1863000
1019000
968600
957000
997000
943200
924600
913500
903200
893000
883100
873500
864000
854700
845700
836800
828100
819600
811200
803100
795000
787200
779500
771900
764500
757300
750200
743200
736300
729600
723000
716500
710100
703800
775200
8573000
2004000
808100
731400
724700
718200
711800
2213000
5448000
1469000
769700
723100
716600
5836000
1560000
779000
2143000
956600
736100
717000
710600
704300
698100
692100
686100
680300
674500
668900
663300
657800
652500
647200
642000
636800
631800
626800
2705000
8212000
6842000
7929000
1824000
813700
750200
743200
736300
729600
723000
716500
710100
3221000
1119000
732700
704100
697900
691900
685900
680100
674300
668700
663100
657700
652300
647000
641800
5338000
1427000
712400
665100
659600
654200
648800
643600
638500
633400
628400
623500
8590000
1956000
747400
670900
665300
659800
654400
6594000
9768000
5290000
1348000
786300
4512000
3463000
1147000
790400
764500
757200
750100
743100
736200
729500
722900
716400
710000
703700
697600
691500
685600
679800
3951000
1221000
720800
685800
679900
674200
668600
663000
657500
652200
646900
641700
636600
631500
626600
5206000
10440000
2338000
822400
9164000
3734000
1371000
6386000
10690000
44480000
8260000
1502000
1061000
1044000
1030000
1017000
4585000
1597000
1044000
1e+06
987600
975500
963700
952200
940900
929900
919200
908700
898500
888500
878700
869100
859700
9401000
4312000
2171000
1072000
6509000
27320000
19870000
3788000
1424000
14980000
13260000
2955000
16610000
9815000
2447000
1375000
1299000
1279000
1258000
1239000
1220000
1201000
39680000
7522000
1670000
1306000
1284000
1264000
1244000
1225000
1206000
1188000
1171000
1154000
6458000
29220000
6167000
1585000
1251000
1227000
1208000
1190000
1173000
1156000
1139000
1123000
1107000
1092000
3360000
1444000
9936000
4437000
3831000
1493000
1106000
7565000
5570000
28350000
20220000
14580000
3208000
8980000
24970000
5387000
18380000
