928800
925700
921800
917400
912600
907500
902300
896900
891400
886000
880700
875400
870100
865000
859800
854800
1781000
1305000
1167000
1154000
1106000
1543000
1251000
1470000
3198000
1872000
1775000
1743000
1555000
2005000
1758000
1583000
1890000
1652000
1907000
3897000
3864000
2781000
2655000
2438000
2557000
2428000
2281000
3288000
2470000
2871000
2506000
2343000
2334000
2269000
2185000
2158000
2181000
2087000
2045000
2017000
1982000
1958000
1933000
1903000
1878000
2246000
1972000
1929000
1906000
1852000
1838000
1821000
1777000
1787000
2329000
2569000
2347000
2141000
2061000
2e+06
1977000
1934000
1877000
1830000
1934000
1820000
1791000
1770000
1738000
1721000
1703000
1977000
1762000
1726000
1707000
1663000
1652000
1637000
1602000
1585000
1562000
1546000
1529000
1513000
1498000
1483000
1468000
1453000
1438000
1424000
1411000
1397000
1384000
1371000
1358000
1345000
1333000
1321000
2627000
1758000
1678000
1663000
1541000
1555000
1556000
1467000
1619000
2096000
1661000
1612000
1582000
1519000
1519000
1502000
1452000
1434000
1409000
1395000
1382000
1369000
1356000
1343000
1331000
1319000
1307000
1296000
1284000
1273000
1262000
1251000
1240000
1230000
1219000
1209000
1199000
1921000
1448000
1732000
1518000
1434000
1440000
1412000
1367000
1359000
1317000
1305000
1288000
1276000
1265000
1254000
1674000
1392000
1361000
1351000
1306000
1305000
1300000
1265000
1254000
1236000
1226000
1215000
1205000
1195000
1186000
1176000
1167000
1157000
1148000
1139000
1130000
1122000
1113000
1105000
1096000
1088000
1080000
1072000
1064000
1056000
1049000
1041000
1034000
1027000
1019000
1012000
1005000
998400
991600
984900
978200
971700
965300
958900
952600
946400
940300
934300
928300
922400
916600
910900
905200
899600
894100
888600
883200
877900
872600
867400
862300
857200
852200
847200
842300
837500
832700
1456000
1051000
1016000
1012000
956300
964900
967000
926400
920100
903600
898000
892500
887100
881700
876400
871100
865900
860800
855800
850800
845800
840900
836100
831300
826600
821900
817300
812700
808200
803800
799400
795000
790700
786400
782200
778000
1178000
1751000
1190000
2717000
1849000
1593000
1600000
1452000
1415000
1419000
1308000
1286000
1247000
1234000
1223000
1213000
1203000
1193000
1183000
1174000
1164000
1155000
1146000
1137000
1128000
1120000
1111000
1103000
1094000
1086000
1229000
1716000
1320000
1282000
1262000
1208000
1214000
1204000
1210000
1223000
1165000
1153000
1141000
1129000
1122000
1111000
1100000
1091000
1082000
1074000
1138000
1348000
1165000
1144000
1130000
1102000
1101000
1092000
1069000
1060000
1048000
1040000
1033000
1026000
2521000
3966000
2312000
2178000
2040000
1860000
1914000
1840000
1684000
1637000
1577000
1560000
1914000
1655000
1619000
1603000
1556000
1865000
1645000
1592000
1575000
1526000
1518000
1506000
1473000
1458000
1507000
1453000
1431000
1417000
1398000
1408000
1382000
2930000
1892000
1793000
1775000
1752000
1689000
1684000
1578000
2094000
1781000
1683000
1655000
1593000
1580000
1571000
1526000
1541000
1650000
1527000
1504000
1486000
1459000
1449000
1434000
1988000
1592000
1544000
1529000
1466000
1465000
1576000
3249000
2049000
2259000
3154000
2245000
2209000
2174000
1965000
1967000
1908000
1822000
1793000
1752000
1731000
1711000
1691000
1671000
1652000
1634000
1616000
1598000
1580000
1563000
1547000
1530000
1514000
1499000
1523000
1482000
1465000
1451000
1433000
4790000
2595000
2405000
3108000
6463000
3959000
3656000
3357000
2990000
3442000
4046000
3140000
3019000
2860000
2744000
2723000
2662000
2564000
2511000
2452000
2411000
4952000
3885000
3299000
4606000
3526000
3375000
3364000
3061000
2994000
4233000
3252000
3129000
3052000
2892000
2868000
2833000
2710000
2659000
2589000
2544000
3905000
2952000
2837000
2791000
2633000
2620000
2593000
2473000
2430000
2366000
2328000
2291000
2605000
2340000
2287000
2253000
2191000
2166000
2139000
2088000
2058000
2023000
1996000
1968000
1942000
1916000
1891000
1867000
1843000
1820000
1798000
1776000
1754000
1733000
1713000
1693000
1673000
1654000
1635000
1617000
1599000
1582000
1565000
1548000
1532000
1516000
1500000
1485000
1470000
1455000
1441000
1426000
1413000
1399000
1386000
1373000
1360000
1347000
1335000
1323000
1311000
1299000
1287000
1276000
1265000
1254000
1243000
1233000
1222000
1652000
1363000
1333000
1323000
1278000
1277000
1272000
1237000
1227000
1209000
1199000
1189000
1180000
1170000
1161000
1152000
1143000
1134000
1125000
1116000
1108000
1099000
1091000
1083000
1075000
1067000
1059000
1052000
1044000
1037000
1029000
1022000
1015000
1008000
1001000
994100
987300
980700
974100
967600
961200
954900
948700
942600
936500
930500
924600
918700
913000
907300
901700
896100
890600
885200
879900
874600
869300
864200
859100
854000
849100
844100
839300
834400
829700
825000
820300
815700
811200
806700
802300
797900
793500
789200
914500
875900
835800
829700
815300
810200
808700
797900
790900
784400
779400
775200
771100
767000
763000
759100
755100
882400
872600
813300
806000
818900
794500
792600
782300
771700
766000
761100
755600
751700
747400
743600
739800
736000
732300
728700
725000
721500
717900
714400
710900
707400
704000
700600
762000
716900
710400
707100
698600
696700
694200
687300
684000
679700
676600
673400
670300
667300
664200
788600
702800
693400
690300
676900
676700
675100
664900
661700
656500
653600
650700
1147000
1239000
946000
923400
880100
854100
865300
1124000
916300
890100
879300
852400
1247000
2622000
1545000
1447000
1401000
1270000
1300000
1289000
1338000
2775000
2045000
1753000
1713000
1578000
1575000
1578000
1481000
1445000
1404000
1385000
1372000
1359000
1347000
1583000
1677000
3153000
2033000
1911000
1876000
3144000
2403000
2213000
2085000
1942000
1909000
1908000
1809000
1777000
1731000
1708000
1688000
1669000
1851000
1917000
2323000
2448000
2066000
1994000
1933000
1873000
1856000
3257000
2278000
2174000
3379000
3189000
3441000
3962000
2990000
2860000
3317000
2782000
2702000
2606000
2445000
2403000
2353000
2285000
2249000
3016000
2448000
2371000
2335000
2235000
2219000
2196000
2119000
2088000
2044000
2016000
1988000
1961000
1935000
1909000
1983000
1896000
1868000
1959000
1855000
1829000
1808000
1772000
1754000
1732000
2076000
1849000
4419000
2705000
2520000
2500000
2265000
2274000
2384000
2228000
2131000
2053000
2180000
2046000
2015000
1984000
1941000
1917000
1893000
1860000
1836000
1811000
1788000
1767000
1745000
1725000
1704000
1684000
1665000
1646000
1664000
1622000
1603000
1585000
1565000
1551000
1692000
1584000
1551000
1533000
1505000
1492000
1479000
1455000
1440000
1423000
1409000
1396000
1601000
1882000
1569000
1531000
1885000
1584000
1561000
1538000
1466000
1456000
1439000
1403000
1389000
1369000
1356000
1344000
1332000
1320000
1308000
1296000
1285000
1273000
1262000
1251000
1241000
1230000
1298000
1868000
1457000
1417000
1402000
1343000
1347000
1339000
1293000
1280000
1259000
1248000
1237000
1227000
1216000
1206000
1196000
1187000
1177000
1168000
1158000
1149000
1140000
1131000
1123000
1114000
1105000
1097000
1089000
1081000
1073000
1065000
1057000
1050000
1042000
1035000
1027000
1020000
1013000
1006000
999100
992300
985600
979000
972400
966000
959600
953300
947100
941000
934900
928900
923000
917200
911500
905800
900200
894700
889200
883800
878500
873200
868000
862800
857700
852700
847800
842800
838000
833200
828500
823800
819100
814500
810000
805500
801100
796700
792400
788100
783800
779600
775500
771400
767300
763300
759300
755400
751500
747600
743800
740000
736300
732600
728900
725300
721700
718100
714600
711100
707600
704200
700800
697500
694100
690800
687600
684400
963300
778000
761100
757900
731700
773300
748200
727000
723300
711800
709300
706300
700800
697400
693400
690100
686800
683600
680400
677300
1037000
799800
779000
775800
743100
747700
748400
724500
720600
710800
707400
704000
700600
3317000
1625000
1495000
1491000
1272000
1323000
1345000
1190000
1179000
1124000
1116000
1107000
1099000
1091000
1083000
1075000
1067000
1059000
1051000
1044000
1036000
1029000
1022000
1015000
1008000
1001000
993800
987100
980400
973800
967400
961000
954700
948400
942300
936200
930200
924300
918500
912700
907000
901400
895900
890400
885000
879600
874300
869100
864000
858900
853800
848800
843900
839100
834200
829500
824800
820100
815500
811000
806500
802100
797700
793300
789000
784800
780600
776400
772300
768200
764200
760200
756200
752300
748400
744600
926000
932000
838400
828900
1583000
1082000
1047000
1187000
1607000
2445000
1638000
1508000
1768000
1462000
1462000
1433000
2195000
1621000
1549000
1520000
1437000
1439000
1436000
1375000
1361000
1406000
2291000
1662000
2472000
3687000
5761000
4303000
6075000
4178000
3781000
3695000
3392000
3197000
3093000
2837000
2768000
2673000
2624000
2578000
2532000
5702000
3599000
3391000
3340000
3029000
3047000
3033000
2802000
3070000
2757000
2693000
4589000
3386000
4246000
3515000
3236000
3216000
3096000
2958000
2909000
2764000
2710000
3568000
3688000
3204000
3054000
5086000
4153000
3682000
3561000
3288000
3212000
3178000
3005000
3064000
2876000
2806000
2753000
2691000
2645000
4616000
3268000
3119000
3067000
2854000
2849000
2824000
2664000
2615000
2534000
2491000
2449000
4126000
3319000
2964000
2901000
2717000
2682000
2666000
2946000
2868000
2608000
2548000
2473000
2422000
2394000
2336000
2285000
2242000
2204000
2171000
4390000
2882000
2729000
2688000
2466000
2478000
2466000
2302000
3280000
2538000
2449000
2412000
2293000
2281000
2259000
2169000
3546000
6303000
3787000
3555000
3391000
3070000
3118000
5215000
5143000
3935000
3732000
3494000
3351000
3349000
3184000
3032000
2933000
2848000
2793000
2740000
2689000
2640000
2593000
2547000
2503000
2460000
2419000
2379000
2341000
2303000
2267000
2232000
2198000
2166000
2134000
2103000
2073000
2043000
2015000
2127000
2059000
2116000
2012000
4959000
3806000
3087000
3003000
2720000
2672000
2684000
2484000
2397000
2306000
2256000
2222000
2188000
2156000
2124000
2093000
2063000
2034000
2006000
1979000
1952000
1926000
1901000
1876000
3708000
5166000
6736000
5383000
4463000
4283000
4632000
3996000
3789000
3492000
3513000
4266000
3517000
3359000
4436000
3538000
3442000
3377000
3789000
3441000
3289000
3159000
3047000
3451000
3101000
2988000
2927000
2824000
2780000
2735000
2660000
2611000
2557000
2513000
2470000
3622000
3132000
3446000
6126000
4400000
3891000
3780000
3416000
3374000
3304000
3860000
6260000
4731000
4127000
6280000
4460000
4403000
4242000
3797000
3714000
3596000
3379000
3302000
3183000
3114000
3046000
2983000
2923000
2865000
2809000
2755000
2704000
2654000
2606000
2560000
2515000
2472000
2431000
2391000
2352000
2314000
2278000
2242000
2208000
2175000
2143000
2112000
2081000
2052000
2023000
1995000
1968000
1942000
1916000
1891000
1867000
1843000
1820000
1797000
1775000
2234000
1904000
1859000
1838000
1779000
1769000
1754000
1707000
1687000
1659000
1641000
1622000
1604000
1587000
1570000
1553000
1536000
1520000
1505000
1489000
1474000
1459000
1445000
1430000
1416000
1403000
1389000
1376000
1363000
1351000
1338000
1326000
1314000
1302000
1291000
1279000
1268000
1257000
1246000
1236000
1225000
1215000
1442000
1281000
1260000
1251000
1222000
1217000
1210000
1188000
2615000
4314000
2524000
2376000
2241000
2038000
2092000
2021000
1849000
2093000
3161000
3049000
2634000
4848000
4164000
3309000
3218000
2917000
2796000
4263000
3116000
2932000
2842000
2658000
2647000
2620000
2707000
8615000
4588000
4220000
4136000
3578000
3646000
5687000
3943000
3754000
3574000
3335000
3311000
3267000
3086000
3444000
3079000
3e+06
2943000
3501000
5017000
5073000
3982000
5435000
4134000
3911000
3852000
3547000
3417000
3328000
3142000
3074000
2982000
2921000
2863000
2808000
2754000
2703000
2653000
2605000
2559000
2514000
2471000
2430000
2390000
3505000
2713000
2614000
2573000
2439000
2426000
2443000
2698000
3586000
2737000
2785000
2616000
2482000
2472000
2948000
2496000
3363000
2682000
2551000
2521000
2413000
2366000
2340000
2243000
2208000
2159000
2127000
2096000
2066000
2037000
2009000
1981000
1955000
1929000
1903000
1879000
1855000
1831000
1808000
1869000
3399000
2575000
2340000
2301000
2150000
2144000
2138000
2026000
1984000
1931000
1902000
1877000
1853000
1830000
1807000
1785000
1763000
1742000
1721000
1701000
1681000
3523000
4352000
2914000
2784000
2603000
2447000
2482000
2370000
2847000
2455000
2297000
2259000
3229000
2548000
2445000
2374000
2249000
2225000
2205000
2114000
2081000
2033000
2005000
1977000
1951000
1925000
1899000
1875000
1851000
1828000
1805000
1783000
1761000
1740000
1719000
1699000
1679000
1660000
2353000
1874000
1819000
1799000
1782000
1740000
1726000
1667000
1643000
1614000
1597000
1576000
1559000
1542000
1525000
1510000
1494000
1479000
1464000
1449000
1435000
1421000
1407000
1394000
1380000
1367000
1355000
1342000
1330000
1480000
1400000
1360000
1347000
1323000
1312000
1304000
1284000
1271000
1257000
1246000
1235000
1225000
1215000
1205000
1195000
1208000
1558000
1752000
1445000
1413000
1374000
1337000
1340000
1314000
1278000
1260000
1242000
1231000
1221000
1211000
1201000
1191000
1181000
1172000
1162000
1153000
1940000
1424000
1377000
1368000
1295000
1302000
1302000
1247000
1236000
1212000
1202000
1192000
1183000
1173000
1164000
1154000
1145000
1136000
1128000
1119000
1110000
1651000
1290000
1254000
1246000
1193000
1196000
1193000
1154000
1144000
1126000
1117000
1109000
1100000
1092000
1084000
1076000
1068000
1060000
1052000
1045000
1037000
1030000
1023000
1016000
1009000
1002000
994800
988000
981400
974800
968300
961900
955600
949300
943200
937100
931100
925200
919300
913600
907900
902200
896700
891200
885800
880400
875100
869900
864700
859600
854600
849600
844600
839800
834900
830200
825500
820800
816200
811700
807200
802700
798300
892600
1240000
1513000
2986000
1759000
1631000
1590000
1443000
1457000
1436000
1314000
1291000
1249000
1238000
1227000
1217000
1207000
1197000
1187000
1178000
1168000
1159000
1150000
1141000
1132000
1123000
1115000
1106000
1098000
1089000
1081000
1073000
1066000
1058000
1050000
1043000
1334000
1330000
1179000
1161000
1129000
1112000
1112000
2732000
1665000
1620000
1579000
1434000
1460000
1465000
1363000
1350000
1307000
1295000
1283000
1310000
1654000
1403000
1375000
1361000
1321000
1319000
1311000
1279000
1267000
1249000
1239000
1228000
1218000
1208000
1198000
1188000
1753000
3301000
2287000
2033000
1936000
1998000
2177000
1937000
1798000
1734000
1659000
2486000
5118000
3510000
2964000
2832000
2558000
2561000
2530000
2321000
2266000
2270000
2195000
2136000
2102000
2065000
2036000
2009000
1976000
1947000
1919000
1894000
2744000
2166000
2100000
2076000
1982000
1976000
1963000
1890000
1866000
3342000
2358000
2262000
2238000
2092000
2100000
2092000
1982000
1955000
1904000
1879000
1855000
1831000
1809000
1786000
2634000
2056000
1992000
1970000
1878000
2253000
2038000
2262000
2042000
2644000
2182000
2104000
2066000
1988000
1954000
1965000
2212000
2038000
1945000
1917000
1868000
1848000
1829000
1790000
1764000
1900000
1951000
1808000
1779000
1746000
1715000
2124000
1824000
1773000
1770000
1701000
1690000
1677000
1633000
1615000
1590000
1572000
1555000
1538000
1522000
1506000
1623000
1521000
1499000
2594000
1840000
1769000
1752000
1636000
1643000
1637000
2100000
1727000
2108000
1858000
1891000
2109000
3864000
3092000
2594000
2485000
2303000
2261000
2251000
2115000
2047000
1984000
1948000
1922000
1897000
1872000
1848000
1825000
1802000
1780000
1759000
1738000
1717000
1697000
1677000
1658000
1639000
1621000
1603000
1586000
1568000
1552000
1535000
1519000
1503000
1488000
1473000
1458000
1444000
1429000
1415000
1402000
1388000
1375000
1362000
1350000
1337000
1346000
1321000
1308000
1297000
1284000
1489000
1342000
1320000
1350000
1296000
1288000
1280000
1254000
1245000
1231000
1218000
1208000
1198000
1188000
1178000
1169000
1159000
1150000
1141000
1132000
1124000
1115000
1106000
1098000
1090000
1454000
1675000
1348000
1317000
1278000
1239000
1245000
1220000
1184000
1168000
1151000
1142000
1133000
1124000
1115000
1107000
1098000
1090000
1082000
1074000
1066000
1058000
1051000
1043000
1036000
1029000
1021000
1014000
1007000
1e+06
993400
986700
980000
973500
967000
960600
954300
948100
941900
935900
929900
924000
918200
912400
906700
987300
1543000
1363000
1171000
1144000
1299000
1304000
1193000
1145000
1104000
1077000
1071000
1054000
1037000
1026000
1016000
1009000
1002000
995500
988700
982100
975500
969000
962600
956200
950000
943800
937700
931700
925800
920000
914200
908500
902800
897300
891800
886300
881000
875700
1022000
928600
913400
1480000
1209000
1119000
1507000
1841000
4758000
2575000
2306000
2236000
1953000
1988000
1971000
2032000
1816000
1723000
1704000
1662000
1650000
1635000
1602000
1584000
1562000
1546000
1529000
1513000
1498000
1483000
1468000
1453000
1870000
1795000
1704000
1614000
2172000
4186000
4297000
3019000
2856000
4438000
4425000
3488000
5247000
4471000
3714000
3641000
3339000
3188000
3140000
2961000
2860000
2771000
7989000
4517000
4184000
4112000
3611000
3655000
3645000
3278000
3203000
3045000
2982000
2922000
3430000
7115000
4460000
4128000
4005000
3611000
3628000
3574000
3273000
3185000
3048000
2983000
2923000
2865000
2998000
2823000
3952000
3393000
3415000
3159000
2998000
3812000
3652000
7374000
7266000
7089000
5597000
6455000
9515000
6614000
9646000
