399000
398100
397100
396000
395000
394000
393000
392000
391000
390000
389000
388000
387000
386100
385100
384100
411700
443900
456700
458500
458800
472200
489200
502300
616800
669200
684300
685100
682700
696900
708700
710000
720900
731400
745700
917300
1059000
1108000
1112000
1106000
1116000
1116000
1110000
1183000
1206000
1254000
1243000
1233000
1223000
1213000
1204000
1194000
1201000
1192000
1183000
1174000
1165000
1156000
1148000
1139000
1131000
1156000
1166000
1161000
1152000
1144000
1135000
1127000
1118000
1117000
1154000
1264000
1294000
1284000
1274000
1264000
1254000
1243000
1233000
1223000
1240000
1228000
1219000
1209000
1200000
1190000
1181000
1208000
1204000
1196000
1187000
1178000
1169000
1160000
1151000
1142000
1134000
1126000
1117000
1109000
1101000
1093000
1086000
1078000
1070000
1063000
1056000
1048000
1041000
1034000
1027000
1020000
1013000
1007000
1193000
1247000
1250000
1243000
1233000
1223000
1213000
1204000
1239000
1318000
1305000
1295000
1284000
1274000
1263000
1253000
1243000
1233000
1223000
1213000
1203000
1194000
1185000
1176000
1167000
1158000
1149000
1140000
1132000
1124000
1115000
1107000
1099000
1092000
1084000
1076000
1069000
1220000
1254000
1325000
1315000
1304000
1294000
1283000
1272000
1262000
1251000
1241000
1231000
1221000
1211000
1202000
1323000
1309000
1298000
1287000
1277000
1266000
1256000
1246000
1235000
1226000
1216000
1206000
1197000
1187000
1178000
1169000
1160000
1152000
1143000
1134000
1126000
1118000
1110000
1102000
1094000
1086000
1078000
1071000
1063000
1056000
1049000
1042000
1034000
1041000
1040000
1034000
1027000
1020000
1013000
1007000
999900
993400
987000
980700
974400
968200
962100
956100
950100
944300
938500
932700
950900
951800
947500
941900
936200
930500
924900
919300
913800
908400
903000
897700
892500
887300
882100
1021000
1059000
1063000
1058000
1051000
1044000
1043000
1039000
1032000
1025000
1019000
1012000
1005000
998600
992100
985700
979400
973100
966900
960900
954900
948900
943100
937300
931600
925900
920300
914800
909400
904000
898700
893400
888200
883100
878000
873000
999900
1152000
1209000
1557000
1605000
1603000
1589000
1573000
1557000
1542000
1526000
1511000
1496000
1482000
1468000
1454000
1440000
1426000
1413000
1400000
1387000
1375000
1363000
1351000
1339000
1327000
1316000
1304000
1293000
1282000
1379000
1499000
1499000
1487000
1474000
1460000
1446000
1432000
1434000
1435000
1423000
1410000
1397000
1384000
1372000
1360000
1348000
1336000
1324000
1313000
1325000
1372000
1362000
1350000
1339000
1327000
1316000
1305000
1294000
1283000
1272000
1261000
1251000
1241000
1563000
2098000
2099000
2075000
2050000
2023000
1996000
1970000
1945000
1921000
1897000
1873000
1951000
1913000
1886000
1863000
1840000
1902000
1866000
1841000
1819000
1797000
1776000
1756000
1736000
1716000
1708000
1693000
1675000
1657000
1639000
1627000
1611000
1883000
1896000
1877000
1856000
1866000
1838000
1815000
1794000
1892000
1888000
1860000
1837000
1815000
1794000
1773000
1753000
1738000
1743000
1731000
1712000
1694000
1675000
1657000
1639000
1707000
1712000
1696000
1677000
1659000
1641000
1642000
1983000
1976000
2038000
2301000
2252000
2214000
2183000
2152000
2122000
2093000
2064000
2037000
2010000
1984000
1958000
1933000
1909000
1885000
1862000
1840000
1818000
1796000
1776000
1755000
1735000
1716000
1696000
1712000
1703000
1685000
1667000
1649000
2399000
2368000
2329000
2487000
3528000
3429000
3325000
3253000
3185000
3272000
3471000
3358000
3276000
3207000
3140000
3076000
3015000
2957000
2900000
2846000
2793000
3565000
3570000
3443000
3788000
3693000
3594000
3511000
3431000
3355000
3706000
3589000
3494000
3416000
3340000
3268000
3199000
3133000
3070000
3009000
2950000
3422000
3268000
3179000
3114000
3051000
2991000
2933000
2877000
2824000
2772000
2723000
2675000
2739000
2710000
2663000
2617000
2573000
2530000
2489000
2449000
2410000
2372000
2336000
2300000
2266000
2233000
2201000
2169000
2139000
2109000
2080000
2052000
2025000
1998000
1972000
1947000
1923000
1899000
1875000
1852000
1830000
1937000
1895000
1867000
1845000
1823000
1801000
1780000
1760000
1740000
1720000
1701000
1682000
1664000
1646000
1628000
1611000
1594000
1578000
1561000
1546000
1530000
1515000
1500000
1485000
1471000
1457000
1443000
1522000
1648000
1660000
1647000
1630000
1612000
1596000
1579000
1563000
1547000
1531000
1516000
1501000
1487000
1472000
1458000
1444000
1431000
1418000
1405000
1392000
1379000
1367000
1355000
1343000
1331000
1319000
1308000
1297000
1286000
1275000
1265000
1254000
1244000
1234000
1224000
1214000
1205000
1195000
1186000
1177000
1168000
1159000
1150000
1142000
1133000
1125000
1117000
1109000
1101000
1093000
1085000
1077000
1070000
1062000
1055000
1048000
1041000
1034000
1027000
1020000
1013000
1006000
999700
993200
986800
980400
974200
968000
961900
955900
949900
944100
938300
932500
1037000
1078000
1084000
1079000
1071000
1064000
1057000
1049000
1042000
1035000
1028000
1021000
1014000
1008000
1001000
994600
988100
1035000
1063000
1066000
1060000
1059000
1055000
1048000
1041000
1034000
1027000
1020000
1013000
1007000
1e+06
993500
987100
980800
974500
968300
962200
956200
950200
944400
938600
932800
927200
927800
949800
951700
947500
942100
936300
930600
925000
919400
913900
908500
903100
897800
892600
887400
882300
908600
910400
906800
901800
896600
891400
886200
881100
876100
871100
866100
861200
952800
1048000
1077000
1078000
1071000
1064000
1057000
1103000
1120000
1116000
1109000
1101000
1165000
1546000
1561000
1553000
1540000
1525000
1510000
1495000
1514000
1839000
1956000
1930000
1905000
1882000
1859000
1837000
1815000
1793000
1772000
1752000
1732000
1713000
1694000
1735000
1777000
2187000
2127000
2090000
2063000
2405000
2404000
2364000
2328000
2293000
2259000
2226000
2194000
2163000
2132000
2103000
2074000
2046000
2078000
2102000
2218000
2316000
2283000
2248000
2215000
2183000
2153000
2503000
2471000
2428000
2679000
2817000
3018000
3250000
3117000
3040000
3152000
3061000
2993000
2935000
2880000
2826000
2774000
2725000
2677000
2789000
2761000
2712000
2665000
2619000
2575000
2532000
2490000
2450000
2411000
2374000
2337000
2302000
2267000
2234000
2240000
2207000
2175000
2175000
2143000
2113000
2084000
2056000
2029000
2002000
2078000
2049000
2648000
2619000
2571000
2530000
2488000
2448000
2444000
2432000
2396000
2358000
2366000
2332000
2296000
2262000
2229000
2197000
2165000
2135000
2105000
2077000
2049000
2021000
1995000
1969000
1944000
1919000
1896000
1872000
1916000
1882000
1857000
1835000
1815000
1797000
1800000
1789000
1770000
1750000
1730000
1711000
1692000
1673000
1655000
1637000
1620000
1603000
1660000
1723000
1725000
1708000
1748000
1746000
1729000
1709000
1691000
1672000
1654000
1636000
1619000
1602000
1585000
1569000
1553000
1537000
1522000
1507000
1492000
1477000
1463000
1449000
1436000
1422000
1505000
1640000
1653000
1640000
1623000
1606000
1589000
1573000
1557000
1541000
1526000
1510000
1496000
1481000
1467000
1453000
1439000
1426000
1412000
1399000
1387000
1374000
1362000
1350000
1338000
1326000
1315000
1304000
1293000
1282000
1271000
1261000
1250000
1240000
1230000
1220000
1211000
1201000
1192000
1183000
1173000
1164000
1156000
1147000
1138000
1130000
1122000
1113000
1105000
1104000
1099000
1091000
1084000
1076000
1069000
1061000
1054000
1047000
1039000
1032000
1026000
1041000
1042000
1037000
1030000
1024000
1017000
1010000
1003000
996800
990400
984000
977700
971500
965300
959300
953300
947400
941500
935800
930100
924400
918900
916400
911700
937500
940100
936300
931000
925400
919800
914300
908900
903500
898200
892900
887800
882600
877600
872500
867600
862700
857800
853100
848300
843600
839000
834400
912200
923600
922800
918500
913200
918300
915400
910600
905300
9e+05
894800
889600
884400
879300
874300
869300
864400
859500
854700
871800
940500
953300
952100
947300
941600
935800
930200
924500
919000
913500
908000
902700
914700
1438000
1526000
1545000
1536000
1521000
1507000
1492000
1477000
1463000
1449000
1436000
1422000
1409000
1396000
1384000
1371000
1359000
1347000
1335000
1323000
1312000
1301000
1290000
1279000
1268000
1258000
1248000
1238000
1228000
1218000
1208000
1199000
1189000
1180000
1171000
1162000
1153000
1145000
1136000
1128000
1120000
1111000
1103000
1095000
1088000
1080000
1072000
1065000
1058000
1050000
1043000
1036000
1029000
1022000
1015000
1009000
1002000
995500
989000
982700
976400
970200
964000
958000
952000
946100
940300
934500
928900
923200
927100
924000
919000
913600
908200
902900
970000
1008000
1015000
1011000
1131000
1187000
1191000
1213000
1335000
1590000
1609000
1599000
1654000
1652000
1637000
1620000
1761000
1794000
1781000
1761000
1741000
1721000
1702000
1683000
1665000
1664000
1828000
1840000
2050000
2466000
3318000
3457000
4125000
3995000
3877000
3781000
3688000
3601000
3517000
3437000
3361000
3288000
3218000
3151000
3087000
4028000
3853000
3731000
3642000
3556000
3474000
3396000
3322000
3353000
3269000
3197000
3728000
3623000
3848000
3746000
3648000
3563000
3481000
3402000
3328000
3256000
3188000
3417000
3542000
3462000
3376000
3968000
4e+06
3887000
3787000
3695000
3607000
3523000
3443000
3421000
3341000
3267000
3198000
3132000
3069000
3637000
3481000
3382000
3309000
3238000
3170000
3105000
3043000
2983000
2926000
2870000
2817000
3311000
3259000
3154000
3087000
3025000
2966000
2909000
3001000
2993000
2914000
2855000
2803000
2752000
2703000
2656000
2610000
2566000
2523000
2482000
2967000
2920000
2858000
2806000
2755000
2706000
2659000
2613000
2769000
2754000
2707000
2660000
2614000
2570000
2527000
2486000
2730000
3855000
3639000
3519000
3440000
3364000
3290000
3902000
4179000
4067000
3955000
3855000
3759000
3668000
3581000
3498000
3419000
3344000
3272000
3202000
3136000
3073000
3012000
2953000
2897000
2842000
2790000
2740000
2691000
2644000
2599000
2555000
2513000
2472000
2433000
2394000
2357000
2321000
2286000
2435000
2416000
2409000
2373000
3077000
3264000
3149000
3076000
3015000
2956000
2900000
2867000
2837000
2778000
2727000
2679000
2633000
2588000
2544000
2503000
2462000
2423000
2385000
2348000
2312000
2278000
2244000
2273000
2702000
3453000
4294000
4459000
4321000
4222000
4313000
4189000
4072000
3965000
3953000
4153000
4056000
3947000
4179000
4086000
3974000
3873000
3980000
3911000
3810000
3716000
3627000
3707000
3613000
3525000
3445000
3368000
3295000
3225000
3158000
3093000
3032000
2972000
3016000
3327000
3292000
3388000
4209000
4194000
4072000
3965000
3864000
3768000
3676000
3839000
4620000
4634000
4427000
5123000
4786000
4643000
4496000
4364000
4241000
4125000
4016000
3912000
3813000
3719000
3630000
3545000
3464000
3387000
3312000
3242000
3174000
3109000
3046000
2986000
2929000
2873000
2820000
2768000
2719000
2671000
2625000
2580000
2537000
2495000
2455000
2416000
2378000
2469000
2530000
2496000
2456000
2417000
2379000
2342000
2307000
2272000
2239000
2206000
2175000
2327000
2291000
2254000
2222000
2190000
2159000
2129000
2099000
2071000
2043000
2016000
1989000
1964000
1939000
1914000
1891000
1867000
1845000
1823000
1801000
1780000
1759000
1739000
1720000
1701000
1682000
1663000
1645000
1628000
1611000
1594000
1577000
1561000
1545000
1530000
1515000
1500000
1485000
1471000
1457000
1443000
1429000
1517000
1515000
1501000
1487000
1473000
1459000
1445000
1432000
1706000
2394000
2344000
2303000
2270000
2237000
2205000
2173000
2143000
2192000
2504000
2650000
2654000
3242000
3436000
3304000
3223000
3156000
3092000
3490000
3355000
3267000
3198000
3132000
3069000
3008000
3017000
4692000
4446000
4276000
4160000
4048000
3943000
4404000
4272000
4143000
4032000
3928000
3828000
3734000
3644000
3691000
3599000
3512000
3432000
3556000
4037000
4236000
4142000
4484000
4317000
4183000
4070000
3964000
3863000
3766000
3675000
3588000
3505000
3425000
3350000
3277000
3208000
3141000
3078000
3016000
2958000
2901000
2847000
2794000
2744000
3031000
2937000
2871000
2818000
2767000
2717000
2681000
2706000
2959000
2885000
2871000
2808000
2755000
2706000
2757000
2725000
2898000
2837000
2781000
2731000
2683000
2636000
2591000
2548000
2506000
2465000
2426000
2388000
2351000
2315000
2280000
2246000
2214000
2182000
2151000
2121000
2092000
2064000
2036000
2064000
2459000
2472000
2431000
2394000
2357000
2321000
2286000
2252000
2219000
2187000
2156000
2126000
2097000
2068000
2041000
2014000
1987000
1962000
1937000
1912000
1889000
2407000
2733000
2745000
2703000
2657000
2611000
2567000
2524000
2626000
2615000
2573000
2530000
2691000
2678000
2633000
2589000
2545000
2504000
2463000
2424000
2386000
2349000
2313000
2278000
2245000
2212000
2180000
2150000
2120000
2090000
2062000
2035000
2008000
1982000
1956000
1931000
1907000
1884000
2231000
2165000
2126000
2098000
2089000
2060000
2032000
2005000
1979000
1954000
1929000
1905000
1881000
1858000
1836000
1814000
1793000
1772000
1751000
1732000
1712000
1693000
1674000
1656000
1638000
1621000
1604000
1587000
1599000
1658000
1665000
1651000
1634000
1617000
1600000
1583000
1567000
1551000
1535000
1520000
1505000
1490000
1476000
1462000
1448000
1499000
1575000
1671000
1679000
1664000
1646000
1629000
1612000
1595000
1578000
1562000
1546000
1531000
1515000
1501000
1486000
1472000
1458000
1444000
1430000
1454000
1678000
1707000
1696000
1679000
1661000
1643000
1625000
1608000
1591000
1575000
1559000
1543000
1527000
1512000
1497000
1483000
1469000
1455000
1441000
1427000
1414000
1616000
1633000
1621000
1605000
1589000
1572000
1556000
1541000
1525000
1510000
1495000
1481000
1466000
1452000
1439000
1425000
1412000
1399000
1386000
1374000
1362000
1350000
1338000
1326000
1315000
1303000
1292000
1282000
1271000
1260000
1250000
1240000
1230000
1220000
1210000
1201000
1192000
1182000
1173000
1164000
1155000
1147000
1138000
1130000
1121000
1113000
1105000
1097000
1089000
1082000
1074000
1067000
1059000
1052000
1045000
1038000
1031000
1024000
1017000
1010000
1004000
997000
1008000
1058000
1146000
1310000
1709000
1757000
1750000
1733000
1714000
1695000
1677000
1658000
1640000
1623000
1606000
1589000
1573000
1557000
1541000
1526000
1510000
1496000
1481000
1467000
1453000
1439000
1426000
1412000
1399000
1387000
1374000
1362000
1350000
1338000
1326000
1315000
1304000
1417000
1453000
1445000
1433000
1420000
1407000
1394000
1716000
1787000
1793000
1778000
1758000
1738000
1718000
1699000
1680000
1662000
1644000
1627000
1622000
1690000
1694000
1678000
1660000
1642000
1625000
1607000
1591000
1574000
1558000
1542000
1527000
1512000
1497000
1482000
1468000
1583000
2007000
2081000
2058000
2030000
2062000
2112000
2076000
2046000
2019000
1993000
2187000
2913000
3057000
2964000
2902000
2847000
2795000
2744000
2696000
2657000
2639000
2608000
2565000
2523000
2482000
2442000
2403000
2366000
2329000
2294000
2260000
2461000
2430000
2390000
2353000
2318000
2283000
2249000
2216000
2184000
2552000
2525000
2481000
2442000
2404000
2366000
2330000
2295000
2261000
2228000
2195000
2164000
2134000
2104000
2076000
2288000
2246000
2209000
2178000
2147000
2218000
2193000
2248000
2219000
2369000
2334000
2297000
2263000
2230000
2198000
2175000
2232000
2214000
2181000
2150000
2120000
2091000
2062000
2035000
2008000
2036000
2051000
2018000
1991000
1965000
1940000
2032000
1993000
1964000
1945000
1920000
1896000
1873000
1850000
1828000
1806000
1785000
1764000
1744000
1724000
1705000
1713000
1702000
1684000
1867000
1869000
1849000
1828000
1806000
1785000
1764000
1866000
1850000
1945000
1919000
1930000
1986000
2484000
2554000
2517000
2477000
2437000
2399000
2362000
2325000
2290000
2256000
2223000
2191000
2160000
2130000
2101000
2072000
2044000
2017000
1991000
1965000
1940000
1916000
1892000
1868000
1846000
1824000
1802000
1781000
1760000
1740000
1721000
1701000
1683000
1664000
1646000
1629000
1612000
1626000
1616000
1599000
1583000
1567000
1551000
1535000
1520000
1576000
1573000
1559000
1543000
1528000
1571000
1565000
1551000
1548000
1535000
1520000
1505000
1490000
1476000
1462000
1448000
1434000
1421000
1408000
1395000
1382000
1370000
1358000
1346000
1334000
1322000
1311000
1300000
1289000
1370000
1445000
1541000
1542000
1529000
1515000
1500000
1485000
1471000
1457000
1443000
1430000
1416000
1403000
1391000
1378000
1366000
1354000
1342000
1330000
1318000
1307000
1296000
1285000
1274000
1264000
1253000
1243000
1233000
1223000
1214000
1204000
1195000
1185000
1176000
1167000
1158000
1150000
1141000
1166000
1175000
1170000
1161000
1153000
1144000
1135000
1163000
1308000
1353000
1344000
1333000
1372000
1396000
1386000
1374000
1362000
1350000
1338000
1326000
1315000
1304000
1293000
1282000
1271000
1261000
1250000
1240000
1230000
1220000
1211000
1201000
1192000
1182000
1173000
1164000
1156000
1147000
1138000
1130000
1122000
1113000
1105000
1097000
1090000
1082000
1157000
1192000
1191000
1316000
1330000
1324000
1403000
1541000
2382000
2383000
2351000
2318000
2284000
2250000
2217000
2266000
2232000
2199000
2168000
2137000
2108000
2079000
2051000
2023000
1997000
1971000
1946000
1921000
1897000
1874000
1851000
1829000
1962000
1974000
1962000
1933000
2069000
2662000
3115000
3017000
2952000
3453000
3692000
3555000
4072000
4208000
4100000
3989000
3887000
3790000
3697000
3609000
3525000
3445000
5035000
4742000
4549000
4417000
4291000
4173000
4061000
3954000
3854000
3758000
3667000
3580000
3682000
4838000
4624000
4444000
4316000
4196000
4083000
3975000
3873000
3777000
3685000
3597000
3514000
3434000
3426000
3345000
3636000
3601000
3597000
3507000
3426000
3617000
3654000
4768000
5503000
5817000
5493000
5770000
6997000
6595000
7699000
