1652000
1639000
1625000
1611000
1598000
1585000
1572000
1559000
1546000
1534000
1522000
1510000
1498000
1486000
1475000
1464000
11390000
3808000
1713000
1576000
1877000
5678000
2031000
4289000
18640000
3592000
1826000
1808000
1791000
4319000
2333000
1817000
3775000
2380000
3768000
18100000
13820000
3158000
2073000
2051000
3687000
2202000
2007000
8918000
2778000
4757000
2329000
2022000
2e+06
1980000
1959000
1940000
2801000
2004000
1893000
1874000
1856000
1838000
1820000
1803000
1787000
4257000
2055000
1779000
1763000
1747000
1731000
1715000
1700000
2055000
5266000
5951000
3592000
1923000
1759000
1743000
1727000
1712000
1697000
1682000
2635000
1769000
1653000
1639000
1625000
1612000
1598000
3451000
1795000
1587000
1574000
1561000
1548000
1536000
1524000
1512000
1500000
1488000
1477000
1466000
1454000
1443000
1433000
1422000
1412000
1401000
1391000
1381000
1371000
1361000
1352000
1342000
1333000
1324000
12780000
2656000
1445000
1435000
1424000
1413000
1403000
1393000
2888000
5312000
1827000
1422000
1412000
1402000
1391000
1381000
1372000
1362000
1352000
1343000
1333000
1324000
1315000
1306000
1297000
1289000
1280000
1271000
1263000
1255000
1247000
1239000
1231000
1223000
1215000
1207000
1200000
9263000
2136000
4230000
1619000
1301000
1293000
1284000
1275000
1267000
1259000
1250000
1242000
1234000
1226000
1219000
5687000
1731000
1254000
1246000
1238000
1230000
1222000
1214000
1207000
1199000
1192000
1184000
1177000
1170000
1163000
1156000
1149000
1142000
1135000
1129000
1122000
1115000
1109000
1103000
1096000
1090000
1084000
1078000
1072000
1066000
1060000
1054000
1048000
1043000
1037000
1031000
1026000
1020000
1015000
1010000
1004000
999200
994000
988900
983800
978800
973800
968900
964000
959200
954400
949700
1440000
998800
942400
937800
933200
928700
924200
919800
915400
911000
906700
902500
898200
894100
889900
8590000
1790000
979100
974100
969200
964300
1064000
967100
951400
946700
942100
937500
932900
928400
923900
919500
915100
910800
906500
902200
898000
893800
889600
885500
881500
877400
873400
869500
865600
861700
857800
854000
850200
846500
842700
839100
7482000
8248000
1695000
11760000
3518000
1297000
1161000
1154000
1147000
1140000
1134000
1127000
1120000
1114000
1107000
1101000
1095000
1089000
1082000
1076000
1070000
1064000
1058000
1053000
1047000
1041000
1036000
1030000
1025000
1019000
3568000
5372000
1526000
1096000
1090000
1083000
1077000
1071000
1484000
1501000
1107000
1060000
1054000
1048000
1043000
1037000
1031000
1026000
1020000
1015000
1647000
2894000
1224000
1029000
1024000
1018000
1013000
1008000
1002000
997100
991900
986800
981800
976800
11320000
16370000
2788000
1297000
1289000
1280000
1272000
1263000
1255000
1247000
1239000
1231000
3315000
1462000
1235000
1227000
1219000
2795000
1394000
1221000
1213000
1205000
1198000
1190000
1183000
1176000
1500000
1228000
1163000
1153000
1147000
1297000
1152000
9532000
2121000
1235000
1227000
1784000
1280000
1214000
1206000
3961000
1968000
1278000
1223000
1215000
1208000
1200000
1193000
1355000
1921000
1261000
1178000
1171000
1164000
1157000
1150000
3816000
1460000
1174000
1166000
1159000
1152000
1712000
10810000
2277000
3254000
8337000
2075000
1348000
1339000
1330000
1321000
1312000
1303000
1294000
1285000
1277000
1268000
1260000
1252000
1243000
1235000
1227000
1220000
1212000
1204000
1197000
1189000
1182000
1175000
1911000
1250000
1166000
1159000
1152000
20200000
3383000
1381000
5746000
19450000
4144000
1728000
1647000
1633000
3650000
5787000
2096000
1670000
1656000
1641000
1628000
1614000
1600000
1587000
1574000
1561000
12820000
5582000
2020000
7526000
2656000
1818000
1776000
1760000
1744000
7399000
2399000
1791000
1774000
1758000
1742000
1726000
1711000
1695000
1680000
1666000
8358000
2445000
1730000
1714000
1699000
1684000
1669000
1655000
1641000
1627000
1613000
1600000
3757000
1833000
1593000
1580000
1567000
1554000
1541000
1529000
1517000
1505000
1493000
1482000
1470000
1459000
1448000
1437000
1427000
1416000
1406000
1395000
1385000
1375000
1366000
1356000
1346000
1337000
1328000
1319000
1310000
2402000
1421000
1297000
1288000
1279000
1271000
1263000
1254000
1246000
1238000
1230000
1222000
1215000
1207000
1199000
1192000
1185000
1177000
1170000
1163000
1156000
1149000
1142000
1135000
1129000
1122000
1116000
2945000
5353000
1612000
1185000
1177000
1170000
1163000
1156000
1149000
1142000
1135000
1129000
1122000
1116000
1109000
1103000
1097000
1090000
1084000
1078000
1072000
1066000
1060000
1054000
1049000
1043000
1037000
1032000
1026000
1021000
1015000
1010000
1005000
999400
994200
989100
984000
979000
974000
969100
964200
959400
954600
949900
945200
940600
936000
931400
926900
922500
918000
913700
909300
905000
900800
896600
892400
888300
884200
880100
876100
872100
868200
864300
860400
856600
852700
849000
845200
841500
837900
834200
830600
827000
823500
5793000
1902000
931700
874800
870800
866900
863000
859100
855300
851500
847700
844000
840300
836600
833000
829400
825800
3301000
1933000
940900
850700
1173000
881300
843400
839700
836100
832500
828900
825300
821800
818300
814800
811300
807900
804500
801200
797800
794500
791300
788000
784800
781600
778400
775300
1860000
900400
783800
780600
777400
774300
771200
768100
765000
762000
759000
756000
753000
750100
747200
1967000
888400
757800
754900
751900
749000
746000
743200
740300
737400
734600
731800
4770000
5325000
1272000
837700
834100
830500
826900
3885000
1177000
852600
848800
845100
4816000
12410000
2317000
1043000
1025000
1019000
1014000
1009000
2042000
10620000
3573000
1319000
1163000
1156000
1150000
1143000
1136000
1129000
1123000
1116000
1110000
1103000
1097000
2929000
2661000
9817000
2138000
1237000
1229000
9515000
3160000
1422000
1311000
1302000
1294000
1285000
1276000
1268000
1260000
1251000
1243000
1235000
2395000
2635000
4829000
4799000
1753000
1311000
1290000
1282000
1273000
10020000
2282000
1356000
7980000
5226000
5120000
6425000
2026000
1534000
3857000
1788000
1532000
1520000
1508000
1496000
1484000
1473000
1462000
4919000
1851000
1476000
1465000
1454000
1443000
1432000
1422000
1411000
1401000
1391000
1381000
1371000
1361000
1351000
2115000
1423000
1333000
2021000
1397000
1315000
1306000
1297000
1288000
1279000
3571000
1725000
15790000
2980000
1453000
1442000
1432000
1421000
2151000
2060000
1467000
1397000
2384000
1495000
1380000
1370000
1361000
1351000
1342000
1332000
1323000
1314000
1305000
1296000
1287000
1279000
1270000
1262000
1254000
1246000
2286000
1352000
1234000
1226000
1218000
1298000
1939000
1347000
1209000
1195000
1188000
1181000
1173000
1166000
1159000
1152000
1145000
1139000
3005000
3355000
1391000
1175000
2972000
1379000
1184000
1176000
1169000
1162000
1155000
1148000
1141000
1135000
1128000
1121000
1115000
1108000
1102000
1096000
1089000
1083000
1077000
1071000
1065000
1059000
3229000
5620000
1593000
1136000
1129000
1123000
1116000
1110000
1103000
1097000
1091000
1085000
1079000
1073000
1067000
1061000
1055000
1049000
1043000
1038000
1032000
1027000
1021000
1016000
1010000
1005000
999800
994600
989500
984400
979400
974400
969500
964600
959800
955000
950300
945600
941000
936400
931800
927300
922800
918400
914100
909700
905400
901200
897000
892800
888600
884500
880500
876500
872500
868500
864600
860700
856900
853100
849300
1328000
898200
843900
840200
836600
832900
829300
825800
822200
818700
815200
811800
808400
805000
801600
798300
795000
791700
788400
785200
782000
778800
775700
772600
1621000
869200
777200
774100
771000
767900
764800
761800
758800
755800
752800
749900
746900
744000
741200
738300
735500
732700
729900
727100
724400
721700
719000
3913000
1097000
760600
757600
754600
1148000
796400
752100
749100
746200
743300
740500
737600
734800
732000
729200
726500
723700
721000
1270000
3781000
1082000
765600
762500
759500
756500
753600
750600
747700
744800
741900
739000
1197000
21470000
3179000
1010000
1005000
999400
994200
989100
984000
979000
974000
969100
964200
959400
954600
949900
945200
940500
936000
931400
926900
922500
918000
913700
909300
905000
900800
896600
892400
888300
884200
880100
876100
872100
868200
864300
860400
856500
852700
849000
845200
841500
837800
834200
830600
827000
823500
819900
816500
813000
809600
806200
802800
799400
796100
792800
789600
786300
783100
779900
776800
773700
770500
767500
764400
761400
758400
755400
752400
749500
746600
743700
740800
738000
735100
732300
729500
3590000
2077000
888000
779600
7628000
1580000
858800
1897000
5037000
9738000
1974000
1026000
3173000
1265000
1033000
1028000
6183000
1634000
1088000
1082000
1076000
1070000
1064000
1058000
1053000
1568000
6008000
1631000
5111000
11560000
18190000
6590000
12640000
2810000
1673000
1659000
1645000
1631000
1617000
1603000
1590000
1577000
1564000
1551000
1539000
15100000
3141000
1708000
1693000
1678000
1664000
1649000
1635000
2993000
1772000
1615000
9738000
3051000
6242000
2235000
1752000
1736000
1720000
1705000
1690000
1675000
1660000
5613000
5305000
2482000
1767000
11390000
5082000
2090000
1840000
1822000
1805000
1788000
1772000
2449000
1823000
1735000
1719000
1704000
1689000
10260000
2695000
1782000
1765000
1749000
1733000
1718000
1702000
1687000
1673000
1658000
1644000
9083000
3972000
1896000
1728000
1712000
1697000
1682000
3561000
2950000
1797000
1671000
1657000
1642000
1628000
1615000
1601000
1588000
1575000
1562000
11570000
2737000
1676000
1662000
1647000
1633000
1619000
1606000
6083000
2117000
1634000
1620000
1607000
1593000
1580000
1567000
8245000
19630000
3678000
1853000
1835000
1818000
1801000
12490000
10220000
2732000
1960000
1940000
1920000
1901000
1883000
1864000
1846000
1829000
1811000
1794000
1778000
1761000
1745000
1729000
1714000
1699000
1684000
1669000
1655000
1640000
1627000
1613000
1599000
1586000
1573000
1560000
1548000
1535000
1523000
4715000
2164000
2286000
1611000
15600000
6604000
2126000
1755000
1739000
1724000
1708000
1693000
2056000
1709000
1655000
1641000
1627000
1613000
1600000
1587000
1574000
1561000
1548000
1536000
1524000
1512000
1500000
2312000
12220000
14260000
19620000
7980000
2927000
2790000
5180000
2343000
1997000
1976000
3439000
7287000
2539000
1977000
7686000
2606000
1986000
1965000
5425000
2808000
2003000
1934000
1914000
4648000
2197000
1890000
1872000
1853000
1836000
1818000
1801000
1784000
1768000
1752000
2490000
7108000
3728000
4583000
17650000
5699000
2239000
2002000
1982000
1961000
1941000
6234000
15450000
5672000
2334000
11030000
3111000
2623000
2182000
2109000
2086000
2064000
2042000
2020000
1999000
1978000
1958000
1938000
1919000
1900000
1881000
1863000
1845000
1827000
1810000
1793000
1776000
1760000
1744000
1728000
1713000
1697000
1683000
1668000
1653000
1639000
1625000
1612000
1598000
2840000
3839000
1831000
1596000
1583000
1570000
1558000
1545000
1533000
1520000
1508000
1497000
5279000
1924000
1516000
1504000
1492000
1481000
1469000
1458000
1447000
1436000
1426000
1415000
1405000
1394000
1384000
1374000
1365000
1355000
1345000
1336000
1327000
1318000
1309000
1300000
1291000
1282000
1274000
1265000
1257000
1249000
1241000
1233000
1225000
1217000
1210000
1202000
1194000
1187000
1180000
1173000
1165000
1158000
3788000
1463000
1181000
1174000
1167000
1160000
1153000
1146000
11550000
18200000
3131000
1462000
1451000
1440000
1430000
1419000
1409000
3194000
9565000
6459000
2662000
11700000
7060000
2206000
1740000
1725000
1709000
7959000
2436000
1766000
1750000
1734000
1719000
1703000
2601000
28670000
4840000
2006000
1985000
1964000
1944000
10740000
2936000
1992000
1971000
1951000
1931000
1912000
1893000
4019000
2109000
1866000
1848000
4705000
11900000
8675000
2608000
8321000
2712000
2027000
2006000
1985000
1965000
1945000
1925000
1906000
1887000
1869000
1851000
1833000
1816000
1799000
1782000
1766000
1749000
1734000
1718000
1703000
1688000
6831000
2280000
1726000
1711000
1696000
1681000
1889000
3286000
6770000
2247000
2347000
1777000
1696000
1681000
3919000
1923000
5601000
2132000
1706000
1691000
1677000
1662000
1648000
1634000
1620000
1606000
1593000
1580000
1567000
1554000
1542000
1529000
1517000
1505000
1493000
1482000
1471000
1459000
1448000
2429000
11360000
3906000
1713000
1564000
1551000
1539000
1526000
1514000
1502000
1491000
1479000
1468000
1457000
1446000
1435000
1424000
1414000
1403000
1393000
1383000
1373000
13380000
12440000
2661000
1637000
1623000
1609000
1596000
1583000
4648000
2287000
1633000
1582000
6202000
2261000
1631000
1602000
1589000
1576000
1563000
1550000
1538000
1525000
1513000
1502000
1490000
1478000
1467000
1456000
1445000
1434000
1423000
1413000
1403000
1392000
1382000
1372000
1363000
1353000
8482000
2175000
1418000
1407000
1819000
1436000
1382000
1372000
1363000
1353000
1343000
1334000
1325000
1316000
1307000
1298000
1289000
1281000
1272000
1264000
1255000
1247000
1239000
1231000
1223000
1216000
1208000
1200000
1476000
3473000
1686000
1240000
1209000
1201000
1194000
1186000
1179000
1172000
1165000
1158000
1151000
1144000
1137000
1130000
1124000
2512000
3845000
4477000
1529000
1205000
1197000
1190000
1182000
1175000
1168000
1161000
1154000
1147000
1140000
1133000
1127000
1120000
1114000
1107000
1101000
1251000
8661000
1990000
1194000
1187000
1180000
1172000
1165000
1158000
1151000
1144000
1138000
1131000
1124000
1118000
1111000
1105000
1099000
1092000
1086000
1080000
1074000
6827000
1754000
1146000
1139000
1133000
1126000
1119000
1113000
1106000
1100000
1094000
1088000
1081000
1075000
1069000
1063000
1058000
1052000
1046000
1040000
1035000
1029000
1024000
1018000
1013000
1008000
1002000
997100
991900
986800
981800
976800
971800
966900
962100
957300
952500
947800
943200
938500
934000
929400
925000
920500
916100
911800
907500
903200
899000
894800
890600
886500
882400
878400
874400
870400
866500
862600
858700
854900
851100
847300
1104000
3764000
5573000
5312000
14120000
2491000
1154000
1148000
1141000
1134000
1127000
1121000
1114000
1108000
1101000
1095000
1089000
1083000
1077000
1071000
1065000
1059000
1053000
1047000
1042000
1036000
1030000
1025000
1019000
1014000
1009000
1003000
998200
993000
987900
982800
977800
4206000
2704000
1169000
1022000
1017000
1012000
1006000
12170000
2332000
1489000
1192000
1151000
1144000
1137000
1131000
1124000
1117000
1111000
1104000
1434000
3731000
1403000
1125000
1119000
1112000
1106000
1100000
1093000
1087000
1081000
1075000
1069000
1063000
1057000
1051000
1046000
5030000
12530000
4042000
1633000
1273000
2590000
3284000
1464000
1257000
1249000
1241000
6243000
18650000
5525000
1757000
1509000
1497000
1485000
1474000
1463000
1610000
2073000
1732000
1457000
1422000
1412000
1401000
1391000
1381000
1371000
1361000
1352000
6675000
1960000
1392000
1382000
1372000
1363000
1353000
1343000
1334000
10440000
2389000
1424000
1414000
1404000
1393000
1383000
1373000
1364000
1354000
1344000
1335000
1326000
1317000
1308000
6716000
1925000
1349000
1339000
1330000
3625000
1810000
3389000
1685000
5568000
1829000
1379000
1369000
1359000
1350000
1533000
3361000
1947000
1386000
1336000
1326000
1317000
1308000
1299000
1291000
2431000
2480000
1404000
1283000
1275000
1266000
3883000
1556000
1273000
1397000
1272000
1250000
1242000
1234000
1226000
1218000
1210000
1203000
1195000
1188000
1180000
1932000
1258000
1172000
6914000
1842000
1233000
1225000
1217000
1209000
1202000
4188000
1545000
3730000
1860000
2216000
3317000
13780000
5577000
1741000
1429000
1419000
1408000
1398000
1388000
1378000
1368000
1358000
1349000
1339000
1330000
1321000
1312000
1303000
1294000
1285000
1277000
1268000
1260000
1252000
1244000
1236000
1228000
1220000
1212000
1205000
1197000
1190000
1182000
1175000
1168000
1161000
1154000
1147000
1140000
1133000
1127000
1120000
1114000
1107000
1101000
1094000
3086000
1322000
1107000
1101000
1094000
2780000
1285000
1102000
1446000
1132000
1089000
1083000
1077000
1071000
1065000
1059000
1053000
1047000
1041000
1036000
1030000
1025000
1019000
1014000
1009000
1003000
998100
992900
987800
2974000
3849000
4527000
1417000
1076000
1070000
1064000
1058000
1052000
1046000
1041000
1035000
1030000
1024000
1019000
1013000
1008000
1003000
997400
992300
987200
982100
977100
972100
967200
962400
957600
952800
948100
943500
938800
934300
929700
925200
920800
916400
912000
907700
903500
1893000
1012000
903500
899300
895100
890900
886800
2903000
5340000
3013000
1142000
968500
2478000
2196000
1100000
984600
979500
974600
969600
964700
959900
955100
950400
945700
941100
936500
931900
927400
923000
918500
914200
909800
905500
901300
897100
892900
888800
884700
880600
876600
872600
868600
864700
860800
857000
853200
4594000
1346000
895200
5159000
2200000
1161000
3770000
5823000
21890000
3650000
1320000
1289000
1280000
1272000
1264000
3041000
1456000
1260000
1252000
1244000
1236000
1228000
1220000
1212000
1205000
1197000
1190000
1182000
1175000
1168000
1161000
1154000
3607000
2466000
1728000
1236000
4163000
16040000
10980000
2367000
1563000
9098000
7786000
2213000
9944000
5950000
2140000
1776000
1760000
1744000
1728000
1713000
1698000
1683000
23620000
4244000
1928000
1909000
1890000
1872000
1853000
1836000
1818000
1801000
1784000
1768000
4214000
19070000
4101000
2002000
1947000
1927000
1908000
1889000
1871000
1853000
1835000
1818000
1800000
1784000
2645000
1857000
6729000
3391000
3220000
1959000
1807000
5421000
4085000
19720000
14240000
10770000
3031000
7526000
17290000
4145000
13220000
