1e+06
979900
956100
929400
902600
875300
848800
823500
799700
777200
756000
735900
716900
698800
681600
665300
19250000
7046000
5268000
2616000
3509000
8739000
2774000
6811000
28500000
8565000
7103000
3345000
3636000
6433000
2509000
1644000
4417000
2493000
4957000
24470000
20510000
9220000
5818000
4247000
5250000
1931000
1148000
9901000
2847000
6212000
2060000
2233000
1083000
934800
521400
420700
2455000
845400
815800
516300
571100
424100
364700
324500
320800
5894000
1631000
1560000
773500
926500
543800
393500
293800
2913000
6952000
8874000
5830000
3124000
2159000
1520000
933400
488000
307800
263400
3548000
1035000
993200
529000
618900
393000
304000
4022000
1135000
1087000
554800
658600
399700
298100
230800
228900
227100
225300
3886000
1087000
1041000
524800
625800
375000
276600
211600
210100
208500
207000
205400
203900
202500
201000
199600
30220000
7289000
6927000
2707000
3547000
1504000
709800
188800
7320000
8274000
3296000
2216000
1515000
1209000
583600
290000
178100
176900
175800
174700
173600
3472000
1304000
993600
524700
566600
351100
239000
171600
164500
163500
162600
161700
160700
159800
158900
5845000
18460000
5436000
9670000
3446000
3471000
1431000
1031000
380200
241100
610900
257800
251500
185900
198000
165900
14960000
3641000
3463000
1382000
1796000
788300
396900
140000
139300
138600
137900
137200
136600
135900
135200
134600
133900
133300
132700
132100
131400
130800
130200
129600
129000
128400
127800
127300
126700
126100
125600
2990000
1108000
5422000
1514000
1496000
665400
696900
326900
200100
120300
119800
119300
118800
118300
117800
482000
203000
198100
146400
156100
5574000
5953000
2408000
1588000
1102000
858600
405200
190600
111400
111000
110600
110100
109700
109300
108800
6199000
20380000
5921000
4839000
2363000
2477000
1034000
5878000
1392000
1326000
560500
712800
341900
197800
103200
102800
102400
102100
101700
101300
101000
100600
6903000
1707000
1625000
668600
859000
395900
216000
97920
97580
97240
96900
96570
96240
95910
6278000
20850000
20830000
8432000
29830000
12210000
8753000
3709000
3274000
1455000
630700
140400
92460
92150
91850
91550
91260
90960
90670
90370
90080
89800
89510
89230
88940
88660
88380
88110
87830
87560
4300000
13210000
12910000
5288000
3594000
2380000
1696000
689900
241800
2333000
1469000
790400
464200
407100
277900
160400
98720
83710
83460
83220
82970
3468000
4885000
1787000
1263000
795400
677100
315200
150700
81230
80990
222500
114000
112100
91940
23790000
32470000
11720000
8069000
4969000
4108000
1660000
542700
78780
78560
78340
78120
4487000
1119000
1066000
446500
569900
3629000
946800
830000
357900
451800
223100
134300
75930
75720
1048000
362400
306700
169200
188200
488200
179900
16910000
4062000
3871000
1492000
3331000
1132000
672600
188800
5789000
2291000
1543000
727700
764900
410100
205700
86970
448700
1736000
528300
456300
245400
263800
146600
98310
6421000
1571000
1494000
602100
780000
347900
1744000
18750000
4745000
7632000
14110000
5658000
3765000
1725000
1506000
632200
269700
69660
69490
69310
69140
68970
68800
68640
68470
68300
68140
67970
67810
67640
67480
67320
67160
67000
7166000
1744000
1658000
660900
918200
35220000
8429000
7880000
10440000
35510000
11370000
8225000
3632000
3810000
5785000
8210000
2578000
1895000
1084000
985700
426900
180500
66170
66020
65860
65710
23530000
10090000
6384000
12820000
5781000
3881000
1578000
1270000
538800
11510000
2731000
2589000
1007000
1323000
557100
259900
65040
64880
64740
64590
17700000
4231000
4019000
1541000
2035000
835000
369300
63960
63810
63670
1613000
429500
7072000
1766000
1730000
688500
834200
354200
1060000
271100
260400
136400
161000
100900
77460
62060
61920
61790
61650
61520
61380
61250
61110
60980
60850
60720
60590
60460
60330
60200
60070
17140000
4094000
3889000
1490000
1968000
806300
355400
59660
59540
59410
59280
59160
59040
58910
58790
58670
58540
58420
58300
58180
1460000
389200
372300
175200
214400
118900
81810
13650000
12080000
5188000
3172000
2315000
1637000
678500
210500
57850
57730
57610
57490
2346000
2865000
1106000
757300
502900
410600
195900
96360
57020
56900
2926000
957700
752700
346900
395900
1032000
311000
245500
125500
148600
92320
70420
56020
55910
55800
55690
55580
55470
55360
55250
55140
55040
54930
54820
54710
54610
54500
54400
54290
54190
608800
185100
178300
100300
115800
77930
63190
53490
53380
53280
53180
53080
52980
52880
52780
52680
52590
52490
52390
52290
52190
52100
52000
25300000
7061000
5960000
2400000
2961000
1273000
535200
70550
52370
52270
52180
52080
51980
51890
51790
51700
2085000
12510000
5043000
3310000
1665000
2892000
1102000
619300
188600
194600
108100
74550
52480
52380
52290
52190
52090
52000
51900
51800
3514000
953400
2444000
737800
803800
346400
294000
2823000
3904000
1411000
993000
620900
526500
238400
107500
52260
52170
52070
51970
51880
51780
51690
51590
6607000
1600000
1521000
600500
784200
338200
165100
51610
51520
51420
51330
51230
14400000
13060000
5542000
3410000
2461000
1754000
721200
7255000
1715000
1630000
641600
838800
9216000
26770000
8078000
6348000
3150000
3200000
1306000
488900
2436000
21550000
8577000
5666000
2755000
2752000
1351000
550200
107400
54610
54510
54400
54300
54190
54090
5152000
4144000
18720000
5106000
4641000
2010000
16420000
5781000
3916000
1602000
1806000
860400
376700
84860
58260
56490
55740
55210
55100
3101000
2873000
6915000
7327000
3257000
2109000
1312000
937400
402100
15090000
3588000
3406000
12400000
9475000
9923000
11320000
4764000
3287000
5664000
2169000
1369000
519400
497700
229900
264800
90500
88720
6464000
1584000
1497000
595200
772000
336900
168000
57220
57110
56990
56870
56760
56650
56530
56420
3018000
756100
720400
1551000
681700
465200
211800
195400
110500
591500
4256000
1440000
25510000
6292000
6035000
2322000
2869000
1129000
2668000
1477000
760600
442100
2204000
684800
543600
225000
260500
136100
87730
55990
55880
55770
55650
55540
55440
55330
55220
55110
55000
54890
7373000
1784000
1696000
667500
2050000
867800
2017000
689500
575900
286700
265500
139500
86820
57010
54680
54580
54470
54360
11280000
7011000
3588000
1959000
6083000
2069000
1427000
499200
548400
248100
131500
54960
54850
54750
54640
54530
54430
54320
54220
54110
54010
53910
53800
53700
53600
53500
14380000
12810000
5481000
3355000
2440000
1728000
712100
216600
54310
54210
54100
54000
53890
53790
53690
53590
53480
53380
476200
153100
148000
2594000
692300
633400
270200
333000
162500
96300
2555000
644100
614000
262400
332500
162200
96030
52630
52530
52430
52330
52240
52140
52040
51950
51850
51750
51660
51560
51470
51380
12070000
2891000
2746000
1058000
1395000
577000
259700
51600
51510
51420
51320
51230
7442000
1797000
1708000
670100
877300
374500
179300
51320
418000
137800
133300
81710
91900
66870
57100
50660
50570
50470
50380
50290
50200
6753000
3831000
2072000
5047000
1915000
1474000
593300
529800
223600
119400
51120
51020
50930
50840
50750
50660
50560
50470
50380
50290
2294000
580500
622500
254500
316500
2468000
11630000
3167000
2708000
1229000
1602000
3039000
861900
611500
278400
330900
160700
92970
51090
51000
50900
50810
50720
50630
50540
9235000
10910000
4164000
2769000
1805000
1424000
590500
202100
51580
51490
51390
51300
51210
7924000
50500000
13290000
11600000
4999000
5825000
2312000
893300
52240
52140
52040
51950
51850
51750
51660
51560
51470
51380
51280
51190
51100
51000
50910
50820
50730
50630
50540
50450
50360
50270
50180
50090
50000
49920
49830
49740
49650
49560
49480
49390
49300
49220
49130
49040
48960
48870
48790
48700
48620
48540
48450
48370
48290
48200
48120
48040
47960
47870
47790
47710
47630
47550
47470
47390
47310
47230
47150
47070
46990
46920
923600
7574000
1973000
1762000
758100
903600
382500
9443000
5047000
2790000
1454000
17590000
4611000
3980000
3720000
11130000
21740000
6978000
5197000
7303000
3629000
2056000
762400
11840000
2917000
2660000
996100
1312000
545100
247400
52200
52100
1587000
11070000
2913000
11220000
21380000
34280000
17320000
28100000
10240000
8506000
3681000
2782000
942500
368300
55900
55790
55680
55570
55460
55350
24370000
5799000
5506000
2091000
2772000
1118000
476200
55340
2568000
648900
618700
13970000
4339000
10820000
3166000
3310000
1360000
1154000
392800
184200
55990
55880
7589000
7101000
3647000
2023000
16740000
8175000
4748000
2248000
2070000
1120000
476000
118400
2057000
529500
505300
224200
280200
144100
15410000
3676000
3491000
1339000
1768000
726200
321800
1610000
423500
404800
186400
229900
13910000
5726000
3711000
1746000
1797000
925800
399500
4966000
2945000
1559000
854000
746200
463700
216800
86610
56410
56300
56190
56080
20550000
4897000
4651000
1771000
2346000
951800
410800
56000
9704000
2335000
2219000
863600
1134000
477700
222900
55860
15050000
29930000
9637000
7214000
3935000
3654000
1951000
16710000
13330000
5916000
3558000
2659000
1815000
745200
219500
57230
57120
57000
56890
56770
56660
2320000
908800
639000
317100
2834000
781100
669600
271000
335500
165400
99380
56040
55930
55810
55700
5667000
1381000
1314000
10470000
3480000
3788000
1358000
25880000
12030000
7180000
3419000
3276000
1752000
725400
4284000
1631000
1124000
536900
568500
304300
154500
67150
56680
56570
56460
56340
1101000
303100
290500
143600
5406000
19240000
24270000
32130000
17320000
10930000
7269000
8603000
3216000
1742000
1480000
2964000
7737000
2294000
1858000
9558000
2970000
2332000
1574000
6321000
2430000
1565000
704500
3191000
6476000
2035000
1515000
797000
783300
341800
153000
57190
57080
56960
56850
8649000
10910000
6315000
7626000
24430000
10230000
6574000
3159000
2871000
1354000
540300
6417000
18730000
8392000
5114000
14590000
5269000
4674000
1654000
1601000
639800
352100
94230
72960
58970
58850
58720
58600
58480
58360
58240
58120
58000
57880
57760
57640
57520
57400
57290
57170
57050
56940
56820
56710
56590
56480
7548000
1826000
1736000
9582000
6479000
3202000
1712000
1343000
835200
363300
117300
56870
56750
56640
56520
12180000
2921000
2775000
1072000
1412000
586500
266400
56370
56260
56150
56040
55930
55810
55700
55590
55480
55370
55270
55160
55050
54940
54830
54730
54620
54520
713000
682900
313700
215500
167400
135800
86100
62120
53830
53730
53630
53520
53420
53320
53220
53120
53020
11390000
2732000
2595000
1002000
1320000
548800
249500
53120
20360000
31540000
10910000
7736000
4556000
3923000
1572000
516000
54090
3313000
14120000
10700000
5968000
20200000
13600000
7009000
3711000
2704000
1608000
11310000
2695000
2444000
948100
1247000
522100
241000
1825000
38910000
9532000
8822000
3471000
4428000
1767000
12490000
2837000
2696000
1042000
1372000
571300
260600
56770
3244000
809600
771200
323400
5042000
14450000
11630000
5136000
11600000
4302000
3391000
1300000
1110000
419500
201100
57790
57670
57550
57430
57310
57200
57080
56970
56850
56740
56620
56510
56390
1084000
299000
10660000
2593000
2497000
969700
1233000
509800
1195000
2909000
9094000
2663000
3235000
1318000
1332000
545600
4209000
1022000
7477000
1926000
1956000
773900
854000
342400
170000
56900
56780
56670
56560
56440
56330
56220
1165000
318100
304700
148800
179800
104300
74890
55590
55480
4420000
17560000
7059000
4619000
2401000
2266000
1090000
434600
93040
56020
55910
55790
55680
1168000
1119000
494200
328200
246800
193500
109600
69100
55140
25310000
22240000
9549000
5806000
4235000
2972000
1202000
336600
8604000
2646000
2108000
899700
9027000
2614000
2072000
786600
966600
431200
204700
60370
56140
56030
55920
55810
55700
55590
55480
55370
55260
55150
55040
54940
54830
54720
54610
54510
54400
54300
23330000
5554000
5274000
2003000
4041000
1399000
768200
170600
209300
115000
78340
54260
54160
54050
53950
53840
866100
245600
235800
121600
144300
88910
67370
53210
6439000
1562000
1485000
1895000
3350000
5877000
2374000
1560000
866900
742800
352800
156500
62260
53900
53800
53700
53590
2059000
527400
503200
221400
9899000
7936000
10090000
3642000
3058000
1639000
1193000
436200
168000
54720
54610
54500
54400
54290
54190
54080
53980
53880
53770
53670
10950000
18710000
6295000
4572000
2618000
2327000
946000
332900
54500
54390
54290
54180
54080
53970
53870
53770
53670
53560
53460
53360
53260
4290000
19580000
5380000
4563000
2078000
2309000
937100
374600
53850
53740
53640
53540
53440
53340
53240
53130
53030
52930
52830
52740
52640
52540
4003000
985900
938400
383300
494000
225200
120800
52340
52240
52140
52050
51950
51860
4204000
1036000
1141000
437500
551500
246900
141400
58690
54380
51560
51460
51370
51270
51180
51090
50990
50900
50810
50720
50630
50540
2974000
741300
706200
295400
377300
178300
3281000
3339000
7562000
11870000
12720000
33100000
10210000
8412000
3864000
3714000
1423000
538200
53920
53820
53710
53610
53510
53410
53310
53210
53110
53000
52910
52810
52710
52610
52510
52410
52310
52220
52120
52020
51930
51830
51740
51640
51550
51450
16200000
6718000
4345000
2043000
2095000
1077000
456400
25050000
5945000
6340000
2305000
2996000
1201000
562200
83070
64630
52510
52410
52310
1750000
6022000
1749000
1443000
708500
749100
325400
149000
52480
52390
52290
52190
52100
52000
51900
51810
51710
9413000
24090000
9961000
6677000
3597000
5366000
5075000
1795000
983800
558900
491700
8646000
30490000
12360000
8001000
4203000
3906000
1856000
708700
119300
814900
1202000
813700
420600
301600
226400
150500
87290
60950
54620
54510
54410
9710000
2335000
2219000
862800
1133000
476500
221600
54390
54280
16310000
3895000
3700000
1415000
1871000
765100
335800
54350
152600
77390
76110
62180
64840
58040
55340
10730000
2577000
2449000
947900
1247000
4620000
1567000
4363000
1450000
8261000
2231000
2081000
807200
895000
361000
759900
3465000
1570000
981600
531000
497000
276100
138000
65140
54470
3631000
2617000
1262000
739100
598000
402800
5529000
1345000
1252000
944400
755800
387300
184100
104000
73780
61990
211800
91360
89370
67130
658700
2594000
754100
640000
12270000
3170000
2848000
1096000
1389000
576500
261000
8790000
2118000
6402000
2374000
3638000
4500000
22560000
10790000
6356000
3286000
2934000
1547000
1077000
245800
158300
94240
106900
75820
63700
55720
55610
55500
55390
55280
55170
55060
54950
54850
54740
54630
54530
54420
54320
54210
54110
1336000
356800
341300
161200
197000
109800
75850
1449000
9302000
2474000
2170000
956500
1112000
468000
208300
2285000
5498000
1716000
1343000
715100
701100
6581000
1622000
1461000
2413000
1189000
739900
316700
259400
134600
86100
54260
54160
54060
53950
53850
53750
53640
53540
53440
53340
53240
53140
53040
3805000
9925000
8686000
10660000
4135000
3252000
1726000
1233000
456000
174800
54640
54540
54430
4674000
1146000
1090000
441100
570500
256200
134200
54150
54050
53950
53840
53740
53640
53540
53430
7379000
1784000
1696000
666800
872100
373700
180300
53390
53290
53190
53090
52990
11540000
2768000
2630000
1015000
1337000
555500
252100
8195000
11150000
7498000
3607000
2506000
6166000
4278000
1891000
990200
739300
500100
230000
93760
54790
54680
54570
54470
54360
54260
54150
54050
53940
53840
5601000
1364000
1298000
518300
673700
296300
149800
53660
53560
53450
53350
53250
53150
53050
52950
7857000
12540000
4447000
3124000
11150000
5509000
3436000
7548000
12680000
43830000
12720000
10530000
4815000
5032000
1990000
754000
4267000
1050000
999000
408300
526100
240000
128900
56050
55940
55830
55720
55610
55500
55390
55280
55170
68420
10640000
4744000
3834000
1643000
7753000
27050000
21170000
9427000
5980000
17010000
14830000
6082000
17350000
11060000
6058000
3079000
2236000
1285000
541500
154300
58670
58550
33410000
7938000
7537000
2850000
3785000
1516000
635700
58280
58160
58040
57920
280800
5018000
25300000
7268000
5980000
2721000
2997000
1240000
492200
65210
57940
57820
57700
57580
57460
2480000
629600
8905000
3946000
4716000
1746000
1647000
6851000
5064000
26130000
20520000
19400000
8040000
13240000
24240000
8470000
19840000
