1092000
1089000
1084000
1079000
1073000
1067000
1060000
1054000
1047000
1041000
1034000
1028000
1022000
1016000
1009000
1003000
17330000
6977000
4824000
3699000
2845000
9228000
3897000
7182000
27360000
8414000
7197000
5090000
3075000
7723000
4021000
2573000
4894000
2635000
5201000
23550000
19750000
9184000
6915000
4432000
5980000
3982000
2664000
10190000
3218000
6178000
3049000
2144000
2149000
1584000
1387000
1081000
2443000
1222000
1129000
1029000
904600
948600
893900
837000
799300
5357000
1936000
1722000
1430000
1067000
1206000
1051000
888200
2356000
6743000
8566000
5899000
3464000
2582000
2082000
1852000
1487000
1066000
820300
3063000
1307000
1197000
1047000
860600
930500
850100
3995000
1526000
1362000
1155000
898100
996400
886100
771000
696700
676700
674000
1556000
891900
848500
789900
717700
742800
710800
677500
655300
648100
645600
643200
640700
638300
635900
633500
25760000
6967000
5807000
4215000
2236000
3021000
2182000
1306000
5591000
7755000
3101000
2520000
1762000
1445000
1467000
1100000
784000
624900
591200
589200
587100
1651000
1179000
883300
798800
692300
698000
670800
620900
583900
569100
565500
563600
561700
559800
558000
4071000
17120000
5233000
9027000
4212000
2868000
2941000
1922000
1445000
918900
668700
561900
534900
533200
531600
529900
11980000
3415000
2886000
2160000
1257000
1614000
1232000
831600
576300
513700
512200
510600
509100
507500
506000
504500
503000
501500
5e+05
498500
497100
495600
494200
492700
491300
489800
488400
487000
485600
484200
482800
1507000
1023000
5009000
1754000
1458000
1198000
837300
923900
748500
587700
490700
466800
465500
464200
462900
461700
460400
459200
457900
456700
3688000
5487000
2183000
1783000
1261000
1029000
1053000
798500
578900
467100
443500
442300
441100
440000
438800
4241000
18830000
5617000
4572000
3169000
1916000
2334000
4656000
1694000
1146000
860500
620600
714600
612500
505800
437500
420200
419200
418200
417100
416100
415100
3347000
1153000
1017000
830200
598500
689400
590700
487700
421700
405100
404100
403200
402200
401200
3511000
19060000
19250000
7983000
28250000
11980000
8414000
6613000
3551000
3157000
2096000
1162000
578100
401900
387400
386500
385600
384800
383900
383000
382100
381300
380400
379600
378700
377900
377000
376200
375300
374500
1261000
11860000
11770000
4933000
3764000
2375000
2039000
1894000
1203000
2174000
1601000
881400
747400
576200
559300
533400
452900
390400
363600
358600
357800
2679000
4686000
1779000
1459000
1038000
815800
855100
648900
466400
370300
349700
348900
348200
347500
22110000
30680000
11100000
8578000
5294000
4020000
4073000
2488000
1140000
472800
339800
339100
4213000
1315000
1136000
890100
584700
3798000
1356000
1078000
795800
531200
627400
523800
415500
346300
1134000
585800
507500
453400
386100
741000
465100
1.6e+07
4308000
3558000
2582000
2578000
2131000
1548000
925100
5669000
2545000
1667000
1258000
771500
863900
715700
508000
717900
1899000
762800
671200
548500
441700
476100
413600
6093000
1766000
1493000
1129000
676900
856200
1990000
17830000
4907000
7147000
14400000
4892000
4686000
3143000
1771000
1619000
1059000
614100
357900
3e+05
299400
298900
298400
297800
297300
296800
296300
295700
295200
294700
294200
293700
293200
292700
5064000
1495000
1275000
972700
596800
32930000
8704000
7055000
11850000
31780000
12780000
9243000
5780000
3043000
7005000
9395000
3446000
2248000
1404000
1023000
1098000
766300
470900
314000
280600
280100
20410000
9599000
5500000
13170000
4871000
4457000
3323000
1737000
1399000
10680000
3015000
2348000
1673000
901500
1207000
881400
541000
324000
271600
271100
14520000
3864000
3207000
2306000
1184000
1630000
1155000
659300
343200
266900
266400
266000
6211000
1765000
1491000
1114000
645900
831800
633400
426100
294000
261900
261500
261100
260700
260300
259900
259500
259100
258700
258300
257900
257500
257100
256700
256300
255900
255500
255200
254800
254400
12660000
3383000
2811000
2026000
1050000
1438000
1024000
592400
317100
250600
250300
249900
249500
249100
248800
248400
248000
247700
247300
247000
246600
246200
245900
245500
245200
244800
244500
10900000
11250000
4538000
3480000
2116000
1795000
1700000
1052000
526600
285300
240600
240300
240000
1829000
640100
566600
465700
340400
389800
336600
280900
245400
759600
590800
399900
356300
300700
299200
288500
262500
242900
234800
233300
233000
232700
232400
232000
231700
231400
231100
230800
230400
230100
229800
229500
229200
228900
228600
228300
228000
227600
227300
227000
226700
226400
226100
225800
225500
225200
224900
224600
224300
224000
223700
223400
223100
222800
222500
222300
222000
221700
221400
221100
220800
220500
20500000
6378000
4664000
3333000
1671000
2224000
1581000
840600
354600
223200
217400
217100
216800
216600
216300
216000
215700
10880000
4607000
2844000
2090000
2113000
1588000
1241000
751500
379200
314800
273200
239200
217400
212000
211700
211400
211200
210900
210600
998600
492100
1979000
739300
598700
516300
367700
2275000
3887000
1423000
1125000
771600
586800
620700
451600
301800
222800
206100
205800
205600
205300
205100
204800
5371000
1508000
1269000
942300
535600
697200
524900
344900
230100
202400
202100
201900
12760000
12510000
5096000
3881000
2314000
1988000
1856000
7635000
2163000
1593000
1131000
618100
9136000
25600000
8116000
6204000
4056000
2499000
2920000
1876000
3110000
20460000
8525000
5290000
3742000
2085000
2394000
1756000
928000
380100
210700
194800
194600
194400
194200
4564000
4080000
17570000
5371000
4124000
3044000
15120000
6895000
4418000
2867000
1365000
1571000
1173000
655800
305100
200100
191400
190800
190300
2695000
2855000
6627000
7284000
3186000
2399000
1632000
1245000
1079000
14540000
3861000
3078000
12570000
8572000
10120000
12040000
4822000
3796000
6358000
2669000
2150000
1331000
648600
577100
415600
286800
204700
6023000
1657000
1388000
1019000
559200
741800
547300
344000
214400
183100
182900
182700
182500
182300
182100
2316000
720100
621600
1640000
609300
622800
478600
313400
302000
371700
4135000
1496000
23820000
6542000
5173000
3828000
1915000
2479000
3273000
2118000
865400
598500
2074000
812100
708600
516000
317400
340600
280300
222300
185200
176200
176000
175800
175700
175500
175300
175100
174900
174800
5217000
1446000
1214000
894700
1100000
1021000
2155000
945200
608500
483400
344600
353000
286500
222300
183600
172600
171800
171600
8231000
6321000
2871000
2172000
5238000
2205000
1883000
1214000
580800
570500
416500
278500
190600
169300
169100
169000
168800
168600
168500
168300
168100
168000
167800
167600
167500
167300
11260000
11820000
4687000
3578000
2145000
1795000
1703000
1023000
468500
213000
165600
165500
165300
165100
165000
164800
164700
164500
164300
164200
164000
1362000
466000
410700
334700
240200
277600
237600
1392000
470800
409100
333300
239000
276300
236300
194600
167900
161400
161200
161100
160900
160700
160600
160400
160300
160100
160000
159800
159700
8053000
2150000
1787000
1287000
666100
913200
650300
375500
200400
158200
158100
157900
6037000
1641000
1370000
997600
535000
719000
523100
318400
188000
156500
156400
156200
156100
155900
155800
155600
155500
155400
155200
155100
154900
3864000
3272000
1470000
4885000
1651000
1422000
1130000
632700
591900
398800
256500
173300
153200
153000
152900
152700
152600
152500
152300
152200
344900
200600
191500
179200
163900
2030000
11040000
3165000
2563000
1758000
997200
3194000
1337000
844900
482000
274300
334700
270200
202900
159900
149500
149300
149200
149100
148900
6542000
10060000
3559000
2772000
1745000
1292000
1339000
840400
409900
191900
147600
147500
147300
5275000
46540000
12580000
10180000
6922000
3535000
4777000
3096000
1413000
386500
146200
146000
145900
145800
145700
145500
145400
145300
145200
145000
144900
144800
144700
144500
144400
144300
144200
144000
143900
143800
143700
143600
143400
143300
143200
143100
142900
142800
142700
142600
142500
142300
142200
142100
142000
141900
141700
141600
141500
141400
141300
141100
141000
140900
140800
140700
140600
140400
140300
140200
140100
140000
139900
139700
139600
139500
139400
139300
139200
139100
138900
6014000
1621000
1350000
978300
515900
699900
9238000
5272000
2668000
1957000
16380000
5005000
4097000
4900000
10110000
21390000
7607000
5475000
7861000
3307000
3280000
2094000
11540000
3326000
2597000
1772000
840900
1149000
796300
427600
192700
1415000
10490000
2930000
10570000
20710000
31670000
17440000
2.7e+07
11170000
8141000
6532000
3780000
2845000
1460000
625500
224800
135300
135200
135100
135000
22090000
5672000
4661000
3272000
1545000
2233000
1502000
737700
2501000
701600
597900
13190000
4237000
10120000
4004000
2556000
2406000
1445000
1195000
655300
328600
170300
6791000
6752000
3392000
2265000
15560000
8057000
4815000
3391000
1727000
1743000
1334000
727800
1788000
525700
439400
345100
227800
274300
13990000
3645000
2978000
2099000
1016000
1447000
988800
1063000
344000
245100
210100
166500
12610000
5543000
3275000
2373000
1250000
1463000
1119000
4392000
2855000
1336000
1009000
607900
596900
522500
336100
195100
138400
129600
129500
17700000
4561000
3751000
2640000
1258000
1808000
1223000
611800
8351000
2179000
1805000
1290000
650900
905400
634700
351800
12650000
27600000
8838000
6928000
4407000
2884000
3231000
16850000
13300000
5514000
4044000
2325000
2107000
1884000
1078000
445800
174000
127600
127500
127400
127400
127300
127200
127100
127000
1793000
547000
470200
364700
233600
285700
230100
172000
135000
126100
126000
2728000
782100
662100
9024000
2879000
3347000
1875000
23370000
12010000
6694000
4764000
2435000
2629000
2022000
3371000
1553000
775600
574900
356500
382800
324200
224500
153000
127700
124500
124400
124400
124300
124200
124100
4503000
17750000
22540000
29900000
16840000
10320000
8213000
9098000
5252000
3437000
2052000
2863000
7379000
2418000
1827000
8555000
2595000
2373000
1622000
5496000
2623000
1699000
1118000
547800
4724000
1510000
1137000
752200
390800
516500
379500
236300
145000
123000
122900
5655000
9658000
5421000
7162000
22570000
9688000
6595000
4535000
2497000
2495000
1694000
6359000
17500000
7920000
4843000
14050000
4761000
5023000
3217000
1579000
1402000
849100
481100
220700
140500
125900
122300
122200
122100
122100
122000
121900
121800
121700
121600
121500
121400
121400
121300
121200
121100
121000
120900
120800
120700
120700
3578000
992500
833200
8645000
5622000
2927000
2154000
1196000
1115000
931300
543500
252200
137300
119800
119800
9151000
2398000
1982000
1410000
699800
982700
681900
367600
167300
119100
119100
119000
118900
118800
118700
118600
118600
118500
118400
118300
118200
118100
118100
118000
117900
117800
117700
117600
117600
117500
117400
117300
117200
117200
117100
117000
116900
116800
116800
116700
116600
116500
9328000
2440000
2016000
1433000
708200
996700
689900
369300
18630000
29350000
10120000
7822000
4815000
3460000
3615000
2154000
890100
3173000
13100000
10130000
5685000
19090000
12820000
6883000
5207000
2902000
2324000
11490000
3411000
2384000
1540000
740700
1045000
721400
1923000
35890000
9347000
7622000
5266000
2534000
3589000
13070000
3797000
2512000
1647000
804100
1140000
782900
410300
3049000
841100
708600
526600
4551000
13540000
11060000
5019000
11160000
4198000
3546000
2728000
1386000
1096000
626500
324900
156000
115300
115200
115100
115100
115000
114900
114800
114700
114700
114600
114500
114400
114400
9578000
2502000
2066000
1467000
722200
1019000
1347000
3006000
8506000
2629000
3042000
1663000
1077000
1149000
4271000
1324000
7e+06
2175000
1595000
1318000
723600
789600
509300
279700
145400
113100
113000
113000
112900
112800
320200
165000
155400
142200
125800
132200
125200
117900
113200
3402000
16040000
6611000
4202000
2896000
1684000
1889000
1335000
669800
247600
122500
111700
111700
111600
567800
226500
205400
176500
140500
154800
139500
123600
21680000
20410000
8306000
6257000
3621000
3127000
2875000
1630000
7143000
2388000
1593000
1156000
7856000
2828000
2122000
1408000
659600
821400
584300
324400
155600
111800
110500
110500
110400
110300
110300
110200
110100
110000
110000
109900
109800
109700
109700
109600
109500
109500
18820000
4829000
3967000
2784000
2318000
2152000
1482000
767600
273600
205400
171900
136800
114400
108900
108900
108800
108700
108700
108600
108500
108400
108400
108300
108200
3827000
1046000
874800
1207000
2665000
5555000
2450000
1587000
1050000
701800
711700
490600
269800
143900
109900
107400
107300
107300
107200
107100
107100
7710000
7196000
9085000
3800000
2594000
2039000
1467000
1222000
669800
302200
139300
106700
106600
106500
106500
106400
106300
106300
106200
106100
7739000
16790000
5403000
4241000
2706000
1784000
1992000
1235000
552500
184600
105900
105900
105800
105700
105700
105600
105500
105500
105400
105300
105300
1666000
17480000
4711000
3830000
2633000
1346000
1826000
1206000
580300
195500
105000
104900
104800
104800
104700
104600
104600
104500
104400
104400
104300
104200
504800
205200
186700
161300
129700
142200
128800
114800
105800
103600
103600
103500
103400
2141000
620300
677700
433800
266200
320000
240100
173800
123400
107100
103600
102700
102700
102600
102500
102500
102400
102300
102300
102200
102200
361900
167600
155500
139100
118500
126600
2776000
3250000
7104000
11320000
11970000
30680000
10210000
7845000
5548000
3222000
3307000
1956000
845500
238000
102000
102000
101900
101900
101800
101700
101700
101600
101500
101500
101400
101400
101300
101200
101200
101100
101100
101000
100900
100900
100800
100800
100700
100600
12320000
5908000
3308000
2409000
1275000
1444000
1122000
23240000
5950000
5452000
3505000
1693000
2360000
1553000
786800
262800
118900
104000
100300
1292000
5636000
1667000
1350000
925000
550400
674700
458800
250200
127800
99810
99760
99700
99640
99580
99520
99460
8528000
22210000
9408000
6375000
4098000
4689000
6173000
2999000
1777000
843800
506700
8326000
28190000
11810000
7445000
5018000
3007000
3284000
2259000
1069000
829700
1186000
790100
453300
338400
257600
243000
205300
149700
114000
101100
99190
8681000
2264000
1868000
1326000
650400
919200
633400
334800
144600
14590000
3753000
3086000
2170000
1030000
1484000
1001000
497000
175800
98580
98530
98470
98410
98350
98300
9347000
2431000
2005000
1420000
692400
4684000
1958000
4325000
1723000
7549000
2592000
1924000
1457000
755400
815800
957600
3472000
1595000
946200
689300
422500
457800
358600
221700
130200
2752000
2414000
1060000
816000
503100
456500
4948000
1415000
1090000
1068000
467300
594600
423900
241600
151000
116300
105300
98310
96580
96520
169500
2399000
687600
577700
11120000
2946000
2523000
1768000
846200
1130000
761900
7378000
1916000
5655000
2670000
2965000
4855000
20860000
10740000
5984000
4191000
2360000
2420000
1788000
907900
318500
119700
96080
96020
95970
95910
95860
95800
95750
95690
95640
95590
95530
95480
95420
95370
95320
95260
95210
95150
95100
95050
94990
94940
94890
94830
94780
94730
94670
7367000
1929000
1594000
1134000
561800
789600
547400
1475000
5044000
1501000
1214000
829400
503500
5416000
1626000
1218000
2042000
714800
808400
570100
305500
237700
170800
127800
100300
93690
93640
93590
93540
93490
93440
93380
93330
93280
93230
93180
1785000
8869000
7857000
9869000
4123000
2885000
2263000
1583000
1281000
686700
299300
127500
92950
1232000
380100
327600
255500
165900
201500
163500
123900
98580
92460
92410
92360
92310
92260
92210
4758000
1269000
1054000
758900
391800
537900
382500
220100
116700
91800
91750
91700
8223000
2143000
1768000
1254000
614100
868800
598000
6548000
10200000
6764000
3553000
2375000
5301000
4530000
2380000
1513000
760700
589500
518600
322600
168900
102600
91280
91230
91180
91130
91080
91030
90980
90930
2485000
694900
584500
433000
244600
319600
239800
156500
103300
90540
90490
90440
90390
90340
90300
4570000
11010000
3603000
2779000
10360000
4919000
3735000
8076000
11770000
40350000
12830000
9576000
6502000
3675000
4257000
2632000
4508000
1140000
786800
572200
307500
412800
300800
183600
109000
91050
91000
90950
90900
90850
90800
90750
90700
7905000
4090000
3036000
1833000
6708000
25040000
20040000
9119000
6486000
15590000
14680000
7354000
17670000
10840000
5738000
4496000
2483000
1931000
1420000
761500
300400
118900
29880000
7606000
6233000
4349000
2006000
2939000
1947000
910700
250500
91790
91740
91690
4389000
23050000
6898000
5317000
3577000
1966000
2476000
1611000
741000
219300
93840
91650
91600
91550
1905000
549000
8106000
3884000
4157000
2185000
1331000
6852000
5158000
24170000
19600000
17570000
8766000
12130000
23590000
9244000
19850000
