619000
615200
611200
607100
603200
599300
595400
591600
587900
584200
580500
576900
573300
569800
566300
562900
559500
728800
764300
760400
754200
754800
843600
844500
904800
1417000
1442000
1420000
1398000
1377000
1460000
1458000
1436000
1498000
1498000
1561000
2279000
2885000
2850000
2764000
2683000
2706000
2637000
2563000
2917000
2865000
2955000
2878000
2790000
2708000
2630000
2557000
2487000
2468000
2408000
2346000
2288000
2232000
2179000
2129000
2080000
2034000
2136000
2101000
2054000
2009000
1966000
1925000
1885000
1848000
1828000
1987000
2195000
2255000
2209000
2157000
2108000
2061000
2015000
1972000
1931000
1942000
1906000
1868000
1831000
1795000
1761000
1728000
1789000
1763000
1730000
1698000
1667000
1638000
1609000
1581000
1555000
1529000
1504000
1480000
1456000
1434000
1412000
1391000
1370000
1350000
1330000
1311000
1293000
1275000
1258000
1241000
1224000
1208000
1193000
1613000
1624000
1596000
1569000
1542000
1517000
1492000
1469000
1503000
1655000
1641000
1612000
1584000
1558000
1532000
1507000
1482000
1459000
1436000
1414000
1393000
1372000
1352000
1333000
1314000
1295000
1277000
1260000
1243000
1226000
1210000
1195000
1179000
1164000
1150000
1136000
1122000
1403000
1408000
1510000
1497000
1473000
1450000
1427000
1405000
1384000
1364000
1344000
1325000
1306000
1288000
1270000
1429000
1423000
1401000
1380000
1360000
1340000
1321000
1302000
1284000
1266000
1249000
1233000
1216000
1201000
1185000
1170000
1155000
1141000
1127000
1114000
1100000
1087000
1075000
1062000
1050000
1039000
1027000
1016000
1005000
993900
983300
972900
962800
952900
943200
933600
924300
915200
906200
897400
888800
880300
872000
863900
855900
848000
840300
832800
825300
818000
810900
803800
796900
790100
783400
776800
770400
764000
757700
751600
745500
739600
733700
727900
722300
716700
711200
933000
944100
934500
925200
916000
907000
898200
889600
881100
872800
864600
856600
848800
841100
833500
826000
818700
811500
804500
797600
790700
784000
777500
771000
764600
758300
752200
746100
740200
734300
728500
722800
717200
711700
706300
700900
874900
1138000
1147000
1712000
1816000
1789000
1754000
1722000
1690000
1660000
1630000
1602000
1574000
1548000
1522000
1498000
1474000
1451000
1428000
1406000
1385000
1365000
1345000
1326000
1307000
1288000
1271000
1253000
1237000
1220000
1304000
1511000
1506000
1482000
1458000
1436000
1414000
1392000
1392000
1394000
1375000
1355000
1335000
1316000
1297000
1279000
1262000
1245000
1228000
1212000
1224000
1296000
1286000
1268000
1251000
1234000
1218000
1202000
1187000
1172000
1157000
1143000
1129000
1115000
1638000
2633000
2646000
2572000
2502000
2435000
2372000
2313000
2256000
2202000
2150000
2101000
2193000
2154000
2105000
2058000
2013000
2082000
2045000
2001000
1958000
1918000
1878000
1841000
1805000
1770000
1758000
1729000
1697000
1666000
1637000
1618000
1591000
2087000
2087000
2041000
1996000
1996000
1957000
1916000
1877000
2023000
2025000
1984000
1942000
1902000
1863000
1826000
1791000
1768000
1784000
1754000
1721000
1690000
1659000
1630000
1602000
1742000
1724000
1693000
1662000
1633000
1604000
1610000
2175000
2177000
2252000
2696000
2663000
2587000
2516000
2449000
2385000
2325000
2267000
2213000
2161000
2111000
2064000
2018000
1975000
1933000
1894000
1855000
1819000
1784000
1750000
1717000
1686000
1655000
1626000
1632000
1607000
1580000
1553000
1527000
2732000
2762000
2682000
2957000
4851000
4867000
4626000
4402000
4198000
4252000
4575000
4400000
4196000
4011000
3841000
3686000
3543000
3410000
3287000
3173000
3066000
4103000
4353000
4183000
4730000
4594000
4375000
4174000
3990000
3823000
4317000
4180000
3996000
3828000
3673000
3531000
3399000
3277000
3163000
3058000
2959000
3455000
3382000
3261000
3148000
3044000
2946000
2854000
2767000
2686000
2610000
2537000
2469000
2544000
2488000
2422000
2360000
2301000
2244000
2191000
2140000
2091000
2044000
2e+06
1957000
1917000
1877000
1840000
1804000
1769000
1736000
1704000
1673000
1643000
1614000
1586000
1559000
1533000
1508000
1484000
1461000
1438000
1416000
1394000
1374000
1353000
1334000
1315000
1296000
1278000
1261000
1244000
1227000
1211000
1196000
1180000
1165000
1151000
1137000
1123000
1109000
1096000
1083000
1071000
1059000
1047000
1035000
1023000
1012000
1045000
1209000
1209000
1194000
1178000
1164000
1149000
1135000
1121000
1108000
1095000
1082000
1069000
1057000
1045000
1033000
1022000
1011000
999900
989200
978700
968400
958400
948600
938900
929500
920200
911200
902300
893600
885000
876600
868400
860300
852400
844600
837000
829500
822100
814800
807700
800700
793900
787100
780500
774000
767500
761200
755000
748900
742900
737000
731200
725400
719800
714200
708800
703400
698100
692800
687700
682600
677600
672700
667900
663100
658400
653700
649100
644600
640200
635800
631400
627200
622900
721600
739300
734700
728900
723200
717600
712100
706600
701300
696000
690800
685700
680700
675700
670800
666000
661200
712200
734300
730500
724800
727800
722900
717300
711700
706300
701000
695700
690500
685400
680400
675400
670500
665700
660900
656300
651600
647100
642600
638200
633800
629500
625200
621000
646500
644700
640200
635800
631500
627200
623000
618800
614700
610700
606700
602700
598800
595000
591200
623100
622100
617900
613900
609800
605800
601900
598000
594200
590400
586600
582900
712500
851500
855600
847800
840100
832500
825100
918400
918400
909400
900500
891800
1027000
1577000
1607000
1580000
1553000
1527000
1502000
1478000
1513000
2150000
2280000
2235000
2182000
2132000
2083000
2037000
1993000
1951000
1910000
1871000
1834000
1798000
1764000
1853000
1924000
2537000
2527000
2459000
2395000
2989000
3037000
2947000
2855000
2769000
2688000
2611000
2539000
2470000
2405000
2344000
2286000
2230000
2258000
2296000
2483000
2672000
2626000
2554000
2485000
2419000
2357000
2964000
2931000
2840000
3339000
3581000
3825000
4227000
4086000
3910000
4010000
3864000
3707000
3562000
3428000
3304000
3188000
3081000
2980000
3188000
3108000
3006000
2910000
2820000
2736000
2657000
2582000
2511000
2444000
2381000
2320000
2263000
2209000
2157000
2151000
2106000
2059000
2054000
2013000
1970000
1929000
1889000
1851000
1815000
1900000
1883000
2822000
2825000
2740000
2661000
2585000
2515000
2498000
2477000
2416000
2354000
2361000
2308000
2251000
2197000
2146000
2097000
2050000
2006000
1963000
1922000
1882000
1845000
1808000
1774000
1740000
1708000
1677000
1647000
1655000
1629000
1601000
1574000
1547000
1525000
1542000
1524000
1500000
1476000
1453000
1430000
1408000
1387000
1366000
1347000
1327000
1308000
1373000
1468000
1454000
1432000
1509000
1494000
1470000
1447000
1424000
1403000
1382000
1361000
1342000
1322000
1304000
1285000
1268000
1251000
1234000
1218000
1202000
1186000
1171000
1157000
1142000
1128000
1189000
1390000
1389000
1368000
1348000
1329000
1310000
1292000
1274000
1256000
1239000
1223000
1207000
1191000
1176000
1162000
1147000
1133000
1119000
1106000
1093000
1080000
1068000
1055000
1043000
1032000
1020000
1009000
998400
987700
977200
967000
957000
947200
937600
928200
919000
909900
901100
892400
883800
875500
867300
859200
851300
843500
835900
828400
821100
813800
806800
799800
792900
786200
779600
773100
766700
760400
754200
748100
742100
736200
730400
724600
719000
713500
708000
702600
697300
692100
687000
681900
676900
672000
667200
662400
657700
653100
648500
644000
639500
635200
630800
626600
622400
633100
630100
625800
621600
617500
613400
609400
605400
601500
597600
593700
590000
586200
582500
578900
575300
571800
568200
564800
561400
558000
554600
551300
638400
642200
637800
633400
629100
636600
633400
629100
624800
620600
616500
612400
608400
604400
600500
596600
592800
589000
585300
591800
686700
690500
685400
680300
675400
670500
665700
660900
656200
651600
647100
642600
648300
1513000
1566000
1539000
1514000
1490000
1466000
1443000
1421000
1399000
1378000
1358000
1338000
1319000
1301000
1283000
1265000
1248000
1231000
1215000
1199000
1184000
1169000
1154000
1140000
1126000
1113000
1099000
1086000
1074000
1061000
1049000
1038000
1026000
1015000
1004000
993000
982400
972100
962000
952100
942400
932900
923600
914400
905500
896700
888100
879600
871300
863200
855200
847400
839700
832200
824700
817400
810300
803300
796300
789500
782900
776300
769800
763500
757200
751100
745100
739100
733200
727500
721800
716200
710700
705300
7e+05
694700
782700
825900
822300
815100
1074000
1085000
1073000
1103000
1277000
1760000
1775000
1742000
1855000
1832000
1796000
1762000
2104000
2090000
2044000
2e+06
1957000
1916000
1877000
1840000
1803000
1803000
2135000
2120000
2412000
3269000
5148000
5565000
7228000
6860000
6372000
5949000
5580000
5255000
4966000
4707000
4475000
4264000
4073000
3898000
3738000
5333000
5190000
4908000
4655000
4428000
4222000
4034000
3863000
3854000
3711000
3566000
4346000
4289000
4668000
4490000
4278000
4086000
3910000
3749000
3601000
3464000
3337000
3607000
3844000
3763000
3618000
4531000
4691000
4486000
4274000
4082000
3907000
3746000
3598000
3529000
3403000
3281000
3167000
3061000
2962000
3672000
3602000
3465000
3338000
3220000
3111000
3008000
2912000
2823000
2738000
2659000
2584000
3113000
3196000
3099000
2998000
2903000
2813000
2729000
2795000
2811000
2735000
2655000
2580000
2510000
2443000
2380000
2319000
2262000
2208000
2156000
2810000
2790000
2707000
2629000
2556000
2487000
2421000
2359000
2613000
2569000
2499000
2432000
2370000
2310000
2253000
2199000
2598000
4054000
4013000
3844000
3688000
3544000
3412000
4298000
4934000
4745000
4509000
4296000
4102000
3924000
3762000
3613000
3475000
3347000
3229000
3119000
3016000
2920000
2829000
2744000
2665000
2589000
2518000
2451000
2387000
2326000
2269000
2214000
2162000
2112000
2065000
2019000
1976000
1934000
1895000
1999000
1985000
1986000
1947000
2891000
3189000
3109000
3006000
2911000
2821000
2736000
2657000
2600000
2530000
2462000
2397000
2336000
2278000
2223000
2171000
2120000
2073000
2027000
1983000
1941000
1901000
1863000
1851000
2478000
3424000
5059000
5436000
5225000
5026000
5114000
4871000
4622000
4398000
4333000
4663000
4481000
4270000
4639000
4463000
4254000
4063000
4203000
4089000
3917000
3755000
3607000
3686000
3562000
3428000
3304000
3189000
3081000
2981000
2887000
2798000
2715000
2637000
2595000
2945000
3007000
3152000
4424000
4545000
4346000
4148000
3966000
3801000
3648000
3865000
5032000
5132000
4878000
5670000
5427000
5173000
4898000
4647000
4420000
4215000
4028000
3857000
3700000
3556000
3422000
3298000
3183000
3076000
2976000
2882000
2794000
2711000
2633000
2560000
2490000
2424000
2362000
2303000
2246000
2193000
2142000
2093000
2046000
2002000
1959000
1918000
1879000
1852000
1931000
1902000
1863000
1826000
1791000
1757000
1724000
1692000
1661000
1632000
1604000
1748000
1731000
1699000
1668000
1638000
1610000
1582000
1555000
1530000
1505000
1481000
1457000
1434000
1412000
1391000
1371000
1350000
1331000
1312000
1294000
1276000
1258000
1241000
1225000
1209000
1193000
1178000
1163000
1149000
1135000
1121000
1107000
1094000
1082000
1069000
1057000
1045000
1033000
1022000
1011000
999600
988900
1069000
1065000
1053000
1041000
1030000
1018000
1007000
996300
1389000
2236000
2257000
2203000
2151000
2102000
2055000
2010000
1967000
2028000
2513000
2807000
2806000
3657000
4076000
3944000
3780000
3630000
3490000
4031000
3920000
3758000
3609000
3471000
3344000
3226000
3198000
6051000
5929000
5562000
5239000
4952000
4695000
5450000
5228000
4942000
4686000
4455000
4247000
4057000
3884000
3921000
3777000
3627000
3488000
3633000
4421000
4887000
4689000
5145000
4929000
4675000
4445000
4237000
4049000
3876000
3718000
3572000
3437000
3312000
3196000
3088000
2987000
2893000
2804000
2721000
2642000
2568000
2498000
2432000
2369000
2674000
2630000
2557000
2488000
2422000
2360000
2314000
2366000
2672000
2628000
2602000
2534000
2466000
2401000
2497000
2445000
2668000
2618000
2546000
2477000
2412000
2350000
2291000
2235000
2182000
2132000
2083000
2037000
1993000
1951000
1910000
1871000
1834000
1798000
1764000
1730000
1699000
1668000
1638000
1649000
2162000
2244000
2197000
2146000
2097000
2050000
2006000
1963000
1922000
1882000
1845000
1808000
1774000
1740000
1708000
1677000
1647000
1618000
1590000
1563000
1537000
2131000
2835000
2812000
2728000
2649000
2575000
2504000
2438000
2587000
2562000
2494000
2428000
2705000
2669000
2595000
2523000
2456000
2392000
2331000
2273000
2218000
2166000
2116000
2068000
2023000
1979000
1938000
1898000
1859000
1822000
1787000
1753000
1720000
1689000
1658000
1629000
1601000
1573000
1858000
1849000
1813000
1778000
1764000
1733000
1701000
1670000
1640000
1612000
1584000
1557000
1531000
1506000
1482000
1459000
1436000
1414000
1393000
1372000
1352000
1332000
1313000
1295000
1277000
1260000
1243000
1226000
1210000
1293000
1296000
1279000
1261000
1244000
1228000
1212000
1196000
1181000
1166000
1151000
1137000
1123000
1110000
1097000
1084000
1114000
1217000
1359000
1353000
1333000
1314000
1296000
1278000
1260000
1243000
1227000
1211000
1195000
1180000
1165000
1150000
1136000
1123000
1109000
1096000
1083000
1393000
1401000
1380000
1360000
1340000
1321000
1302000
1284000
1267000
1250000
1233000
1217000
1201000
1185000
1170000
1156000
1141000
1127000
1114000
1101000
1088000
1310000
1313000
1294000
1276000
1259000
1242000
1225000
1209000
1194000
1179000
1164000
1149000
1135000
1121000
1108000
1095000
1082000
1069000
1057000
1045000
1033000
1022000
1011000
999900
989200
978800
968500
958500
948600
939000
929600
920300
911200
902300
893600
885100
876700
868400
860400
852400
844700
837000
829500
822100
814900
807800
800800
793900
787200
780500
774000
767600
761300
755100
748900
742900
737000
731200
725500
719800
714300
708800
703400
771300
912100
1063000
1733000
1761000
1728000
1696000
1665000
1636000
1607000
1580000
1553000
1527000
1502000
1478000
1455000
1432000
1411000
1389000
1369000
1349000
1329000
1310000
1292000
1274000
1257000
1240000
1223000
1207000
1192000
1177000
1162000
1147000
1133000
1120000
1106000
1219000
1278000
1267000
1249000
1233000
1216000
1201000
1818000
1840000
1826000
1793000
1759000
1726000
1694000
1663000
1634000
1605000
1578000
1551000
1544000
1677000
1662000
1632000
1604000
1576000
1550000
1524000
1499000
1475000
1452000
1430000
1408000
1387000
1366000
1346000
1327000
1521000
2217000
2336000
2301000
2246000
2279000
2357000
2309000
2253000
2199000
2147000
2430000
3928000
4165000
4006000
3837000
3682000
3539000
3406000
3284000
3183000
3132000
3053000
2956000
2863000
2777000
2695000
2618000
2545000
2476000
2411000
2349000
2672000
2630000
2557000
2488000
2422000
2360000
2300000
2244000
2191000
2788000
2763000
2682000
2606000
2534000
2466000
2401000
2340000
2282000
2226000
2174000
2124000
2076000
2030000
1986000
2271000
2245000
2191000
2140000
2092000
2185000
2161000
2240000
2206000
2435000
2397000
2336000
2278000
2223000
2170000
2131000
2208000
2192000
2143000
2094000
2048000
2003000
1960000
1919000
1880000
1902000
1927000
1893000
1855000
1818000
1783000
1885000
1860000
1823000
1794000
1760000
1727000
1695000
1665000
1635000
1607000
1579000
1552000
1527000
1502000
1478000
1494000
1474000
1451000
1736000
1731000
1699000
1669000
1639000
1610000
1583000
1720000
1703000
1807000
1803000
1818000
1892000
2670000
2898000
2829000
2745000
2665000
2589000
2518000
2451000
2387000
2327000
2269000
2214000
2162000
2112000
2065000
2020000
1976000
1935000
1895000
1856000
1820000
1784000
1751000
1718000
1686000
1656000
1627000
1599000
1571000
1545000
1519000
1495000
1471000
1448000
1426000
1404000
1383000
1362000
1343000
1323000
1305000
1286000
1269000
1251000
1235000
1292000
1281000
1264000
1246000
1230000
1291000
1280000
1262000
1261000
1245000
1229000
1213000
1197000
1182000
1167000
1152000
1138000
1124000
1110000
1097000
1084000
1072000
1060000
1048000
1036000
1024000
1013000
1002000
991300
1035000
1137000
1279000
1275000
1258000
1241000
1224000
1208000
1193000
1178000
1163000
1148000
1134000
1120000
1107000
1094000
1081000
1069000
1056000
1044000
1033000
1021000
1010000
999300
988600
978100
967900
957900
948000
938400
929000
919700
910700
901800
893100
884600
876200
868000
859900
864400
857500
849600
841900
834300
826800
819500
873100
1022000
1089000
1082000
1070000
1119000
1157000
1146000
1132000
1119000
1105000
1092000
1079000
1067000
1055000
1043000
1031000
1020000
1009000
997900
987200
976800
966600
956600
946800
937200
927800
918600
909500
900700
892000
883500
875100
866900
858900
850900
843200
835600
828100
924900
927300
918300
1070000
1106000
1101000
1212000
1436000
2855000
2913000
2824000
2740000
2660000
2585000
2514000
2574000
2515000
2448000
2384000
2324000
2266000
2212000
2160000
2110000
2063000
2017000
1974000
1933000
1893000
1855000
1818000
1783000
1909000
1959000
1957000
1919000
2092000
3174000
4002000
3911000
3757000
4502000
5109000
4903000
5919000
6238000
5885000
5523000
5205000
4921000
4667000
4439000
4232000
4043000
6763000
6542000
6097000
5710000
5370000
5068000
4799000
4557000
4339000
4141000
3961000
3796000
3908000
5718000
5592000
5269000
4978000
4719000
4485000
4274000
4082000
3906000
3745000
3597000
3461000
3334000
3296000
3189000
3559000
3575000
3580000
3457000
3331000
3570000
3662000
5347000
6585000
7417000
6952000
7271000
9445000
8803000
