339800
345300
345700
345100
343800
342300
340900
339500
338000
336600
335200
333800
332500
331100
329800
328400
327100
448800
493600
511500
513400
517000
573000
584900
631200
974800
1056000
1089000
1083000
1069000
1140000
1154000
1152000
1200000
1210000
1265000
1815000
2392000
2518000
2518000
2452000
2464000
2412000
2353000
2639000
2646000
2755000
2709000
2640000
2559000
2479000
2404000
2334000
2374000
2333000
2281000
2220000
2160000
2103000
2049000
1998000
1950000
2110000
2110000
2084000
2036000
1985000
1937000
1892000
1848000
1927000
2097000
2331000
2438000
2424000
2369000
2303000
2239000
2178000
2120000
2065000
2163000
2145000
2109000
2059000
2007000
1958000
1911000
1992000
1977000
1946000
1903000
1859000
1817000
1776000
1738000
1701000
1665000
1632000
1772000
1778000
1764000
1730000
1693000
1658000
1624000
1592000
1561000
1531000
1503000
1475000
1448000
1423000
1398000
1396000
2290000
2464000
2514000
2459000
2386000
2316000
2251000
2189000
2468000
2737000
2759000
2709000
2626000
2542000
2464000
2390000
2381000
2327000
2270000
2208000
2149000
2271000
2266000
2231000
2177000
2119000
2065000
2013000
1963000
1916000
1871000
1828000
1788000
1749000
1782000
1762000
1896000
2475000
2572000
2799000
2777000
2714000
2630000
2546000
2467000
2393000
2360000
2302000
2243000
2182000
2124000
2070000
2659000
2739000
2736000
2660000
2574000
2493000
2418000
2347000
2280000
2216000
2172000
2119000
2066000
2014000
1982000
1939000
1895000
1852000
1810000
1770000
1732000
1695000
1660000
1626000
1641000
1620000
1624000
1600000
1592000
1566000
1539000
1627000
1633000
1734000
1731000
1711000
1678000
1643000
1610000
1579000
1548000
1519000
1491000
1463000
1437000
1412000
1444000
1433000
1416000
1393000
1369000
1504000
1627000
1645000
1631000
1601000
1570000
1540000
1511000
1483000
1456000
1430000
1405000
1398000
1378000
1357000
1499000
2042000
2149000
2169000
2124000
2069000
2017000
2232000
2240000
2216000
2162000
2105000
2051000
2e+06
1951000
1905000
1860000
1818000
1778000
1739000
1702000
1667000
1904000
1931000
1922000
1884000
1840000
1799000
1760000
1722000
1686000
1651000
1617000
1585000
1555000
1525000
1699000
2334000
3110000
3252000
4736000
5079000
5029000
4791000
4520000
4274000
4054000
3856000
3676000
3513000
3364000
3227000
3100000
2984000
2876000
2775000
2682000
2594000
2512000
2436000
2363000
2295000
2231000
2171000
2113000
2059000
2240000
2705000
3187000
3241000
3182000
3070000
2955000
2849000
2751000
2804000
2782000
2717000
2636000
2552000
2473000
2398000
2328000
2262000
2200000
2141000
2085000
2193000
2313000
2306000
2264000
2205000
2146000
2090000
2036000
1986000
1938000
1917000
1878000
1839000
1798000
2566000
4195000
4471000
4452000
4249000
4037000
3842000
3665000
3502000
3354000
3218000
3092000
3208000
3144000
3056000
2948000
2843000
2895000
2833000
2756000
2668000
2581000
2500000
2424000
2352000
2285000
2264000
2215000
2162000
2106000
2052000
2013000
1967000
2495000
2568000
2566000
2500000
2483000
2423000
2359000
2293000
2429000
2441000
2404000
2343000
2277000
2213000
2154000
2097000
2056000
2056000
2018000
1976000
1929000
1884000
1841000
1799000
1955000
1960000
1940000
1898000
1854000
1812000
1826000
2401000
2494000
2634000
3107000
3140000
3093000
2989000
2881000
2780000
2686000
2599000
2517000
2439000
2367000
2299000
2234000
2174000
2116000
2061000
2010000
1960000
1913000
1869000
1826000
1785000
1746000
1709000
1928000
1949000
1937000
1898000
1871000
3235000
3467000
3512000
3817000
6074000
6380000
6245000
5850000
5445000
5494000
5791000
5590000
5303000
4979000
4681000
4418000
4183000
3972000
3781000
3609000
3454000
4990000
5496000
5461000
6028000
5857000
5572000
5226000
4899000
4612000
5301000
5210000
5014000
4736000
4466000
4226000
4011000
3817000
3641000
3480000
3335000
4391000
4465000
4387000
4184000
3973000
3865000
3706000
3552000
3401000
3261000
3307000
3220000
3496000
3450000
3358000
3231000
3104000
2988000
3002000
2925000
2838000
2743000
2652000
2566000
2486000
2411000
2340000
2273000
2210000
2151000
2095000
2041000
1990000
1942000
1896000
1852000
1810000
1770000
1732000
1695000
1660000
2240000
2338000
2355000
2302000
2238000
2177000
2119000
2064000
2012000
1963000
1916000
1871000
1828000
1787000
1748000
1711000
1675000
1662000
1634000
1604000
1668000
1658000
1638000
1628000
1601000
1573000
1543000
1955000
2329000
2402000
2384000
2322000
2257000
2195000
2136000
2080000
2028000
1977000
1930000
2043000
2107000
2093000
2054000
2004000
1955000
1909000
1864000
1822000
1781000
1892000
1894000
1873000
1835000
1794000
1829000
1807000
1778000
1741000
1704000
1668000
1666000
1641000
1612000
1581000
1551000
1539000
1515000
1490000
1463000
1437000
1411000
1418000
1402000
1382000
1359000
1337000
1315000
1293000
1273000
1321000
1318000
1306000
1287000
1266000
1247000
1240000
1224000
1207000
1190000
1173000
1156000
1139000
1123000
1108000
1093000
1078000
1064000
1050000
1036000
1023000
1010000
998000
1562000
1711000
1762000
1742000
1705000
1670000
1636000
1603000
1572000
1541000
1512000
1484000
1457000
1431000
1406000
1383000
1455000
1759000
1865000
1880000
1851000
1869000
1841000
1808000
1770000
1731000
1695000
1660000
1626000
1594000
1562000
1533000
1504000
1476000
1449000
1424000
1549000
1561000
1592000
1576000
1551000
1523000
1494000
1568000
1646000
1648000
1629000
1598000
1567000
1537000
1508000
1480000
1453000
1461000
1443000
1422000
1398000
1375000
1351000
1502000
1519000
1515000
1491000
1464000
1437000
1412000
1388000
1364000
1341000
1319000
1298000
1649000
2001000
2078000
2074000
2029000
1978000
1931000
2121000
2128000
2105000
2056000
2005000
2261000
3395000
3597000
3603000
3475000
3329000
3195000
3072000
3082000
4182000
4507000
4483000
4299000
4081000
3881000
3699000
3533000
3382000
3244000
3116000
2999000
2889000
2788000
2961000
3061000
3939000
4014000
3948000
3784000
4509000
4611000
4508000
4301000
4085000
3885000
3703000
3537000
3386000
3247000
3119000
3001000
2892000
2966000
3003000
3215000
3447000
3423000
3328000
3202000
3078000
2963000
3626000
3666000
3610000
4121000
4428000
4760000
5234000
5119000
4895000
4914000
4701000
4476000
4242000
4025000
3829000
3704000
3552000
3407000
3615000
3548000
3443000
3308000
3176000
3053000
2940000
2835000
2738000
2647000
2561000
2482000
2417000
2348000
2289000
2358000
2325000
2278000
2268000
2218000
2165000
2109000
2055000
2003000
1998000
2089000
2086000
3036000
3181000
3192000
3092000
2976000
2869000
2911000
2886000
2816000
2729000
2727000
2659000
2585000
2506000
2433000
2365000
2299000
2235000
2174000
2116000
2078000
2029000
1981000
1934000
1888000
1845000
1803000
1763000
2012000
2037000
2025000
1982000
2005000
1981000
1992000
1963000
1923000
1880000
1837000
1796000
1756000
1718000
1682000
1648000
1615000
1583000
1939000
2135000
2170000
2141000
2260000
2242000
2205000
2150000
2093000
2040000
1989000
1941000
1895000
1851000
1809000
1769000
1731000
1694000
1659000
1626000
1593000
1562000
1532000
1504000
1476000
1454000
1847000
2226000
2304000
2292000
2236000
2175000
2117000
2062000
2010000
1961000
1914000
1869000
1827000
1786000
1747000
1710000
1706000
1678000
1704000
1683000
1656000
1716000
1704000
1682000
1649000
1616000
1584000
1553000
1640000
1637000
1620000
1591000
1560000
1530000
1502000
1474000
1447000
1422000
1397000
1373000
1350000
1328000
1306000
1285000
1265000
1245000
1226000
1208000
1190000
1495000
1551000
1566000
1543000
1514000
1486000
1459000
1433000
1408000
1427000
1413000
1396000
1544000
1559000
1553000
1527000
1499000
1497000
1476000
1453000
1475000
1461000
1442000
1417000
1393000
1369000
1346000
1324000
1302000
1282000
1262000
1242000
1223000
1392000
1470000
1482000
1566000
1563000
1547000
1536000
1512000
1486000
1459000
1433000
1408000
1384000
1360000
1338000
1353000
1340000
1323000
1302000
1281000
1353000
1354000
1360000
1344000
1324000
1372000
1628000
1673000
1676000
1648000
1664000
1708000
1696000
1671000
1639000
1606000
1574000
1544000
1515000
1487000
1460000
1434000
1409000
1384000
1410000
1633000
1919000
1972000
1965000
1924000
1879000
1835000
1794000
1755000
1717000
1681000
1647000
1614000
1880000
4395000
4820000
4877000
4650000
4390000
4158000
3950000
3761000
3590000
3434000
3292000
3160000
3039000
2945000
2844000
2748000
2657000
2571000
2490000
2415000
2344000
2277000
2214000
2154000
2098000
2044000
1993000
1944000
1898000
1854000
1812000
1772000
1734000
1697000
1662000
1634000
1607000
1577000
1548000
1518000
1490000
1463000
1445000
1422000
1412000
1391000
1370000
1347000
1325000
1303000
1283000
1262000
1243000
1224000
1206000
1188000
1170000
1154000
1137000
1121000
1106000
1091000
1076000
1062000
1048000
1035000
1022000
1009000
1015000
1033000
1157000
1178000
1179000
1165000
1148000
1132000
1301000
1391000
1409000
1398000
1784000
1851000
1865000
1904000
2158000
2940000
3077000
3074000
3200000
3134000
3046000
2939000
3383000
3387000
3324000
3203000
3079000
2964000
2857000
2758000
2666000
2665000
3073000
3094000
3489000
4645000
7365000
8265000
10620000
10130000
9308000
8353000
7528000
6855000
6296000
5823000
5418000
5066000
4758000
4486000
4261000
6036000
6110000
5934000
5579000
5211000
4888000
4601000
4347000
4293000
4117000
3939000
4654000
4685000
5110000
4971000
4752000
4494000
4251000
4033000
3837000
3659000
3498000
3810000
4076000
4065000
3935000
4769000
5030000
4935000
4705000
4445000
4207000
3994000
3802000
3793000
3663000
3524000
3378000
3240000
3113000
3869000
3914000
3848000
3690000
3526000
3375000
3237000
3276000
3189000
3089000
2977000
2870000
3484000
3657000
3629000
3505000
3360000
3223000
3098000
3293000
3332000
3264000
3155000
3036000
2951000
2852000
2757000
2665000
2579000
2498000
2423000
3374000
3500000
3490000
3368000
3230000
3104000
3022000
2921000
3314000
3309000
3244000
3128000
3010000
2900000
2798000
2790000
3454000
5404000
5632000
5526000
5205000
4881000
4713000
5749000
6601000
6492000
6146000
5717000
5326000
4986000
4688000
4423000
4188000
3976000
3785000
3612000
3455000
3561000
3491000
3383000
3253000
3322000
3240000
3140000
3025000
2914000
2811000
2715000
2626000
2542000
2463000
2402000
2620000
2613000
2570000
2988000
3029000
3046000
2964000
4271000
4828000
4845000
4655000
4447000
4220000
4012000
4214000
4143000
4001000
3822000
3647000
3486000
3339000
3204000
3080000
3107000
3027000
2935000
2905000
2821000
2734000
2669000
2816000
3698000
5157000
7747000
8558000
8313000
7783000
7562000
7018000
6498000
6183000
5970000
6225000
5953000
5620000
6084000
5859000
5563000
5301000
5435000
5259000
5005000
4722000
4572000
4698000
4540000
4342000
4124000
3919000
3740000
3573000
3419000
3278000
3148000
3028000
3487000
4008000
4170000
4368000
5928000
6235000
6073000
5708000
5325000
4985000
4688000
4938000
6258000
6524000
6310000
7062000
6778000
6495000
6049000
5626000
5250000
4919000
4629000
4371000
4141000
3934000
3747000
3578000
3423000
3281000
3151000
3030000
2919000
2815000
2719000
2629000
2545000
2466000
2392000
2323000
2257000
2195000
2136000
2081000
2028000
1978000
2285000
2314000
2297000
2594000
2751000
2745000
2682000
2598000
2516000
2439000
2367000
2299000
2234000
2173000
2116000
2611000
2670000
2659000
2586000
2505000
2428000
2356000
2289000
2225000
2165000
2108000
2107000
2067000
2023000
1974000
1927000
1881000
1838000
1797000
1757000
1720000
1683000
1649000
1616000
1584000
1613000
1610000
1589000
1562000
1532000
1503000
1476000
1449000
1423000
1399000
1375000
1351000
1329000
1307000
1286000
1266000
1257000
1512000
1556000
1564000
1541000
1512000
1484000
1457000
1431000
1961000
3208000
3452000
3477000
3358000
3221000
3096000
2979000
2877000
2934000
3539000
3989000
4068000
5157000
5782000
5707000
5432000
5093000
4783000
5327000
5201000
4989000
4710000
4444000
4206000
3993000
3934000
7090000
7331000
7137000
6611000
6090000
5650000
6335000
6134000
5832000
5452000
5096000
4784000
4509000
4265000
4264000
4102000
3930000
3749000
3855000
4604000
5176000
5127000
5573000
5388000
5132000
4832000
4552000
4302000
4079000
3879000
3697000
3532000
3381000
3242000
3115000
2997000
2888000
2807000
2716000
2629000
2546000
2467000
2480000
2428000
2782000
2798000
2760000
2677000
2590000
2509000
2497000
2539000
2836000
2842000
2838000
2760000
2674000
2588000
2671000
2628000
2842000
2819000
2761000
2675000
2593000
2512000
2436000
2364000
2296000
2232000
2171000
2113000
2059000
2007000
2031000
2e+06
1961000
1916000
1871000
1828000
1788000
1748000
1711000
1826000
2371000
2551000
2572000
2517000
2442000
2369000
2301000
2236000
2175000
2118000
2063000
2011000
2064000
2065000
2034000
1990000
1942000
1896000
1852000
1810000
1771000
2716000
3757000
3944000
3899000
3737000
3568000
3414000
3273000
3727000
3745000
3665000
3522000
3836000
3793000
3687000
3536000
3385000
3246000
3119000
3001000
2892000
2790000
2695000
2607000
2524000
2447000
2374000
2305000
2241000
2180000
2122000
2067000
2015000
1996000
1956000
1913000
1869000
1827000
2710000
2858000
2884000
2805000
2805000
2735000
2657000
2573000
2493000
2417000
2346000
2279000
2244000
2191000
2136000
2103000
2106000
2068000
2024000
1975000
1927000
1882000
1839000
1798000
2018000
2036000
2021000
2063000
2109000
2246000
2255000
2222000
2168000
2111000
2057000
2005000
1956000
1909000
1865000
1822000
1782000
1883000
1876000
1853000
1814000
2125000
2360000
2652000
2670000
2624000
2546000
2468000
2393000
2324000
2258000
2196000
2137000
2081000
2029000
1979000
1932000
1886000
1843000
1801000
1762000
2132000
2830000
2955000
2947000
2857000
2758000
2666000
2579000
2499000
2423000
2351000
2284000
2220000
2160000
2103000
2049000
2026000
1984000
1940000
1894000
1851000
2006000
2703000
2821000
2824000
2743000
2652000
2566000
2486000
2411000
2340000
2274000
2211000
2151000
2095000
2041000
1990000
1942000
1896000
1852000
1810000
1770000
1732000
1898000
1907000
1890000
1852000
1810000
1770000
1731000
1695000
1660000
1626000
1594000
1563000
1533000
1654000
1660000
1651000
1623000
1591000
1560000
1530000
1502000
1474000
1448000
1422000
1397000
1373000
1350000
1328000
1306000
1285000
1265000
1245000
1226000
1208000
1297000
1304000
1298000
1282000
1263000
1244000
1300000
1353000
1495000
1762000
2073000
3365000
3586000
3605000
3477000
3331000
3196000
3073000
2958000
2852000
2753000
2661000
2575000
2494000
2419000
2347000
2280000
2217000
2157000
2100000
2046000
1995000
1947000
1901000
1856000
1814000
1774000
1736000
1699000
1664000
1630000
1597000
1566000
1536000
2035000
2223000
2261000
2225000
2167000
2110000
2057000
3014000
3163000
3215000
3123000
3010000
2901000
2799000
2704000
2615000
2532000
2454000
2381000
2412000
2583000
2572000
2524000
2452000
2379000
2310000
2245000
2183000
2125000
2076000
2034000
1986000
1939000
1894000
1850000
1808000
2056000
2965000
3263000
3314000
3226000
3214000
3270000
3196000
3096000
2983000
2876000
3172000
5010000
5555000
5528000
5251000
4929000
4637000
4378000
4148000
4024000
3910000
3774000
3618000
3464000
3320000
3186000
3063000
2949000
2844000
2745000
2665000
3028000
3034000
2984000
2886000
2785000
2691000
2603000
2521000
2444000
3111000
3185000
3163000
3060000
2946000
2841000
2743000
2651000
2610000
2539000
2466000
2393000
2324000
2258000
2196000
2565000
2596000
2573000
2503000
2427000
2526000
2507000
2588000
2555000
2780000
2764000
2711000
2628000
2544000
2466000
2427000
2488000
2474000
2423000
2358000
2291000
2227000
2167000
2109000
2055000
2162000
2206000
2184000
2137000
2083000
2030000
2190000
2186000
2156000
2131000
2082000
2033000
1983000
1935000
1889000
1846000
1843000
1811000
1776000
1739000
1735000
1772000
1756000
1728000
2072000
2118000
2115000
2069000
2017000
1968000
1920000
2208000
2235000
2377000
2378000
2392000
2465000
3382000
3782000
3813000
3699000
3540000
3420000
3346000
3230000
3113000
2997000
2888000
2786000
2692000
2604000
2522000
2444000
2371000
2303000
2238000
2240000
2195000
2145000
2090000
2037000
1986000
1938000
1892000
1848000
1807000
1888000
1876000
1849000
1810000
1770000
1732000
1695000
1778000
2037000
2073000
2074000
2032000
1984000
1936000
1948000
1987000
2122000
2120000
2088000
2039000
1988000
2196000
2204000
2180000
2235000
2202000
2158000
2104000
2050000
1998000
1950000
1931000
1893000
1853000
1811000
1771000
1733000
1696000
1661000
1627000
1619000
1593000
1565000
1536000
1639000
1892000
2114000
2394000
2420000
2387000
2324000
2258000
2196000
2137000
2081000
2028000
1978000
2183000
2191000
2167000
2116000
2061000
2009000
1960000
1913000
1869000
1826000
1793000
1756000
1720000
1684000
1649000
1873000
1897000
1888000
1851000
1809000
1769000
1731000
1694000
1659000
1625000
1593000
1562000
1919000
1975000
1980000
1942000
1918000
1879000
1839000
2094000
2451000
2646000
2651000
2593000
2752000
2820000
2781000
2707000
2620000
2536000
2458000
2385000
2315000
2250000
2188000
2130000
2075000
2022000
1972000
1925000
1880000
1837000
2025000
2034000
2015000
1971000
1924000
1879000
1836000
1795000
1755000
1718000
1681000
1647000
1614000
1582000
1551000
1802000
2175000
2249000
2242000
2532000
2614000
2608000
2798000
3247000
6327000
6711000
6602000
6161000
5709000
5319000
5051000
5103000
4890000
4651000
4400000
4166000
3957000
3768000
3597000
3440000
3297000
3165000
3044000
2931000
2827000
2730000
2640000
2665000
3076000
3208000
3224000
3137000
3332000
4885000
6276000
6346000
6088000
6899000
7652000
7391000
8547000
8855000
8348000
7666000
6988000
6407000
5917000
5499000
5137000
4828000
7907000
8006000
7699000
7077000
6481000
5981000
5553000
5184000
4862000
4578000
4326000
4181000
4307000
6123000
6257000
6073000
5685000
5300000
4963000
4667000
4405000
4171000
3962000
3772000
3600000
3444000
3477000
3377000
3710000
3764000
3802000
3684000
3539000
3724000
3826000
5474000
6948000
8110000
7860000
8132000
10200000
9811000
