827500
822700
817600
812600
807600
802700
797800
793000
788300
783600
778900
774400
769800
765400
760900
756600
752200
798600
838800
863000
876200
884400
916400
936500
966800
1113000
1220000
1286000
1322000
1339000
1373000
1393000
1400000
1422000
1435000
1460000
1643000
1889000
2048000
2134000
2171000
2203000
2209000
2197000
2281000
2321000
2370000
2383000
2373000
2350000
2320000
2286000
2251000
2228000
2200000
2169000
2137000
2105000
2072000
2041000
2010000
1980000
1992000
1989000
1975000
1955000
1931000
1906000
1881000
1856000
1835000
1869000
1944000
2006000
2031000
2033000
2021000
2002000
1979000
1954000
1928000
1916000
1899000
1878000
1855000
1832000
1808000
1784000
1788000
1783000
1769000
1752000
1733000
1712000
1692000
1671000
1651000
1630000
1611000
1591000
1572000
1554000
1536000
1518000
1500000
1484000
1467000
1451000
1435000
1419000
1404000
1389000
1375000
1361000
1347000
1456000
1528000
1564000
1579000
1580000
1574000
1562000
1549000
1550000
1595000
1617000
1622000
1617000
1606000
1592000
1576000
1560000
1543000
1525000
1508000
1492000
1475000
1459000
1443000
1427000
1412000
1397000
1382000
1368000
1354000
1340000
1326000
1313000
1300000
1287000
1275000
1263000
1335000
1382000
1438000
1469000
1482000
1482000
1476000
1466000
1454000
1441000
1427000
1412000
1398000
1384000
1369000
1407000
1427000
1433000
1430000
1422000
1411000
1399000
1386000
1373000
1359000
1346000
1333000
1319000
1306000
1294000
1281000
1269000
1257000
1245000
1233000
1222000
1210000
1199000
1188000
1178000
1167000
1157000
1147000
1137000
1127000
1118000
1108000
1099000
1090000
1081000
1072000
1064000
1055000
1047000
1038000
1030000
1022000
1014000
1007000
999000
991500
984100
976700
969600
962500
955500
948600
941800
935100
928500
922000
915600
909300
903000
896900
890800
884800
878900
873100
867400
861700
856100
916200
958100
981800
993800
998500
998500
995800
991300
985800
979700
973200
966600
959800
953100
946400
939700
933100
926600
920100
913800
907500
901300
895100
889100
883100
877200
871400
865700
860100
854500
849000
843500
838200
832900
827600
822500
868500
963700
1030000
1197000
1336000
1424000
1473000
1498000
1506000
1505000
1497000
1486000
1473000
1459000
1445000
1430000
1415000
1401000
1386000
1372000
1358000
1344000
1330000
1317000
1304000
1291000
1279000
1266000
1254000
1242000
1258000
1321000
1358000
1376000
1380000
1378000
1370000
1361000
1355000
1352000
1346000
1336000
1326000
1314000
1302000
1290000
1278000
1265000
1254000
1242000
1238000
1256000
1263000
1263000
1258000
1251000
1242000
1232000
1221000
1211000
1200000
1189000
1179000
1168000
1292000
1570000
1773000
1895000
1959000
1987000
1991000
1982000
1965000
1944000
1920000
1896000
1907000
1904000
1892000
1873000
1852000
1859000
1855000
1841000
1823000
1802000
1781000
1758000
1736000
1714000
1698000
1681000
1663000
1644000
1624000
1608000
1591000
1708000
1783000
1817000
1828000
1835000
1830000
1817000
1799000
1829000
1848000
1849000
1838000
1822000
1803000
1782000
1760000
1741000
1735000
1723000
1707000
1689000
1670000
1650000
1630000
1658000
1670000
1668000
1659000
1645000
1628000
1621000
1762000
1852000
1928000
2083000
2173000
2211000
2218000
2208000
2187000
2160000
2131000
2100000
2069000
2038000
2008000
1978000
1949000
1921000
1893000
1866000
1840000
1815000
1790000
1766000
1742000
1719000
1697000
1686000
1671000
1654000
1636000
1617000
1896000
2094000
2204000
2342000
2818000
3154000
3326000
3391000
3391000
3417000
3522000
3547000
3519000
3464000
3395000
3321000
3246000
3171000
3098000
3028000
2960000
3199000
3409000
3494000
3693000
3781000
3782000
3736000
3666000
3585000
3686000
3708000
3673000
3610000
3534000
3452000
3370000
3289000
3211000
3135000
3062000
3171000
3211000
3198000
3157000
3103000
3043000
2981000
2918000
2857000
2797000
2739000
2683000
2675000
2650000
2614000
2572000
2527000
2483000
2438000
2395000
2352000
2311000
2271000
2233000
2195000
2159000
2124000
2090000
2058000
2026000
1995000
1965000
1936000
1908000
1881000
1854000
1828000
1803000
1779000
1755000
1732000
1709000
1687000
1666000
1645000
1625000
1605000
1585000
1566000
1548000
1530000
1512000
1495000
1478000
1462000
1446000
1430000
1415000
1400000
1385000
1370000
1356000
1342000
1329000
1315000
1302000
1290000
1277000
1279000
1333000
1365000
1378000
1381000
1377000
1369000
1358000
1347000
1335000
1322000
1310000
1297000
1285000
1272000
1260000
1248000
1237000
1225000
1214000
1203000
1192000
1181000
1171000
1160000
1150000
1140000
1130000
1121000
1111000
1102000
1093000
1084000
1075000
1066000
1058000
1049000
1041000
1033000
1025000
1017000
1009000
1001000
993800
986300
979000
971800
964600
957600
950700
943900
937200
930500
924000
917600
911200
905000
898800
892700
886700
880700
874900
869100
863400
857800
852200
846800
841400
836000
830700
825500
820400
815300
810300
805300
833300
856000
868400
873900
875200
873900
870900
867000
862400
857500
852400
847300
842000
836800
831600
826400
821300
834000
848400
855800
858300
860400
859900
857400
853900
849600
845000
840100
835100
830000
825000
819900
814900
809900
805000
800100
795300
790500
785800
781200
776600
772000
767500
763100
768100
770200
769800
767900
765000
761600
757800
753900
749900
745800
741700
737600
733600
729500
725600
732900
736800
737700
736700
734500
731700
728500
725000
721300
717600
713800
710100
745900
806100
846800
870800
883900
889900
891500
918700
935600
943600
945900
944800
981100
1128000
1236000
1302000
1338000
1356000
1361000
1359000
1367000
1516000
1642000
1715000
1750000
1762000
1759000
1749000
1734000
1716000
1697000
1677000
1657000
1637000
1617000
1630000
1656000
1811000
1909000
1957000
1973000
2120000
2226000
2274000
2285000
2276000
2255000
2227000
2196000
2164000
2131000
2098000
2066000
2035000
2026000
2032000
2085000
2164000
2202000
2209000
2197000
2176000
2149000
2287000
2364000
2391000
2531000
2676000
2825000
3013000
3101000
3119000
3165000
3162000
3128000
3079000
3021000
2961000
2900000
2840000
2781000
2809000
2804000
2776000
2735000
2689000
2640000
2591000
2543000
2496000
2450000
2405000
2362000
2320000
2280000
2241000
2217000
2189000
2158000
2138000
2114000
2086000
2057000
2027000
1997000
1968000
1977000
1976000
2224000
2384000
2461000
2487000
2483000
2462000
2446000
2432000
2406000
2373000
2358000
2333000
2301000
2267000
2232000
2196000
2161000
2127000
2093000
2061000
2029000
1998000
1968000
1939000
1911000
1883000
1857000
1831000
1817000
1800000
1780000
1759000
1737000
1717000
1709000
1698000
1683000
1665000
1647000
1628000
1609000
1590000
1571000
1553000
1535000
1517000
1526000
1560000
1576000
1577000
1601000
1610000
1607000
1598000
1585000
1570000
1553000
1537000
1520000
1503000
1486000
1470000
1454000
1438000
1422000
1407000
1392000
1378000
1363000
1349000
1336000
1322000
1332000
1398000
1437000
1455000
1459000
1455000
1446000
1435000
1422000
1409000
1395000
1381000
1367000
1353000
1340000
1326000
1313000
1300000
1288000
1275000
1263000
1251000
1239000
1227000
1216000
1205000
1194000
1183000
1173000
1162000
1152000
1142000
1132000
1123000
1113000
1104000
1095000
1086000
1077000
1068000
1059000
1051000
1043000
1034000
1026000
1018000
1011000
1003000
995300
987800
980500
973200
966100
959100
952100
945300
938500
931900
925300
918900
912500
906200
9e+05
893900
887900
882000
876100
870300
864600
858900
853400
847900
842500
837100
831800
826600
821400
816300
811300
806400
801400
796600
791800
787100
782400
782300
780900
778200
774900
771100
767100
763000
758800
754500
750300
746100
742000
737800
733700
729700
725700
721700
717800
713900
710000
706200
702500
698700
723300
739900
748700
752600
753500
756300
756700
755300
752900
749800
746300
742600
738800
734800
730900
727000
723000
719100
715200
714500
742300
760900
771000
775600
776800
775900
773700
770600
767100
763300
759300
755200
754100
939900
1094000
1197000
1261000
1296000
1314000
1320000
1318000
1313000
1304000
1294000
1284000
1272000
1261000
1249000
1238000
1227000
1215000
1204000
1193000
1183000
1172000
1162000
1152000
1142000
1132000
1122000
1113000
1103000
1094000
1085000
1076000
1068000
1059000
1051000
1042000
1034000
1026000
1018000
1010000
1003000
995000
987500
980200
972900
965800
958700
951800
945000
938200
931600
925100
918600
912200
906000
899800
893700
887600
881700
875800
870000
864300
858700
853100
847600
842200
836900
831600
826400
821200
816100
811100
806100
801200
796400
791600
813500
839100
854000
861200
932100
981800
1010000
1037000
1097000
1240000
1341000
1400000
1465000
1501000
1516000
1519000
1601000
1651000
1672000
1676000
1670000
1658000
1643000
1626000
1609000
1599000
1674000
1718000
1813000
2047000
2521000
2936000
3503000
3847000
4001000
4036000
4003000
3934000
3847000
3754000
3658000
3564000
3472000
3384000
3300000
3642000
3827000
3880000
3859000
3799000
3720000
3633000
3544000
3499000
3437000
3365000
3543000
3634000
3794000
3844000
3822000
3762000
3684000
3599000
3511000
3424000
3340000
3377000
3467000
3495000
3471000
3715000
3904000
3963000
3942000
3880000
3798000
3708000
3615000
3545000
3467000
3386000
3306000
3227000
3151000
3323000
3401000
3405000
3369000
3313000
3247000
3177000
3107000
3038000
2971000
2906000
2844000
2973000
3071000
3097000
3079000
3040000
2988000
2932000
2921000
2919000
2891000
2849000
2799000
2747000
2695000
2643000
2592000
2542000
2494000
2448000
2621000
2717000
2747000
2740000
2712000
2674000
2630000
2584000
2638000
2653000
2638000
2608000
2569000
2527000
2484000
2440000
2538000
2968000
3239000
3364000
3399000
3381000
3335000
3561000
3863000
3998000
4018000
3976000
3902000
3813000
3719000
3624000
3531000
3440000
3353000
3270000
3191000
3115000
3043000
2974000
2907000
2844000
2784000
2726000
2670000
2617000
2565000
2516000
2468000
2423000
2379000
2336000
2295000
2256000
2218000
2228000
2228000
2225000
2209000
2472000
2718000
2848000
2897000
2899000
2873000
2833000
2786000
2741000
2692000
2643000
2593000
2544000
2497000
2450000
2406000
2363000
2321000
2280000
2242000
2204000
2167000
2132000
2106000
2278000
2625000
3212000
3700000
3975000
4103000
4216000
4225000
4171000
4086000
4029000
4099000
4089000
4028000
4108000
4105000
4046000
3961000
3962000
3930000
3861000
3776000
3684000
3660000
3608000
3536000
3457000
3376000
3295000
3216000
3141000
3068000
2998000
2931000
2877000
2958000
3021000
3101000
3494000
3772000
3886000
3899000
3857000
3787000
3703000
3727000
4068000
4299000
4368000
4637000
4731000
4720000
4641000
4528000
4402000
4273000
4145000
4022000
3904000
3792000
3685000
3585000
3489000
3398000
3312000
3230000
3152000
3078000
3007000
2939000
2875000
2813000
2754000
2697000
2642000
2590000
2540000
2491000
2445000
2400000
2357000
2315000
2275000
2238000
2243000
2232000
2210000
2182000
2152000
2120000
2088000
2056000
2025000
1995000
1965000
1996000
2006000
1998000
1982000
1960000
1936000
1910000
1885000
1859000
1834000
1809000
1784000
1761000
1737000
1715000
1693000
1671000
1650000
1630000
1610000
1590000
1571000
1553000
1535000
1517000
1499000
1483000
1466000
1450000
1434000
1419000
1403000
1389000
1374000
1360000
1346000
1332000
1319000
1306000
1293000
1280000
1268000
1287000
1296000
1296000
1292000
1284000
1274000
1264000
1253000
1366000
1646000
1847000
1965000
2026000
2051000
2053000
2041000
2022000
2030000
2167000
2327000
2425000
2694000
2963000
3104000
3154000
3150000
3117000
3247000
3298000
3290000
3250000
3195000
3132000
3067000
3025000
3654000
4062000
4242000
4283000
4244000
4166000
4339000
4387000
4346000
4262000
4158000
4046000
3934000
3824000
3780000
3713000
3631000
3544000
3544000
3771000
4031000
4131000
4324000
4379000
4344000
4263000
4161000
4050000
3939000
3829000
3723000
3622000
3525000
3433000
3345000
3262000
3182000
3107000
3035000
2966000
2900000
2837000
2777000
2719000
2786000
2806000
2792000
2758000
2716000
2669000
2625000
2616000
2707000
2743000
2754000
2737000
2704000
2662000
2669000
2654000
2715000
2732000
2718000
2686000
2645000
2601000
2555000
2509000
2463000
2418000
2375000
2333000
2293000
2253000
2215000
2179000
2143000
2108000
2075000
2043000
2011000
1981000
1952000
1937000
2085000
2199000
2253000
2268000
2261000
2241000
2215000
2185000
2153000
2120000
2088000
2056000
2025000
1995000
1965000
1936000
1908000
1881000
1854000
1828000
1803000
1965000
2247000
2424000
2512000
2544000
2542000
2521000
2490000
2518000
2526000
2511000
2482000
2548000
2575000
2569000
2545000
2511000
2472000
2432000
2390000
2349000
2309000
2269000
2231000
2194000
2158000
2123000
2089000
2057000
2025000
1994000
1964000
1935000
1907000
1880000
1853000
1827000
1802000
1874000
1913000
1925000
1919000
1912000
1897000
1877000
1855000
1832000
1808000
1784000
1761000
1738000
1716000
1694000
1672000
1651000
1631000
1611000
1591000
1572000
1554000
1535000
1518000
1500000
1483000
1467000
1451000
1435000
1451000
1461000
1460000
1453000
1443000
1430000
1417000
1403000
1389000
1375000
1361000
1347000
1334000
1321000
1307000
1295000
1296000
1328000
1390000
1425000
1440000
1443000
1439000
1430000
1419000
1406000
1393000
1380000
1366000
1352000
1339000
1325000
1312000
1299000
1287000
1274000
1262000
1345000
1399000
1426000
1436000
1436000
1430000
1420000
1408000
1396000
1382000
1369000
1355000
1342000
1329000
1315000
1302000
1290000
1277000
1265000
1253000
1241000
1299000
1334000
1351000
1355000
1352000
1345000
1336000
1325000
1313000
1301000
1289000
1277000
1265000
1253000
1241000
1230000
1218000
1207000
1196000
1185000
1175000
1164000
1154000
1144000
1134000
1125000
1115000
1106000
1097000
1087000
1079000
1070000
1061000
1053000
1044000
1036000
1028000
1020000
1012000
1004000
996900
989400
982000
974700
967500
960500
953500
946700
939900
933300
926700
920200
913800
907500
901300
895200
889100
883200
877300
871500
865800
860100
854500
871700
922700
995800
1192000
1338000
1430000
1482000
1508000
1517000
1516000
1509000
1498000
1485000
1471000
1456000
1441000
1426000
1411000
1397000
1382000
1368000
1354000
1340000
1327000
1313000
1300000
1288000
1275000
1263000
1251000
1239000
1228000
1216000
1205000
1194000
1183000
1209000
1240000
1256000
1260000
1259000
1253000
1245000
1392000
1495000
1558000
1590000
1601000
1601000
1593000
1581000
1567000
1551000
1534000
1518000
1506000
1536000
1549000
1549000
1542000
1531000
1518000
1503000
1487000
1472000
1456000
1440000
1425000
1410000
1395000
1380000
1366000
1411000
1600000
1753000
1844000
1890000
1928000
1973000
1990000
1987000
1974000
1954000
2017000
2367000
2655000
2813000
2881000
2895000
2876000
2840000
2795000
2749000
2714000
2678000
2636000
2590000
2543000
2497000
2451000
2407000
2364000
2322000
2282000
2349000
2378000
2375000
2356000
2328000
2295000
2260000
2225000
2189000
2331000
2411000
2438000
2435000
2414000
2385000
2350000
2314000
2277000
2240000
2203000
2167000
2132000
2099000
2066000
2129000
2159000
2161000
2148000
2126000
2141000
2143000
2167000
2171000
2239000
2268000
2268000
2252000
2228000
2198000
2170000
2177000
2176000
2161000
2138000
2110000
2081000
2051000
2021000
1991000
1980000
1981000
1970000
1952000
1930000
1905000
1922000
1924000
1913000
1897000
1877000
1855000
1831000
1808000
1784000
1761000
1738000
1715000
1693000
1672000
1651000
1643000
1631000
1616000
1692000
1736000
1752000
1752000
1743000
1729000
1711000
1742000
1755000
1793000
1813000
1830000
1861000
2078000
2273000
2380000
2426000
2434000
2420000
2395000
2363000
2327000
2291000
2254000
2217000
2181000
2146000
2112000
2078000
2046000
2015000
1984000
1955000
1926000
1898000
1871000
1845000
1819000
1794000
1770000
1747000
1724000
1701000
1680000
1658000
1638000
1617000
1598000
1579000
1560000
1542000
1524000
1506000
1489000
1472000
1456000
1440000
1424000
1432000
1433000
1426000
1416000
1405000
1416000
1419000
1414000
1411000
1403000
1392000
1380000
1368000
1354000
1341000
1328000
1315000
1302000
1289000
1277000
1265000
1253000
1241000
1229000
1218000
1207000
1196000
1185000
1174000
1181000
1215000
1278000
1315000
1332000
1337000
1335000
1329000
1320000
1309000
1298000
1286000
1275000
1263000
1251000
1239000
1228000
1217000
1206000
1195000
1184000
1173000
1163000
1153000
1143000
1133000
1123000
1114000
1104000
1095000
1086000
1077000
1069000
1060000
1051000
1043000
1035000
1027000
1019000
1014000
1009000
1003000
996100
989100
982100
975000
987200
1038000
1088000
1118000
1133000
1156000
1181000
1193000
1196000
1194000
1189000
1181000
1173000
1164000
1154000
1145000
1135000
1126000
1116000
1107000
1098000
1089000
1080000
1071000
1062000
1054000
1046000
1037000
1029000
1021000
1013000
1006000
998000
990500
983100
975800
968700
961600
954600
978500
993600
1e+06
1046000
1085000
1108000
1153000
1237000
1564000
1820000
1981000
2070000
2112000
2123000
2116000
2131000
2127000
2111000
2089000
2062000
2034000
2005000
1976000
1948000
1920000
1893000
1866000
1840000
1814000
1790000
1766000
1742000
1764000
1790000
1805000
1804000
1851000
2122000
2470000
2687000
2796000
3036000
3321000
3464000
3784000
4065000
4176000
4179000
4124000
4039000
3942000
3839000
3737000
3638000
4222000
4561000
4678000
4667000
4589000
4479000
4356000
4229000
4104000
3984000
3868000
3758000
3736000
4203000
4462000
4536000
4507000
4424000
4316000
4199000
4080000
3963000
3850000
3741000
3638000
3540000
3474000
3400000
3477000
3523000
3550000
3525000
3471000
3518000
3571000
4058000
4667000
5260000
5520000
5784000
6508000
6806000
