1158000
1151000
1142000
1132000
1121000
1110000
1099000
1088000
1077000
1066000
1056000
1045000
1035000
1026000
1016000
1006000
997800
1197000
1258000
1295000
1303000
1322000
1409000
1418000
1486000
1944000
2041000
2110000
2116000
2129000
2204000
2199000
2179000
2216000
2214000
2267000
2819000
3337000
3469000
3510000
3502000
3534000
3461000
3379000
3577000
3543000
3615000
3552000
3497000
3407000
3318000
3223000
3130000
3116000
3045000
2977000
2903000
2834000
2764000
2695000
2629000
2567000
2658000
2630000
2600000
2551000
2509000
2457000
2404000
2352000
2382000
2487000
2642000
2715000
2718000
2696000
2659000
2610000
2552000
2493000
2437000
2477000
2443000
2409000
2364000
2324000
2278000
2233000
2271000
2245000
2217000
2179000
2145000
2106000
2067000
2028000
1990000
1954000
1920000
1991000
1980000
1967000
1941000
1918000
1888000
1857000
1825000
1795000
1765000
1737000
1709000
1682000
1656000
1631000
1616000
2184000
2281000
2361000
2360000
2376000
2346000
2303000
2257000
2402000
2546000
2564000
2554000
2529000
2494000
2445000
2393000
2357000
2311000
2266000
2220000
2178000
2230000
2215000
2192000
2158000
2127000
2090000
2051000
2013000
1976000
1940000
1906000
1872000
1841000
1842000
1819000
1900000
2237000
2300000
2461000
2476000
2490000
2458000
2421000
2372000
2322000
2293000
2249000
2207000
2164000
2124000
2087000
2406000
2438000
2462000
2437000
2423000
2383000
2336000
2286000
2238000
2192000
2148000
2106000
2065000
2026000
1989000
1953000
1918000
1884000
1851000
1820000
1790000
1760000
1732000
1705000
1693000
1671000
1659000
1637000
1622000
1600000
1580000
1619000
1616000
1677000
1674000
1671000
1655000
1638000
1617000
1593000
1570000
1548000
1526000
1504000
1484000
1464000
1473000
1460000
1446000
1430000
1415000
1489000
1556000
1570000
1569000
1563000
1551000
1533000
1512000
1491000
1471000
1451000
1432000
1418000
1401000
1385000
1464000
1771000
1835000
1878000
1882000
1887000
1867000
1972000
1968000
1961000
1937000
1918000
1889000
1858000
1827000
1796000
1766000
1738000
1710000
1683000
1657000
1633000
1753000
1760000
1763000
1747000
1735000
1713000
1688000
1662000
1637000
1612000
1588000
1565000
1543000
1522000
1616000
1969000
2378000
2499000
3276000
3515000
3632000
3611000
3585000
3506000
3407000
3302000
3203000
3109000
3021000
2938000
2859000
2785000
2714000
2647000
2583000
2522000
2464000
2408000
2355000
2304000
2256000
2209000
2165000
2123000
2212000
2474000
2747000
2804000
2821000
2804000
2771000
2713000
2650000
2659000
2633000
2591000
2540000
2491000
2440000
2387000
2335000
2285000
2238000
2192000
2148000
2196000
2257000
2250000
2229000
2201000
2169000
2131000
2090000
2050000
2012000
1986000
1952000
1920000
1891000
2357000
3223000
3421000
3526000
3534000
3529000
3451000
3353000
3251000
3154000
3064000
2979000
3029000
2977000
2924000
2858000
2799000
2821000
2772000
2721000
2661000
2607000
2548000
2490000
2433000
2379000
2352000
2309000
2266000
2221000
2179000
2145000
2108000
2431000
2464000
2488000
2463000
2483000
2448000
2406000
2357000
2435000
2431000
2409000
2371000
2336000
2293000
2247000
2201000
2165000
2155000
2122000
2088000
2052000
2017000
1981000
1946000
2036000
2028000
2017000
1990000
1968000
1938000
1940000
2288000
2337000
2452000
2747000
2808000
2821000
2788000
2753000
2696000
2633000
2570000
2510000
2452000
2397000
2345000
2294000
2246000
2200000
2156000
2113000
2072000
2033000
1995000
1959000
1924000
1890000
1858000
1982000
1983000
1981000
1959000
1955000
2743000
2871000
2974000
3206000
4420000
4643000
4738000
4669000
4617000
4676000
4832000
4735000
4613000
4467000
4327000
4170000
4016000
3869000
3733000
3606000
3503000
4328000
4584000
4653000
5032000
5054000
4983000
4822000
4667000
4496000
4840000
4753000
4663000
4511000
4385000
4230000
4074000
3923000
3783000
3653000
3543000
4127000
4140000
4136000
4040000
3972000
3876000
3754000
3631000
3513000
3404000
3388000
3309000
3450000
3403000
3357000
3277000
3205000
3120000
3098000
3026000
2956000
2882000
2813000
2744000
2676000
2610000
2548000
2489000
2432000
2378000
2326000
2277000
2230000
2184000
2140000
2098000
2058000
2019000
1982000
1946000
1915000
2272000
2318000
2354000
2336000
2330000
2295000
2252000
2206000
2161000
2118000
2077000
2038000
2e+06
1963000
1928000
1894000
1861000
1839000
1810000
1783000
1804000
1788000
1770000
1746000
1724000
1698000
1674000
1916000
2128000
2188000
2206000
2207000
2193000
2159000
2119000
2078000
2038000
2e+06
1964000
2011000
2038000
2029000
2008000
1984000
1956000
1924000
1890000
1858000
1826000
1876000
1867000
1854000
1830000
1809000
1819000
1799000
1777000
1752000
1728000
1702000
1681000
1657000
1633000
1609000
1586000
1563000
1541000
1519000
1498000
1477000
1457000
1445000
1428000
1411000
1393000
1376000
1359000
1342000
1326000
1342000
1334000
1325000
1311000
1299000
1285000
1273000
1258000
1244000
1230000
1217000
1203000
1190000
1177000
1164000
1152000
1140000
1128000
1116000
1104000
1093000
1082000
1073000
1403000
1483000
1540000
1551000
1569000
1560000
1543000
1522000
1500000
1480000
1460000
1440000
1421000
1403000
1384000
1367000
1402000
1572000
1632000
1657000
1659000
1686000
1677000
1661000
1638000
1617000
1594000
1571000
1548000
1526000
1505000
1484000
1464000
1444000
1425000
1407000
1466000
1466000
1488000
1480000
1474000
1459000
1443000
1477000
1517000
1519000
1512000
1501000
1488000
1470000
1450000
1431000
1412000
1405000
1390000
1374000
1358000
1342000
1326000
1408000
1413000
1416000
1406000
1399000
1384000
1368000
1351000
1334000
1318000
1302000
1287000
1482000
1670000
1727000
1752000
1761000
1758000
1739000
1839000
1839000
1835000
1815000
1800000
1944000
2507000
2625000
2697000
2698000
2701000
2657000
2601000
2607000
3149000
3314000
3371000
3347000
3322000
3255000
3170000
3080000
2994000
2912000
2834000
2761000
2691000
2627000
2708000
2758000
3234000
3286000
3318000
3281000
3721000
3788000
3782000
3706000
3641000
3545000
3440000
3333000
3232000
3137000
3047000
2962000
2883000
2905000
2912000
3033000
3167000
3171000
3139000
3086000
3024000
2954000
3326000
3332000
3335000
3645000
3857000
4083000
4377000
4384000
4334000
4388000
4299000
4181000
4041000
3911000
3778000
3671000
3553000
3447000
3550000
3488000
3424000
3336000
3258000
3169000
3081000
2994000
2912000
2835000
2762000
2692000
2626000
2563000
2504000
2533000
2496000
2458000
2442000
2405000
2362000
2315000
2270000
2224000
2202000
2249000
2242000
2829000
2912000
2978000
2953000
2944000
2888000
2896000
2864000
2812000
2752000
2745000
2695000
2642000
2583000
2528000
2471000
2416000
2363000
2312000
2263000
2216000
2171000
2128000
2087000
2047000
2009000
1972000
1937000
2075000
2077000
2076000
2051000
2070000
2051000
2054000
2029000
2004000
1972000
1941000
1908000
1875000
1843000
1812000
1781000
1752000
1726000
1933000
2042000
2075000
2076000
2168000
2167000
2152000
2119000
2090000
2053000
2016000
1979000
1943000
1908000
1875000
1843000
1812000
1782000
1753000
1724000
1697000
1671000
1645000
1620000
1596000
1574000
1812000
2030000
2093000
2116000
2120000
2109000
2079000
2042000
2003000
1967000
1931000
1897000
1864000
1832000
1802000
1772000
1751000
1725000
1726000
1705000
1686000
1713000
1701000
1686000
1665000
1645000
1622000
1599000
1637000
1627000
1616000
1597000
1581000
1560000
1538000
1517000
1496000
1475000
1455000
1436000
1417000
1398000
1380000
1363000
1346000
1329000
1313000
1297000
1283000
1459000
1486000
1507000
1503000
1504000
1490000
1472000
1452000
1433000
1433000
1419000
1406000
1494000
1501000
1504000
1492000
1484000
1475000
1458000
1441000
1443000
1429000
1415000
1399000
1383000
1366000
1349000
1333000
1316000
1300000
1285000
1270000
1255000
1348000
1388000
1401000
1456000
1465000
1466000
1457000
1446000
1430000
1412000
1394000
1377000
1359000
1342000
1326000
1323000
1310000
1297000
1282000
1269000
1301000
1296000
1297000
1287000
1278000
1302000
1445000
1470000
1485000
1482000
1499000
1525000
1518000
1506000
1491000
1475000
1457000
1438000
1419000
1400000
1382000
1365000
1348000
1331000
1333000
1455000
1608000
1647000
1665000
1667000
1662000
1644000
1621000
1597000
1573000
1550000
1528000
1508000
1649000
2819000
3049000
3223000
3241000
3280000
3226000
3146000
3056000
2971000
2890000
2814000
2742000
2673000
2608000
2546000
2487000
2430000
2376000
2324000
2275000
2228000
2182000
2139000
2097000
2057000
2018000
1981000
1945000
1910000
1877000
1845000
1813000
1783000
1754000
1726000
1699000
1672000
1647000
1622000
1598000
1574000
1551000
1529000
1508000
1496000
1478000
1460000
1441000
1423000
1405000
1387000
1369000
1352000
1335000
1319000
1303000
1287000
1272000
1257000
1243000
1229000
1215000
1201000
1188000
1175000
1162000
1150000
1138000
1132000
1140000
1219000
1231000
1237000
1233000
1229000
1219000
1325000
1377000
1395000
1397000
1641000
1684000
1715000
1751000
1924000
2349000
2439000
2492000
2606000
2623000
2603000
2560000
2802000
2804000
2797000
2751000
2714000
2658000
2597000
2535000
2477000
2468000
2686000
2695000
2938000
3564000
4885000
5448000
6727000
6827000
6838000
6602000
6366000
6047000
5731000
5433000
5166000
4924000
4704000
4503000
4341000
5307000
5323000
5313000
5161000
5050000
4862000
4663000
4468000
4393000
4243000
4111000
4521000
4521000
4800000
4728000
4664000
4520000
4381000
4219000
4062000
3912000
3777000
3937000
4067000
4055000
3990000
4519000
4678000
4667000
4561000
4457000
4318000
4162000
4009000
3955000
3836000
3722000
3604000
3497000
3398000
3834000
3830000
3814000
3728000
3663000
3561000
3454000
3431000
3344000
3261000
3172000
3096000
3454000
3535000
3537000
3479000
3426000
3345000
3254000
3339000
3336000
3287000
3216000
3147000
3077000
2997000
2917000
2840000
2767000
2697000
2637000
3190000
3243000
3281000
3235000
3209000
3138000
3061000
2979000
3198000
3177000
3151000
3086000
3034000
2961000
2885000
2848000
3237000
4278000
4449000
4529000
4479000
4430000
4353000
4911000
5340000
5350000
5259000
5130000
4971000
4774000
4573000
4383000
4209000
4048000
3899000
3761000
3634000
3652000
3575000
3492000
3397000
3416000
3342000
3266000
3178000
3098000
3015000
2933000
2855000
2780000
2710000
2645000
2763000
2738000
2712000
2956000
2981000
3009000
2976000
3752000
4061000
4148000
4112000
4069000
3975000
3853000
3923000
3854000
3769000
3662000
3565000
3459000
3354000
3252000
3156000
3127000
3053000
2982000
2946000
2883000
2818000
2759000
2845000
3362000
4184000
5541000
6105000
6269000
6263000
6361000
6162000
5910000
5710000
5583000
5699000
5524000
5355000
5596000
5468000
5313000
5137000
5223000
5093000
4932000
4745000
4622000
4665000
4534000
4399000
4247000
4109000
3964000
3824000
3691000
3567000
3451000
3348000
3593000
3881000
3985000
4150000
5084000
5311000
5337000
5219000
5101000
4919000
4721000
4834000
5542000
5689000
5659000
6159000
6095000
6009000
5770000
5557000
5307000
5066000
4836000
4624000
4430000
4252000
4087000
3936000
3795000
3664000
3541000
3427000
3320000
3220000
3125000
3036000
2952000
2873000
2797000
2726000
2658000
2594000
2532000
2474000
2418000
2367000
2545000
2541000
2534000
2727000
2837000
2845000
2815000
2777000
2726000
2665000
2601000
2539000
2480000
2424000
2374000
2661000
2677000
2685000
2649000
2623000
2572000
2516000
2458000
2403000
2350000
2300000
2273000
2231000
2190000
2148000
2108000
2069000
2030000
1992000
1956000
1921000
1887000
1854000
1823000
1793000
1796000
1782000
1762000
1738000
1715000
1690000
1665000
1640000
1615000
1591000
1568000
1545000
1523000
1502000
1481000
1461000
1443000
1608000
1629000
1644000
1635000
1632000
1614000
1593000
1571000
1906000
2602000
2768000
2866000
2885000
2894000
2846000
2780000
2711000
2735000
3065000
3306000
3393000
4008000
4388000
4462000
4418000
4341000
4235000
4526000
4449000
4365000
4230000
4117000
3979000
3842000
3810000
5441000
5596000
5692000
5554000
5473000
5281000
5638000
5494000
5350000
5143000
4971000
4769000
4570000
4383000
4340000
4202000
4070000
3934000
3989000
4422000
4745000
4758000
5077000
5032000
4947000
4779000
4620000
4441000
4267000
4102000
3949000
3807000
3675000
3552000
3437000
3330000
3229000
3134000
3044000
2960000
2880000
2805000
2788000
2733000
2956000
2948000
2936000
2883000
2840000
2777000
2747000
2757000
2935000
2928000
2937000
2894000
2852000
2790000
2831000
2786000
2917000
2891000
2865000
2810000
2759000
2696000
2632000
2569000
2509000
2451000
2396000
2344000
2293000
2246000
2242000
2206000
2170000
2131000
2094000
2055000
2017000
1980000
1945000
2010000
2351000
2459000
2502000
2497000
2488000
2452000
2404000
2352000
2301000
2253000
2206000
2162000
2172000
2159000
2132000
2099000
2066000
2031000
1994000
1958000
1928000
2484000
3049000
3203000
3263000
3272000
3250000
3179000
3096000
3313000
3305000
3277000
3213000
3410000
3387000
3344000
3267000
3199000
3116000
3031000
2947000
2868000
2793000
2722000
2654000
2590000
2529000
2470000
2415000
2361000
2310000
2261000
2215000
2170000
2129000
2088000
2048000
2010000
1979000
2491000
2565000
2624000
2608000
2656000
2623000
2578000
2521000
2469000
2415000
2362000
2311000
2267000
2221000
2177000
2134000
2126000
2092000
2059000
2023000
1990000
1955000
1920000
1887000
2005000
2005000
2001000
2021000
2057000
2141000
2148000
2138000
2114000
2087000
2052000
2015000
1978000
1943000
1908000
1875000
1843000
1884000
1869000
1853000
1829000
2009000
2140000
2317000
2345000
2359000
2342000
2315000
2273000
2228000
2182000
2139000
2097000
2057000
2018000
1981000
1945000
1910000
1877000
1844000
1814000
2022000
2404000
2488000
2530000
2529000
2520000
2478000
2427000
2373000
2322000
2272000
2225000
2180000
2137000
2095000
2055000
2021000
1985000
1950000
1916000
1883000
1963000
2352000
2420000
2462000
2453000
2447000
2408000
2360000
2309000
2261000
2214000
2169000
2126000
2085000
2045000
2007000
1970000
1934000
1900000
1867000
1835000
1805000
1886000
1880000
1872000
1849000
1830000
1804000
1775000
1747000
1719000
1692000
1665000
1640000
1616000
1680000
1676000
1672000
1654000
1640000
1619000
1596000
1573000
1550000
1528000
1507000
1486000
1466000
1446000
1427000
1408000
1390000
1372000
1355000
1338000
1322000
1368000
1366000
1362000
1350000
1341000
1326000
1358000
1388000
1478000
1642000
1840000
2542000
2694000
2801000
2808000
2817000
2770000
2709000
2642000
2578000
2517000
2459000
2404000
2351000
2301000
2252000
2206000
2161000
2119000
2078000
2038000
2e+06
1963000
1928000
1894000
1861000
1830000
1799000
1769000
1741000
1713000
1686000
1660000
1636000
1926000
2027000
2072000
2072000
2073000
2052000
2025000
2554000
2629000
2708000
2693000
2695000
2651000
2596000
2536000
2477000
2421000
2367000
2317000
2321000
2410000
2399000
2378000
2343000
2309000
2266000
2221000
2175000
2132000
2091000
2054000
2017000
1980000
1945000
1910000
1878000
2030000
2545000
2721000
2806000
2816000
2878000
2933000
2899000
2847000
2788000
2731000
2907000
3857000
4159000
4267000
4243000
4211000
4106000
3972000
3831000
3737000
3654000
3562000
3460000
3361000
3265000
3171000
3080000
2994000
2912000
2835000
2764000
2969000
2954000
2935000
2880000
2835000
2772000
2705000
2639000
2579000
2965000
2991000
3007000
2963000
2933000
2871000
2802000
2730000
2680000
2619000
2560000
2501000
2446000
2392000
2343000
2555000
2558000
2556000
2518000
2491000
2548000
2527000
2574000
2550000
2697000
2685000
2669000
2622000
2581000
2527000
2490000
2516000
2496000
2461000
2418000
2375000
2328000
2280000
2233000
2188000
2238000
2252000
2235000
2205000
2175000
2140000
2225000
2210000
2193000
2173000
2147000
2112000
2074000
2037000
1999000
1963000
1944000
1914000
1884000
1853000
1840000
1857000
1840000
1821000
2028000
2051000
2065000
2046000
2034000
2005000
1972000
2131000
2137000
2231000
2237000
2271000
2326000
2847000
3069000
3144000
3140000
3125000
3075000
3035000
2961000
2888000
2815000
2747000
2679000
2614000
2552000
2492000
2435000
2381000
2329000
2280000
2252000
2210000
2170000
2128000
2089000
2050000
2012000
1975000
1939000
1905000
1934000
1915000
1895000
1868000
1843000
1814000
1785000
1817000
1965000
1982000
1989000
1975000
1960000
1932000
1923000
1938000
2013000
2010000
2e+06
1977000
1954000
2066000
2062000
2054000
2080000
2069000
2046000
2014000
1983000
1949000
1915000
1885000
1854000
1823000
1793000
1764000
1736000
1708000
1681000
1655000
1641000
1619000
1598000
1576000
1631000
1777000
1908000
2080000
2119000
2137000
2126000
2106000
2072000
2035000
1997000
1961000
1926000
2023000
2017000
2008000
1982000
1961000
1931000
1898000
1865000
1834000
1803000
1773000
1744000
1716000
1689000
1664000
1785000
1790000
1793000
1776000
1763000
1740000
1714000
1687000
1661000
1636000
1612000
1589000
1784000
1807000
1825000
1813000
1808000
1786000
1760000
1896000
2086000
2201000
2229000
2235000
2339000
2386000
2377000
2347000
2315000
2276000
2232000
2187000
2143000
2101000
2061000
2022000
1984000
1948000
1914000
1880000
1848000
1817000
1916000
1913000
1907000
1885000
1867000
1840000
1811000
1780000
1751000
1723000
1696000
1670000
1644000
1619000
1596000
1733000
1941000
1991000
2013000
2204000
2273000
2294000
2416000
2691000
4153000
4413000
4580000
4544000
4529000
4400000
4262000
4278000
4158000
4041000
3910000
3792000
3668000
3548000
3433000
3326000
3225000
3130000
3041000
2956000
2877000
2801000
2730000
2712000
2941000
3006000
3033000
3001000
3158000
4026000
4761000
4911000
4943000
5524000
6013000
5999000
6690000
6970000
6884000
6639000
6376000
6082000
5772000
5475000
5204000
4995000
6649000
6693000
6694000
6450000
6287000
5999000
5698000
5404000
5139000
4899000
4682000
4522000
4573000
5616000
5682000
5672000
5512000
5380000
5167000
4941000
4720000
4518000
4332000
4162000
4004000
3860000
3831000
3728000
3921000
3928000
3959000
3880000
3804000
3917000
3980000
4973000
5809000
6564000
6603000
7018000
8247000
8235000
