833900
829600
824900
820300
815700
811200
806700
802300
797900
793600
789300
785100
780900
776700
772600
768600
778100
882900
917000
918800
915600
927600
972400
986500
1062000
1316000
1363000
1358000
1348000
1347000
1383000
1384000
1386000
1410000
1424000
1538000
1870000
2121000
2135000
2109000
2093000
2098000
2073000
2108000
2219000
2238000
2262000
2237000
2204000
2171000
2140000
2109000
2084000
2073000
2047000
2019000
1991000
1965000
1938000
1913000
1888000
1881000
1921000
1906000
1882000
1859000
1835000
1812000
1790000
1771000
1781000
1874000
1977000
2008000
1989000
1963000
1937000
1912000
1887000
1863000
1846000
1846000
1827000
1805000
1783000
1761000
1740000
1732000
1755000
1741000
1722000
1702000
1682000
1663000
1644000
1626000
1608000
1590000
1573000
1556000
1540000
1524000
1508000
1493000
1478000
1463000
1448000
1434000
1420000
1406000
1393000
1380000
1367000
1354000
1411000
1601000
1624000
1612000
1595000
1578000
1561000
1545000
1538000
1574000
1640000
1637000
1620000
1603000
1585000
1568000
1552000
1535000
1519000
1504000
1488000
1473000
1459000
1444000
1430000
1416000
1403000
1389000
1376000
1363000
1351000
1338000
1326000
1314000
1302000
1291000
1280000
1308000
1443000
1479000
1524000
1519000
1505000
1490000
1475000
1460000
1445000
1431000
1417000
1404000
1390000
1377000
1394000
1461000
1463000
1450000
1436000
1422000
1409000
1395000
1382000
1369000
1356000
1344000
1332000
1320000
1308000
1296000
1285000
1274000
1263000
1252000
1241000
1231000
1220000
1210000
1200000
1190000
1181000
1171000
1162000
1153000
1144000
1135000
1126000
1118000
1109000
1101000
1093000
1084000
1076000
1069000
1061000
1053000
1046000
1038000
1031000
1024000
1017000
1010000
1003000
995800
989100
982400
975900
969400
963000
956700
950500
944400
938300
932300
926400
920600
914800
909100
903500
898000
892500
918200
1033000
1054000
1051000
1045000
1038000
1030000
1023000
1016000
1009000
1002000
995400
988700
982100
975500
969000
962700
956400
950100
944000
938000
932000
926100
920200
914500
908800
903200
897700
892200
886800
881400
876100
870900
865800
860700
855600
871800
992100
1131000
1216000
1472000
1543000
1541000
1527000
1512000
1496000
1481000
1466000
1452000
1437000
1423000
1410000
1396000
1383000
1370000
1357000
1345000
1332000
1320000
1308000
1297000
1285000
1274000
1263000
1252000
1242000
1241000
1302000
1398000
1406000
1395000
1382000
1369000
1357000
1346000
1345000
1345000
1334000
1323000
1311000
1299000
1288000
1276000
1265000
1254000
1244000
1236000
1247000
1281000
1279000
1269000
1258000
1247000
1237000
1226000
1216000
1206000
1196000
1187000
1177000
1227000
1565000
1962000
2016000
1998000
1973000
1947000
1921000
1896000
1872000
1848000
1825000
1818000
1852000
1838000
1816000
1794000
1785000
1810000
1795000
1774000
1753000
1732000
1712000
1692000
1673000
1657000
1648000
1631000
1614000
1596000
1580000
1568000
1620000
1822000
1840000
1822000
1805000
1801000
1782000
1761000
1763000
1824000
1827000
1808000
1786000
1765000
1744000
1723000
1704000
1696000
1699000
1683000
1664000
1646000
1627000
1609000
1616000
1672000
1667000
1649000
1631000
1613000
1601000
1673000
1911000
1947000
2052000
2215000
2213000
2183000
2151000
2120000
2090000
2060000
2031000
2003000
1976000
1950000
1924000
1899000
1874000
1851000
1827000
1805000
1783000
1761000
1740000
1720000
1700000
1680000
1666000
1664000
1648000
1630000
1612000
1765000
2248000
2312000
2346000
2701000
3326000
3379000
3312000
3240000
3214000
3315000
3391000
3333000
3260000
3188000
3120000
3054000
2991000
2931000
2873000
2817000
2947000
3381000
3467000
3549000
3704000
3653000
3566000
3481000
3399000
3463000
3597000
3539000
3456000
3376000
3299000
3226000
3156000
3089000
3024000
2963000
3002000
3196000
3163000
3098000
3034000
2971000
2912000
2855000
2800000
2747000
2696000
2647000
2626000
2645000
2607000
2562000
2518000
2475000
2434000
2394000
2355000
2317000
2281000
2246000
2212000
2179000
2146000
2115000
2085000
2056000
2027000
1999000
1972000
1946000
1920000
1895000
1871000
1847000
1824000
1801000
1779000
1758000
1738000
1717000
1698000
1678000
1659000
1640000
1622000
1604000
1587000
1570000
1553000
1537000
1521000
1505000
1490000
1474000
1460000
1445000
1431000
1417000
1404000
1390000
1377000
1364000
1352000
1339000
1332000
1383000
1470000
1475000
1463000
1449000
1435000
1421000
1407000
1394000
1380000
1368000
1355000
1342000
1330000
1318000
1306000
1295000
1283000
1272000
1261000
1250000
1240000
1229000
1219000
1209000
1199000
1189000
1180000
1170000
1161000
1152000
1143000
1134000
1125000
1117000
1108000
1100000
1092000
1084000
1076000
1068000
1060000
1052000
1045000
1037000
1030000
1023000
1016000
1009000
1002000
995000
988300
981700
975100
968700
962300
956000
949800
943600
937600
931600
925700
919900
914200
908500
902900
897300
891900
886400
881100
875800
870600
865500
860400
868500
930700
947800
946000
940700
934900
929000
923200
917400
911700
906000
900400
894900
889500
884100
878800
873500
874500
907700
922500
920800
917200
916500
911900
906400
900900
895400
889900
884500
879200
874000
868800
863600
858600
853600
848600
843700
838900
834100
829400
824700
820100
815500
811000
809000
823600
823200
819300
814900
810400
806000
801500
797200
792900
788600
784400
780200
776000
771900
771000
789300
790200
786800
782800
778700
774600
770500
766500
762500
758500
754600
761600
850800
936300
950300
947700
942300
936500
944000
987800
992300
987500
981200
992200
1103000
1358000
1405000
1401000
1389000
1376000
1363000
1356000
1454000
1700000
1774000
1767000
1747000
1727000
1707000
1687000
1668000
1649000
1631000
1613000
1595000
1578000
1577000
1621000
1719000
1952000
1971000
1949000
2007000
2219000
2250000
2223000
2191000
2158000
2127000
2096000
2067000
2038000
2010000
1982000
1956000
1939000
1956000
1995000
2112000
2179000
2165000
2135000
2104000
2074000
2154000
2355000
2357000
2412000
2616000
2751000
2901000
3043000
3007000
2979000
3012000
2964000
2905000
2849000
2794000
2741000
2690000
2641000
2641000
2710000
2678000
2631000
2584000
2539000
2495000
2453000
2413000
2373000
2335000
2298000
2263000
2228000
2194000
2171000
2158000
2129000
2108000
2094000
2067000
2039000
2011000
1983000
1957000
1946000
1984000
2145000
2517000
2545000
2508000
2466000
2425000
2395000
2385000
2366000
2331000
2308000
2299000
2268000
2233000
2199000
2167000
2135000
2104000
2074000
2045000
2017000
1989000
1962000
1936000
1911000
1886000
1862000
1839000
1821000
1819000
1800000
1778000
1757000
1736000
1724000
1727000
1712000
1693000
1674000
1655000
1636000
1618000
1600000
1583000
1566000
1549000
1548000
1593000
1639000
1631000
1631000
1664000
1654000
1636000
1618000
1600000
1583000
1566000
1550000
1533000
1517000
1502000
1486000
1471000
1457000
1442000
1428000
1414000
1401000
1387000
1374000
1362000
1360000
1428000
1525000
1530000
1517000
1502000
1487000
1472000
1457000
1443000
1429000
1415000
1401000
1388000
1375000
1362000
1349000
1337000
1325000
1313000
1301000
1290000
1279000
1268000
1257000
1246000
1235000
1225000
1215000
1205000
1195000
1185000
1176000
1166000
1157000
1148000
1139000
1130000
1122000
1113000
1105000
1096000
1088000
1080000
1072000
1064000
1057000
1049000
1042000
1034000
1027000
1020000
1013000
1006000
998900
992100
985500
978900
972300
965900
959600
953300
947200
941100
935000
929100
923200
917400
911700
906100
900500
895000
889500
884200
878800
873600
868400
863300
858200
853200
848300
843400
838500
833800
829000
825700
831400
829000
824700
820200
815600
811100
806600
802200
797800
793500
789200
785000
780800
776700
772600
768500
764500
760500
756600
752700
748800
745000
749300
802700
811800
809700
805700
802500
805500
802800
798700
794400
790100
785900
781700
777500
773400
769400
765300
761400
757400
754500
765200
821700
831200
828900
824800
820300
815800
811300
806800
802400
798000
793700
790300
868200
1265000
1364000
1370000
1361000
1349000
1337000
1324000
1313000
1301000
1289000
1278000
1267000
1256000
1245000
1235000
1225000
1214000
1204000
1194000
1185000
1175000
1166000
1157000
1148000
1139000
1130000
1121000
1113000
1104000
1096000
1088000
1080000
1072000
1064000
1056000
1049000
1041000
1034000
1027000
1020000
1012000
1005000
998600
991800
985200
978600
972100
965600
959300
953000
946900
940800
934800
928800
923000
917200
911500
905800
900200
894700
889300
883900
878600
873400
868200
863100
858000
853000
848000
843200
838300
833500
828800
824200
819500
821700
873900
903000
904300
932700
1051000
1073000
1074000
1105000
1231000
1437000
1469000
1481000
1520000
1515000
1500000
1532000
1652000
1659000
1644000
1626000
1608000
1591000
1574000
1557000
1545000
1586000
1708000
1749000
1962000
2462000
3068000
3504000
3881000
3842000
3746000
3652000
3562000
3477000
3396000
3318000
3244000
3173000
3105000
3040000
3270000
3729000
3713000
3625000
3537000
3453000
3372000
3296000
3257000
3232000
3168000
3284000
3530000
3621000
3722000
3654000
3565000
3480000
3398000
3321000
3246000
3175000
3187000
3347000
3418000
3372000
3526000
3858000
3907000
3819000
3722000
3629000
3540000
3456000
3392000
3339000
3267000
3195000
3127000
3061000
3168000
3424000
3391000
3317000
3243000
3172000
3104000
3039000
2977000
2917000
2860000
2804000
2851000
3100000
3138000
3083000
3020000
2958000
2899000
2867000
2896000
2890000
2840000
2785000
2733000
2683000
2634000
2587000
2542000
2498000
2456000
2549000
2835000
2832000
2781000
2730000
2680000
2631000
2584000
2599000
2700000
2673000
2626000
2580000
2535000
2491000
2449000
2498000
2941000
3508000
3518000
3441000
3362000
3286000
3444000
3857000
4068000
3993000
3888000
3786000
3690000
3598000
3511000
3428000
3349000
3273000
3201000
3132000
3066000
3002000
2942000
2883000
2827000
2773000
2721000
2671000
2623000
2576000
2532000
2488000
2446000
2406000
2367000
2329000
2292000
2257000
2258000
2296000
2289000
2276000
2436000
2894000
3047000
3009000
2950000
2892000
2835000
2781000
2732000
2690000
2643000
2595000
2550000
2506000
2464000
2423000
2383000
2345000
2307000
2271000
2236000
2203000
2170000
2145000
2270000
2670000
3437000
4072000
4223000
4162000
4139000
4149000
4048000
3939000
3863000
3915000
4006000
3922000
3932000
4036000
3953000
3849000
3817000
3847000
3780000
3686000
3595000
3561000
3559000
3484000
3403000
3325000
3251000
3179000
3111000
3046000
2983000
2923000
2872000
2904000
3075000
3145000
3505000
3981000
4024000
3929000
3826000
3728000
3634000
3630000
3935000
4385000
4417000
4477000
4744000
4651000
4529000
4394000
4264000
4142000
4027000
3918000
3814000
3717000
3624000
3535000
3451000
3371000
3294000
3221000
3151000
3084000
3020000
2958000
2899000
2843000
2788000
2736000
2685000
2636000
2589000
2544000
2500000
2458000
2417000
2378000
2339000
2306000
2307000
2330000
2303000
2268000
2233000
2199000
2167000
2135000
2104000
2074000
2045000
2050000
2118000
2104000
2075000
2046000
2018000
1990000
1964000
1937000
1912000
1887000
1863000
1840000
1817000
1794000
1773000
1751000
1730000
1710000
1690000
1671000
1652000
1634000
1615000
1598000
1580000
1564000
1547000
1531000
1515000
1499000
1484000
1469000
1454000
1440000
1426000
1412000
1399000
1385000
1372000
1360000
1347000
1350000
1394000
1392000
1380000
1367000
1355000
1342000
1330000
1390000
1713000
2141000
2192000
2169000
2138000
2108000
2078000
2049000
2032000
2156000
2399000
2530000
2667000
3056000
3218000
3176000
3110000
3045000
3094000
3271000
3233000
3165000
3097000
3033000
2971000
2923000
3407000
4303000
4326000
4209000
4090000
3978000
4045000
4275000
4195000
4078000
3967000
3861000
3761000
3666000
3620000
3604000
3526000
3443000
3431000
3651000
4020000
4176000
4212000
4352000
4257000
4136000
4021000
3913000
3810000
3712000
3619000
3531000
3447000
3367000
3291000
3218000
3148000
3081000
3017000
2955000
2897000
2840000
2785000
2733000
2751000
2883000
2853000
2800000
2748000
2697000
2650000
2631000
2706000
2840000
2820000
2791000
2742000
2691000
2673000
2701000
2716000
2806000
2773000
2722000
2673000
2624000
2578000
2533000
2490000
2448000
2407000
2368000
2330000
2293000
2258000
2223000
2190000
2157000
2126000
2095000
2066000
2037000
2009000
1987000
2096000
2350000
2396000
2367000
2331000
2294000
2259000
2224000
2191000
2158000
2127000
2096000
2066000
2037000
2009000
1982000
1955000
1929000
1904000
1880000
1856000
1940000
2356000
2668000
2674000
2630000
2584000
2539000
2496000
2494000
2549000
2531000
2490000
2511000
2617000
2598000
2555000
2511000
2468000
2427000
2387000
2349000
2312000
2275000
2240000
2206000
2173000
2141000
2110000
2080000
2051000
2023000
1995000
1968000
1942000
1916000
1891000
1867000
1843000
1864000
2009000
2010000
1985000
1962000
1947000
1923000
1898000
1874000
1850000
1827000
1804000
1782000
1760000
1739000
1719000
1699000
1679000
1660000
1642000
1623000
1605000
1588000
1571000
1554000
1538000
1522000
1506000
1491000
1495000
1535000
1535000
1521000
1505000
1490000
1475000
1460000
1446000
1432000
1418000
1404000
1391000
1378000
1365000
1352000
1344000
1380000
1459000
1531000
1531000
1517000
1502000
1486000
1471000
1457000
1442000
1428000
1414000
1401000
1388000
1374000
1362000
1349000
1337000
1325000
1313000
1352000
1506000
1524000
1513000
1498000
1483000
1468000
1453000
1439000
1425000
1411000
1398000
1384000
1371000
1359000
1346000
1334000
1322000
1310000
1298000
1287000
1307000
1420000
1431000
1421000
1408000
1394000
1381000
1368000
1355000
1343000
1331000
1319000
1307000
1295000
1284000
1273000
1262000
1251000
1240000
1230000
1220000
1210000
1200000
1190000
1180000
1171000
1161000
1152000
1143000
1134000
1126000
1117000
1109000
1100000
1092000
1084000
1076000
1068000
1060000
1053000
1045000
1038000
1030000
1023000
1016000
1009000
1002000
995300
988600
982000
975400
969000
962600
956300
950100
943900
937900
931900
926000
920200
914400
908700
903100
909300
964200
1060000
1228000
1536000
1589000
1582000
1567000
1550000
1534000
1518000
1503000
1487000
1472000
1458000
1443000
1429000
1415000
1402000
1388000
1375000
1362000
1350000
1337000
1325000
1313000
1302000
1290000
1279000
1268000
1257000
1246000
1236000
1225000
1215000
1205000
1208000
1269000
1304000
1300000
1290000
1279000
1268000
1338000
1598000
1642000
1640000
1625000
1607000
1590000
1573000
1556000
1540000
1524000
1508000
1495000
1511000
1563000
1559000
1544000
1528000
1513000
1497000
1482000
1467000
1452000
1438000
1424000
1410000
1397000
1384000
1371000
1391000
1560000
1857000
1937000
1931000
1918000
1942000
1973000
1956000
1931000
1906000
1916000
2245000
2759000
2881000
2846000
2793000
2740000
2690000
2641000
2596000
2563000
2542000
2509000
2467000
2426000
2387000
2348000
2311000
2275000
2240000
2206000
2245000
2353000
2338000
2304000
2268000
2233000
2200000
2167000
2135000
2227000
2438000
2439000
2402000
2364000
2326000
2290000
2254000
2220000
2186000
2154000
2123000
2092000
2063000
2034000
2061000
2174000
2166000
2136000
2106000
2103000
2134000
2146000
2168000
2205000
2283000
2265000
2232000
2199000
2166000
2137000
2138000
2162000
2148000
2119000
2089000
2059000
2031000
2003000
1976000
1957000
1968000
1976000
1955000
1929000
1904000
1897000
1941000
1927000
1904000
1883000
1859000
1836000
1813000
1791000
1769000
1748000
1727000
1707000
1687000
1668000
1656000
1657000
1642000
1670000
1805000
1810000
1791000
1769000
1748000
1728000
1731000
1792000
1803000
1851000
1854000
1871000
2032000
2383000
2490000
2467000
2428000
2388000
2350000
2312000
2276000
2241000
2207000
2174000
2142000
2111000
2081000
2052000
2023000
1995000
1968000
1942000
1917000
1892000
1868000
1844000
1821000
1798000
1777000
1755000
1734000
1714000
1694000
1675000
1656000
1637000
1619000
1601000
1584000
1567000
1550000
1534000
1518000
1502000
1487000
1472000
1457000
1457000
1481000
1473000
1459000
1445000
1445000
1470000
1462000
1452000
1445000
1433000
1419000
1405000
1392000
1379000
1366000
1353000
1341000
1329000
1317000
1305000
1293000
1282000
1271000
1260000
1249000
1239000
1228000
1218000
1214000
1249000
1326000
1405000
1408000
1397000
1384000
1371000
1359000
1346000
1334000
1322000
1310000
1298000
1287000
1276000
1264000
1254000
1243000
1232000
1222000
1212000
1202000
1192000
1183000
1173000
1164000
1155000
1146000
1137000
1128000
1119000
1111000
1102000
1094000
1086000
1078000
1070000
1062000
1056000
1057000
1051000
1044000
1036000
1029000
1022000
1023000
1069000
1159000
1203000
1203000
1202000
1230000
1250000
1245000
1235000
1225000
1215000
1205000
1195000
1186000
1176000
1167000
1157000
1148000
1139000
1130000
1122000
1113000
1105000
1097000
1088000
1080000
1072000
1065000
1057000
1049000
1042000
1034000
1027000
1020000
1013000
1006000
999100
992300
999700
1050000
1055000
1069000
1148000
1175000
1187000
1262000
1534000
2076000
2169000
2152000
2123000
2093000
2064000
2047000
2069000
2048000
2020000
1993000
1966000
1940000
1914000
1889000
1865000
1842000
1819000
1796000
1774000
1753000
1732000
1712000
1713000
1772000
1799000
1798000
1804000
2032000
2527000
2831000
2829000
2881000
3256000
3426000
3586000
3926000
4026000
3939000
3836000
3737000
3643000
3554000
3469000
3388000
3787000
4576000
4560000
4426000
4295000
4172000
4055000
3944000
3839000
3740000
3646000
3557000
3533000
3901000
4507000
4479000
4350000
4223000
4104000
3990000
3883000
3782000
3686000
3594000
3507000
3424000
3367000
3321000
3376000
3508000
3523000
3497000
3422000
3434000
3539000
3903000
4786000
5426000
5618000
5633000
6173000
6754000
6959000
