1416000
1405000
1393000
1381000
1370000
1358000
1347000
1336000
1325000
1314000
1304000
1293000
1283000
1273000
1263000
1254000
1251000
1414000
1472000
1473000
1463000
1462000
1530000
1540000
1607000
1969000
2044000
2035000
2013000
1992000
2038000
2036000
2018000
2049000
2050000
2122000
2538000
2892000
2920000
2878000
2834000
2835000
2797000
2768000
2929000
2928000
2966000
2931000
2881000
2831000
2782000
2735000
2692000
2675000
2637000
2595000
2554000
2515000
2476000
2439000
2403000
2376000
2422000
2405000
2372000
2338000
2305000
2272000
2241000
2212000
2208000
2297000
2413000
2453000
2431000
2397000
2362000
2328000
2295000
2263000
2236000
2236000
2213000
2184000
2155000
2127000
2099000
2075000
2103000
2088000
2063000
2038000
2012000
1988000
1964000
1940000
1917000
1895000
1873000
1852000
1831000
1810000
1790000
1771000
1752000
1733000
1715000
1697000
1679000
1662000
1645000
1629000
1613000
1597000
1600000
1875000
1930000
1919000
1899000
1877000
1856000
1835000
1817000
1847000
1932000
1934000
1915000
1893000
1871000
1850000
1829000
1809000
1789000
1769000
1750000
1732000
1713000
1696000
1678000
1661000
1644000
1628000
1611000
1596000
1580000
1565000
1550000
1535000
1521000
1507000
1493000
1494000
1679000
1719000
1778000
1777000
1761000
1743000
1724000
1706000
1689000
1671000
1654000
1637000
1621000
1605000
1597000
1698000
1710000
1697000
1680000
1663000
1646000
1630000
1614000
1598000
1582000
1567000
1552000
1537000
1523000
1509000
1495000
1481000
1468000
1455000
1442000
1429000
1417000
1405000
1393000
1381000
1369000
1358000
1346000
1335000
1325000
1314000
1303000
1294000
1303000
1297000
1288000
1278000
1268000
1258000
1249000
1239000
1230000
1220000
1211000
1202000
1194000
1185000
1176000
1168000
1160000
1151000
1144000
1165000
1164000
1157000
1150000
1142000
1134000
1126000
1118000
1110000
1103000
1096000
1088000
1081000
1074000
1074000
1230000
1268000
1268000
1260000
1251000
1242000
1241000
1234000
1225000
1216000
1207000
1198000
1189000
1180000
1172000
1163000
1155000
1147000
1139000
1131000
1123000
1116000
1108000
1101000
1093000
1086000
1079000
1072000
1065000
1058000
1051000
1044000
1037000
1031000
1024000
1025000
1165000
1344000
1402000
1684000
1786000
1790000
1775000
1757000
1738000
1720000
1702000
1684000
1667000
1650000
1633000
1617000
1601000
1585000
1570000
1555000
1540000
1526000
1512000
1498000
1484000
1471000
1458000
1445000
1432000
1426000
1506000
1623000
1638000
1627000
1612000
1597000
1581000
1567000
1566000
1564000
1553000
1538000
1524000
1510000
1496000
1482000
1469000
1456000
1443000
1432000
1440000
1477000
1476000
1465000
1452000
1439000
1427000
1414000
1402000
1390000
1378000
1367000
1355000
1361000
1631000
2087000
2181000
2171000
2146000
2119000
2092000
2065000
2039000
2014000
1989000
1969000
2007000
1997000
1974000
1951000
1931000
1958000
1947000
1925000
1903000
1881000
1859000
1838000
1818000
1798000
1789000
1773000
1755000
1736000
1718000
1705000
1703000
1922000
1960000
1945000
1925000
1922000
1904000
1883000
1866000
1929000
1939000
1922000
1900000
1879000
1857000
1836000
1816000
1803000
1807000
1792000
1774000
1755000
1736000
1718000
1705000
1768000
1769000
1753000
1734000
1716000
1700000
1715000
1965000
2012000
2068000
2252000
2270000
2245000
2216000
2186000
2157000
2129000
2101000
2075000
2048000
2023000
1998000
1974000
1950000
1927000
1904000
1882000
1861000
1840000
1819000
1799000
1779000
1760000
1743000
1758000
1747000
1730000
1712000
1732000
2242000
2352000
2354000
2514000
3187000
3315000
3273000
3212000
3157000
3203000
3332000
3302000
3239000
3176000
3115000
3056000
3e+06
2945000
2892000
2842000
2830000
3275000
3434000
3436000
3636000
3622000
3550000
3474000
3401000
3369000
3560000
3535000
3464000
3392000
3322000
3256000
3191000
3130000
3070000
3013000
2979000
3233000
3234000
3176000
3116000
3058000
3001000
2946000
2894000
2843000
2794000
2746000
2709000
2759000
2733000
2690000
2646000
2604000
2563000
2523000
2484000
2446000
2410000
2375000
2340000
2307000
2275000
2243000
2213000
2183000
2154000
2126000
2098000
2071000
2045000
2020000
1995000
1971000
1947000
1924000
1902000
1884000
1943000
1939000
1919000
1897000
1875000
1854000
1833000
1813000
1793000
1773000
1754000
1735000
1717000
1699000
1681000
1664000
1647000
1631000
1614000
1599000
1583000
1568000
1553000
1538000
1524000
1509000
1501000
1573000
1690000
1705000
1693000
1676000
1660000
1643000
1626000
1610000
1594000
1579000
1564000
1549000
1534000
1520000
1506000
1492000
1478000
1465000
1452000
1439000
1427000
1414000
1402000
1390000
1378000
1367000
1355000
1344000
1333000
1322000
1311000
1301000
1291000
1281000
1271000
1261000
1251000
1241000
1232000
1223000
1214000
1205000
1196000
1187000
1178000
1170000
1162000
1153000
1145000
1137000
1129000
1122000
1114000
1106000
1099000
1092000
1084000
1077000
1070000
1063000
1056000
1049000
1043000
1036000
1029000
1023000
1017000
1010000
1004000
997900
991800
985800
979800
979600
1086000
1122000
1123000
1118000
1110000
1103000
1096000
1088000
1081000
1074000
1067000
1060000
1053000
1046000
1040000
1033000
1029000
1079000
1103000
1103000
1097000
1097000
1091000
1084000
1077000
1070000
1063000
1056000
1050000
1043000
1036000
1030000
1023000
1017000
1010000
1004000
998100
992000
986000
980000
974200
968400
963000
964900
985300
986700
982200
976700
971000
965300
959600
954000
948400
942900
937500
932200
926800
921600
917400
940700
943700
939900
934900
929700
924500
919300
914100
909000
904000
899000
897600
983900
1082000
1103000
1102000
1096000
1089000
1085000
1135000
1143000
1138000
1131000
1127000
1210000
1480000
1549000
1549000
1538000
1525000
1511000
1499000
1530000
1795000
1896000
1897000
1879000
1859000
1838000
1817000
1797000
1778000
1758000
1740000
1721000
1703000
1689000
1730000
1781000
2030000
2071000
2054000
2050000
2270000
2326000
2308000
2278000
2247000
2216000
2186000
2157000
2129000
2101000
2075000
2048000
2025000
2039000
2063000
2154000
2241000
2238000
2212000
2183000
2154000
2152000
2382000
2409000
2403000
2597000
2728000
2853000
3016000
3003000
2961000
3003000
2968000
2916000
2865000
2815000
2767000
2720000
2676000
2643000
2727000
2709000
2667000
2625000
2583000
2542000
2503000
2465000
2428000
2392000
2357000
2324000
2291000
2259000
2231000
2226000
2202000
2175000
2166000
2142000
2115000
2088000
2061000
2036000
2014000
2054000
2089000
2499000
2568000
2542000
2506000
2468000
2434000
2425000
2413000
2382000
2352000
2349000
2322000
2290000
2259000
2228000
2198000
2168000
2140000
2112000
2085000
2058000
2032000
2007000
1983000
1959000
1935000
1913000
1893000
1910000
1898000
1877000
1856000
1836000
1821000
1825000
1812000
1793000
1774000
1755000
1736000
1718000
1700000
1682000
1665000
1648000
1636000
1690000
1749000
1748000
1735000
1773000
1767000
1750000
1732000
1714000
1696000
1679000
1661000
1645000
1628000
1612000
1596000
1581000
1565000
1550000
1536000
1521000
1507000
1493000
1480000
1467000
1459000
1532000
1656000
1673000
1661000
1646000
1630000
1613000
1598000
1582000
1567000
1552000
1537000
1523000
1509000
1495000
1481000
1468000
1455000
1442000
1429000
1417000
1404000
1392000
1381000
1369000
1358000
1346000
1335000
1324000
1314000
1303000
1293000
1283000
1273000
1263000
1253000
1243000
1234000
1225000
1215000
1206000
1198000
1189000
1180000
1172000
1163000
1155000
1147000
1139000
1140000
1135000
1127000
1120000
1112000
1105000
1097000
1090000
1083000
1075000
1068000
1063000
1079000
1079000
1073000
1066000
1059000
1053000
1046000
1039000
1033000
1026000
1020000
1013000
1007000
1001000
994700
988700
982700
976800
971000
965200
959600
954100
952500
949700
972900
975500
971400
966000
960500
954900
949300
943800
938400
933000
927700
922400
917200
912100
907000
902000
897000
892100
887200
882400
877700
873000
870500
938600
955300
954300
949900
945300
949500
946800
941900
936700
931300
926100
920800
915600
910500
905500
900500
895500
890600
886200
903600
967400
981800
980100
975300
969800
964200
958500
952900
947400
941900
936500
931800
962500
1390000
1525000
1540000
1532000
1520000
1506000
1492000
1479000
1465000
1452000
1440000
1427000
1414000
1402000
1390000
1379000
1367000
1356000
1344000
1333000
1322000
1312000
1301000
1291000
1281000
1271000
1261000
1251000
1242000
1232000
1223000
1214000
1205000
1196000
1187000
1179000
1170000
1162000
1154000
1146000
1138000
1130000
1122000
1114000
1107000
1099000
1092000
1084000
1077000
1070000
1063000
1056000
1050000
1043000
1036000
1030000
1023000
1017000
1010000
1004000
998000
992000
986000
980000
974200
968400
962600
957000
951400
946400
950600
947900
943000
937700
932400
930300
993100
1030000
1034000
1036000
1168000
1201000
1201000
1219000
1316000
1536000
1586000
1586000
1633000
1632000
1619000
1613000
1746000
1765000
1752000
1735000
1717000
1699000
1681000
1664000
1648000
1657000
1789000
1815000
1954000
2321000
2938000
3239000
3719000
3745000
3671000
3591000
3513000
3438000
3367000
3298000
3232000
3169000
3108000
3049000
3059000
3604000
3654000
3586000
3510000
3436000
3364000
3296000
3234000
3233000
3181000
3160000
3461000
3514000
3661000
3622000
3547000
3471000
3398000
3328000
3261000
3197000
3147000
3282000
3397000
3377000
3373000
3738000
3848000
3787000
3703000
3621000
3541000
3465000
3398000
3360000
3298000
3233000
3169000
3109000
3087000
3401000
3409000
3346000
3279000
3214000
3151000
3091000
3033000
2977000
2924000
2872000
2847000
3108000
3178000
3136000
3079000
3022000
2967000
2920000
2951000
2957000
2915000
2864000
2815000
2767000
2720000
2675000
2632000
2590000
2549000
2543000
2874000
2907000
2865000
2817000
2769000
2722000
2677000
2649000
2775000
2764000
2722000
2677000
2634000
2592000
2551000
2534000
2802000
3465000
3545000
3485000
3414000
3344000
3334000
3730000
4024000
3991000
3900000
3809000
3722000
3638000
3558000
3481000
3408000
3337000
3270000
3205000
3143000
3083000
3025000
2970000
2916000
2864000
2815000
2767000
2720000
2675000
2632000
2590000
2549000
2509000
2471000
2434000
2398000
2363000
2343000
2445000
2450000
2442000
2458000
2942000
3151000
3134000
3080000
3023000
2968000
2916000
2878000
2845000
2799000
2752000
2706000
2661000
2618000
2577000
2536000
2497000
2459000
2423000
2387000
2352000
2319000
2291000
2337000
2700000
3274000
4004000
4248000
4214000
4163000
4201000
4121000
4020000
3931000
3928000
4062000
4004000
3940000
4089000
4034000
3939000
3864000
3920000
3874000
3789000
3702000
3635000
3663000
3602000
3525000
3450000
3378000
3309000
3243000
3179000
3118000
3059000
3007000
3027000
3213000
3271000
3423000
3995000
4114000
4040000
3944000
3850000
3761000
3698000
3851000
4363000
4465000
4419000
4738000
4685000
4582000
4460000
4341000
4227000
4119000
4016000
3919000
3826000
3737000
3653000
3572000
3494000
3420000
3350000
3282000
3216000
3154000
3093000
3035000
2979000
2925000
2874000
2823000
2775000
2728000
2683000
2639000
2597000
2556000
2516000
2478000
2451000
2521000
2576000
2554000
2517000
2479000
2442000
2405000
2370000
2336000
2303000
2271000
2253000
2349000
2344000
2315000
2283000
2251000
2220000
2190000
2161000
2133000
2105000
2078000
2052000
2026000
2001000
1977000
1953000
1930000
1907000
1885000
1863000
1842000
1822000
1801000
1782000
1762000
1743000
1725000
1707000
1689000
1672000
1655000
1638000
1622000
1606000
1590000
1574000
1559000
1545000
1530000
1516000
1502000
1494000
1563000
1569000
1558000
1544000
1529000
1515000
1501000
1505000
1767000
2242000
2334000
2320000
2291000
2260000
2229000
2199000
2175000
2223000
2461000
2624000
2677000
3043000
3262000
3246000
3187000
3127000
3090000
3304000
3294000
3233000
3171000
3110000
3051000
2998000
3108000
4131000
4266000
4180000
4078000
3978000
3928000
4208000
4173000
4073000
3974000
3878000
3787000
3701000
3630000
3636000
3572000
3496000
3441000
3544000
3905000
4131000
4114000
4295000
4237000
4132000
4030000
3931000
3838000
3749000
3664000
3582000
3505000
3430000
3359000
3291000
3225000
3162000
3101000
3043000
2987000
2933000
2880000
2830000
2799000
2960000
2951000
2902000
2852000
2803000
2756000
2725000
2756000
2911000
2903000
2881000
2837000
2788000
2749000
2787000
2770000
2874000
2856000
2810000
2762000
2716000
2671000
2628000
2586000
2545000
2506000
2468000
2431000
2395000
2360000
2326000
2293000
2261000
2230000
2200000
2171000
2142000
2114000
2089000
2127000
2402000
2480000
2461000
2427000
2392000
2358000
2324000
2291000
2259000
2228000
2198000
2168000
2140000
2112000
2085000
2058000
2033000
2007000
1983000
1959000
1963000
2321000
2701000
2744000
2710000
2667000
2625000
2583000
2553000
2628000
2624000
2587000
2563000
2685000
2682000
2644000
2602000
2561000
2521000
2483000
2445000
2409000
2374000
2339000
2306000
2274000
2242000
2212000
2182000
2153000
2125000
2097000
2071000
2044000
2019000
1994000
1970000
1946000
1937000
2150000
2179000
2158000
2132000
2118000
2094000
2068000
2042000
2016000
1992000
1967000
1944000
1921000
1898000
1876000
1855000
1834000
1814000
1794000
1774000
1755000
1736000
1718000
1700000
1682000
1665000
1648000
1633000
1647000
1700000
1706000
1692000
1676000
1659000
1642000
1626000
1610000
1594000
1578000
1563000
1548000
1534000
1519000
1505000
1495000
1540000
1614000
1705000
1712000
1698000
1682000
1665000
1648000
1631000
1615000
1599000
1584000
1568000
1553000
1539000
1524000
1510000
1496000
1483000
1472000
1503000
1697000
1734000
1724000
1708000
1691000
1674000
1657000
1640000
1623000
1607000
1592000
1576000
1561000
1546000
1532000
1517000
1503000
1490000
1476000
1463000
1463000
1627000
1658000
1649000
1634000
1618000
1602000
1587000
1571000
1556000
1542000
1527000
1513000
1499000
1485000
1472000
1459000
1446000
1433000
1420000
1408000
1396000
1384000
1372000
1361000
1350000
1339000
1328000
1317000
1306000
1296000
1286000
1276000
1266000
1256000
1246000
1237000
1227000
1218000
1209000
1200000
1191000
1183000
1174000
1166000
1158000
1149000
1141000
1133000
1126000
1118000
1110000
1103000
1095000
1088000
1081000
1074000
1067000
1060000
1053000
1046000
1039000
1034000
1048000
1103000
1201000
1325000
1668000
1750000
1749000
1734000
1717000
1699000
1682000
1665000
1648000
1631000
1615000
1599000
1583000
1568000
1553000
1538000
1524000
1510000
1496000
1482000
1469000
1456000
1443000
1430000
1418000
1405000
1393000
1382000
1370000
1358000
1347000
1336000
1329000
1414000
1460000
1459000
1449000
1437000
1424000
1433000
1718000
1782000
1787000
1773000
1755000
1736000
1718000
1700000
1682000
1665000
1648000
1632000
1632000
1692000
1694000
1679000
1663000
1646000
1630000
1614000
1598000
1582000
1567000
1552000
1537000
1523000
1509000
1495000
1489000
1599000
1916000
2023000
2027000
2010000
2026000
2062000
2049000
2025000
2001000
1984000
2151000
2698000
2877000
2864000
2819000
2772000
2725000
2680000
2637000
2604000
2586000
2558000
2520000
2482000
2444000
2408000
2373000
2339000
2305000
2273000
2259000
2391000
2393000
2363000
2330000
2297000
2265000
2234000
2203000
2204000
2451000
2479000
2450000
2415000
2380000
2346000
2312000
2280000
2248000
2218000
2188000
2159000
2130000
2103000
2088000
2220000
2226000
2201000
2173000
2150000
2189000
2188000
2220000
2221000
2318000
2314000
2285000
2254000
2223000
2194000
2177000
2208000
2202000
2177000
2149000
2121000
2093000
2067000
2041000
2017000
2028000
2041000
2023000
1999000
1975000
1956000
2003000
1996000
1974000
1955000
1932000
1910000
1888000
1866000
1845000
1824000
1804000
1784000
1764000
1746000
1729000
1736000
1724000
1717000
1859000
1878000
1862000
1842000
1822000
1802000
1787000
1859000
1864000
1914000
1919000
1928000
1992000
2341000
2489000
2484000
2452000
2416000
2381000
2346000
2313000
2280000
2249000
2218000
2188000
2159000
2131000
2103000
2076000
2050000
2024000
1999000
1975000
1951000
1928000
1905000
1883000
1862000
1841000
1820000
1800000
1780000
1761000
1742000
1723000
1705000
1688000
1670000
1653000
1639000
1652000
1643000
1628000
1612000
1596000
1580000
1565000
1555000
1600000
1600000
1587000
1572000
1560000
1595000
1592000
1579000
1575000
1563000
1548000
1534000
1519000
1505000
1492000
1478000
1465000
1452000
1439000
1426000
1414000
1402000
1390000
1378000
1366000
1355000
1344000
1333000
1324000
1386000
1464000
1553000
1563000
1553000
1539000
1525000
1511000
1497000
1483000
1470000
1457000
1444000
1431000
1419000
1406000
1394000
1382000
1371000
1359000
1348000
1337000
1326000
1315000
1305000
1294000
1284000
1274000
1264000
1254000
1245000
1235000
1226000
1217000
1208000
1199000
1190000
1182000
1175000
1207000
1209000
1202000
1193000
1185000
1176000
1170000
1211000
1307000
1362000
1365000
1358000
1386000
1410000
1406000
1395000
1384000
1372000
1361000
1349000
1338000
1327000
1317000
1306000
1296000
1285000
1275000
1265000
1256000
1246000
1237000
1227000
1218000
1209000
1200000
1191000
1183000
1174000
1166000
1157000
1149000
1141000
1133000
1125000
1118000
1114000
1200000
1220000
1219000
1305000
1339000
1342000
1410000
1567000
2158000
2304000
2300000
2273000
2243000
2213000
2189000
2213000
2195000
2167000
2139000
2111000
2084000
2058000
2032000
2007000
1982000
1958000
1935000
1912000
1890000
1868000
1847000
1832000
1903000
1939000
1942000
1930000
2044000
2505000
2874000
2907000
2894000
3184000
3430000
3470000
3818000
3984000
3928000
3839000
3750000
3665000
3584000
3506000
3432000
3488000
4397000
4485000
4382000
4268000
4159000
4054000
3955000
3860000
3770000
3684000
3602000
3540000
3677000
4378000
4433000
4330000
4219000
4111000
4009000
3912000
3819000
3731000
3647000
3566000
3489000
3422000
3392000
3363000
3524000
3551000
3548000
3485000
3437000
3543000
3682000
4426000
5064000
5420000
5376000
5646000
6398000
6433000
