1581000
1541000
1493000
1443000
1395000
1350000
1309000
1269000
1232000
1198000
1165000
1133000
1104000
1076000
1049000
1024000
1007000
1571000
1765000
1797000
1750000
1714000
2018000
2029000
2346000
5124000
5255000
5014000
4515000
4075000
4177000
3961000
3699000
3743000
3591000
3822000
7247000
10330000
9364000
8025000
6710000
6060000
5346000
4814000
5556000
5225000
5280000
4822000
4374000
3959000
3608000
3316000
3071000
2964000
2794000
2632000
2477000
2338000
2214000
2103000
2002000
1916000
2077000
2042000
1980000
1896000
1814000
1739000
1670000
1607000
1595000
1849000
2244000
2430000
2396000
2296000
2180000
2072000
1974000
1885000
1806000
1827000
1776000
1717000
1652000
1589000
1532000
1480000
1568000
1547000
1511000
1462000
1413000
1367000
1324000
1284000
1246000
1211000
1177000
1145000
1115000
1086000
1059000
1034000
1009000
985500
963200
941800
921400
901900
883100
865200
847900
831400
825200
1647000
1796000
1833000
1774000
1702000
1636000
1575000
1520000
1624000
1930000
1949000
1909000
1833000
1757000
1686000
1621000
1561000
1505000
1454000
1405000
1360000
1318000
1278000
1240000
1205000
1172000
1140000
1110000
1082000
1055000
1030000
1005000
981900
959700
938500
918400
920300
1510000
1617000
1891000
1888000
1841000
1769000
1698000
1632000
1571000
1514000
1462000
1413000
1367000
1324000
1290000
1667000
1710000
1699000
1642000
1580000
1523000
1470000
1420000
1374000
1331000
1290000
1252000
1216000
1182000
1150000
1120000
1091000
1064000
1038000
1013000
989200
966700
945200
924600
904900
886100
868000
850600
834000
817900
802500
787700
773700
828600
830500
823800
809600
794500
780000
765900
752400
739400
726700
714600
702800
691400
680300
669600
659300
649300
639500
630600
704000
713800
713200
703200
691800
680700
670000
659700
649600
639900
630400
621200
612300
603700
613300
1085000
1181000
1212000
1188000
1156000
1126000
1138000
1119000
1095000
1069000
1042000
1017000
993700
970900
949300
928500
908700
889600
871400
853900
837100
821000
805400
790500
776100
762200
748800
735800
723300
711300
699600
688300
677400
666800
656500
650500
1143000
1965000
2192000
4546000
5056000
4892000
4463000
4028000
3666000
3365000
3110000
2892000
2704000
2538000
2392000
2263000
2146000
2042000
1947000
1861000
1782000
1709000
1642000
1581000
1524000
1471000
1421000
1375000
1332000
1296000
1636000
2183000
2254000
2215000
2115000
2013000
1921000
1838000
1819000
1802000
1747000
1684000
1620000
1560000
1505000
1453000
1405000
1359000
1317000
1278000
1307000
1441000
1442000
1417000
1374000
1331000
1290000
1252000
1216000
1182000
1150000
1120000
1091000
1081000
2255000
5658000
5848000
5532000
4924000
4386000
3957000
3607000
3315000
3068000
2856000
2678000
2810000
2708000
2582000
2437000
2308000
2396000
2320000
2226000
2118000
2016000
1923000
1839000
1762000
1692000
1662000
1611000
1557000
1502000
1451000
1417000
1390000
2229000
2339000
2331000
2228000
2191000
2101000
2011000
1927000
2158000
2185000
2133000
2043000
1949000
1863000
1784000
1711000
1663000
1678000
1635000
1584000
1528000
1475000
1425000
1383000
1590000
1597000
1573000
1521000
1468000
1420000
1444000
2457000
2595000
2870000
3884000
3864000
3684000
3403000
3143000
2921000
2728000
2560000
2412000
2280000
2162000
2056000
1959000
1872000
1792000
1719000
1651000
1589000
1531000
1478000
1428000
1381000
1337000
1298000
1370000
1355000
1328000
1290000
1304000
3763000
4044000
4024000
4911000
11280000
10550000
9158000
7527000
6313000
6018000
6451000
5904000
5300000
4703000
4211000
3816000
3490000
3216000
2984000
2783000
2669000
4576000
5266000
5147000
6167000
5798000
5278000
4703000
4213000
3855000
4656000
4468000
4177000
3812000
3487000
3214000
2981000
2781000
2606000
2453000
2341000
3224000
3246000
3143000
2942000
2747000
2576000
2426000
2292000
2173000
2066000
1969000
1885000
2068000
2039000
1980000
1897000
1815000
1740000
1671000
1607000
1548000
1493000
1442000
1394000
1350000
1308000
1269000
1232000
1197000
1164000
1133000
1104000
1076000
1049000
1024000
999600
976600
954600
933700
913600
896600
1086000
1113000
1112000
1088000
1061000
1035000
1010000
987000
964600
943200
922700
903100
884300
866300
849000
832400
816400
801100
786300
772000
758300
745000
732200
719800
707900
696300
686100
854400
1156000
1219000
1225000
1197000
1164000
1133000
1103000
1075000
1049000
1023000
999200
976200
954300
933300
913300
894100
875600
858000
841000
824700
809000
794000
779400
765400
751900
738900
726300
714100
702300
690900
679900
669200
658900
648900
639100
629700
620500
611700
603000
594600
586400
578500
570800
563200
555900
548700
541800
535000
528400
521900
515600
509500
503500
497600
491900
486300
480800
475500
470200
465100
460100
455200
450400
445700
441100
436600
432200
427900
423600
419500
415400
411400
407500
404800
660600
741500
769700
764900
751900
738800
726200
714100
702300
690900
679900
669200
658900
648900
639100
629700
621500
773100
844600
861000
853300
857200
845400
831600
816100
800700
785900
771700
758000
744700
731900
719600
707600
696000
684900
674000
663500
653400
644000
634500
625300
616300
607700
624400
684600
693400
691300
681600
670800
660500
650400
640600
631100
621900
613000
604300
595900
587700
580200
649100
659200
659500
651000
641300
631800
622500
613600
604900
596400
588200
581800
841800
1209000
1291000
1301000
1269000
1232000
1200000
1423000
1443000
1430000
1388000
1350000
1741000
3838000
4091000
4001000
3690000
3386000
3128000
2912000
2986000
5342000
5854000
5560000
5002000
4459000
4016000
3656000
3356000
3103000
2886000
2698000
2534000
2388000
2266000
2428000
2624000
4251000
4302000
4117000
3839000
5317000
5392000
5054000
4561000
4104000
3728000
3417000
3155000
2931000
2737000
2568000
2418000
2289000
2321000
2387000
2747000
3156000
3123000
2978000
2790000
2614000
2494000
3637000
3664000
3573000
4595000
5195000
5853000
6762000
6242000
5614000
5500000
4982000
4509000
4069000
3699000
3393000
3134000
2913000
2732000
3037000
2952000
2819000
2650000
2491000
2350000
2225000
2113000
2011000
1919000
1835000
1758000
1688000
1623000
1564000
1579000
1541000
1497000
1496000
1458000
1416000
1371000
1328000
1288000
1251000
1364000
1404000
2946000
3140000
3122000
2935000
2740000
2573000
2522000
2468000
2360000
2247000
2238000
2151000
2060000
1966000
1878000
1797000
1724000
1656000
1593000
1535000
1481000
1431000
1384000
1340000
1299000
1260000
1224000
1191000
1269000
1260000
1239000
1206000
1179000
1156000
1181000
1168000
1145000
1117000
1088000
1061000
1035000
1010000
987000
964600
943200
924500
1073000
1242000
1268000
1257000
1375000
1370000
1348000
1309000
1270000
1233000
1198000
1165000
1134000
1104000
1076000
1050000
1024000
1e+06
977300
955300
934300
914200
895000
876500
858800
844000
1051000
1444000
1518000
1518000
1473000
1423000
1377000
1333000
1293000
1254000
1218000
1184000
1152000
1121000
1093000
1065000
1039000
1014000
990600
968000
946400
925800
906100
887200
869000
851600
834900
818900
803400
788500
774200
760400
747000
734100
721700
709700
698100
686800
675900
665400
655200
645200
635600
626300
617200
608400
599900
591600
583800
624900
628600
626100
618000
609200
600600
592300
584200
576300
568600
561200
554200
609400
616900
616500
609100
600500
592200
584100
576200
568500
561000
553800
546700
539800
533000
526500
520000
513800
507700
501700
495900
490200
484700
505000
505900
565200
574300
575000
568700
561200
553900
546800
539900
533200
526600
520200
513900
507800
501800
496000
490300
484800
479300
474000
468800
463700
458700
455800
631900
669200
683100
676200
665800
684000
680600
673700
663800
653600
643800
634200
624900
615900
607100
598600
590300
582300
574800
632800
837100
880100
890000
876000
858300
841300
825000
809300
794200
779700
765700
752500
884600
4282000
4669000
4609000
4205000
3811000
3486000
3213000
2981000
2780000
2606000
2452000
2316000
2194000
2085000
1986000
1896000
1814000
1739000
1670000
1606000
1547000
1493000
1442000
1394000
1350000
1308000
1269000
1232000
1197000
1164000
1133000
1103000
1075000
1049000
1024000
999400
976400
954500
933500
913500
894300
875800
858200
841200
824900
809200
794100
779600
765500
752000
739000
726400
714200
702400
691000
680000
669300
659000
649000
639200
629800
620600
611700
603100
594700
586500
578600
570800
563300
556200
592000
595000
592600
585400
577500
570900
743500
849300
875400
877600
1422000
1518000
1541000
1608000
2093000
3773000
3941000
3839000
4046000
3812000
3555000
3317000
4262000
4162000
3935000
3614000
3321000
3073000
2861000
2676000
2516000
2477000
3234000
3261000
4165000
7540000
16090000
16200000
20570000
15200000
11610000
8831000
7107000
5996000
5203000
4603000
4132000
3751000
3436000
3171000
3040000
5674000
5657000
5321000
4754000
4252000
3849000
3517000
3246000
3211000
3032000
2890000
4040000
4143000
4898000
4651000
4301000
3909000
3567000
3282000
3039000
2831000
2662000
3059000
3488000
3483000
3368000
4913000
5348000
5086000
4623000
4160000
3774000
3455000
3189000
3070000
2886000
2713000
2549000
2402000
2301000
3347000
3390000
3286000
3068000
2856000
2672000
2510000
2368000
2240000
2126000
2024000
1946000
2741000
2999000
2965000
2813000
2639000
2482000
2348000
2455000
2501000
2423000
2312000
2193000
2084000
1985000
1895000
1813000
1738000
1669000
1625000
2668000
2784000
2754000
2606000
2452000
2316000
2194000
2097000
2515000
2505000
2432000
2309000
2188000
2079000
1981000
1908000
2730000
6271000
6332000
5920000
5222000
4618000
4219000
6126000
7701000
7181000
6361000
5513000
4841000
4320000
3904000
3563000
3279000
3037000
2829000
2648000
2490000
2349000
2224000
2112000
2010000
1918000
1834000
1758000
1687000
1622000
1562000
1506000
1454000
1406000
1361000
1318000
1278000
1241000
1210000
1495000
1548000
1594000
1598000
3261000
4088000
4097000
3845000
3528000
3249000
3013000
2881000
2761000
2611000
2465000
2328000
2205000
2095000
1995000
1905000
1822000
1746000
1677000
1612000
1553000
1498000
1449000
1547000
2722000
5421000
11160000
11860000
10340000
8728000
8004000
6877000
5964000
5212000
4923000
5386000
5028000
4641000
5180000
4849000
4464000
4057000
4213000
4023000
3751000
3457000
3201000
3313000
3156000
2978000
2785000
2610000
2456000
2319000
2197000
2088000
1988000
1901000
2e+06
2539000
2750000
3159000
5830000
6266000
5892000
5252000
4652000
4171000
3801000
4193000
6618000
6933000
6499000
7906000
7154000
6453000
5619000
4937000
4399000
3967000
3616000
3322000
3074000
2861000
2677000
2515000
2371000
2244000
2130000
2026000
1933000
1848000
1770000
1699000
1633000
1572000
1515000
1463000
1414000
1368000
1325000
1285000
1247000
1211000
1178000
1146000
1118000
1333000
1503000
1521000
1494000
1446000
1398000
1353000
1311000
1272000
1235000
1200000
1170000
1424000
1451000
1441000
1400000
1355000
1313000
1273000
1236000
1201000
1168000
1137000
1107000
1079000
1052000
1027000
1002000
979200
957200
936100
915900
896600
878100
860300
843300
826900
811100
795900
781300
767300
753700
740600
727900
715700
703900
692400
681400
670600
660300
650200
640400
631000
622700
771500
798300
804800
793200
778700
764700
751200
744400
1405000
3601000
3891000
3833000
3547000
3265000
3025000
2819000
2644000
2746000
3949000
4844000
5007000
7648000
8796000
7962000
6886000
5884000
5179000
6167000
5746000
5236000
4664000
4180000
3790000
3474000
3704000
11050000
10180000
8933000
7355000
6166000
5405000
6595000
6124000
5552000
4911000
4376000
3949000
3600000
3320000
3341000
3161000
2973000
2787000
3014000
4340000
5369000
5244000
6059000
5606000
5086000
4540000
4082000
3710000
3401000
3141000
2919000
2727000
2559000
2411000
2279000
2161000
2055000
1959000
1871000
1792000
1718000
1651000
1589000
1538000
1948000
1980000
1953000
1876000
1796000
1723000
1679000
1759000
2200000
2231000
2249000
2162000
2064000
1973000
2099000
2065000
2413000
2393000
2319000
2205000
2095000
1995000
1905000
1822000
1746000
1677000
1612000
1553000
1498000
1446000
1399000
1354000
1312000
1272000
1235000
1200000
1167000
1136000
1107000
1169000
1924000
2180000
2210000
2133000
2033000
1939000
1853000
1775000
1703000
1637000
1575000
1519000
1466000
1417000
1371000
1328000
1287000
1249000
1213000
1180000
1165000
2252000
4008000
4178000
4021000
3694000
3388000
3130000
2923000
3221000
3168000
3022000
2852000
3338000
3283000
3136000
2932000
2739000
2569000
2420000
2287000
2168000
2062000
1965000
1877000
1797000
1723000
1655000
1593000
1535000
1481000
1431000
1384000
1340000
1299000
1260000
1224000
1189000
1166000
1842000
1944000
1952000
1880000
1842000
1776000
1710000
1644000
1582000
1525000
1472000
1422000
1376000
1333000
1292000
1254000
1217000
1183000
1151000
1121000
1092000
1065000
1039000
1014000
1005000
986000
965700
946600
992900
1137000
1172000
1166000
1140000
1111000
1083000
1056000
1030000
1006000
982300
960100
938900
918600
899200
880600
864200
994400
1198000
1502000
1547000
1532000
1484000
1434000
1387000
1343000
1302000
1263000
1226000
1192000
1159000
1128000
1099000
1071000
1045000
1020000
997100
1106000
1824000
1945000
1956000
1884000
1803000
1729000
1661000
1598000
1539000
1485000
1435000
1387000
1343000
1302000
1263000
1226000
1192000
1159000
1128000
1099000
1080000
1727000
1829000
1842000
1779000
1707000
1640000
1579000
1522000
1469000
1419000
1373000
1330000
1289000
1251000
1215000
1182000
1149000
1119000
1090000
1063000
1037000
1012000
988700
966200
944700
924200
904500
885700
867600
850300
833600
817600
802200
787400
773100
759300
746000
733100
720700
708700
697200
685900
675100
664500
654400
644500
634900
625600
616500
607700
599200
590900
582800
575000
567300
559900
552700
545600
538700
532000
525500
528900
568300
694600
970800
1389000
3564000
3833000
3781000
3504000
3229000
2994000
2792000
2616000
2461000
2324000
2201000
2091000
1992000
1902000
1819000
1744000
1674000
1610000
1551000
1496000
1445000
1397000
1352000
1310000
1271000
1234000
1199000
1166000
1135000
1105000
1077000
1050000
1029000
1340000
1511000
1536000
1506000
1457000
1409000
1394000
2900000
3095000
3143000
2969000
2779000
2606000
2452000
2316000
2194000
2085000
1986000
1897000
1869000
2123000
2110000
2053000
1964000
1876000
1796000
1723000
1655000
1592000
1534000
1480000
1430000
1383000
1340000
1298000
1265000
1636000
3323000
3829000
3834000
3597000
3541000
3623000
3438000
3219000
2993000
2811000
3551000
8352000
8979000
8129000
6932000
5899000
5131000
4547000
4088000
3754000
3547000
3331000
3105000
2894000
2706000
2541000
2394000
2264000
2148000
2043000
1960000
2439000
2449000
2389000
2272000
2154000
2049000
1953000
1866000
1806000
2756000
2842000
2795000
2640000
2483000
2343000
2218000
2107000
2006000
1914000
1831000
1754000
1684000
1619000
1567000
1994000
2027000
1998000
1917000
1836000
1968000
1959000
2098000
2078000
2463000
2448000
2373000
2255000
2139000
2036000
1965000
2072000
2063000
2002000
1920000
1837000
1760000
1689000
1624000
1565000
1610000
1659000
1631000
1584000
1528000
1478000
1628000
1620000
1587000
1545000
1493000
1443000
1396000
1351000
1310000
1270000
1233000
1198000
1165000
1134000
1105000
1141000
1128000
1113000
1526000
1585000
1587000
1538000
1484000
1434000
1391000
1629000
1644000
1844000
1862000
1907000
2085000
3883000
4631000
4550000
4211000
3829000
3501000
3226000
2992000
2790000
2614000
2459000
2322000
2200000
2090000
1991000
1900000
1818000
1743000
1673000
1609000
1550000
1495000
1444000
1396000
1352000
1310000
1270000
1233000
1199000
1166000
1134000
1105000
1077000
1050000
1025000
1001000
978800
1068000
1070000
1059000
1035000
1011000
987200
964800
949400
1076000
1088000
1080000
1057000
1032000
1139000
1143000
1131000
1135000
1113000
1089000
1062000
1036000
1012000
988200
965800
944300
923800
904100
885300
867200
849900
833300
817300
801900
787000
772700
759000
747100
921400
1133000
1451000
1502000
1491000
1446000
1398000
1353000
1311000
1272000
1235000
1200000
1167000
1136000
1106000
1078000
1051000
1026000
1002000
978400
956400
935400
915200
895900
877400
859700
842800
854100
844400
831700
816400
801000
786200
772000
758200
745000
732200
719800
708500
815600
830900
830900
817500
802100
787300
773900
890100
1201000
1400000
1433000
1414000
1518000
1606000
1594000
1553000
1500000
1448000
1400000
1355000
1313000
1274000
1237000
1201000
1168000
1137000
1107000
1079000
1052000
1027000
1003000
979500
957400
936300
916100
896800
878300
860500
843500
827100
811300
796100
781500
767400
754000
767200
1050000
1106000
1123000
1455000
1578000
1606000
1892000
2866000
9913000
9531000
8502000
7088000
5986000
5196000
4609000
4519000
4167000
3832000
3512000
3235000
3e+06
2797000
2620000
2465000
2327000
2204000
2094000
1994000
1904000
1821000
1745000
1681000
1959000
2091000
2127000
2073000
2461000
5343000
8167000
7769000
7044000
8728000
10030000
9067000
11350000
11230000
9525000
7888000
6564000
5616000
4919000
4382000
3954000
3862000
9357000
8828000
7897000
6659000
5683000
4969000
4421000
3986000
3631000
3335000
3085000
2879000
3157000
6275000
6314000
5889000
5204000
4606000
4134000
3752000
3437000
3172000
2945000
2750000
2579000
2431000
2404000
2315000
2814000
2942000
3045000
2915000
2763000
3097000
3427000
6981000
10350000
12330000
10620000
10900000
15240000
12870000
