785900
780000
773000
765900
759000
752100
745400
738800
732300
725900
719700
713500
707500
701500
695700
689900
684200
962500
1042000
1048000
1037000
1039000
1156000
1166000
1247000
1961000
2059000
2041000
1992000
1945000
2073000
2072000
2032000
2103000
2096000
2170000
3155000
4078000
4092000
3935000
3754000
3733000
3598000
3453000
3878000
3813000
3896000
3764000
3608000
3456000
3316000
3188000
3069000
3119000
3037000
2936000
2835000
2740000
2652000
2569000
2492000
2419000
2641000
2616000
2549000
2472000
2400000
2332000
2268000
2208000
2318000
2530000
2801000
2890000
2827000
2739000
2651000
2568000
2490000
2417000
2349000
2480000
2447000
2385000
2318000
2255000
2195000
2138000
2243000
2215000
2164000
2109000
2057000
2007000
1959000
1914000
1871000
1829000
1790000
1971000
1968000
1932000
1888000
1846000
1806000
1767000
1730000
1695000
1661000
1628000
1597000
1567000
1538000
1510000
1515000
2578000
2711000
2674000
2589000
2511000
2436000
2367000
2301000
2641000
2936000
2911000
2825000
2731000
2644000
2562000
2484000
2492000
2435000
2369000
2303000
2240000
2397000
2386000
2331000
2268000
2207000
2150000
2095000
2043000
1994000
1947000
1903000
1860000
1819000
1869000
1845000
1997000
2652000
2707000
2909000
2861000
2777000
2691000
2607000
2527000
2452000
2424000
2363000
2300000
2237000
2178000
2122000
2810000
2862000
2799000
2707000
2621000
2540000
2465000
2393000
2326000
2262000
2228000
2175000
2120000
2067000
2045000
2001000
1955000
1910000
1867000
1826000
1787000
1749000
1713000
1678000
1706000
1684000
1693000
1666000
1665000
1638000
1607000
1720000
1721000
1829000
1816000
1783000
1745000
1709000
1675000
1642000
1610000
1579000
1550000
1521000
1494000
1468000
1510000
1496000
1473000
1447000
1422000
1587000
1722000
1720000
1691000
1657000
1625000
1593000
1563000
1535000
1507000
1480000
1454000
1450000
1429000
1406000
1575000
2185000
2255000
2222000
2164000
2109000
2056000
2316000
2313000
2264000
2204000
2147000
2092000
2041000
1992000
1945000
1900000
1858000
1817000
1778000
1740000
1705000
1987000
2002000
1969000
1923000
1880000
1838000
1798000
1760000
1723000
1688000
1655000
1622000
1591000
1561000
1766000
2471000
3276000
3324000
4892000
5168000
4979000
4702000
4445000
4215000
4008000
3820000
3650000
3494000
3351000
3220000
3098000
2986000
2881000
2784000
2693000
2608000
2528000
2452000
2382000
2315000
2252000
2192000
2135000
2082000
2301000
2814000
3302000
3289000
3183000
3064000
2954000
2852000
2756000
2836000
2816000
2738000
2652000
2569000
2491000
2418000
2350000
2285000
2223000
2165000
2110000
2246000
2378000
2350000
2292000
2230000
2171000
2116000
2063000
2013000
1965000
1951000
1912000
1870000
1829000
2693000
4442000
4571000
4402000
4176000
3981000
3798000
3630000
3476000
3335000
3204000
3084000
3235000
3164000
3058000
2949000
2847000
2921000
2854000
2766000
2676000
2592000
2513000
2439000
2369000
2303000
2290000
2241000
2184000
2128000
2075000
2038000
1991000
2588000
2635000
2582000
2504000
2497000
2437000
2370000
2304000
2465000
2473000
2418000
2351000
2286000
2224000
2166000
2110000
2071000
2078000
2038000
1992000
1945000
1900000
1858000
1817000
2e+06
1997000
1960000
1914000
1871000
1830000
1853000
2496000
2556000
2656000
3165000
3164000
3072000
2962000
2859000
2763000
2673000
2589000
2510000
2436000
2366000
2300000
2238000
2179000
2123000
2070000
2019000
1971000
1925000
1882000
1840000
1800000
1762000
1725000
1980000
1990000
1957000
1912000
1890000
3406000
3571000
3491000
3808000
6258000
6425000
6085000
5663000
5293000
5422000
5778000
5533000
5206000
4892000
4614000
4367000
4145000
3944000
3763000
3598000
3446000
5188000
5655000
5451000
6047000
5845000
5501000
5152000
4845000
4572000
5396000
5268000
4995000
4705000
4448000
4218000
4010000
3823000
3652000
3496000
3353000
4569000
4587000
4403000
4177000
3974000
3898000
3743000
3584000
3434000
3296000
3378000
3285000
3604000
3538000
3411000
3275000
3149000
3033000
3070000
2988000
2890000
2792000
2700000
2615000
2534000
2459000
2388000
2321000
2257000
2197000
2140000
2086000
2035000
1986000
1939000
1895000
1853000
1812000
1773000
1736000
1701000
2371000
2442000
2403000
2335000
2271000
2210000
2153000
2098000
2046000
1997000
1950000
1905000
1862000
1821000
1782000
1744000
1708000
1699000
1670000
1638000
1721000
1709000
1679000
1677000
1650000
1619000
1588000
2068000
2464000
2483000
2426000
2357000
2292000
2230000
2171000
2116000
2063000
2013000
1965000
2108000
2176000
2145000
2094000
2043000
1993000
1946000
1902000
1859000
1818000
1958000
1955000
1920000
1876000
1835000
1885000
1861000
1824000
1785000
1747000
1711000
1721000
1694000
1662000
1630000
1598000
1596000
1571000
1543000
1515000
1488000
1462000
1479000
1461000
1438000
1413000
1389000
1367000
1345000
1323000
1387000
1381000
1362000
1340000
1319000
1298000
1294000
1277000
1258000
1239000
1221000
1204000
1186000
1170000
1153000
1138000
1122000
1107000
1093000
1079000
1065000
1051000
1038000
1691000
1821000
1818000
1781000
1743000
1707000
1673000
1640000
1608000
1577000
1548000
1520000
1492000
1466000
1440000
1422000
1509000
1849000
1940000
1923000
1882000
1910000
1880000
1842000
1802000
1763000
1727000
1691000
1657000
1625000
1594000
1564000
1535000
1507000
1480000
1454000
1606000
1612000
1636000
1613000
1585000
1555000
1526000
1619000
1704000
1694000
1664000
1631000
1600000
1570000
1540000
1512000
1485000
1502000
1484000
1460000
1435000
1410000
1387000
1565000
1575000
1555000
1526000
1499000
1472000
1446000
1422000
1398000
1375000
1352000
1331000
1736000
2110000
2140000
2101000
2049000
1999000
1952000
2175000
2171000
2128000
2075000
2024000
2319000
3561000
3685000
3585000
3435000
3297000
3170000
3052000
3082000
4303000
4583000
4444000
4225000
4017000
3829000
3657000
3501000
3358000
3226000
3104000
2991000
2886000
2788000
3e+06
3106000
4055000
4069000
3922000
3742000
4571000
4648000
4466000
4240000
4035000
3846000
3674000
3516000
3371000
3238000
3115000
3002000
2896000
3e+06
3043000
3268000
3507000
3447000
3324000
3195000
3075000
2964000
3720000
3726000
3602000
4172000
4488000
4790000
5265000
5089000
4818000
4872000
4661000
4423000
4195000
3990000
3804000
3701000
3554000
3409000
3663000
3582000
3450000
3311000
3182000
3064000
2954000
2851000
2756000
2667000
2583000
2504000
2448000
2381000
2324000
2409000
2370000
2311000
2306000
2254000
2197000
2140000
2086000
2035000
2040000
2147000
2135000
3190000
3285000
3208000
3087000
2976000
2872000
2941000
2918000
2835000
2742000
2754000
2685000
2605000
2525000
2456000
2391000
2325000
2261000
2201000
2144000
2116000
2068000
2019000
1971000
1925000
1881000
1839000
1799000
2093000
2107000
2069000
2019000
2055000
2030000
2040000
2006000
1962000
1917000
1874000
1832000
1793000
1755000
1718000
1683000
1650000
1618000
2032000
2231000
2224000
2173000
2314000
2290000
2237000
2178000
2122000
2069000
2023000
1975000
1929000
1885000
1843000
1803000
1765000
1728000
1693000
1659000
1626000
1595000
1565000
1536000
1508000
1491000
1940000
2339000
2365000
2315000
2252000
2192000
2135000
2082000
2031000
1982000
1936000
1891000
1849000
1809000
1770000
1733000
1739000
1711000
1747000
1725000
1693000
1769000
1753000
1722000
1687000
1653000
1621000
1590000
1699000
1692000
1664000
1631000
1600000
1570000
1541000
1512000
1485000
1459000
1434000
1410000
1386000
1363000
1341000
1320000
1299000
1279000
1260000
1241000
1223000
1578000
1622000
1607000
1577000
1547000
1519000
1492000
1465000
1440000
1468000
1453000
1432000
1602000
1609000
1587000
1558000
1529000
1535000
1513000
1488000
1522000
1506000
1482000
1456000
1431000
1407000
1383000
1361000
1339000
1318000
1297000
1277000
1258000
1458000
1535000
1529000
1618000
1609000
1584000
1576000
1551000
1523000
1496000
1469000
1444000
1419000
1395000
1372000
1397000
1383000
1362000
1340000
1319000
1408000
1407000
1410000
1390000
1369000
1429000
1720000
1747000
1724000
1689000
1718000
1770000
1751000
1718000
1683000
1650000
1617000
1587000
1557000
1528000
1500000
1474000
1448000
1423000
1462000
1717000
2022000
2041000
2005000
1958000
1912000
1869000
1828000
1788000
1751000
1714000
1680000
1646000
1957000
4734000
5011000
4841000
4569000
4326000
4108000
3911000
3733000
3570000
3421000
3284000
3158000
3041000
2964000
2867000
2772000
2682000
2598000
2518000
2444000
2373000
2307000
2244000
2185000
2129000
2075000
2024000
1976000
1930000
1886000
1844000
1804000
1765000
1729000
1693000
1673000
1648000
1617000
1586000
1556000
1528000
1500000
1485000
1461000
1453000
1431000
1407000
1384000
1361000
1339000
1318000
1297000
1278000
1258000
1239000
1221000
1204000
1186000
1170000
1153000
1138000
1122000
1107000
1093000
1079000
1065000
1051000
1038000
1049000
1071000
1210000
1223000
1211000
1194000
1177000
1161000
1355000
1446000
1445000
1423000
1859000
1908000
1885000
1925000
2208000
3051000
3127000
3052000
3187000
3116000
3013000
2906000
3413000
3395000
3288000
3161000
3044000
2935000
2834000
2740000
2652000
2667000
3126000
3119000
3517000
4752000
7589000
8293000
10580000
9899000
8919000
8014000
7281000
6673000
6161000
5724000
5345000
5014000
4723000
4463000
4257000
6265000
6240000
5890000
5512000
5165000
4857000
4583000
4339000
4317000
4139000
3949000
4773000
4769000
5177000
4990000
4729000
4469000
4237000
4028000
3838000
3666000
3509000
3886000
4172000
4111000
3940000
4884000
5128000
4933000
4664000
4411000
4185000
3981000
3796000
3822000
3690000
3540000
3393000
3258000
3134000
4006000
4011000
3868000
3693000
3534000
3388000
3253000
3327000
3237000
3123000
3009000
2902000
3613000
3771000
3671000
3521000
3376000
3242000
3119000
3366000
3405000
3305000
3182000
3063000
2990000
2892000
2795000
2704000
2618000
2537000
2461000
3555000
3633000
3531000
3385000
3251000
3127000
3062000
2961000
3416000
3388000
3279000
3153000
3036000
2928000
2828000
2842000
3594000
5712000
5775000
5483000
5136000
4830000
4701000
5884000
6766000
6499000
6058000
5635000
5268000
4946000
4662000
4410000
4183000
3979000
3795000
3627000
3473000
3622000
3546000
3416000
3280000
3388000
3299000
3182000
3064000
2954000
2851000
2756000
2667000
2583000
2505000
2455000
2714000
2692000
2622000
3109000
3131000
3109000
3009000
4489000
5025000
4894000
4637000
4454000
4236000
4030000
4304000
4223000
4045000
3856000
3683000
3524000
3379000
3245000
3122000
3182000
3098000
2993000
2970000
2882000
2789000
2727000
2903000
3887000
5430000
8105000
8714000
8204000
7607000
7458000
6924000
6396000
6133000
5958000
6275000
5964000
5584000
6163000
5910000
5549000
5306000
5505000
5314000
5021000
4731000
4618000
4791000
4608000
4379000
4156000
3955000
3795000
3631000
3478000
3336000
3206000
3085000
3634000
4197000
4299000
4460000
6179000
6400000
6068000
5656000
5287000
4963000
4677000
5006000
6478000
6656000
6284000
7123000
6792000
6441000
5988000
5580000
5219000
4904000
4625000
4376000
4153000
3952000
3770000
3604000
3452000
3313000
3184000
3065000
2955000
2853000
2757000
2668000
2584000
2506000
2432000
2362000
2296000
2234000
2175000
2120000
2067000
2016000
2381000
2395000
2346000
2684000
2843000
2799000
2714000
2628000
2546000
2470000
2398000
2331000
2267000
2206000
2149000
2725000
2761000
2700000
2614000
2534000
2458000
2387000
2320000
2257000
2197000
2140000
2154000
2112000
2063000
2013000
1965000
1919000
1876000
1834000
1795000
1757000
1720000
1685000
1652000
1619000
1662000
1657000
1631000
1600000
1570000
1541000
1512000
1485000
1459000
1434000
1410000
1386000
1363000
1341000
1320000
1299000
1295000
1588000
1619000
1602000
1572000
1543000
1515000
1487000
1461000
2063000
3413000
3551000
3461000
3321000
3191000
3072000
2961000
2867000
2946000
3617000
4065000
4069000
5223000
5838000
5635000
5298000
4973000
4686000
5336000
5183000
4913000
4633000
4383000
4160000
3958000
3919000
7401000
7465000
6987000
6427000
5951000
5543000
6371000
6135000
5755000
5372000
5038000
4744000
4482000
4249000
4285000
4120000
3933000
3753000
3898000
4736000
5306000
5146000
5602000
5384000
5082000
4782000
4517000
4279000
4066000
3873000
3698000
3538000
3392000
3257000
3133000
3018000
2911000
2844000
2755000
2668000
2584000
2505000
2531000
2475000
2875000
2870000
2794000
2702000
2616000
2536000
2538000
2592000
2921000
2901000
2870000
2783000
2694000
2609000
2716000
2666000
2900000
2862000
2780000
2689000
2614000
2536000
2460000
2389000
2322000
2258000
2198000
2141000
2087000
2036000
2073000
2039000
1994000
1947000
1903000
1860000
1819000
1780000
1742000
1879000
2487000
2638000
2603000
2527000
2452000
2381000
2315000
2252000
2192000
2135000
2081000
2030000
2104000
2105000
2064000
2016000
1968000
1922000
1878000
1837000
1797000
2871000
3964000
4019000
3874000
3699000
3539000
3393000
3258000
3797000
3797000
3666000
3511000
3887000
3829000
3685000
3527000
3381000
3247000
3124000
3010000
2903000
2804000
2712000
2626000
2545000
2468000
2397000
2329000
2265000
2205000
2147000
2093000
2041000
2036000
1996000
1951000
1906000
1863000
2874000
2981000
2924000
2823000
2842000
2770000
2685000
2600000
2520000
2446000
2375000
2309000
2284000
2230000
2173000
2150000
2161000
2119000
2068000
2018000
1970000
1924000
1880000
1839000
2101000
2108000
2069000
2122000
2174000
2321000
2316000
2265000
2206000
2148000
2094000
2042000
2e+06
1955000
1910000
1867000
1826000
1954000
1942000
1905000
1862000
2226000
2473000
2758000
2736000
2662000
2578000
2500000
2427000
2357000
2292000
2230000
2171000
2116000
2067000
2017000
1970000
1924000
1880000
1838000
1798000
2231000
2993000
3051000
2974000
2871000
2774000
2683000
2599000
2519000
2445000
2374000
2308000
2245000
2186000
2130000
2076000
2063000
2020000
1973000
1927000
1884000
2071000
2847000
2914000
2850000
2754000
2665000
2582000
2503000
2429000
2360000
2294000
2232000
2174000
2118000
2065000
2015000
1967000
1921000
1878000
1836000
1796000
1758000
1959000
1960000
1925000
1888000
1847000
1807000
1769000
1732000
1696000
1662000
1630000
1598000
1568000
1713000
1712000
1690000
1658000
1625000
1594000
1564000
1535000
1507000
1480000
1454000
1429000
1405000
1382000
1359000
1337000
1316000
1296000
1276000
1256000
1238000
1345000
1349000
1333000
1317000
1298000
1278000
1345000
1403000
1555000
1840000
2157000
3546000
3677000
3580000
3430000
3293000
3166000
3048000
2939000
2838000
2743000
2655000
2572000
2494000
2421000
2352000
2287000
2225000
2167000
2112000
2059000
2009000
1961000
1916000
1873000
1831000
1792000
1754000
1717000
1683000
1649000
1617000
1586000
1556000
2126000
2303000
2290000
2233000
2174000
2119000
2066000
3138000
3241000
3208000
3096000
2985000
2881000
2783000
2692000
2607000
2527000
2452000
2381000
2431000
2626000
2598000
2529000
2454000
2383000
2316000
2253000
2193000
2137000
2093000
2053000
2006000
1959000
1913000
1870000
1829000
2112000
3106000
3351000
3312000
3194000
3195000
3268000
3182000
3071000
2960000
2858000
3200000
5198000
5646000
5437000
5111000
4808000
4539000
4300000
4084000
3989000
3889000
3753000
3597000
3446000
3307000
3179000
3061000
2951000
2849000
2754000
2682000
3100000
3086000
2997000
2892000
2793000
2702000
2616000
2536000
2460000
3222000
3263000
3176000
3058000
2948000
2846000
2751000
2662000
2634000
2564000
2489000
2416000
2347000
2282000
2221000
2650000
2663000
2601000
2522000
2447000
2571000
2548000
2629000
2586000
2834000
2803000
2725000
2638000
2556000
2479000
2448000
2524000
2506000
2443000
2374000
2308000
2245000
2186000
2130000
2076000
2208000
2254000
2215000
2160000
2105000
2053000
2245000
2233000
2185000
2160000
2112000
2060000
2010000
1963000
1917000
1874000
1881000
1848000
1810000
1772000
1775000
1820000
1797000
1763000
2159000
2188000
2152000
2097000
2045000
1996000
1949000
2284000
2298000
2429000
2418000
2424000
2504000
3518000
3890000
3821000
3664000
3507000
3409000
3348000
3232000
3112000
2999000
2893000
2795000
2703000
2617000
2537000
2461000
2390000
2323000
2259000
2279000
2233000
2178000
2122000
2069000
2019000
1971000
1925000
1881000
1839000
1943000
1927000
1889000
1847000
1807000
1768000
1731000
1838000
2129000
2142000
2123000
2074000
2024000
1976000
2002000
2049000
2197000
2179000
2131000
2078000
2027000
2275000
2272000
2224000
2294000
2258000
2203000
2146000
2092000
2040000
1991000
1982000
1943000
1900000
1858000
1817000
1778000
1740000
1705000
1674000
1671000
1643000
1613000
1582000
1706000
1988000
2211000
2488000
2479000
2420000
2351000
2286000
2224000
2166000
2111000
2058000
2008000
2255000
2253000
2207000
2149000
2095000
2043000
1994000
1947000
1902000
1860000
1831000
1794000
1756000
1720000
1685000
1949000
1962000
1930000
1886000
1844000
1804000
1765000
1729000
1693000
1659000
1627000
1596000
2012000
2052000
2022000
1974000
1961000
1922000
1880000
2180000
2567000
2738000
2698000
2620000
2815000
2887000
2823000
2734000
2646000
2564000
2487000
2414000
2345000
2281000
2219000
2161000
2106000
2054000
2004000
1957000
1912000
1868000
2090000
2090000
2050000
2001000
1954000
1909000
1866000
1824000
1785000
1748000
1711000
1677000
1644000
1612000
1581000
1874000
2280000
2314000
2269000
2591000
2667000
2629000
2834000
3316000
6631000
6818000
6438000
5963000
5553000
5196000
4976000
5083000
4862000
4604000
4358000
4137000
3937000
3756000
3592000
3441000
3302000
3174000
3056000
2947000
2845000
2750000
2661000
2713000
3181000
3294000
3266000
3157000
3383000
5095000
6501000
6359000
5967000
6898000
7710000
7306000
8533000
8843000
8192000
7463000
6825000
6290000
5834000
5441000
5098000
4798000
8264000
8192000
7591000
6932000
6380000
5911000
5508000
5157000
4849000
4576000
4332000
4215000
4378000
6401000
6409000
6043000
5624000
5258000
4938000
4655000
4403000
4177000
3974000
3790000
3622000
3469000
3535000
3430000
3804000
3846000
3854000
3713000
3558000
3784000
3892000
5690000
7189000
8235000
7778000
8023000
10320000
9752000
