1376000
1368000
1359000
1350000
1341000
1332000
1323000
1314000
1305000
1297000
1289000
1280000
1272000
1264000
1256000
1248000
24670000
8219000
2209000
1277000
1959000
11310000
2955000
7957000
39920000
7882000
1936000
1162000
1155000
7299000
2865000
1374000
6009000
2901000
6119000
34490000
26210000
5141000
1487000
1087000
4229000
1626000
1134000
14250000
3364000
6511000
1955000
1148000
1037000
1032000
1026000
1021000
2586000
1285000
1038000
1001000
995700
990700
985800
981000
976200
6863000
1997000
1082000
957600
953000
948500
944000
939500
1588000
9684000
11850000
6202000
1715000
984800
910000
905900
901800
897700
893700
3046000
1263000
925900
878000
874200
870400
866600
5332000
1641000
946700
851900
848300
844700
841100
837600
834100
830600
827200
823800
820400
817000
813700
810400
807100
803900
800600
797400
794300
791100
788000
784900
781800
778800
775800
25430000
5082000
1271000
765000
762100
759200
756300
753500
3673000
10240000
2375000
926500
740500
737800
735100
732400
729700
727000
724400
721800
719200
716600
714000
711500
709000
706500
704000
701500
699000
696600
694200
691800
689400
687000
684700
682300
680000
18770000
3839000
8056000
1899000
813600
668300
666100
663900
661700
659500
657300
655200
653000
650900
648800
10900000
2439000
852500
641200
639200
637100
635100
633100
631100
629100
627100
625200
623200
621300
619400
617400
615500
613700
611800
609900
608100
606200
604400
602500
600700
598900
597100
595400
593600
591800
590100
588400
586600
584900
583200
581500
579800
578100
576500
574800
573200
571500
569900
568300
566700
565100
563500
561900
560300
558700
557200
555600
554100
552600
551000
549500
548000
546500
545000
543500
542100
540600
539100
537700
536200
534800
533400
21840000
4259000
965500
529300
527900
526500
525100
523700
522400
521000
519600
518300
516900
515600
514300
513000
511700
510300
509000
507800
506500
505200
503900
502600
501400
500100
498900
497600
496400
495200
493900
492700
491500
490300
489100
487900
16880000
23500000
4347000
33960000
9954000
1810000
565600
489300
488100
487000
485800
484600
483400
482300
481100
479900
478800
477600
476500
475400
474200
473100
472000
470900
469800
468700
467600
466500
465400
464300
5591000
13420000
2677000
709300
462200
461200
460100
459000
1555000
1812000
682000
479000
454200
453200
452200
451200
450100
449100
448100
447100
2102000
6124000
1421000
554400
443500
442500
441500
440500
439500
438600
437600
436700
435700
434800
31070000
42120000
7419000
1183000
441300
440400
439400
438400
437500
436500
435600
434600
5535000
1326000
536800
431800
430800
4770000
1189000
517400
427900
427000
426100
425200
424300
423400
1381000
667700
454100
421600
419100
883300
498800
22850000
4340000
876100
417800
2078000
706800
449400
414600
7831000
2862000
766100
436100
411800
410900
410100
409300
911900
2643000
792900
450200
405500
404700
403900
403100
8295000
1783000
563000
401200
400300
399500
2048000
25210000
4723000
5406000
16710000
3208000
718100
400700
399900
399100
398300
397500
396700
395900
395200
394400
393600
392800
392100
391300
390500
389800
389000
388300
387500
386800
386000
385300
1660000
607100
409300
382500
381800
46370000
8428000
1325000
10290000
41950000
9016000
1459000
420900
390400
4909000
10110000
2043000
571600
388800
388000
387300
386500
385800
385000
384300
383500
25310000
10850000
1963000
13660000
3243000
751800
396800
384700
383900
13040000
2598000
642000
383000
382200
381500
380800
380100
379300
378600
377900
14520000
2852000
666500
377200
376500
375800
375100
374400
373700
373000
372300
371600
4410000
1077000
452600
369500
368800
368100
367500
366800
366100
365400
364800
364100
363400
362800
362100
361500
360800
360200
359500
358900
358200
357600
357000
356300
355700
355100
354400
353800
353200
352500
351900
351300
350700
350100
349500
348900
348200
347600
347000
346400
345800
345200
344600
344100
343500
342900
342300
341700
341100
340500
340000
339400
338800
338200
337700
337100
1585000
11960000
2357000
570800
337600
337100
336500
335900
335400
334800
334300
333700
333100
332600
332000
331500
330900
330400
329800
329300
328800
328200
327700
327100
326600
326100
325500
325000
324500
324000
323400
322900
322400
321900
321400
320800
320300
319800
319300
318800
318300
317800
317300
316800
316300
315800
315300
314800
314300
313800
313300
312800
312300
311800
311300
310900
310400
309900
309400
308900
308500
308000
307500
307000
306600
306100
305600
305200
304700
304200
303800
303300
302900
302400
301900
8929000
3173000
717700
331100
302800
302400
301900
301500
301000
300600
300100
299700
299200
298800
298300
297900
297400
5358000
3406000
790200
343300
1117000
440600
313600
296400
296000
295600
295100
294700
294300
293800
293400
293000
292500
292100
291700
291300
290800
290400
290000
289600
289200
288700
288300
3112000
782000
345500
287500
287100
286700
286300
285900
285500
285100
284700
284300
283800
283400
283000
4274000
981200
364500
282600
282200
281800
281400
281000
280700
280300
279900
279500
14780000
14790000
2674000
529900
285400
285000
284600
8492000
1721000
453300
285400
285000
10970000
32600000
6163000
973800
301900
294800
294300
293900
3076000
26740000
8741000
1504000
380200
301300
300900
300400
3e+05
299500
299100
298600
298200
297700
297300
5126000
4795000
21680000
3989000
725500
303800
17790000
5370000
1016000
349200
307800
307300
306900
306400
305900
305400
305000
304500
304100
2871000
3421000
7920000
8101000
1826000
481400
311800
306500
306000
18270000
3452000
676900
13950000
9087000
8574000
11070000
2108000
511800
5113000
1158000
417400
319100
318600
318100
317600
317100
316600
7358000
1549000
461100
316900
316400
315900
315400
314900
314400
313900
313500
313000
312500
312000
311500
1692000
552400
338700
1730000
558300
338500
309000
308600
308100
307600
4952000
1518000
31600000
5766000
949700
314100
313600
313100
1735000
1738000
547200
336000
2342000
666700
352700
310800
310300
309800
309300
308800
308400
307900
307400
306900
306500
306000
305500
305100
304600
304100
1514000
515200
327800
302700
302200
412500
2275000
812800
370200
304100
300200
299800
299300
298900
298400
298000
297500
297100
4252000
6391000
1324000
408500
5111000
1140000
396600
298000
297600
297100
296700
296200
295800
295400
294900
294500
294100
293600
293200
292800
292300
291900
291500
291100
290600
290200
3772000
12520000
2396000
530200
292700
292300
291900
291500
291000
290600
290200
289800
289300
288900
288500
288100
287700
287300
286900
286400
286000
285600
285200
284800
284400
284000
283600
283200
282800
282400
282000
281600
281200
280800
280400
280000
279600
279200
278900
278500
278100
277700
277300
276900
276500
276200
275800
275400
275000
274600
274300
273900
273500
273100
272800
272400
272000
271700
271300
270900
270600
270200
269800
269500
269100
268700
268400
268000
267700
267300
266900
266600
266200
265900
265500
265200
264800
264500
264100
263800
263400
263100
262700
262400
262000
588600
318600
267800
260800
260400
260100
259800
259400
259100
258700
258400
258100
257700
257400
257100
256700
256400
256100
255800
255400
255100
254800
254500
10380000
2027000
462800
255900
255600
1506000
474000
280400
254600
254300
253900
253600
253300
253000
252700
252300
252000
251700
251400
865100
11240000
2169000
475200
252900
252500
252200
251900
251600
251300
251000
250600
250300
943700
61160000
10900000
1504000
263200
262900
262500
262200
261800
261500
261100
260800
260500
260100
259800
259500
259100
258800
258400
258100
257800
257400
257100
256800
256500
256100
255800
255500
255100
254800
254500
254200
253900
253500
253200
252900
252600
252300
251900
251600
251300
251000
250700
250400
250000
249700
249400
249100
248800
248500
248200
247900
247600
247300
247000
246700
246300
246000
245700
245400
245100
244800
244500
244200
243900
243600
243300
243100
242800
242500
242200
241900
241600
241300
241000
240700
240400
8001000
5259000
1041000
316800
20290000
3752000
655500
3045000
11690000
24860000
4632000
750700
6079000
1273000
373900
254800
14160000
2689000
541200
257300
257000
256600
256300
256000
255600
1614000
13710000
2597000
11300000
24500000
36990000
13490000
24260000
4288000
733700
282800
282400
282000
281600
281200
280800
280400
280000
279600
279200
28030000
5139000
852500
285900
285500
285100
284700
284300
3075000
772300
340900
1.7e+07
4209000
10020000
1922000
478000
289600
289200
288800
288400
287900
287500
8333000
8267000
2460000
574400
18960000
7980000
1450000
386200
295600
295100
294700
294300
1633000
528000
320700
293000
292500
292100
17710000
3341000
651500
295800
295300
294900
294500
294000
293600
293200
292800
292300
15310000
5922000
1127000
357400
295800
295300
294900
4001000
3142000
755400
339800
294500
294100
293700
293300
292800
292400
292000
291500
20420000
3816000
707100
296100
295600
295200
294800
294300
9245000
1861000
478400
295400
294900
294500
294100
293600
13540000
35820000
6381000
982200
304200
303800
303300
19160000
15160000
2716000
546900
310800
310300
309900
309400
308900
308400
307900
307500
307000
306500
306100
305600
305100
304700
304200
303700
303300
302800
302400
301900
301400
301000
300500
300100
299600
299200
298700
298300
4402000
1598000
1962000
568800
30420000
12560000
2145000
449900
306700
306200
305700
305300
560600
349100
309200
303500
303000
302600
302100
301700
301200
300800
300300
299900
299400
299000
298500
651300
22250000
27610000
34420000
12790000
2847000
1761000
5529000
1216000
421500
319200
2585000
9040000
1823000
490500
9436000
1916000
508200
321800
5801000
2046000
567900
337400
321300
4560000
1063000
407700
320700
320200
319600
319100
318600
318100
317600
317100
643500
11260000
5045000
6437000
28580000
8503000
1461000
394300
326400
325900
325400
7190000
23700000
7902000
1406000
15510000
2976000
1385000
463800
348600
332800
332300
331700
331200
330600
330100
329500
329000
328500
327900
327400
326900
326300
325800
325300
324700
324200
323700
323200
322600
322100
321600
321100
320600
320100
319500
319000
318500
318000
317500
3270000
833700
377200
316500
316000
315500
315000
314500
314000
313500
313000
7313000
1538000
456700
313400
312900
312400
311900
311400
310900
310500
310000
309500
309000
308500
308100
307600
307100
306600
306200
305700
305200
304800
304300
303800
303400
302900
302500
302000
301600
301100
300600
300200
299700
299300
298800
298400
298000
297500
297100
296600
296200
295800
5938000
1283000
411300
295800
295300
294900
294500
294000
24400000
38430000
6729000
1e+06
307900
307400
306900
306500
306000
3962000
17320000
11710000
3506000
22080000
12940000
2305000
501600
320400
319900
13180000
2571000
585100
322200
321700
321200
320700
2169000
50920000
9156000
1354000
328100
327600
327000
14980000
2892000
628500
329100
328500
328000
327500
326900
3990000
967500
401300
326100
5905000
18180000
12710000
2305000
11040000
2173000
549300
334300
333800
333200
332600
332100
331500
331000
330400
329900
329400
328800
328300
327700
327200
326700
326100
325600
325100
324500
10540000
2113000
534900
325900
325400
324900
722100
3697000
11060000
2169000
1831000
553700
352800
325800
4939000
1133000
8491000
1739000
492200
327000
326500
326000
325400
324900
324400
323800
323300
322800
322300
321800
321200
320700
320200
319700
319200
318700
318200
317700
317200
1800000
21500000
6703000
1220000
376700
321300
320800
320300
319800
319200
318700
318200
317700
317200
316700
316200
315700
315200
314700
314200
313700
313200
25020000
25300000
4440000
744900
322900
322300
321800
321300
6247000
2102000
572900
336700
9821000
2294000
571200
329100
322200
321700
321200
320700
320200
319700
319100
318600
318100
317600
317100
316600
316100
315600
315100
314600
314100
313600
313200
312700
312200
311700
11870000
2335000
549800
313500
1108000
451800
328600
311900
311400
310900
310400
309900
309400
309000
308500
308000
307500
307100
306600
306100
305700
305200
304700
304300
303800
303300
302900
302400
302000
5115000
1765000
509100
314500
301400
301000
300500
300100
299600
299200
298700
298300
297800
297400
296900
296500
2257000
7557000
9715000
1869000
466300
299200
298800
298300
297900
297400
297000
296500
296100
295700
295200
294800
294400
293900
293500
293100
292600
17560000
3316000
648900
296300
295800
295400
295000
294500
294100
293700
293200
292800
292400
291900
291500
291100
290700
290200
289800
289400
289000
12960000
2507000
550100
291200
290800
290300
289900
289500
289100
288700
288200
287800
287400
287000
286600
286200
285800
285400
285000
284600
284100
283700
283300
282900
282500
282100
281700
281300
281000
280600
280200
279800
279400
279000
278600
278200
277800
277400
277100
276700
276300
275900
275500
275200
274800
274400
274000
273600
273300
272900
272500
272200
271800
271400
271000
270700
270300
270000
269600
269200
268900
268500
268100
6049000
13130000
13040000
36490000
6466000
980200
283700
283200
282800
282400
282100
281700
281300
280900
280500
280100
279700
279300
278900
278500
278100
277700
277400
277000
276600
276200
275800
275400
275100
274700
274300
273900
273600
273200
272800
272400
7222000
5134000
1053000
348400
273600
273300
272900
30280000
5527000
1779000
435300
298100
279600
279200
278800
278400
278000
277700
277300
1072000
7419000
1519000
420900
277600
277200
276900
276500
276100
275700
275300
275000
274600
274200
273800
273500
273100
10940000
28870000
8557000
1837000
425200
3058000
4656000
1020000
363000
283200
282800
10680000
37600000
11370000
1833000
390000
294600
294200
293700
293300
567700
1601000
987100
399800
301300
291400
290900
290500
290100
289700
289300
288800
11170000
2194000
512900
290500
290100
289600
289200
288800
288400
18930000
3552000
673100
292400
292000
291600
291100
290700
290300
289900
289500
289000
288600
288200
287800
11210000
2199000
512600
289500
289000
4993000
1581000
4642000
1279000
9077000
1811000
468300
291300
290800
290400
659800
4482000
1815000
513700
306200
289500
289100
288700
288300
287800
2452000
2870000
717400
332500
287100
286700
5581000
1213000
395100
537000
330100
291000
285500
285100
284700
284300
283900
283500
283100
282700
282300
2097000
599300
318600
14060000
2694000
565600
284100
283700
283300
282900
7262000
1504000
5934000
1966000
2443000
4688000
26350000
10720000
1845000
414800
293700
293300
292900
292400
292000
291600
291200
290700
290300
289900
289500
289100
288600
288200
287800
287400
287000
286600
286200
285800
285400
284900
284500
284100
283700
283300
282900
282500
282100
281700
281300
280900
280500
280200
279800
279400
279000
278600
278200
277800
277400
3308000
807300
339000
276800
276400
4514000
1018000
362900
1114000
422400
292700
275200
274800
274500
274100
273700
273300
273000
272600
272200
271800
271500
271100
270700
270400
270000
269600
269300
268900
2750000
7804000
10220000
1931000
448900
271900
271600
271200
270800
270500
270100
269700
269400
269000
268600
268300
267900
267600
267200
266900
266500
266100
265800
265400
265100
264700
264400
264000
263700
263300
263000
262600
262300
262000
261600
261300
260900
260600
260300
259900
259600
259200
258900
258600
258200
257900
4884000
12450000
6699000
1255000
350600
4229000
3808000
842200
320500
262000
261600
261300
261000
260600
260300
259900
259600
259300
258900
258600
258300
257900
257600
257300
256900
256600
256300
255900
255600
255300
255000
254600
254300
254000
253700
253300
253000
252700
252400
7348000
1661000
427400
11780000
4471000
1235000
7954000
13870000
51590000
9538000
1350000
281300
271900
271500
271100
3804000
889100
343100
270700
270300
269900
269600
269200
268900
268500
268100
267800
267400
267100
266700
266400
266000
6165000
4071000
2032000
526600
7890000
31790000
22290000
3844000
774400
15960000
14150000
2553000
17600000
10130000
1840000
433400
293400
292900
292500
292100
291600
291200
40870000
7395000
1128000
299500
299000
298600
298100
297700
297300
296800
296400
295900
5247000
31270000
6208000
1013000
314800
303300
302800
302400
301900
301500
301000
300600
300100
299700
2002000
597000
10570000
4259000
3543000
810300
355900
7789000
5498000
31300000
22290000
15930000
2772000
9099000
26330000
5082000
19050000
