1004000
969700
960500
955600
950700
945900
941200
936500
931800
927200
922600
918100
913600
909200
904800
900500
2775000
1470000
1069000
1038000
1092000
1804000
1176000
1588000
4213000
1732000
1378000
1368000
1358000
1986000
1535000
1391000
1932000
1572000
1955000
5217000
4352000
2139000
1868000
1850000
2195000
1888000
1829000
3327000
2106000
2511000
2020000
1933000
1913000
1894000
1875000
1856000
2041000
1861000
1820000
1803000
1786000
1769000
1752000
1736000
1720000
2415000
1831000
1734000
1718000
1702000
1687000
1672000
1657000
1770000
2645000
2899000
2305000
1849000
1786000
1769000
1753000
1736000
1720000
1705000
1980000
1732000
1683000
1668000
1653000
1639000
1625000
2139000
1700000
1625000
1611000
1598000
1584000
1571000
1558000
1545000
1532000
1520000
1507000
1495000
1484000
1472000
1460000
1449000
1438000
1427000
1416000
1406000
1395000
1385000
1375000
1365000
1355000
1345000
4666000
1961000
1564000
1551000
1539000
1526000
1514000
1502000
1977000
2622000
1704000
1570000
1557000
1544000
1531000
1519000
1507000
1495000
1483000
1471000
1460000
1448000
1437000
1426000
1415000
1405000
1394000
1384000
1374000
1364000
1354000
1344000
1335000
1325000
1316000
1307000
1298000
3559000
1723000
2277000
1596000
1489000
1477000
1465000
1454000
1443000
1432000
1421000
1410000
1400000
1389000
1379000
2835000
1632000
1451000
1440000
1429000
1418000
1407000
1397000
1386000
1376000
1366000
1356000
1346000
1337000
1327000
1318000
1309000
1300000
1291000
1282000
1273000
1265000
1256000
1248000
1239000
1231000
1223000
1215000
1207000
1200000
1192000
1184000
1177000
1318000
1193000
1169000
1161000
1154000
1147000
1140000
1133000
1126000
1120000
1113000
1106000
1100000
1093000
1087000
1081000
1075000
1068000
1062000
1354000
1109000
1069000
1063000
1057000
1051000
1045000
1039000
1033000
1028000
1022000
1017000
1011000
1006000
1e+06
3009000
1387000
1150000
1143000
1136000
1129000
1198000
1131000
1115000
1109000
1102000
1096000
1089000
1083000
1077000
1071000
1064000
1058000
1053000
1047000
1041000
1035000
1029000
1024000
1018000
1013000
1007000
1002000
996500
991200
986000
980800
975700
970700
965700
960700
2787000
2936000
1421000
4501000
2319000
1565000
1501000
1489000
1477000
1465000
1454000
1443000
1432000
1421000
1410000
1400000
1389000
1379000
1369000
1359000
1349000
1340000
1330000
1321000
1311000
1302000
1293000
1284000
1276000
1267000
2043000
2732000
1573000
1411000
1401000
1390000
1380000
1370000
1508000
1509000
1377000
1352000
1342000
1333000
1323000
1314000
1305000
1296000
1287000
1278000
1443000
1743000
1364000
1304000
1295000
1287000
1278000
1269000
1261000
1252000
1244000
1236000
1227000
1219000
4256000
6220000
2312000
1790000
1773000
1756000
1740000
1724000
1708000
1693000
1678000
1663000
2292000
1761000
1672000
1657000
1642000
2167000
1720000
1644000
1629000
1615000
1601000
1588000
1574000
1561000
1673000
1569000
1534000
1521000
1508000
1554000
1495000
4243000
2e+06
1667000
1653000
1847000
1665000
1627000
1613000
2515000
1906000
1673000
1642000
1628000
1614000
1600000
1586000
1635000
1837000
1603000
1559000
1546000
1534000
1521000
1509000
2482000
1673000
1547000
1534000
1522000
1509000
1709000
4550000
2078000
2272000
3726000
2123000
1887000
1868000
1849000
1831000
1813000
1796000
1779000
1762000
1746000
1729000
1714000
1698000
1683000
1668000
1653000
1638000
1624000
1610000
1597000
1583000
1570000
1557000
1911000
1602000
1547000
1534000
1521000
7191000
2635000
1967000
3171000
9048000
3605000
2576000
2512000
2479000
3276000
4159000
2760000
2544000
2510000
2477000
2444000
2413000
2382000
2352000
2323000
2294000
6891000
4220000
2788000
4960000
3161000
2776000
2725000
2685000
2647000
4920000
3040000
2737000
2697000
2659000
2621000
2585000
2550000
2515000
2482000
2449000
5268000
2947000
2585000
2550000
2515000
2482000
2449000
2417000
2387000
2356000
2327000
2298000
3266000
2432000
2289000
2262000
2235000
2208000
2182000
2157000
2132000
2108000
2085000
2062000
2039000
2017000
1996000
1975000
1954000
1934000
1914000
1894000
1875000
1857000
1839000
1821000
1803000
1786000
1769000
1752000
1736000
2452000
1851000
1751000
1735000
1719000
1703000
1688000
1673000
1658000
1643000
1629000
1615000
1601000
1588000
1574000
1561000
1548000
1535000
1523000
1511000
1499000
1487000
1475000
1463000
1452000
1441000
1430000
2404000
3070000
1750000
1567000
1554000
1541000
1528000
1516000
1504000
1492000
1480000
1468000
1457000
1446000
1435000
1424000
1413000
1402000
1392000
1382000
1371000
1361000
1352000
1342000
1332000
1323000
1314000
1304000
1295000
1287000
1278000
1269000
1261000
1252000
1244000
1236000
1227000
1219000
1212000
1204000
1196000
1188000
1181000
1174000
1166000
1159000
1152000
1145000
1138000
1131000
1124000
1118000
1111000
1104000
1098000
1091000
1085000
1079000
1073000
1067000
1061000
1055000
1049000
1043000
1037000
1031000
1026000
1020000
1015000
1009000
1004000
998300
993000
987800
982600
2481000
1389000
1111000
1090000
1084000
1078000
1071000
1065000
1059000
1053000
1047000
1042000
1036000
1030000
1025000
1019000
1013000
1735000
1346000
1094000
1065000
1144000
1070000
1054000
1048000
1042000
1037000
1031000
1025000
1020000
1014000
1009000
1003000
997900
992700
987400
982200
977100
972000
967000
962100
957100
952300
1016000
1325000
1013000
965300
960300
955400
950600
945800
941000
936300
931700
927100
922500
918000
913500
909100
1343000
982000
926700
922200
917700
913200
908800
904400
9e+05
895700
891500
887200
2183000
2218000
1183000
1052000
1046000
1040000
1035000
1785000
1171000
1079000
1073000
1066000
2039000
4159000
1768000
1392000
1377000
1367000
1357000
1347000
1591000
4817000
2519000
1689000
1615000
1601000
1587000
1574000
1561000
1548000
1535000
1523000
1510000
1498000
1486000
2163000
2090000
4404000
2078000
1741000
1724000
4087000
2449000
1944000
1894000
1875000
1856000
1838000
1820000
1803000
1785000
1768000
1752000
1736000
2094000
2141000
2758000
2814000
2017000
1873000
1850000
1832000
1814000
4246000
2288000
1990000
4103000
3626000
3684000
4268000
2595000
2354000
3264000
2476000
2338000
2309000
2281000
2253000
2227000
2200000
2175000
3559000
2389000
2200000
2174000
2149000
2125000
2101000
2077000
2055000
2032000
2010000
1989000
1968000
1947000
1927000
2148000
1938000
1892000
2069000
1895000
1854000
1836000
1818000
1800000
1783000
2419000
1936000
6318000
2683000
2145000
2120000
2096000
2073000
2269000
2235000
2062000
2022000
2282000
2039000
1986000
1965000
1945000
1925000
1905000
1886000
1867000
1848000
1830000
1813000
1795000
1778000
1761000
1745000
1729000
1713000
2094000
1761000
1700000
1685000
1679000
1695000
1914000
1705000
1642000
1625000
1611000
1597000
1584000
1570000
1557000
1544000
1532000
1519000
2316000
2384000
1686000
1588000
2242000
1691000
1600000
1587000
1573000
1560000
1547000
1535000
1522000
1510000
1498000
1486000
1474000
1463000
1451000
1440000
1429000
1418000
1408000
1397000
1387000
1376000
2406000
3129000
1716000
1522000
1510000
1497000
1486000
1474000
1462000
1451000
1440000
1429000
1418000
1407000
1397000
1386000
1376000
1366000
1356000
1347000
1337000
1327000
1318000
1309000
1300000
1291000
1282000
1273000
1265000
1256000
1248000
1239000
1231000
1223000
1215000
1208000
1200000
1192000
1185000
1177000
1170000
1163000
1155000
1148000
1141000
1134000
1127000
1121000
1114000
1129000
1105000
1096000
1090000
1084000
1077000
1071000
1065000
1059000
1053000
1047000
1041000
1320000
1085000
1047000
1041000
1035000
1030000
1024000
1019000
1013000
1008000
1002000
996800
991500
986300
981200
976000
971000
966000
961000
956100
951300
946400
941700
937000
1372000
1010000
954900
950000
945200
940500
935800
931100
926500
922000
917500
913000
908600
904200
899800
895500
891300
887000
882900
878700
874600
870600
866500
1835000
1051000
934800
930100
925500
1067000
943700
922300
917800
913300
908900
904500
900200
895800
891600
887400
883200
879000
874900
1054000
1849000
1061000
948300
943500
938800
934100
929500
924900
920300
915800
911400
907000
1129000
6418000
2002000
1367000
1357000
1348000
1338000
1329000
1319000
1310000
1301000
1292000
1283000
1274000
1266000
1257000
1249000
1240000
1232000
1224000
1216000
1208000
1201000
1193000
1185000
1178000
1171000
1163000
1156000
1149000
1142000
1135000
1128000
1122000
1115000
1108000
1102000
1095000
1089000
1083000
1076000
1070000
1064000
1058000
1052000
1046000
1040000
1035000
1029000
1023000
1018000
1012000
1007000
1002000
996200
990900
985700
980500
975400
970400
965400
960400
955500
950700
945900
941100
936400
931800
927100
922600
918100
1002000
925600
910900
906500
902200
897800
1912000
1415000
1022000
978400
2801000
1325000
1109000
1359000
2145000
3576000
1680000
1392000
2170000
1515000
1413000
1402000
3283000
1737000
1506000
1494000
1482000
1470000
1459000
1448000
1437000
1622000
3249000
1758000
3004000
4848000
7754000
4334000
6879000
3226000
2694000
2656000
2618000
2582000
2547000
2512000
2479000
2447000
2415000
2384000
2354000
7810000
3377000
2710000
2672000
2634000
2597000
2561000
2527000
3050000
2569000
2472000
5712000
3251000
4486000
2989000
2743000
2704000
2665000
2627000
2591000
2555000
2521000
4101000
4058000
2977000
2659000
6253000
4174000
3031000
2888000
2844000
2801000
2760000
2719000
2974000
2701000
2630000
2594000
2558000
2524000
5933000
3144000
2712000
2673000
2635000
2599000
2563000
2528000
2494000
2461000
2429000
2398000
5413000
3520000
2666000
2563000
2528000
2495000
2462000
3223000
2983000
2514000
2432000
2401000
2370000
2341000
2312000
2283000
2256000
2229000
2203000
6282000
2935000
2431000
2400000
2369000
2340000
2311000
2282000
4107000
2581000
2338000
2309000
2281000
2254000
2227000
2200000
4948000
8947000
3574000
2816000
2774000
2733000
2694000
6383000
5706000
3399000
3085000
3035000
2986000
2939000
2893000
2849000
2806000
2765000
2724000
2685000
2647000
2610000
2574000
2539000
2505000
2471000
2439000
2408000
2377000
2347000
2318000
2289000
2262000
2235000
2208000
2182000
2157000
2132000
2108000
3643000
2468000
2460000
2187000
7854000
4568000
2779000
2587000
2551000
2517000
2483000
2544000
2589000
2425000
2377000
2347000
2318000
2289000
2261000
2234000
2208000
2182000
2157000
2132000
2108000
2085000
2062000
2401000
6195000
7303000
8997000
5560000
3640000
3541000
4465000
3356000
3157000
3104000
3539000
4880000
3366000
3113000
5128000
3427000
3139000
3087000
4150000
3374000
3080000
3014000
2966000
3816000
3062000
2914000
2869000
2826000
2784000
2743000
2703000
2664000
2627000
2590000
3052000
4748000
3503000
3840000
8400000
4740000
3331000
3173000
3119000
3068000
3018000
4338000
8435000
4982000
3542000
7272000
4055000
3748000
3512000
3424000
3362000
3302000
3245000
3189000
3136000
3084000
3033000
2985000
2938000
2892000
2848000
2805000
2763000
2723000
2684000
2646000
2609000
2573000
2538000
2504000
2470000
2438000
2407000
2376000
2346000
2317000
2289000
2261000
2234000
3255000
3230000
2392000
2267000
2239000
2213000
2187000
2162000
2137000
2113000
2089000
2066000
3476000
2301000
2113000
2089000
2066000
2044000
2021000
2e+06
1979000
1958000
1938000
1918000
1898000
1879000
1860000
1842000
1824000
1806000
1789000
1772000
1755000
1739000
1723000
1707000
1692000
1677000
1662000
1647000
1633000
1619000
1605000
1591000
1578000
1564000
1551000
1539000
1526000
1514000
1502000
1490000
1478000
1466000
2569000
1655000
1514000
1502000
1490000
1478000
1466000
1455000
4737000
6617000
2601000
2062000
2039000
2017000
1996000
1975000
1954000
2440000
4663000
4120000
2721000
6331000
4739000
2854000
2619000
2583000
2547000
5034000
2981000
2656000
2619000
2582000
2547000
2513000
2851000
12490000
4419000
3226000
3171000
3117000
3066000
6256000
3612000
3187000
3134000
3082000
3032000
2983000
2936000
3616000
2997000
2870000
2827000
3881000
6121000
5650000
3484000
5884000
3635000
3265000
3209000
3154000
3102000
3051000
3002000
2954000
2908000
2863000
2820000
2778000
2737000
2698000
2659000
2622000
2585000
2550000
2516000
2482000
2450000
4554000
2805000
2526000
2492000
2459000
2427000
2497000
3031000
4453000
2751000
2744000
2507000
2445000
2414000
3291000
2528000
3973000
2670000
2456000
2424000
2393000
2363000
2333000
2304000
2276000
2249000
2222000
2196000
2170000
2145000
2121000
2097000
2074000
2051000
2029000
2007000
1986000
1965000
1944000
2262000
5253000
3092000
2265000
2178000
2153000
2128000
2104000
2081000
2058000
2036000
2014000
1992000
1971000
1951000
1930000
1911000
1891000
1872000
1854000
1836000
1818000
5492000
6421000
2825000
2347000
2318000
2290000
2262000
2235000
3513000
2574000
2278000
2234000
4075000
2596000
2304000
2269000
2241000
2215000
2189000
2163000
2139000
2114000
2091000
2068000
2045000
2023000
2001000
1980000
1959000
1939000
1919000
1899000
1880000
1862000
1843000
1825000
1808000
1790000
4075000
2231000
1950000
1930000
2037000
1917000
1884000
1865000
1846000
1828000
1811000
1793000
1776000
1759000
1743000
1727000
1711000
1696000
1680000
1665000
1651000
1636000
1622000
1608000
1594000
1581000
1568000
1555000
1818000
2387000
1778000
1604000
1580000
1567000
1554000
1541000
1529000
1516000
1504000
1492000
1480000
1469000
1457000
1446000
1435000
2118000
2484000
2740000
1723000
1582000
1568000
1555000
1542000
1530000
1517000
1505000
1493000
1481000
1470000
1458000
1447000
1436000
1425000
1414000
1404000
1742000
4132000
1906000
1583000
1570000
1557000
1544000
1531000
1519000
1507000
1495000
1483000
1471000
1460000
1448000
1437000
1426000
1416000
1405000
1394000
1384000
1374000
3749000
1801000
1513000
1501000
1489000
1477000
1466000
1454000
1443000
1432000
1421000
1411000
1400000
1390000
1379000
1369000
1359000
1349000
1340000
1330000
1321000
1312000
1302000
1293000
1285000
1276000
1267000
1259000
1250000
1242000
1234000
1226000
1218000
1210000
1202000
1194000
1187000
1179000
1172000
1165000
1157000
1150000
1143000
1136000
1130000
1123000
1116000
1109000
1103000
1096000
1090000
1084000
1078000
1071000
1065000
1059000
1053000
1047000
1042000
1036000
1030000
1024000
1237000
1766000
2244000
2257000
5460000
2043000
1561000
1548000
1535000
1523000
1511000
1498000
1487000
1475000
1463000
1452000
1441000
1430000
1419000
1408000
1398000
1387000
1377000
1367000
1357000
1347000
1338000
1328000
1319000
1310000
1301000
1292000
1283000
1274000
1265000
1257000
1248000
2161000
1759000
1385000
1338000
1329000
1319000
1310000
5087000
2022000
1695000
1584000
1557000
1544000
1532000
1519000
1507000
1495000
1483000
1471000
1596000
2426000
1627000
1505000
1493000
1482000
1470000
1459000
1447000
1436000
1425000
1414000
1404000
1393000
1383000
1373000
1363000
2771000
5245000
2597000
1854000
1740000
2094000
2306000
1824000
1748000
1731000
1715000
3116000
7491000
3793000
2399000
2266000
2239000
2212000
2186000
2161000
2209000
2372000
2231000
2104000
2070000
2047000
2025000
2003000
1982000
1961000
1941000
1921000
3401000
2197000
2007000
1986000
1965000
1944000
1924000
1905000
1885000
4568000
2403000
2074000
2051000
2029000
2007000
1986000
1965000
1945000
1925000
1905000
1886000
1867000
1848000
1830000
3352000
2113000
1919000
1899000
1880000
2509000
2040000
2465000
2023000
3090000
2136000
1983000
1962000
1941000
1921000
1959000
2456000
2094000
1925000
1894000
1875000
1856000
1838000
1820000
1802000
2129000
2138000
1843000
1791000
1774000
1758000
2487000
1875000
1774000
1796000
1748000
1728000
1712000
1696000
1681000
1666000
1651000
1637000
1623000
1609000
1595000
1885000
1627000
1579000
3456000
1923000
1691000
1676000
1661000
1646000
1632000
2655000
1808000
2423000
1905000
1987000
2302000
5264000
3460000
2236000
2096000
2073000
2050000
2028000
2006000
1985000
1964000
1944000
1924000
1904000
1885000
1866000
1847000
1829000
1812000
1794000
1777000
1760000
1744000
1728000
1712000
1697000
1681000
1666000
1652000
1637000
1623000
1609000
1595000
1582000
1568000
1555000
1543000
1530000
1790000
1557000
1514000
1501000
1489000
1478000
1466000
1455000
2249000
1584000
1479000
1468000
1456000
2103000
1558000
1470000
1600000
1474000
1446000
1435000
1424000
1414000
1403000
1393000
1382000
1372000
1362000
1352000
1343000
1333000
1324000
1314000
1305000
1296000
1287000
1278000
1270000
1927000
2143000
2638000
1585000
1438000
1427000
1416000
1405000
1395000
1384000
1374000
1364000
1354000
1345000
1335000
1326000
1316000
1307000
1298000
1289000
1280000
1271000
1263000
1254000
1246000
1238000
1230000
1222000
1214000
1206000
1198000
1191000
1183000
1176000
1168000
1161000
1154000
1147000
1140000
1560000
1213000
1157000
1150000
1143000
1136000
1129000
1660000
2262000
1766000
1327000
1274000
1647000
1597000
1341000
1303000
1294000
1285000
1276000
1267000
1259000
1250000
1242000
1234000
1226000
1218000
1210000
1202000
1195000
1187000
1179000
1172000
1165000
1158000
1150000
1143000
1137000
1130000
1123000
1116000
1110000
1103000
1097000
1090000
1084000
1078000
2182000
1303000
1157000
2198000
1557000
1304000
1939000
2759000
8081000
2741000
1929000
1903000
1883000
1865000
1846000
2344000
1916000
1839000
1821000
1804000
1787000
1770000
1753000
1737000
1721000
1705000
1690000
1674000
1660000
1645000
1631000
1617000
2587000
2159000
1886000
1702000
2703000
6205000
5849000
2709000
2328000
5335000
5010000
2880000
5936000
4575000
3092000
2895000
2851000
2808000
2766000
2726000
2687000
2649000
11120000
4265000
3239000
3184000
3130000
3078000
3028000
2980000
2933000
2888000
2844000
2801000
3768000
9508000
4221000
3294000
3220000
3166000
3113000
3062000
3012000
2964000
2918000
2873000
2829000
2787000
3116000
2781000
4702000
3493000
3406000
2903000
2802000
4225000
3780000
9754000
8682000
7483000
4261000
6122000
10500000
5214000
9112000
