793800
111700
56490
56380
56260
56140
56030
55910
55800
55680
55570
55460
55350
55230
55120
55010
27200000
5291000
294500
54650
908400
11220000
884100
7371000
42440000
3182000
54040
53930
53820
6971000
1291000
107400
5472000
1490000
5403000
36690000
24330000
1665000
53030
52930
3564000
315300
52650
14770000
1153000
5824000
483900
52240
52140
52040
51940
51850
1964000
194700
51570
51470
51370
51270
51180
51080
50990
6854000
559400
50750
50660
50560
50470
50380
50280
1165000
9761000
11240000
4681000
337700
49880
49790
49700
49610
49520
49430
2759000
251800
49180
49090
49000
48910
48830
5130000
428600
48600
48520
48430
48340
48260
48170
48090
48000
47920
47830
47750
47670
47580
47500
47420
47330
47250
47170
47090
47010
46930
46850
46770
46690
46610
32460000
2470000
46440
46360
46280
46200
46120
46050
4428000
10570000
808000
45830
45750
45680
45600
45520
45450
45370
45300
45220
45150
45070
45000
44920
44850
44780
44700
44630
44560
44480
44410
44340
44270
44190
44120
44050
43980
24610000
1880000
8028000
640800
43760
43690
43620
43550
43480
43410
43340
43270
43200
43130
43070
13670000
1062000
42950
42880
42810
42750
42680
42610
42550
42480
42410
42350
42280
42220
42150
42090
42020
41960
41890
41830
41760
41700
41640
41570
41510
41450
41380
41320
41260
41190
41130
41070
41010
840400
100700
40850
40790
40730
40670
40610
40550
40490
40430
40370
40310
40250
40190
40130
40070
40010
39950
39890
3066000
266100
39800
39740
39680
39620
39560
39510
39450
39390
39340
39280
39220
39170
39110
28280000
2151000
39100
39040
38990
38930
744000
91560
38790
38730
38680
38620
38570
38510
38460
38400
38350
38290
38240
38190
38130
38080
38030
37970
37920
37870
37820
37760
37710
37660
37610
37560
37500
37450
37400
37350
25060000
25450000
1798000
38300000
7238000
362100
37640
37590
37540
37490
37440
37380
37330
37280
37230
37180
37130
37080
37030
36980
36930
36880
36830
36780
36730
36680
36630
36580
36530
36480
10140000
15130000
1108000
36630
36580
36530
36480
36430
1567000
1513000
138200
36320
36270
36220
36170
36130
36080
36030
35980
35940
2368000
6572000
511700
35960
35910
35860
35820
35770
35720
35670
35630
35580
35540
35490
36820000
45560000
3233000
35720
35670
35620
35580
35530
35480
35440
35390
35350
6157000
493100
35360
35310
35270
5143000
417100
35270
35230
35180
35130
35090
35040
35000
1202000
213800
41750
34850
34810
583000
75730
26780000
2034000
34820
34780
2005000
182100
34700
34650
8816000
2040000
135500
34680
34640
34600
34550
34510
625200
2594000
222500
34420
34370
34330
34290
34240
9451000
738400
34290
34250
34210
34160
2022000
29440000
2222000
5315000
18890000
1415000
34500
34450
34410
34370
34320
34280
34240
34190
34150
34110
34070
34020
33980
33940
33900
33850
33810
33770
33730
33690
33640
33600
3051000
259200
33560
33520
33470
55110000
4152000
33590
11780000
48540000
5301000
161500
33850
33810
5466000
1.1e+07
823800
33970
33930
33890
33840
33800
33760
33720
33680
33640
30820000
9534000
572100
15640000
1854000
82820
33980
33940
33890
15380000
1181000
33980
33940
33900
33850
33810
33770
33730
33690
33640
18600000
1422000
33750
33700
33660
33620
33580
33540
33500
33460
33410
33370
6191000
493800
33410
33370
33330
33290
33250
33210
33170
33120
33080
33040
33000
32960
32920
32880
32850
32810
32770
32730
32690
32650
32610
32570
32530
32490
32450
32420
32380
4964000
401100
32380
32350
32310
32270
32230
32190
32160
32120
32080
32040
32000
31970
31930
31890
31850
31820
31780
31740
31710
31670
31630
31600
31560
31520
31490
7928000
14800000
1092000
31760
31720
31690
31650
31610
31580
31540
31500
31470
31430
31390
31360
31320
31290
31250
31210
31180
31140
31110
31070
31040
31000
30970
30930
30890
30860
30830
30790
30760
30720
30690
30650
30620
30580
30550
30510
30480
30450
30410
30380
30340
30310
30280
30240
30210
30180
30140
30110
30080
30040
30010
29980
29940
29910
29880
29850
29810
29780
29750
29720
29680
29650
29620
29590
29550
29520
29490
29460
29430
29390
29360
29330
19580000
3249000
160900
29510
29480
29450
29420
29390
29350
29320
29290
29260
29230
29200
29170
29130
29100
9465000
3605000
243900
29260
1194000
116300
29190
29160
29130
29090
29060
29030
29000
28970
28940
28910
28880
28850
28820
28790
28760
28730
28700
28670
28640
28610
424700
5289000
419700
28630
28600
28570
28540
28510
28480
28450
28420
28390
28360
28330
28300
28270
5968000
472400
28340
28310
28280
28250
28220
28190
28160
28130
28100
28080
19440000
17060000
1193000
28540
28510
28490
28460
10700000
826100
28620
28590
28560
13980000
40420000
3393000
60520
28960
28930
28900
28870
3654000
33930000
7508000
400400
29190
29160
29130
29100
29070
29040
29000
28970
28940
28910
28880
6495000
5229000
27450000
2053000
29260
29220
22930000
4329000
222900
29430
30720
29470
29340
29310
29280
29240
29210
29180
29150
3526000
3735000
9449000
9106000
963100
52420
29490
29460
29430
23610000
1792000
29610
17840000
9611000
9508000
12960000
947600
30290
6233000
494100
30340
30300
30270
30240
30200
30170
30140
9284000
722100
30250
30220
30190
30150
30120
30090
30050
30020
29990
29950
29920
29890
29850
2192000
191500
29810
1885000
168500
29750
29720
29690
29650
29620
6180000
1003000
39220000
2957000
29890
29860
29820
29790
2048000
1700000
143400
29740
2687000
228400
29710
29670
29640
29610
29580
29540
29510
29480
29450
29420
29380
29350
29320
29290
29260
29230
3287000
272800
29210
29180
38890
391200
2580000
433800
45240
29060
29030
29000
28970
28940
28900
28870
28840
28810
7106000
7533000
550500
29000
6335000
500500
29050
29020
28990
28960
28930
28900
28870
28840
28810
28780
28750
28720
28690
28660
28630
28600
28570
28540
28510
28480
8722000
15810000
1160000
28820
28790
28760
28730
28700
28670
28640
28610
28580
28550
28520
28490
28460
28430
28400
28370
28340
28310
28280
28260
28230
28200
28170
28140
28110
28080
28050
28020
27990
27970
27940
27910
27880
27850
27820
27790
27770
27740
27710
27680
27650
27620
27600
27570
27540
27510
27490
27460
27430
27400
27380
27350
27320
27290
27270
27240
27210
27180
2888000
241200
27230
27210
27180
27150
27130
27100
27070
27040
27020
26990
26960
26940
26910
26880
26860
26830
26810
26780
26750
26730
26700
26670
5068000
403700
26790
26770
26740
26710
26690
26660
26640
26610
26580
26560
26530
26510
26480
26450
26430
26400
26380
26350
26330
26300
26280
15690000
1197000
26580
26550
26530
1884000
165500
26580
26560
26530
26500
26480
26450
26430
26400
26380
26350
26330
26300
3220000
14310000
1077000
26740
26710
26680
26660
26630
26610
26580
26550
26530
26500
2604000
77970000
5840000
26950
26920
26890
26870
26840
26820
26790
26760
26740
26710
26680
26660
26630
26610
26580
26550
26530
26500
26480
26450
26430
26400
26370
26350
26320
26300
26270
26250
26220
26200
26170
26150
26120
26100
26070
26050
26020
26000
25970
25950
25920
25900
25870
25850
25820
25800
25780
25750
25730
25700
25680
25650
25630
25610
25580
25560
25530
25510
25490
25460
25440
25410
25390
25370
25340
25320
25300
25270
25250
25230
25200
25180
25160
25130
14540000
5716000
370000
25700
26130000
1978000
26060
3557000
14420000
30660000
2478000
44840
7474000
583900
27070
27040
18090000
1378000
27320
27290
27260
27230
27210
27180
27150
1807000
17320000
1311000
1.4e+07
30330000
45040000
12330000
29660000
2193000
28800
28770
28740
28710
28680
28650
28620
28590
28560
28530
28500
36770000
2776000
28710
28680
28650
28620
28590
28560
3678000
301400
28560
21900000
2954000
12100000
924400
28970
28940
28910
28880
28850
28820
28790
10670000
9309000
1770000
111800
24470000
7567000
456400
29400
29370
29330
29300
29270
1919000
170500
29220
29190
29160
29130
23020000
1748000
29310
29280
29250
29220
29180
29150
29120
29090
29060
29030
20210000
5411000
318900
29260
29230
29200
29170
5154000
3251000
241500
29220
29190
29160
29130
29100
29070
29040
29010
28980
27280000
2067000
29160
29130
29100
29070
29040
29010
12180000
937700
29150
29120
29090
29060
29030
29000
18250000
43580000
3183000
29420
29390
29360
29320
24940000
16950000
1156000
29720
29690
29660
29620
29590
29560
29530
29500
29460
29430
29400
29370
29340
29310
29270
29240
29210
29180
29150
29120
29090
29060
29020
28990
28960
28930
28900
28870
28840
9616000
1498000
1994000
171700
38480000
11940000
704900
29350
29320
29290
29260
321600
1058000
104400
29160
29130
29100
29070
29040
29010
28980
28950
28910
28880
28850
28820
28790
2837000
28950000
32300000
39400000
11620000
1633000
1616000
6586000
511500
29790
29760
3170000
11110000
840500
29860
13430000
1032000
29760
1077000
6736000
1433000
97460
29600
3988000
9161000
690100
29470
29440
29410
29370
29340
29310
29280
29250
29220
578800
14250000
4725000
7277000
34410000
6824000
348600
29840
29810
29770
29740
9020000
28210000
6674000
373200
18840000
1436000
1020000
104400
30310
30280
30240
30210
30170
30140
30110
30070
30040
30010
29980
29940
29910
29880
29840
29810
29780
29750
29710
29680
29650
29620
29580
29550
29520
29490
29460
29420
29390
29360
5156000
6032000
449600
29480
29450
29410
29380
29350
29320
29290
29260
29230
10570000
817500
29360
29330
29300
29270
29240
29200
29170
29140
29110
29080
29050
29020
28990
28960
28930
28890
28860
28830
28800
28770
28740
28710
28680
28650
28620
28590
28560
28530
28500
28470
28440
28410
28380
28350
28320
28290
28260
28240
28210
28180
9873000
764400
28330
28300
28270
28240
28220
28190
31740000
45210000
3229000
28690
28660
28630
28600
28570
28540
4803000
21790000
12610000
2632000
27300000
13570000
890200
29490
29450
29420
16850000
1287000
29580
29550
29520
29490
29450
2467000
61730000
4629000
29660
29630
29600
29560
18560000
1415000
29730
29700
29670
29630
29600
29570
4804000
386600
29580
29550
7259000
21720000
13520000
920600
13290000
1022000
30220
30190
30160
30120
30090
30060
30020
29990
29960
29920
29890
29860
29830
29790
29760
29730
29700
29660
29630
29600
14050000
1078000
29740
29710
29680
29650
655000
4342000
13560000
1018000
1705000
155100
29810
29780
6020000
477700
10520000
814300
29980
29940
29910
29880
29850
29810
29780
29750
29720
29680
29650
29620
29590
29550
29520
29490
29460
29430
29390
29360
29330
2939000
26710000
5486000
289600
29590
29560
29530
29500
29470
29430
29400
29370
29340
29310
29280
29240
29210
29180
29150
29120
29090
29060
32930000
28540000
1977000
29490
29460
29430
29390
29360
8411000
1617000
101300
29450
12430000
1357000
59510
29570
29530
29500
29470
29440
29410
29380
29340
29310
29280
29250
29220
29190
29160
29120
29090
29060
29030
29000
28970
28940
28910
28880
20670000
1572000
29060
29030
1189000
115700
28960
28930
28900
28870
28840
28810
28780
28750
28720
28690
28660
28630
28600
28570
28540
28510
28480
28450
28420
28390
28360
28330
1834000
7793000
1391000
87720
28460
28430
28400
28370
28340
28310
28280
28260
28230
28200
28170
28140
28110
5711000
9365000
11230000
816000
28590
28560
28530
28500
28470
28440
28410
28380
28350
28320
28290
28260
28230
28200
28170
28140
1923000
26010000
1960000
28410
28380
28350
28320
28290
28270
28240
28210
28180
28150
28120
28090
28060
28030
28000
27970
27950
27920
27890
21590000
1641000
28130
28100
28070
28040
28010
27980
27960
27930
27900
27870
27840
27810
27790
27760
27730
27700
27670
27640
27620
27590
27560
27530
27500
27480
27450
27420
27390
27370
27340
27310
27280
27260
27230
27200
27180
27150
27120
27090
27070
27040
27010
26990
26960
26930
26910
26880
26850
26830
26800
26770
26750
26720
26700
26670
26640
26620
26590
26570
26540
26510
1959000
10160000
16110000
14860000
45870000
3378000
27790
27770
27740
27710
27680
27650
27620
27600
27570
27540
27510
27490
27460
27430
27400
27380
27350
27320
27290
27270
27240
27210
27180
27160
27130
27100
27080
27050
27020
27000
26970
12140000
5585000
375200
27360
27330
27300
27280
39450000
2975000
1131000
110100
27580
27550
27520
27500
27470
27440
27410
27390
1192000
9108000
7e+05
27610
27590
27560
27530
27500
27470
27450
27420
27390
27360
27340
27310
27280
27250
1.4e+07
36110000
6982000
863500
66200
3572000
5288000
401600
28110
28080
28050
13540000
46550000
9432000
477300
28640
28610
28580
28550
28520
467100
1679000
744700
73000
28470
28440
28410
28380
28350
28320
28290
28260
14320000
1097000
28450
28420
28390
28360
28330
28300
28270
24600000
1865000
28500
28470
28440
28410
28380
28350
28320
28290
28260
28230
28200
28170
28140
14620000
1119000
28340
28310
28280
6143000
1076000
5448000
742700
11280000
868200
28670
28640
28610
28580
548600
5388000
1449000
105100
28610
28580
28550
28520
28490
28460
3170000
3099000
240500
28500
28470
28440
7037000
552500
28520
381300
54860
28450
28420
28390
28370
28340
28310
28280
28250
28220
28190
2764000
232800
28190
18100000
1380000
28400
28370
28340
28310
28280
9658000
748400
7128000
1479000
2569000
5440000
33650000
10150000
599900
29060
29030
29000
28970
28940
28910
28880
28850
28820
28790
28760
28730
28700
28670
28640
28610
28580
28550
28520
28490
28460
28430
28400
28370
28340
28310
28280
28250
28220
28190
28160
28130
28110
28080
992600
100200
28040
28010
27990
27960
27930
27900
7430000
581400
28010
27990
27960
6055000
478600
28040
1277000
121400
28010
27980
27960
27930
27900
27870
27840
27810
27780
27760
27730
27700
27670
27640
27620
27590
27560
27530
27500
8176000
9766000
11860000
861700
28120
28090
28060
28030
28000
27980
27950
27920
27890
27860
27830
27800
27780
27750
27720
27690
27660
27630
27610
27580
27550
27520
27500
27470
27440
27410
27380
27360
27330
27300
27280
27250
27220
27190
27170
4744000
379900
27260
27230
27200
27170
27150
7283000
15330000
6710000
444900
27730
5321000
4073000
300800
27900
27870
27840
27810
27790
27760
27730
27700
27670
27640
27620
27590
27560
27530
27510
27480
27450
27420
27390
27370
27340
27310
27290
27260
27230
27200
27180
27150
27120
27100
27070
14440000
1310000
42680
14960000
3944000
677800
9823000
16720000
64320000
5308000
70490
28450
28420
28390
28360
4828000
387300
28400
28370
28340
28310
28280
28250
28220
28190
28170
28140
28110
28080
28050
28020
27990
8937000
4252000
1772000
138700
9827000
40430000
24670000
1712000
222900
20490000
16060000
1113000
22390000
10540000
690600
29730
29690
29660
29630
29600
29560
29530
51600000
3886000
29710
29680
29650
29620
29580
29550
29520
29490
29460
29420
6626000
3.9e+07
3603000
81770
29710
29670
29640
29610
29580
29550
29510
29480
29450
29420
2413000
207600
13360000
3825000
3665000
285800
29630
9702000
5770000
38590000
24650000
17440000
1210000
11130000
31420000
2695000
22770000
