1838000
883700
727000
590000
582900
580000
577200
574400
571600
568900
566200
563500
560800
558200
555600
553000
21630000
8054000
3490000
899200
1204000
9505000
2679000
7329000
35150000
8981000
4241000
638400
522900
5944000
2366000
1254000
4905000
2347000
5381000
30340000
24840000
7734000
2502000
558300
3282000
1150000
803400
12170000
3231000
6368000
1602000
993700
497800
480300
478300
476400
1775000
778300
615500
473500
467200
465400
463500
461700
459900
5482000
1637000
1014000
470500
451700
450000
448300
446600
863700
8048000
10410000
6201000
2080000
800700
447200
435400
433800
432200
430600
2185000
840000
621300
430600
423100
421600
420100
4259000
1320000
843100
427700
413200
411700
410300
408900
407500
406100
404700
403400
402000
400600
399300
397900
396600
395300
394000
392700
391400
390100
388800
387600
386300
385000
383800
19760000
4934000
2536000
446600
379300
378100
376900
375700
2542000
8834000
2482000
1263000
397800
369500
368400
367300
366100
365000
363900
362800
361700
360600
359500
358400
357300
356200
355200
354100
353100
352000
351000
349900
348900
347900
346900
345900
344900
14400000
3645000
8104000
1846000
1031000
361600
339500
338500
337600
336600
335700
334700
333800
332800
331900
8579000
2268000
1247000
356900
327900
327000
326100
325200
324400
323500
322600
321700
320800
320000
319100
318300
317400
316600
315700
314900
314100
313200
312400
311600
310800
310000
309200
308400
307600
306800
306000
305200
304400
303600
302900
302100
301300
300600
299800
299000
298300
297500
296800
296100
295300
294600
293900
293100
292400
291700
291000
290300
289600
288900
288200
287500
286800
286100
285400
284700
284000
283300
282700
282000
281300
280700
280000
15960000
3965000
2024000
333600
279500
278900
278200
277600
276900
276300
275600
275000
274400
273700
273100
272500
271800
271200
270600
270000
269400
268800
268200
267600
267000
266400
265800
265200
264600
264000
263400
262800
262200
261700
261100
260500
11810000
20640000
5698000
31380000
10430000
4271000
728800
277600
265900
265300
264700
264100
263600
263000
262400
261800
261200
260700
260100
259500
259000
258400
257800
257300
256700
256200
255600
255100
254500
254000
3117000
11610000
3082000
1452000
290300
253400
252900
252300
1133000
1488000
591000
368100
253600
249500
249000
248500
248000
247400
246900
246400
1567000
5329000
1514000
780700
261300
244500
244000
243500
243000
242500
242000
241500
241100
240600
27720000
39090000
10910000
3943000
358000
247100
246600
246100
245600
245100
244600
244100
4723000
1296000
741400
258200
242500
4077000
1143000
668100
254300
240700
240200
239700
239300
238800
1072000
503100
346500
247600
236800
646800
332200
20140000
4904000
2446000
305100
1700000
580400
399000
240800
6801000
2798000
1205000
371100
238400
234500
234000
233500
678600
2239000
728900
445100
238200
231200
230800
230300
7191000
1866000
1004000
253500
229400
228900
1669000
22290000
5493000
6640000
14990000
3906000
1775000
279500
232200
231800
231300
230900
230400
230000
229500
229100
228600
228200
227800
227300
226900
226500
226000
225600
225200
224700
224300
223900
755000
348000
281800
224100
221900
41780000
9987000
4847000
9134000
38220000
10940000
4560000
497500
235500
4183000
9064000
2528000
1124000
258000
230600
230100
229700
229200
228800
228400
227900
21920000
10740000
3914000
12550000
3479000
1643000
326400
233000
230900
11320000
2838000
1465000
268900
230700
230200
229800
229300
228900
228400
228000
12080000
3013000
1547000
268700
227900
227500
227000
226600
226200
225800
225300
224900
3211000
925900
556100
233900
223300
222900
222500
222100
221600
221200
220800
220400
220000
219600
219200
218800
218400
218000
217600
217200
216800
216400
216000
215600
215200
214800
214400
214100
213700
213300
212900
212500
212100
211800
211400
211000
210600
210300
209900
209500
209200
208800
208400
208100
207700
207300
207000
206600
206300
205900
205500
205200
204800
204500
204100
203800
203400
8199000
2083000
1093000
231300
203700
203400
203000
202700
202300
202000
201600
201300
201000
200600
200300
199900
199600
199300
198900
198600
198300
197900
197600
197300
197000
196600
196300
196000
195700
195300
195000
194700
194400
194100
193800
193400
193100
192800
192500
192200
191900
191600
191300
190900
190600
190300
190000
189700
189400
189100
188800
188500
188200
187900
187600
187300
187000
186700
186500
186200
185900
185600
185300
185000
184700
184400
184100
183900
183600
183300
183000
182700
182400
182200
3842000
2248000
873100
329300
186700
182300
182000
181700
181400
181200
180900
180600
180300
180100
179800
179500
179200
3593000
2950000
1022000
410600
877200
342000
256300
181600
179000
178700
178500
178200
177900
177700
177400
177100
176900
176600
176300
176100
175800
175600
175300
175000
174800
174500
174300
1882000
575500
364000
179700
173600
173300
173100
172800
172600
172300
172100
171800
171600
171300
171100
3422000
935300
532900
182300
171000
170700
170500
170200
170000
169800
169500
169300
12850000
13750000
4075000
1398000
212200
175800
175600
7418000
1878000
982400
201800
176800
9624000
30540000
8135000
3415000
313700
186300
185000
184800
2639000
24870000
9532000
3680000
652000
202600
190700
190400
190100
189800
189500
189200
188900
188600
188300
4388000
4411000
20870000
5136000
2367000
260300
16680000
5844000
2447000
451000
203200
196800
196500
196200
195900
195500
195200
194900
194600
2408000
3077000
7394000
7855000
2511000
924300
242100
199100
198100
17270000
4211000
2099000
13210000
9215000
9522000
11450000
3066000
1232000
4759000
1270000
709900
222300
206500
206200
205800
205500
205100
6798000
1755000
938700
227800
205000
204700
204300
204000
203600
203300
202900
202600
202200
201900
201500
1295000
458200
322600
1455000
494500
339500
204400
199800
199400
199100
4262000
1506000
29420000
6996000
3395000
302100
204000
203700
1403000
1527000
581600
323100
1993000
622800
401500
208600
202200
201900
201500
201200
200800
200500
200200
199800
199500
199200
198800
198500
198200
197800
651600
304000
247500
198200
196400
216000
1932000
753000
423100
217900
195700
194900
194500
194200
193900
193600
193300
193000
2995000
5636000
1630000
736000
4444000
1190000
665900
209500
194700
194400
194100
193800
193400
193100
192800
192500
192200
191900
191600
191300
191000
190700
190300
190000
189700
189400
1608000
11130000
2841000
1376000
228100
191600
191300
191000
190700
190400
190100
189800
189500
189200
188900
188600
188300
188000
187700
187400
187100
186800
186500
186200
185900
185600
185400
185100
184800
184500
184200
183900
183600
183400
183100
182800
182500
182200
182000
181700
181400
181100
180800
180600
180300
180000
179700
179500
179200
178900
178700
178400
178100
177900
177600
177300
177100
176800
176500
176300
176000
175800
175500
175200
175000
174700
174500
174200
174000
173700
173500
173200
172900
172700
172400
172200
171900
171700
171500
171200
171000
170700
170500
170200
170000
169700
169500
169300
169000
168800
168500
168300
168100
167800
167600
167300
167100
166900
166600
166400
166200
165900
165700
165500
165300
165000
164800
164600
7487000
1886000
980300
191000
165800
1158000
398700
275800
168600
165000
164800
164600
164300
164100
163900
163700
163400
163200
163000
162800
9446000
2345000
1197000
196500
164700
164500
164200
164000
163800
163600
163300
163100
162900
56520000
13410000
6439000
365100
172800
172600
172300
172100
171800
171600
171300
171100
170800
170600
170300
170100
169900
169600
169400
169100
168900
168600
168400
168200
167900
167700
167500
167200
167000
166800
166500
166300
166100
165800
165600
165400
165100
164900
164700
164400
164200
164000
163800
163500
163300
163100
162900
162600
162400
162200
162000
161800
161500
161300
161100
160900
160700
160500
160200
160000
159800
159600
159400
159200
159000
158700
158500
158300
158100
157900
157700
157500
157300
157100
156900
156600
5028000
4544000
1462000
535400
17930000
4334000
2137000
2697000
10450000
23250000
6253000
2528000
5417000
1385000
746900
191100
12480000
3068000
1546000
218800
176600
176300
176000
175800
175500
1350000
12160000
3059000
11030000
23290000
37150000
16080000
26230000
5945000
2561000
271300
199200
198900
198600
198300
197900
197600
197300
196900
196600
26690000
6423000
3146000
291000
200400
200100
199700
199400
2653000
775900
472100
16110000
4823000
10870000
2399000
1174000
233100
203100
202800
202400
202100
201700
7652000
8095000
3234000
1091000
18280000
8611000
3188000
733600
221500
206900
206600
206200
1339000
472100
331600
209100
204900
204600
16900000
4129000
2063000
263400
206100
205800
205400
205000
204700
204300
204000
203600
14380000
6283000
2428000
559800
215200
205500
205100
3478000
2921000
1027000
433200
211900
204900
204600
204200
203900
203500
203200
202800
19240000
4677000
2322000
270100
204900
204600
204200
203900
8487000
2151000
1126000
232700
204100
203800
203400
203100
12500000
34200000
8884000
3710000
315700
209300
208900
18450000
15770000
4889000
1528000
250600
211800
211400
211100
210700
210300
209900
209600
209200
208800
208500
208100
207700
207400
207000
206700
206300
205900
205600
205200
204900
204500
204200
203800
203500
203100
202800
202400
1909000
1119000
1823000
573100
28530000
13520000
4913000
1047000
230300
207200
206800
206500
206100
205700
205400
205000
204700
204300
204000
203600
203300
202900
202600
202200
201900
201600
201200
200900
20490000
27160000
35140000
15860000
5622000
2362000
5456000
1488000
758500
229200
2345000
8841000
2359000
1124000
9076000
2289000
1195000
242800
5484000
2198000
974200
313200
214400
4215000
1152000
656500
224600
210600
210200
209900
209500
209100
208800
208400
208000
10180000
5224000
7154000
26880000
9926000
3782000
657900
224500
213100
212800
6869000
22250000
9235000
3330000
14720000
3530000
2494000
432900
296300
218900
216000
215700
215300
214900
214500
214100
213700
213300
213000
212600
212200
211800
211400
211100
210700
210300
209900
209600
209200
208800
208500
208100
207700
207400
207000
206700
206300
205900
205600
205200
204900
204500
204200
203800
203500
203100
202800
202400
202100
201700
5904000
1542000
836400
221600
201800
201500
201100
200800
200500
200100
199800
199500
199100
198800
198500
198100
197800
197500
197100
196800
196500
196200
195800
195500
195200
194900
194600
194200
193900
193600
193300
193000
192700
192400
192000
191700
191400
191100
190800
190500
190200
189900
4155000
1122000
631300
203700
189900
189600
189300
189000
22920000
36740000
10060000
3746000
305400
198800
198400
198100
197800
3416000
16510000
12150000
5030000
21380000
13560000
4428000
1222000
236800
207500
12610000
3122000
1587000
250700
208100
207700
207400
1828000
46890000
11270000
5367000
370700
212600
212200
14020000
3456000
1748000
260000
212600
212200
211800
211400
3751000
1043000
604500
222600
5602000
17230000
13450000
4083000
11200000
2579000
1319000
248200
214000
213600
213200
212800
212400
212000
211700
211300
210900
210500
210200
209800
209400
209100
208700
208300
208000
207600
9776000
2456000
1272000
240700
207700
207400
522400
3351000
10730000
2846000
2474000
516500
338300
211900
4571000
1233000
8453000
2047000
1072000
234900
208100
207700
207300
207000
206600
206300
205900
205600
205200
204800
204500
204100
203800
203400
203100
202700
202400
202100
201700
1146000
19810000
7280000
2931000
540100
213200
204600
204300
203900
203600
203200
202900
202500
202200
201800
201500
201100
200800
200500
200100
199800
199500
22320000
24540000
7162000
2410000
271300
205700
205400
205000
5493000
2107000
948300
296600
9253000
2606000
1276000
267400
206700
205400
205000
204700
204300
204000
203600
203300
202900
202600
202200
201900
201500
201200
200900
200500
200200
199800
199500
199200
198800
198500
8565000
2165000
1130000
228200
859100
354200
272200
200800
198200
197900
197600
197300
196900
196600
196300
196000
195600
195300
195000
194700
194400
194000
193700
193400
193100
192800
192500
192200
191800
2984000
1398000
631800
262600
193500
191300
191000
190700
190400
190100
189800
189400
189100
188800
188500
188200
666400
6427000
8916000
2574000
1017000
216400
191400
191100
190800
190500
190200
189900
189600
189300
189000
188700
188400
188100
187800
187500
187200
13900000
3412000
1715000
236800
189800
189500
189200
188900
188600
188300
188000
187700
187400
187100
186800
186500
186200
185900
185700
185400
185100
9341000
2338000
1205000
218500
187000
186700
186500
186200
185900
185600
185300
185000
184700
184400
184100
183900
183600
183300
183000
182700
182400
182200
181900
181600
181300
181100
180800
180500
180200
180000
179700
179400
179100
178900
178600
178300
178100
177800
177500
177300
177000
176700
176500
176200
176000
175700
175400
175200
174900
174700
174400
174200
173900
173700
173400
173100
172900
172600
172400
172100
171900
171600
171400
2902000
11310000
12310000
35730000
8820000
3794000
294500
184500
184300
184000
183700
183400
183100
182800
182600
182300
182000
181700
181400
181200
180900
180600
180300
180100
179800
179500
179200
179000
178700
178400
178200
177900
177600
177400
177100
176800
5154000
4576000
1491000
554600
189400
178200
177900
28290000
6787000
4094000
463900
270800
186000
183100
182800
182500
182200
181900
181700
819400
6534000
1711000
874700
203900
182500
182200
181900
181700
181400
181100
180800
180500
180300
180000
179700
179500
9567000
27500000
10130000
4086000
694200
2690000
4210000
1271000
581100
201300
189300
9582000
35550000
13150000
4885000
770500
213100
198700
198400
198100
410100
1364000
898500
419800
247100
198200
196500
196200
195800
195500
195200
194900
10210000
2548000
1310000
230700
196300
195900
195600
195300
195000
17770000
4326000
2152000
257700
197500
197200
196900
196500
196200
195900
195600
195300
194900
194600
194300
10120000
2529000
1300000
229900
195700
4343000
1586000
4452000
1347000
8653000
2113000
1088000
226200
198600
198300
508800
3927000
1797000
771700
289300
200600
197800
197500
197200
196800
1992000
2571000
855400
420200
203300
196400
4825000
1284000
711700
421400
245700
219500
196700
195700
195400
195000
194700
194400
194100
193800
193400
1651000
535800
355100
12980000
3199000
1617000
238900
195100
194700
194400
6158000
1597000
5737000
1999000
2590000
4274000
25530000
11820000
4212000
899300
222700
203600
203200
202900
202500
202200
201800
201500
201200
200800
200500
200100
199800
199500
199100
198800
198500
198100
197800
197500
197200
196800
196500
196200
195900
195500
195200
194900
194600
194300
193900
193600
193300
193000
192700
192400
192100
191800
191400
191100
190800
736900
318700
250900
191700
189500
3743000
1025000
585000
879200
348700
264600
191300
188700
188400
188100
187800
187500
187200
186900
186600
186300
186100
185800
185500
185200
184900
184600
184300
184000
183800
6450000
9327000
2686000
1062000
213600
187200
186900
186600
186300
186000
185700
185400
185200
184900
184600
184300
184000
183700
183400
183200
182900
182600
182300
182000
181800
181500
181200
180900
180700
180400
180100
179800
179600
179300
179000
178700
178500
178200
177900
177700
177400
177200
176900
176600
176400
2270000
10750000
6636000
2215000
643700
3639000
3517000
1158000
474400
190200
181300
181000
180700
180500
180200
179900
179600
179400
179100
178800
178600
178300
178000
177800
177500
177200
177000
176700
176400
176200
175900
175700
175400
175100
174900
174600
174400
174100
173900
4214000
1272000
658400
10410000
4524000
2088000
7227000
12680000
49730000
12680000
5463000
393200
193100
191400
191100
3235000
906500
529700
201400
190700
190400
190100
189800
189500
189200
188900
188600
188300
188000
187700
187400
187100
4949000
3762000
2322000
719400
7040000
30570000
23410000
7155000
2184000
15180000
14290000
4345000
17880000
10660000
3575000
992200
230100
207400
207000
206700
206300
205900
38430000
9190000
4461000
341300
210700
210300
209900
209500
209200
208800
208400
208100
4842000
29770000
7943000
3518000
367900
213800
211600
211200
210900
210500
210100
209700
209400
209000
1707000
560700
10270000
4600000
4334000
1070000
499300
7459000
5669000
30230000
23540000
18990000
4892000
9917000
24930000
6772000
19770000
