1711000
915100
913100
756000
770600
731900
689800
658300
656100
653900
651700
649600
647400
645300
643200
641000
17390000
6554000
5037000
2534000
3037000
8885000
2959000
6825000
27980000
8447000
7505000
3468000
3526000
6717000
2783000
1717000
4417000
2499000
5115000
24180000
20230000
9503000
6081000
4226000
5676000
2608000
1471000
9814000
2934000
6408000
2256000
2336000
1486000
1194000
812000
673900
1795000
858300
856200
672000
689900
645200
596600
560500
558900
4814000
1558000
1555000
917900
984300
832900
668000
546400
1335000
6646000
8555000
5884000
3198000
2302000
1810000
1371000
872200
598400
530200
2281000
939700
937800
674800
701400
638400
569700
3678000
1261000
1259000
785900
835100
722500
599900
509500
508200
506900
505600
504300
503000
501700
500400
499100
497800
496600
495300
494100
492800
491600
490400
489100
487900
486700
485500
21410000
5408000
5400000
2276000
2609000
1871000
1067000
476200
3439000
7413000
2639000
2193000
1308000
1302000
967300
643100
466100
465000
463900
462800
461700
460600
459500
458500
457400
456300
455300
454200
453200
452100
451100
450000
449000
448000
446900
445900
444900
16310000
4177000
9078000
2957000
3208000
1916000
1385000
763800
574600
435300
434300
433400
432400
431500
430500
9255000
2506000
2503000
1184000
1324000
1013000
672900
423200
422300
421400
420500
419600
418700
417800
416900
416000
415100
414300
413400
412500
411600
410800
409900
409100
408200
407400
406500
405700
404800
404000
403200
402300
401500
1971000
769500
768200
533000
557300
501200
440100
395100
394300
393500
392700
391900
391100
390300
389500
388800
388000
387200
386500
3259000
1061000
1060000
630000
675200
573300
462200
380500
379800
379000
378300
377600
376800
376100
375400
18390000
4615000
4609000
1919000
2206000
1571000
1633000
547600
546700
433300
444700
417400
387800
365800
365100
364400
363800
363100
362400
361800
361100
360400
359800
359100
358400
357800
357100
356500
355800
355200
354500
353900
353300
352600
352000
351400
16850000
18670000
7628000
28580000
11480000
9057000
4417000
3369000
2180000
1185000
421200
344600
344000
343400
342800
342200
341600
341000
340400
339800
339200
338700
338100
337500
336900
336300
335700
335200
334600
334000
7513000
10850000
4099000
3024000
1820000
1707000
1120000
578600
1333000
1400000
760700
610000
500900
478300
409900
349000
324900
324400
323800
323300
1857000
4580000
1600000
1369000
811300
819100
622500
429200
318800
318300
317800
317300
316800
316300
22810000
31710000
11750000
8382000
4844000
4469000
2685000
1049000
312700
312200
311700
311200
4069000
1195000
1193000
631800
691400
3697000
1153000
1045000
576400
626100
515100
394200
305300
304800
1031000
531200
487600
378600
381300
693300
405200
16640000
4157000
4157000
1718000
3179000
1668000
1043000
402800
5758000
2462000
1781000
949300
910700
735600
501200
318600
657400
1922000
742300
687300
462400
473900
405200
335400
6032000
1642000
1640000
782900
874200
671700
1685000
18310000
4753000
7802000
13840000
5560000
4401000
2073000
1637000
1120000
600700
286100
285700
285300
284800
284400
284000
283600
283200
282800
282400
282000
281600
281200
280800
280400
280000
279600
2512000
804400
803400
469600
504900
33870000
8214000
8141000
10280000
34240000
12020000
8866000
3726000
3780000
5874000
8362000
2606000
2071000
1168000
1151000
796100
454700
273700
273300
272900
272500
19060000
9083000
5723000
12360000
5185000
4284000
1998000
1390000
940300
9936000
2488000
2473000
1074000
1223000
892800
532700
268200
267800
267500
267100
11920000
3009000
3005000
1266000
1452000
1041000
593500
264700
264400
264000
263700
263300
4378000
1231000
1230000
615100
680500
535300
377000
260700
260400
260000
259700
259300
259000
258600
258300
258000
257600
257300
256900
256600
256300
255900
255600
255300
254900
254600
254300
253900
253600
4917000
1351000
1349000
652600
726900
562300
383000
251200
250900
250600
250300
249900
249600
249300
249000
248700
248400
248000
247700
247400
247100
246800
246500
246200
245900
245600
245200
6262000
10260000
3683000
2782000
1594000
1520000
985700
485800
243100
242800
242500
242200
241900
241600
241300
241000
240700
240400
240100
239900
239600
239300
239000
238700
238400
238100
237800
237500
237200
237000
236700
236400
236100
235800
235500
235200
235000
234700
234400
234100
233800
233600
233300
233000
232700
232500
232200
231900
231600
231400
231100
230800
230500
230300
230000
229700
229500
229200
228900
228700
228400
228100
227900
227600
227300
227100
226800
226500
226300
226000
225800
225500
225200
225000
224700
13670000
4467000
3639000
1631000
1685000
1228000
674200
253600
223000
222700
222500
222200
222000
221700
221500
221200
221000
6711000
3508000
2161000
1191000
1775000
1006000
694400
332700
294800
268300
239600
218400
218100
217900
217600
217400
217200
216900
216700
216400
216200
216000
215700
215500
215200
215000
887000
3524000
1114000
1013000
552900
579400
442400
302300
213200
213000
212800
212500
212300
212100
211900
211600
3942000
1089000
1088000
531100
590500
459000
315600
210200
210000
209800
209600
209300
11960000
12290000
5164000
3407000
2204000
1939000
1160000
6864000
1714000
1712000
757300
859300
8948000
25870000
7947000
6511000
3132000
3178000
2034000
888300
2334000
20800000
8327000
5795000
2828000
2643000
1900000
967600
290200
208500
208300
208100
207800
207600
207400
4030000
3853000
17890000
4980000
4626000
2126000
15790000
6078000
4225000
1733000
1728000
1270000
692800
249900
207300
207000
206700
206400
206200
2287000
2701000
6502000
6997000
3173000
2197000
1403000
1130000
699800
14380000
3512000
3502000
11970000
8923000
9972000
11120000
4629000
3553000
5593000
2280000
1687000
722100
575200
447700
308800
206700
206500
5634000
1484000
1482000
671900
758500
567200
358600
205400
205200
205000
204800
204600
204400
204100
203900
1557000
522100
521500
1405000
596500
548300
334000
313100
274600
232700
3821000
1353000
24370000
6054000
6061000
2468000
2690000
1758000
2079000
1374000
697300
514500
1958000
739100
660500
359600
359400
304400
244500
200400
200200
2e+05
199800
199600
199400
199200
199000
198800
198600
198400
2491000
737700
736900
394500
498100
576300
1796000
724000
596900
378400
372900
313000
246100
199700
195900
195700
195500
195300
4787000
5337000
2231000
1544000
4706000
1784000
1464000
626600
571100
440800
298800
194500
194300
194100
193900
193700
193500
193300
193100
192900
192700
192600
192400
192200
192000
191800
6166000
10330000
3653000
2759000
1550000
1479000
942100
438200
191800
191700
191500
191300
191100
190900
190700
190500
190300
190200
190000
189800
189600
189400
189200
189100
188900
188700
188500
188300
188200
188000
187800
187600
187400
187300
187100
186900
186700
186500
186400
186200
186000
185800
185700
185500
185300
185100
185000
184800
184600
711400
308300
308000
229200
237400
218700
198300
183300
183100
182900
182800
182600
2681000
770500
769600
396500
436300
348200
252100
181500
181400
181200
181000
180900
180700
180500
180400
180200
180000
179900
179700
179500
179400
179200
401100
231200
3877000
1056000
1059000
506200
555800
421000
280900
178000
177800
177700
177500
177400
177200
177000
176900
176700
176600
176400
176200
176100
175900
175800
175600
9796000
2440000
2437000
1001000
1155000
2040000
734900
463200
280400
299800
256500
209400
174700
174600
174400
174300
174100
174000
173800
2666000
8943000
2686000
2311000
1130000
1173000
788800
404300
173500
173400
173200
173100
172900
2147000
46380000
11410000
11100000
4300000
4962000
3276000
1464000
175000
174800
174600
174500
174300
174200
174000
173900
173700
173600
173400
173300
173100
172900
172800
172600
172500
172300
172200
172000
171900
171700
171600
171400
171300
171100
171000
170800
170700
170500
170400
170200
170100
169900
169800
169700
169500
169400
169200
169100
168900
168800
168600
168500
168300
168200
168100
167900
167800
167600
167500
167300
167200
167000
166900
166800
166600
166500
166300
166200
166100
165900
165800
1140000
394900
394500
248900
264400
229900
8716000
4923000
2817000
1544000
16350000
4563000
4135000
3656000
10430000
20630000
6864000
5126000
7018000
3551000
2577000
1034000
11080000
2922000
2751000
1066000
1234000
865100
463600
168600
168500
1261000
10360000
2765000
10700000
19840000
31610000
16580000
26330000
9681000
8373000
4244000
2909000
1430000
643000
174900
174700
174600
174400
174300
174100
21280000
5143000
5137000
1986000
2323000
1580000
770100
175100
2318000
679500
678700
12940000
4106000
10380000
3123000
3149000
1684000
1285000
658000
370900
175500
175300
6391000
6578000
3444000
2022000
15410000
7775000
4827000
2344000
1908000
1449000
793400
270300
1317000
444900
444400
273900
292000
251700
13450000
3294000
3290000
1313000
1525000
1058000
549400
175900
175800
175600
175500
175300
11920000
5195000
3467000
1713000
1564000
1187000
656700
3309000
2551000
1286000
827400
629600
547800
371700
221500
174800
174600
174500
174300
16010000
3902000
3898000
1534000
1787000
1229000
621200
174800
7326000
1858000
1856000
788400
902600
650600
376000
174300
10890000
27130000
8447000
6840000
3364000
3377000
2105000
15210000
12240000
5594000
3450000
2383000
2017000
1160000
422800
177900
177700
177600
177400
177200
177100
176900
176800
176600
176400
176300
176100
176000
175800
175600
175500
175300
175200
175000
174900
174700
174500
174400
174200
6573000
2118000
2893000
1088000
23140000
11180000
6911000
3388000
2899000
2177000
1147000
746800
861500
413100
349800
268900
263200
226200
191700
175000
174800
174700
174500
174400
174200
174100
173900
2294000
17130000
21810000
29520000
15990000
10220000
7131000
8481000
3739000
2133000
772200
2518000
7155000
2201000
1812000
7908000
2590000
2295000
956700
5187000
2232000
1522000
683300
666000
3993000
1155000
1011000
476800
532100
409800
276500
178600
178400
178300
178100
2222000
8844000
4702000
6838000
21920000
9328000
6485000
3211000
2695000
1837000
891800
5517000
17190000
7801000
4969000
13520000
4913000
4780000
1871000
1496000
952900
546900
221300
198700
182000
181900
181700
181500
181400
181200
181000
180900
180700
180500
180400
180200
180000
179900
179700
179500
179400
179200
179000
178900
178700
178600
178400
178200
178100
4538000
4476000
1973000
1321000
902400
801100
518400
269800
177400
177300
177100
177000
6633000
1697000
1695000
730800
833900
606400
358500
176400
176200
176100
175900
175800
175600
175400
175300
175100
175000
174800
174700
174500
174300
174200
174000
173900
173700
173600
173400
173300
173100
173000
172800
172700
172500
172400
172200
172100
171900
171700
171600
171400
171300
171100
6466000
1653000
1651000
711200
811700
589900
348200
170600
18380000
29210000
10280000
7554000
4151000
3905000
2335000
871400
173700
2975000
13140000
10090000
5843000
18810000
12730000
7036000
3953000
2580000
1919000
10750000
2647000
2456000
1009000
1164000
822400
450200
1609000
36560000
8999000
8774000
3417000
3942000
2618000
11870000
2692000
2688000
1095000
1265000
889400
479600
178600
2970000
835500
834500
417700
4678000
13500000
10990000
5017000
10920000
4089000
3607000
1637000
1153000
689400
395500
179700
179500
179300
179200
179000
178800
178700
178500
178400
178200
178000
177900
177700
177500
177400
8434000
2121000
2119000
885900
1018000
726900
802700
2753000
8482000
2591000
3199000
1340000
1359000
838700
3987000
1065000
7099000
1907000
1961000
930900
893700
581300
348000
176700
176600
176400
176200
176100
175900
175800
175600
175500
175300
175100
175000
174800
174700
174500
174400
2096000
15800000
6224000
4385000
2149000
2022000
1446000
737700
232100
174900
174700
174500
174400
174200
174100
173900
173800
173600
173500
173300
173200
173000
19390000
19640000
8210000
5337000
3414000
2976000
1712000
596500
5238000
1926000
1497000
741100
7917000
2492000
2098000
861900
926000
676800
392900
181500
174800
174600
174500
174300
174100
174000
173800
173700
173500
173400
173200
173100
172900
172800
172600
172500
172300
172200
13180000
3235000
3231000
1289000
2206000
1206000
705900
233300
244400
219300
191900
171800
171600
171500
171300
171200
171000
170900
170700
170600
170400
170300
170100
170000
169900
169700
169600
169400
1844000
5014000
2078000
1469000
831500
773800
560100
325500
181900
168600
168500
168300
168200
168100
167900
167800
167600
4172000
6310000
8473000
3179000
2465000
1491000
1252000
723300
341000
167800
167600
167500
167300
167200
167100
166900
166800
166600
166500
166300
2360000
15530000
4177000
3845000
1664000
1824000
1217000
585300
166800
166700
166500
166400
166200
166100
166000
165800
165700
165500
165400
165300
165100
165000
13620000
3333000
3329000
1320000
1535000
1061000
544600
165200
165100
164900
164800
164700
164500
164400
164300
164100
164000
163800
163700
163600
163400
163300
163200
163000
162900
162800
162600
162500
162300
162200
162100
161900
161800
161700
161500
161400
161300
161100
161000
160900
160800
160600
160500
160400
160200
160100
160000
159800
159700
159600
159400
159300
159200
159100
158900
158800
158700
158500
158400
158300
158200
158000
2149000
6489000
10910000
11760000
30480000
9562000
8227000
3930000
3553000
2093000
884500
161400
161300
161100
161000
160900
160700
160600
160500
160300
160200
160100
159900
159800
159700
159600
159400
159300
159200
159000
158900
158800
158600
158500
158400
158300
158100
7935000
4730000
2632000
1470000
1185000
955000
559900
22850000
5482000
6144000
2257000
2618000
1722000
865000
204000
178200
159200
159100
159000
923600
5603000
1578000
1462000
688300
745400
530600
306900
158400
158300
158200
158000
157900
157800
157600
157500
157400
8309000
22170000
9349000
6495000
3385000
5121000
5426000
2105000
1118000
631000
595600
8241000
28100000
11620000
7774000
4014000
3632000
2471000
1128000
260600
447300
1177000
804100
491800
354600
307000
268200
211200
170900
160800
160700
160500
8463000
2115000
2113000
873000
1006000
713200
394400
160300
160200
14330000
3495000
3491000
1376000
1602000
1104000
559900
160500
160400
160200
160100
160000
159900
159700
159600
8696000
2169000
2167000
892200
1029000
4314000
1597000
4224000
1477000
7845000
2280000
2150000
956300
923300
598400
663700
3338000
1564000
1057000
599000
547900
435800
286500
175900
158900
2085000
2269000
1002000
713500
496800
455400
4459000
1179000
1131000
734800
631300
485500
293600
180500
172500
163900
157500
157400
157300
157100
157000
1860000
557800
557100
10760000
2793000
2730000
1103000
1222000
853400
451800
5932000
1517000
5655000
2167000
3289000
4410000
20870000
10250000
6240000
3258000
2721000
1964000
991300
284200
158700
158600
158500
158400
158200
158100
158000
157800
157700
157600
157500
157300
157200
157100
157000
156800
156700
156600
156500
156300
156200
156100
156000
155800
155700
155600
155500
155300
155200
1959000
579700
579100
309700
338400
274700
205400
154400
4654000
1214000
1212000
540300
612100
4126000
1145000
1017000
1263000
714500
584900
325400
234400
206400
175800
153300
153200
153100
153000
152800
152700
152600
152500
152400
152200
152100
152000
151900
151800
5874000
6837000
9263000
3431000
2723000
1635000
1332000
736200
335800
152200
152100
152000
151900
151800
151600
151500
151400
151300
151200
151100
150900
150800
150700
150600
150500
150400
150200
150100
150000
149900
149800
149700
149600
149400
149300
149200
149100
149000
148900
3909000
1034000
1033000
471300
531300
398800
254400
4651000
9767000
6494000
3318000
2111000
4758000
4066000
1855000
1016000
654600
577600
380800
209400
148800
148700
148600
148500
148400
148300
148100
148000
147900
147800
147700
147600
147500
147400
147300
147100
147000
146900
146800
146700
146600
146500
146400
146300
146200
146000
9562000
2489000
2390000
9645000
4809000
3482000
7322000
11810000
40450000
1.2e+07
10130000
4646000
4621000
2843000
1188000
3028000
825800
824800
396600
442400
341300
231100
150200
150100
150000
149900
149700
149600
149500
149400
149300
149200
5673000
3534000
2810000
1318000
6813000
24850000
19680000
9064000
5754000
15710000
14260000
6370000
16340000
10250000
6023000
3355000
2140000
1534000
859700
3e+05
154800
154700
29650000
7100000
7091000
2687000
3159000
2120000
988100
156500
156400
156300
156200
156100
4048000
23080000
6657000
5760000
2537000
2691000
1773000
804700
168900
157300
157200
157100
156900
156800
1592000
494400
8191000
3721000
4490000
1765000
1590000
6639000
4933000
24180000
19020000
18140000
7782000
12360000
22750000
8380000
18860000
