714200
704400
693300
682300
671800
661500
651600
641900
632500
623400
614600
606000
597700
589500
581600
573900
22160000
6670000
1348000
638200
1346000
9179000
2024000
6339000
36210000
6514000
1169000
632500
623400
6197000
2104000
792200
4807000
2100000
4850000
31040000
22960000
4017000
937300
664000
3400000
1110000
684900
12140000
2573000
5263000
1392000
711000
634100
625000
616100
607500
2768000
958000
621900
581100
573400
565900
558600
551500
544600
6408000
1530000
635800
539900
533200
526800
520400
514300
2579000
7669000
9317000
4627000
1125000
593900
546000
539200
532600
526100
519800
3399000
1002000
560000
510200
504200
498500
492800
4257000
1126000
551800
489000
483600
478300
473000
467900
463000
458100
453300
2364000
770800
477000
443300
438900
434500
430200
426000
421800
417800
413800
409900
406100
402300
398600
395000
34190000
6096000
978300
459500
454700
450000
445300
440800
6574000
8239000
1702000
583400
475500
470400
465300
460400
455600
450800
446200
441700
437200
2429000
1142000
526700
435800
426000
421800
417800
413800
409900
406000
402300
398600
395000
391400
387900
5131000
20340000
3717000
6188000
1378000
551700
464100
459200
454400
449700
445000
440500
436100
431800
427500
423400
15110000
2910000
685300
457300
452600
447900
443300
438900
434500
430200
425900
421800
417800
413800
409900
406000
402300
398600
395000
391400
387900
384500
381100
377800
374500
371400
368200
365100
362100
359100
356100
1892000
884800
4922000
1128000
442300
370900
367800
364700
361700
358700
355800
352900
350000
347200
344500
341800
339100
336500
333900
331400
4058000
5295000
1143000
430500
361800
358800
355900
353000
350200
347400
344600
341900
339200
336600
334000
4748000
21610000
3901000
728800
413100
409200
405400
4566000
1107000
474100
407100
403300
399600
395900
392400
388800
385400
382000
378700
375400
372200
369000
4787000
1118000
446800
376500
373200
370000
366900
363900
360800
357900
354900
352100
349200
346500
4409000
22370000
20870000
3606000
30460000
8529000
1507000
590000
537200
530600
524200
518000
511900
505900
500100
494400
488800
483400
478000
472800
467700
462800
457900
453100
448400
443800
439400
435000
430600
426400
2636000
14370000
12930000
2403000
654800
494600
489100
483600
478300
2392000
1718000
658500
485000
466000
461000
456200
451400
446800
442200
437800
433400
3356000
5198000
1207000
512200
442800
438300
433900
429700
425400
421300
417300
413300
409400
405600
28270000
38510000
6528000
1045000
530400
524000
517800
511700
505700
499900
494200
488600
4988000
1248000
562500
488600
483100
4029000
1080000
538100
478900
473600
468500
463500
458600
453800
1403000
669400
469300
440900
435600
816600
492700
19680000
3685000
769800
472000
1898000
706300
485300
458700
6385000
2375000
717400
484400
465500
460600
455800
451000
850800
2214000
735800
468000
437700
433300
429000
424800
7042000
1545000
541100
436200
431800
427600
1985000
21870000
4037000
4394000
14620000
2840000
734300
522400
516200
510100
504200
498400
492700
487200
481800
476500
471300
466300
461300
456500
451700
447100
442500
438100
433700
429400
425200
421100
6566000
1461000
528100
430500
426300
44250000
7802000
1163000
8932000
40600000
8431000
1381000
591800
564900
5181000
9357000
1990000
699600
570100
562700
555500
548500
541600
535000
528400
522100
28420000
10710000
1922000
12640000
3110000
865500
597900
582200
574500
13580000
2765000
788900
583100
575400
567800
560500
553400
546400
539600
533000
20290000
3864000
867900
560200
553100
546100
539300
532700
526200
519900
992500
589700
7891000
1755000
633600
515400
509300
503400
497700
492000
486500
481100
475800
470700
465600
460700
455900
451100
446500
441900
437500
433100
428900
424700
420600
416500
412600
408700
404900
401100
397500
16850000
3184000
692100
437700
433300
429000
424800
420700
416700
412700
408800
405000
401300
397600
394000
390500
387000
383600
380200
376900
373700
370500
367400
364300
361300
358300
355400
12920000
11990000
2208000
578600
430200
426000
421800
417800
413800
409900
406100
402300
668000
2927000
819800
436400
395000
391500
388000
384500
381200
377800
1658000
802400
431000
376600
370200
367100
364000
361000
358000
355100
352200
349400
346600
343800
341100
338500
335900
333300
330800
328300
325800
323400
321000
318700
316300
314000
311800
309600
307400
305200
303100
301000
298900
296900
294900
292900
290900
289000
287100
285200
283400
281500
279700
277900
276200
274400
272700
271000
269300
267700
266000
264400
262800
23480000
5193000
864800
360600
342900
340200
337600
335000
332400
329900
327400
325000
322600
320200
317800
315500
534000
12320000
3995000
823800
391800
1359000
532300
379300
361200
358200
355300
352400
349600
346800
344100
341400
338700
336100
333500
331000
1865000
669100
1878000
591000
359700
334300
331700
2325000
3612000
872400
395800
348400
345700
342900
340300
337600
335000
332500
329900
327400
325000
322600
320200
5730000
1243000
424300
339500
336900
334300
331700
329200
326700
324300
321900
319500
14090000
12960000
2335000
566200
405900
402200
398500
7930000
1674000
532200
413800
409900
9967000
32150000
5957000
1013000
506600
496500
490900
485400
3058000
26890000
8494000
1547000
603600
542400
535700
529200
522800
516600
510500
504500
498800
493100
487500
5660000
4555000
21930000
4076000
873300
550000
18280000
5532000
1186000
607700
587100
565400
555600
548300
541500
534800
528300
521900
515700
3519000
3351000
7658000
7936000
1908000
683700
550700
540700
534000
18820000
3619000
845000
14150000
9316000
8826000
11400000
2327000
771900
5535000
1442000
689800
606500
598100
590000
582100
574400
566900
8208000
1850000
686100
562500
555300
548300
541400
534800
528300
521900
515700
509700
503700
498000
492300
3174000
940800
529700
1827000
707700
499600
474000
468900
463900
719000
4964000
1565000
30920000
5590000
989900
522400
516100
510100
2540000
1875000
709600
517600
2434000
822100
523900
489000
483500
478200
473000
467900
462900
458000
453200
448500
444000
439500
435100
430800
426500
422400
6910000
1521000
536100
433200
1302000
818200
2188000
862400
475100
422900
416700
412700
408800
405000
401300
397600
394000
390500
10550000
6836000
1380000
508000
5055000
1216000
513500
438800
434500
430200
425900
421800
417700
413800
409900
406000
402300
398600
395000
391400
387900
384500
381100
377800
374500
371300
14090000
13080000
2392000
610700
448400
443800
439300
434900
430600
426400
422300
418200
414200
410300
406500
402700
399000
395400
391800
388300
384900
2330000
710500
412800
379900
376600
373400
370200
1904000
628200
393300
366900
363800
360800
357800
354900
352000
349200
346400
343700
341000
338300
335700
333200
330600
328100
325700
323300
320900
9886000
1950000
502300
354200
351300
348500
345700
343000
340300
337700
335100
332500
6914000
1453000
456700
353900
351100
348200
345500
342800
340100
337400
334800
332300
329800
327300
324800
322400
320100
317700
315400
313100
310900
4782000
3150000
754200
4083000
973800
411000
351800
349000
346200
343500
340800
338200
335600
333000
330500
328000
325500
323100
320700
318400
1173000
460900
329300
314000
311800
2206000
11660000
2226000
529200
358800
355800
2371000
697800
390500
357000
354100
351200
348400
345700
342900
340200
337600
335000
332400
329900
7825000
10790000
2037000
532900
389900
386500
383100
379700
376400
373200
370000
366900
363800
6784000
64620000
11100000
1430000
463700
458800
454000
449300
444700
440200
435800
431500
427200
423100
419000
415000
411100
407200
403400
399700
396100
392500
389000
385600
382200
378800
375600
372300
369200
366100
363000
360000
357100
354100
351300
348500
345700
343000
340300
337600
335000
332500
330000
327500
325000
322600
320200
317900
315600
313300
311100
308900
306700
304600
302400
300300
298300
296300
294300
292300
290300
288400
286500
284600
282800
281000
279200
277400
275600
273900
272200
6582000
1349000
394600
296800
294800
292800
9057000
4442000
918500
382600
17820000
3309000
665400
2926000
10400000
2.4e+07
4466000
858500
5640000
1366000
583000
499100
13880000
2760000
730300
520600
514400
508400
502500
496700
491100
2051000
13350000
2645000
11110000
25490000
40370000
14090000
26130000
4762000
1049000
677300
666900
656800
647000
637400
628200
619200
610500
602000
593800
32090000
5883000
1105000
617100
608400
6e+05
591800
583800
3561000
1075000
616600
17770000
4477000
10340000
2183000
749700
599700
591500
583600
575800
568300
560900
9378000
8578000
2654000
823100
20040000
8326000
1660000
679400
602900
594700
586600
578800
2593000
908100
595300
557300
550200
543300
19100000
3672000
856800
567100
559800
552600
545700
1493000
695700
545300
524400
518100
16690000
6049000
1274000
598000
548500
541700
535000
5483000
3288000
941000
569100
533300
526800
520500
514300
508300
502400
496700
491000
24370000
4519000
900700
531100
524700
518400
512300
506300
11110000
2297000
687400
519900
513800
507800
501900
496200
17050000
37540000
6554000
1111000
582200
574500
701200
20960000
15680000
2884000
798600
612300
603800
595500
587400
579600
572000
564500
557300
550200
543300
997400
970700
595000
527100
2727000
887900
548100
508500
502600
496800
491200
485700
480300
475100
469900
4581000
1163000
536500
11320000
2818000
2043000
724400
31040000
12500000
2182000
672800
561300
554100
547100
3945000
1796000
710900
549600
532700
526200
519900
513800
507700
501900
496100
490500
759300
526600
479900
470600
5842000
23200000
28050000
35490000
1.3e+07
3006000
2061000
5894000
1503000
712800
1215000
3496000
9508000
2079000
754400
10740000
2324000
783800
620900
7166000
2487000
844700
619400
599300
6387000
1564000
679600
583500
575800
568300
560900
553700
546800
540000
533300
8616000
12610000
5233000
6578000
29030000
8637000
1610000
678000
618300
609600
601200
8189000
24140000
8063000
1584000
15770000
3177000
1806000
803500
655000
631700
622600
613800
605200
596900
588800
580900
573200
565700
558500
551400
544400
537700
531100
524700
518400
512300
506300
500500
494800
489200
483800
478400
473200
468100
463100
5976000
1396000
557600
10470000
5970000
1300000
567500
503800
498000
492400
486900
481500
476200
471000
466000
12570000
2515000
678600
489100
483600
478300
473100
468000
463000
458100
453300
448600
444100
439600
435200
430800
426600
422500
418400
414400
410500
406700
402900
399200
395500
392000
388500
385000
381700
378300
375100
371900
368700
365600
362600
359600
356600
353700
350900
348000
345300
342600
11100000
2173000
544200
377500
374300
371100
368000
364900
22990000
37080000
6324000
1e+06
494700
489100
483700
478300
473100
3940000
16780000
11280000
3339000
22230000
13130000
2428000
741000
596500
588400
13680000
2791000
802200
594800
586800
579000
571300
2504000
52950000
9329000
1407000
606300
597900
589800
15300000
3064000
830400
598400
590200
582300
574600
567100
4270000
1184000
615900
552400
5997000
17900000
12670000
2408000
11060000
2346000
778300
612900
604300
596000
587900
580100
572400
565000
557700
550600
543700
537000
530400
524000
517800
511700
505700
499900
767900
535400
12630000
2540000
700200
509700
503800
498000
1337000
3519000
10580000
2168000
1803000
711000
533700
510400
4685000
1214000
8210000
1806000
646300
524000
517800
511700
505700
499900
494200
488600
483200
477900
472700
467600
1017000
552300
463800
450700
446100
441500
437100
432700
428500
4554000
20340000
6109000
1184000
531400
490100
484600
479300
474100
468900
463900
459000
454200
549500
1374000
597900
454200
435900
431600
427400
423200
419100
29390000
24890000
4240000
832200
528000
521700
515500
509400
9221000
2630000
768000
531200
9814000
2360000
723500
534800
524300
518000
511900
506000
500100
494400
488900
483400
478100
472900
467800
462800
457900
453200
448500
443900
439400
435000
430700
426500
422300
418300
25970000
4736000
866100
472500
1754000
682200
482900
458500
453700
449000
444400
439900
435500
431200
427000
422800
418700
414700
410800
407000
403200
399500
395900
392300
5656000
1282000
482300
1292000
3090000
6017000
1865000
589700
425000
412800
408900
405100
401300
397700
394100
390500
387000
590400
416000
381500
375100
9692000
8004000
8715000
1734000
559600
446600
442100
437600
433300
429000
424800
420700
416600
412700
408800
405000
401300
397600
394000
390400
10330000
20710000
3732000
758200
469900
464900
460000
455100
450400
445800
441300
436800
432500
428200
424000
419900
415900
412000
408100
404300
400600
3254000
22340000
4082000
789400
458400
453600
448900
444300
439800
435400
431100
426800
422700
418600
414600
410700
406800
403100
399400
395700
392200
388700
2199000
690700
413300
382400
379000
375800
372600
369400
366300
363200
360200
357200
354300
3026000
811000
551300
384000
358600
353400
350600
347800
345000
342300
339600
337000
334400
331800
329300
326900
324400
322000
319700
317300
315000
1406000
498200
331000
312100
309900
307700
2997000
3162000
6846000
11390000
11400000
36730000
6411000
1028000
495900
490300
484800
479400
474200
469100
464100
459200
454300
449600
445000
440500
436100
431800
427500
423400
419300
415300
411300
407500
403700
4e+05
396300
392700
389200
385800
382400
379000
375800
372500
16020000
6214000
1201000
477900
425300
421200
417200
30480000
5492000
1724000
609700
485900
468900
463800
458900
454100
449400
444800
440300
1981000
6817000
1502000
549300
451600
447000
442400
438000
433600
429300
425100
421000
416900
413000
409100
405300
401500
10360000
28520000
8010000
1769000
613200
2934000
4311000
1121000
565200
507600
501700
10380000
39200000
11600000
1939000
658100
579000
571400
564000
556700
1208000
1758000
1148000
625700
540500
527800
521500
515300
509200
503300
497600
491900
11450000
2344000
681200
508600
502700
497000
491300
485800
480500
19360000
3673000
811000
517700
511600
505700
499800
494100
488600
483200
477800
472600
467500
462600
457700
12170000
2441000
664400
481000
475700
4850000
1623000
4266000
1326000
8593000
1852000
633000
505400
499500
493900
1039000
4185000
1801000
665800
500500
484500
479100
473900
468800
463800
3803000
2952000
844300
497600
463300
458500
5899000
1379000
551500
867800
528000
462100
451300
446600
442100
437600
433300
429000
424800
420700
709500
3134000
869400
457600
13570000
2645000
652800
448400
443800
439300
434900
9074000
1901000
5406000
1904000
2331000
4309000
26780000
10560000
1899000
642400
549000
542200
535500
529000
522600
516400
510300
504400
498600
492900
487400
482000
476700
471500
466400
461500
456600
451900
447200
442700
438200
433800
429500
425300
421200
417200
413200
409300
405500
401700
398100
394400
390900
9807000
1988000
560800
413800
409900
406100
402300
2148000
6087000
1343000
498100
412300
408400
6394000
1421000
512300
2027000
687700
440500
412100
408200
404400
400700
397000
393400
389900
386400
383000
379700
376400
373200
370000
366900
363800
360800
357800
2734000
10260000
8226000
9171000
1806000
564000
444500
440000
435600
431300
427000
422900
418800
3018000
854300
457100
413600
409700
405900
402200
398500
394800
391300
387800
384400
381000
377700
374400
6552000
1422000
484800
387400
384000
380700
377400
374100
370900
367800
364700
361700
10520000
2089000
549800
391900
388400
384900
381600
8082000
11640000
6021000
1241000
510400
4852000
3688000
951000
502800
460000
455200
450400
445800
441300
436900
432500
428200
424100
420000
415900
412000
408100
404300
4408000
1079000
470100
405400
401700
398000
394400
390800
387300
383900
380600
377300
374000
370800
367700
6474000
13060000
2608000
629100
10750000
4102000
1256000
7235000
13260000
55360000
10010000
1461000
582900
568700
561300
554200
5027000
1303000
619000
544100
537300
530800
524300
518100
512000
506000
500200
494500
488900
483500
478100
472900
467800
10930000
4662000
2079000
708800
7545000
33440000
23170000
4013000
1028000
16940000
14780000
2809000
18950000
10620000
2122000
789200
673400
663100
653100
643400
634000
624900
45380000
8125000
1337000
646200
636700
627500
618500
609800
601400
593100
585100
577400
6427000
33200000
6536000
1196000
623700
606800
598400
590300
582300
574600
567100
559800
552700
545700
2824000
923900
10560000
4231000
3561000
1017000
6e+05
7898000
5592000
32640000
23420000
16660000
3051000
9499000
27600000
5402000
19840000
