919200
905600
885900
864600
843900
824100
805200
787100
769900
753400
737600
722500
707900
694000
680600
667700
766500
1366000
1555000
1579000
1533000
1578000
1873000
1951000
3227000
6015000
5826000
5265000
4554000
4160000
4236000
3946000
3726000
3719000
3619000
5073000
9821000
11990000
9876000
7866000
6406000
5659000
4908000
4772000
5362000
5135000
5025000
4492000
4006000
3580000
3235000
2952000
2758000
2700000
2541000
2382000
2229000
2093000
1973000
1867000
1771000
1755000
1962000
1931000
1862000
1769000
1683000
1605000
1534000
1497000
1608000
2015000
2462000
2621000
2529000
2379000
2226000
2091000
1971000
1865000
1806000
1882000
1827000
1754000
1671000
1594000
1524000
1504000
1607000
1578000
1528000
1465000
1406000
1352000
1301000
1254000
1211000
1170000
1151000
1221000
1207000
1179000
1141000
1105000
1071000
1040000
1010000
981300
954600
929300
905300
882500
860900
840300
1199000
2675000
2848000
2794000
2594000
2411000
2253000
2114000
2123000
2571000
3007000
2939000
2766000
2562000
2384000
2229000
2093000
1973000
1866000
1771000
1685000
1640000
1704000
1677000
1619000
1550000
1484000
1423000
1367000
1316000
1268000
1224000
1182000
1143000
1107000
1073000
1075000
1492000
2434000
2655000
2985000
2859000
2685000
2492000
2323000
2176000
2050000
1950000
1850000
1758000
1673000
1596000
1762000
2531000
2571000
2486000
2325000
2177000
2048000
1933000
1830000
1738000
1655000
1580000
1511000
1448000
1390000
1337000
1288000
1242000
1199000
1159000
1122000
1087000
1055000
1024000
994700
967200
941300
916700
893300
871200
850100
841100
889300
921700
1044000
1050000
1035000
1007000
978500
952000
926800
903000
880300
858800
838300
818700
800100
782300
765300
749000
733400
735500
877800
1023000
1043000
1029000
1001000
972800
946500
921600
898000
875600
854300
834000
814700
796200
805700
1157000
2041000
2163000
2134000
2016000
1905000
1879000
2054000
2008000
1929000
1829000
1737000
1654000
1579000
1510000
1447000
1390000
1336000
1287000
1241000
1199000
1210000
1401000
1405000
1377000
1326000
1278000
1233000
1191000
1151000
1115000
1080000
1048000
1017000
988700
997300
1441000
3128000
4764000
6787000
11010000
9983000
8234000
6597000
5457000
4667000
4087000
3640000
3283000
2992000
2750000
2545000
2368000
2215000
2081000
1963000
1857000
1763000
1677000
1600000
1529000
1465000
1406000
1351000
1301000
1285000
1556000
2422000
3175000
3163000
2980000
2745000
2540000
2365000
2257000
2262000
2209000
2104000
1990000
1882000
1785000
1697000
1618000
1546000
1480000
1420000
1402000
1524000
1686000
1671000
1617000
1547000
1481000
1421000
1365000
1313000
1266000
1223000
1182000
1143000
1474000
4544000
8657000
7939000
6811000
5627000
4789000
4178000
3711000
3341000
3040000
2790000
2672000
2815000
2687000
2530000
2358000
2279000
2350000
2255000
2140000
2017000
1905000
1806000
1716000
1635000
1573000
1548000
1496000
1440000
1383000
1333000
1299000
1501000
2355000
2433000
2373000
2256000
2200000
2090000
1979000
1971000
2210000
2215000
2132000
2016000
1906000
1806000
1716000
1640000
1603000
1612000
1562000
1503000
1441000
1384000
1331000
1352000
1572000
1573000
1535000
1472000
1413000
1376000
1704000
2793000
2976000
3622000
4614000
4407000
4032000
3607000
3257000
2970000
2731000
2529000
2355000
2203000
2071000
1953000
1849000
1755000
1670000
1594000
1524000
1460000
1401000
1347000
1297000
1250000
1207000
1228000
1451000
1460000
1431000
1377000
2370000
5389000
5377000
5387000
9362000
15890000
12560000
9719000
7350000
6168000
6206000
6443000
5725000
4992000
4339000
3836000
3441000
3122000
2858000
2637000
2448000
3147000
5631000
6148000
6303000
7024000
6262000
5440000
4678000
4095000
4139000
4981000
4666000
4233000
3764000
3383000
3075000
2819000
2603000
2419000
2260000
2599000
3895000
3861000
3624000
3283000
2992000
2749000
2544000
2368000
2215000
2105000
2047000
2079000
2380000
2333000
2230000
2098000
1977000
1876000
1804000
1721000
1642000
1568000
1500000
1438000
1381000
1329000
1280000
1235000
1192000
1153000
1116000
1082000
1049000
1019000
990000
962800
937100
912700
889500
867600
979600
1573000
1659000
1652000
1582000
1513000
1450000
1392000
1339000
1289000
1243000
1200000
1161000
1123000
1088000
1056000
1025000
995500
968000
942000
923300
924800
907500
887500
865800
845000
825200
892500
1439000
1964000
2026000
1970000
1868000
1772000
1686000
1608000
1537000
1472000
1412000
1376000
1413000
1471000
1443000
1397000
1344000
1294000
1248000
1205000
1165000
1142000
1192000
1183000
1156000
1121000
1089000
1072000
1044000
1016000
987200
960200
934600
910300
887300
865400
844600
824800
805900
787800
770500
754000
738200
723000
708500
694500
681100
668100
655700
643700
632200
621000
610300
599900
589800
580100
570700
561700
552900
544300
536100
528000
520200
512700
505300
498200
491300
484500
478000
471600
465400
459300
453400
447700
544800
1200000
1366000
1399000
1356000
1305000
1258000
1214000
1174000
1135000
1100000
1066000
1035000
1005000
977000
950600
934900
1056000
1531000
1683000
1682000
1634000
1621000
1564000
1503000
1441000
1384000
1331000
1282000
1237000
1194000
1155000
1118000
1083000
1051000
1020000
1010000
1074000
1079000
1116000
1097000
1070000
1039000
1026000
1101000
1210000
1210000
1184000
1146000
1110000
1076000
1044000
1013000
984900
958000
932500
908400
885500
863700
881200
1051000
1069000
1059000
1029000
999700
972000
945700
920900
897400
875000
853700
939700
1587000
2214000
2281000
2207000
2078000
1960000
1985000
2311000
2277000
2184000
2057000
2121000
3871000
6943000
6613000
5856000
4983000
4323000
3824000
3521000
4618000
7452000
7432000
6520000
5505000
4708000
4117000
3663000
3302000
3008000
2763000
2556000
2378000
2224000
2198000
2449000
3241000
4862000
4720000
4331000
4549000
6038000
5858000
5249000
4568000
4016000
3585000
3239000
2956000
2719000
2518000
2346000
2196000
2127000
2226000
2400000
2890000
3254000
3153000
2944000
2715000
2515000
2781000
3929000
3860000
4111000
5297000
6039000
6977000
7470000
6534000
5825000
5505000
4862000
4299000
3809000
3420000
3105000
2847000
2628000
2585000
2906000
2807000
2650000
2463000
2298000
2154000
2027000
1914000
1814000
1724000
1642000
1568000
1500000
1438000
1415000
1477000
1447000
1418000
1415000
1374000
1327000
1279000
1234000
1195000
1203000
1333000
1868000
3546000
3641000
3476000
3164000
2893000
2712000
2692000
2610000
2462000
2346000
2316000
2201000
2082000
1964000
1858000
1764000
1678000
1601000
1530000
1466000
1406000
1352000
1301000
1255000
1211000
1170000
1133000
1154000
1385000
1399000
1375000
1336000
1330000
1317000
1340000
1313000
1274000
1231000
1189000
1150000
1113000
1079000
1046000
1016000
987400
1045000
1466000
1729000
1748000
1745000
1906000
1868000
1800000
1713000
1633000
1559000
1492000
1431000
1374000
1322000
1274000
1229000
1187000
1148000
1112000
1078000
1045000
1015000
986500
959500
933900
1027000
1701000
2339000
2396000
2309000
2168000
2040000
1926000
1824000
1733000
1650000
1575000
1507000
1444000
1387000
1334000
1285000
1239000
1197000
1157000
1120000
1101000
1153000
1138000
1112000
1078000
1046000
1016000
1002000
1043000
1030000
1009000
981200
954500
929200
905200
882500
860800
840200
820600
801900
784000
766900
750500
734900
719800
705400
691500
678200
718100
1014000
1063000
1067000
1037000
1008000
979500
952800
927600
903700
881100
859500
883100
1086000
1110000
1101000
1069000
1038000
1008000
979700
953200
928300
904400
881800
860200
839600
820000
801300
783400
766400
750000
734400
719300
728800
890100
977200
1013000
1129000
1128000
1109000
1076000
1044000
1013000
984800
957900
932400
908300
885400
863600
842900
823100
804300
786300
775300
805900
799600
787300
770500
761700
873400
1241000
1299000
1295000
1252000
1225000
1284000
1263000
1231000
1189000
1150000
1114000
1079000
1047000
1017000
988000
960900
935300
911000
940400
1311000
1770000
1826000
1786000
1702000
1622000
1550000
1484000
1423000
1367000
1316000
1268000
1300000
4673000
12120000
10350000
8519000
6679000
5501000
4699000
4111000
3658000
3298000
3005000
2760000
2554000
2376000
2222000
2087000
1968000
1862000
1767000
1681000
1603000
1533000
1468000
1408000
1354000
1303000
1256000
1213000
1172000
1134000
1098000
1065000
1033000
1004000
975800
949400
924400
900600
878100
856700
836300
816800
798300
780600
763600
747400
731800
716900
702600
688900
675600
662900
650700
638900
627500
616500
605900
595700
585800
576200
566900
558000
549300
540900
532700
524800
517100
509600
502400
496000
515300
655500
680500
684500
672600
660000
686800
936800
1071000
1092000
1262000
2003000
2089000
2107000
2328000
3768000
5947000
5713000
5412000
5288000
4725000
4203000
4265000
5172000
4831000
4368000
3870000
3468000
3144000
2877000
2652000
2495000
2739000
3488000
3762000
5822000
13290000
21100000
20570000
20780000
13950000
10020000
7411000
5958000
5019000
4350000
3844000
3447000
3127000
2863000
2641000
3463000
5985000
5748000
5191000
4499000
3959000
3539000
3202000
2984000
2957000
2776000
3019000
4133000
4489000
5071000
4667000
4196000
3733000
3359000
3054000
2802000
2589000
2584000
3186000
3586000
3505000
3947000
5583000
5808000
5279000
4624000
4059000
3618000
3266000
3020000
2936000
2745000
2559000
2382000
2227000
2503000
3581000
3552000
3351000
3058000
2805000
2591000
2437000
2362000
2232000
2106000
1985000
2181000
3134000
3345000
3213000
2967000
2731000
2528000
2456000
2666000
2702000
2578000
2416000
2258000
2119000
1996000
1887000
1789000
1701000
1622000
1986000
3318000
3379000
3229000
2959000
2722000
2520000
2348000
2417000
2970000
2914000
2764000
2562000
2383000
2228000
2093000
2335000
5256000
9473000
8473000
7166000
5857000
4962000
5359000
8049000
9109000
7857000
6527000
5424000
4644000
4069000
3626000
3272000
2983000
2742000
2538000
2363000
2245000
2212000
2124000
2017000
1942000
1973000
1901000
1817000
1728000
1646000
1571000
1503000
1441000
1384000
1331000
1336000
1496000
1488000
1587000
2048000
2119000
2133000
2895000
5523000
6261000
5753000
5011000
4352000
3846000
3585000
3614000
3418000
3159000
2899000
2671000
2477000
2310000
2165000
2036000
1923000
1822000
1741000
1699000
1631000
1562000
1559000
2196000
4788000
11070000
17440000
14900000
11380000
9026000
7811000
6493000
5524000
4925000
4946000
5274000
4813000
7391000
5463000
4711000
3977000
4570000
4057000
3747000
3367000
3148000
7305000
3818000
3086000
2433000
2240000
2103000
1982000
1874000
1778000
1691000
1612000
1650000
2201000
2917000
3253000
4785000
7795000
7649000
6661000
5593000
4770000
4164000
3922000
5355000
7850000
7658000
7597000
8514000
7356000
6359000
5355000
4611000
4046000
3607000
3257000
2971000
2732000
2529000
2355000
2204000
2071000
1954000
1849000
1755000
1670000
1594000
1524000
1460000
1401000
1347000
1297000
1250000
1207000
1167000
1129000
1094000
1061000
1076000
1291000
1307000
1390000
1816000
2035000
2021000
1936000
1835000
1742000
1659000
1583000
1514000
1451000
1393000
1495000
2024000
2061000
2011000
1905000
1805000
1716000
1635000
1561000
1494000
1433000
1376000
1324000
1275000
1230000
1188000
1149000
1113000
1079000
1046000
1016000
987300
960200
934700
910400
888900
875400
869200
852300
833800
814500
796100
778500
761600
745500
730000
715100
700900
687200
674100
661400
649200
685900
965300
1012000
1017000
990800
963500
937800
913400
1103000
3164000
6332000
6154000
5522000
4741000
4142000
3683000
3318000
3119000
3717000
5368000
6182000
7316000
10510000
10590000
8733000
7025000
5744000
5500000
6291000
5684000
5014000
4360000
3852000
3454000
3186000
6351000
13170000
10870000
8771000
6814000
5588000
5467000
6441000
5831000
5138000
4452000
3923000
3510000
3178000
2987000
3014000
2838000
2650000
2563000
3218000
4837000
5672000
5772000
6315000
5634000
4946000
4306000
3810000
3421000
3105000
2844000
2625000
2438000
2276000
2134000
2010000
1899000
1800000
1711000
1631000
1558000
1491000
1439000
1412000
1503000
1976000
2004000
1953000
1853000
1759000
1685000
1684000
1908000
2360000
2377000
2352000
2223000
2096000
2051000
2168000
2244000
2580000
2517000
2395000
2242000
2105000
1983000
1876000
1779000
1692000
1614000
1542000
1476000
1416000
1372000
1355000
1314000
1270000
1226000
1184000
1145000
1109000
1075000
1070000
1426000
2352000
2611000
2570000
2417000
2259000
2120000
1997000
1888000
1790000
1702000
1622000
1559000
1535000
1516000
1467000
1412000
1357000
1306000
1259000
1215000
1624000
4011000
6232000
5953000
5291000
4567000
4011000
3580000
3533000
4041000
3889000
3594000
3553000
4030000
3836000
3539000
3212000
2933000
2700000
2502000
2332000
2183000
2053000
1938000
1835000
1742000
1659000
1583000
1514000
1451000
1393000
1339000
1290000
1244000
1201000
1161000
1124000
1089000
1363000
2570000
2699000
2640000
2490000
2413000
2278000
2147000
2022000
1910000
1810000
1720000
1639000
1565000
1497000
1436000
1384000
1349000
1304000
1259000
1215000
1174000
1136000
1100000
1108000
1295000
1304000
1290000
1317000
1434000
1633000
1653000
1610000
1543000
1478000
1417000
1362000
1311000
1263000
1219000
1178000
1149000
1162000
1137000
1107000
1157000
1571000
2049000
2495000
2476000
2361000
2213000
2079000
1961000
1855000
1761000
1676000
1598000
1528000
1464000
1405000
1350000
1300000
1253000
1210000
1276000
2088000
3327000
3390000
3221000
2951000
2715000
2515000
2342000
2193000
2061000
1945000
1841000
1748000
1664000
1588000
1519000
1455000
1397000
1343000
1293000
1282000
1734000
2904000
2993000
2886000
2670000
2476000
2309000
2163000
2036000
1922000
1821000
1730000
1648000
1573000
1505000
1442000
1385000
1332000
1283000
1237000
1195000
1174000
1260000
1247000
1218000
1178000
1140000
1104000
1070000
1038000
1008000
980100
953400
928200
928900
1016000
1017000
1006000
980400
954300
929000
905100
882300
860700
840100
820500
801800
783900
766800
750400
734700
719700
705300
691400
678100
673200
713200
712300
704200
690800
677500
675400
744300
856100
1149000
1737000
3756000
7343000
6926000
6100000
5150000
4445000
3918000
3506000
3175000
2903000
2674000
2480000
2312000
2166000
2038000
1924000
1823000
1732000
1649000
1574000
1506000
1444000
1386000
1333000
1284000
1238000
1196000
1156000
1119000
1085000
1052000
1021000
992500
1102000
1798000
2048000
2053000
1962000
1858000
1763000
2385000
4399000
4442000
4241000
3801000
3424000
3108000
2847000
2627000
2440000
2277000
2136000
2040000
2142000
2404000
2352000
2242000
2108000
1986000
1878000
1781000
1694000
1615000
1543000
1478000
1418000
1362000
1311000
1263000
1320000
2335000
4395000
4770000
4515000
4122000
4033000
4012000
3702000
3376000
3071000
3083000
5892000
11160000
10540000
8685000
6905000
5659000
4811000
4195000
3751000
3478000
3274000
3048000
2816000
2605000
2421000
2261000
2121000
1998000
1889000
1791000
1869000
2355000
2353000
2267000
2131000
2007000
1896000
1798000
1709000
1950000
2951000
2992000
2872000
2657000
2465000
2300000
2155000
2028000
1916000
1815000
1725000
1643000
1569000
1501000
1591000
2088000
2113000
2054000
1943000
1904000
2050000
2089000
2208000
2298000
2676000
2613000
2483000
2319000
2172000
2052000
2033000
2139000
2107000
2018000
1912000
1812000
1722000
1641000
1567000
1541000
1657000
1715000
1676000
1610000
1540000
1539000
1728000
1711000
1665000
1611000
1545000
1482000
1421000
1366000
1314000
1266000
1222000
1181000
1142000
1109000
1109000
1168000
1155000
1249000
1743000
1794000
1766000
1685000
1607000
1535000
1581000
1956000
2055000
2274000
2279000
2348000
3285000
5728000
6270000
5716000
4968000
4319000
3830000
3461000
3145000
2881000
2656000
2464000
2299000
2155000
2028000
1915000
1815000
1724000
1642000
1568000
1500000
1438000
1381000
1329000
1280000
1235000
1192000
1153000
1116000
1085000
1071000
1043000
1015000
986700
959700
934100
915200
974800
1272000
1309000
1298000
1254000
1210000
1170000
1145000
1231000
1410000
1415000
1384000
1332000
1350000
1560000
1560000
1543000
1558000
1511000
1457000
1399000
1345000
1295000
1249000
1206000
1165000
1128000
1093000
1060000
1028000
999100
971400
945200
920400
896900
874500
872900
1017000
1421000
1887000
2341000
2340000
2242000
2108000
1987000
1879000
1782000
1695000
1616000
1591000
1709000
1677000
1621000
1550000
1484000
1423000
1367000
1316000
1268000
1223000
1182000
1143000
1107000
1073000
1092000
1316000
1333000
1314000
1268000
1224000
1182000
1143000
1107000
1073000
1041000
1011000
1075000
1464000
1511000
1496000
1438000
1381000
1328000
1368000
1846000
2509000
2816000
2743000
2671000
2878000
2936000
2792000
2606000
2423000
2263000
2123000
2e+06
1890000
1792000
1704000
1624000
1551000
1485000
1424000
1368000
1317000
1321000
1478000
1471000
1434000
1379000
1327000
1278000
1233000
1191000
1152000
1115000
1080000
1048000
1018000
989000
1006000
1370000
1925000
1996000
2142000
2697000
2821000
2915000
3654000
10020000
19840000
14290000
10670000
7737000
6149000
5150000
4627000
4548000
4130000
3730000
3360000
3056000
2803000
2590000
2407000
2249000
2111000
1989000
1881000
1784000
1696000
1617000
1545000
1626000
2148000
2330000
2345000
2367000
3957000
8554000
10920000
9258000
8743000
10720000
11030000
10640000
12510000
11350000
9054000
7166000
5829000
4930000
4284000
3793000
3407000
5502000
10580000
9218000
7705000
6196000
5182000
4469000
3936000
3520000
3187000
2912000
2684000
2602000
4080000
7058000
6702000
5921000
5032000
4360000
3852000
3454000
3132000
2867000
2644000
2454000
2290000
2197000
2205000
2277000
2799000
2950000
3001000
2827000
2789000
3195000
4806000
9818000
13690000
13810000
11450000
13230000
15820000
14150000
