1839000
1796000
1734000
1669000
1606000
1541000
1476000
1414000
1356000
1300000
1245000
1192000
1143000
1097000
1053000
1013000
976100
1525000
1858000
1918000
1876000
1903000
2273000
2361000
2575000
6804000
7076000
6143000
5295000
5144000
5221000
4835000
4329000
4296000
4266000
4352000
7678000
11610000
10060000
7961000
6977000
6839000
6111000
5215000
5521000
5539000
5624000
5165000
4581000
4169000
3756000
3325000
3016000
2856000
2704000
2500000
2326000
2166000
2008000
1871000
1744000
1637000
1712000
1706000
1644000
1572000
1521000
1465000
1403000
1342000
1332000
1509000
1869000
2100000
2121000
2080000
2040000
1987000
1906000
1821000
1751000
1780000
1758000
1692000
1616000
1550000
1480000
1409000
1445000
1434000
1393000
1345000
1304000
1263000
1217000
1169000
1128000
1091000
1057000
1028000
996900
965600
933200
903600
875700
848900
823500
799800
777600
756600
736300
717100
698800
681300
664700
1570000
1947000
1994000
1943000
1978000
1971000
1900000
1809000
1960000
2368000
2485000
2399000
2305000
2246000
2143000
2022000
1909000
1822000
1750000
1674000
1585000
1525000
1468000
1400000
1334000
1275000
1221000
1171000
1123000
1080000
1040000
1004000
968900
935800
905000
875800
911900
1542000
1796000
2119000
2193000
2213000
2170000
2113000
2031000
1955000
1887000
1833000
1752000
1681000
1598000
1511000
1919000
2049000
2012000
1929000
1896000
1845000
1766000
1678000
1613000
1560000
1513000
1441000
1377000
1319000
1255000
1198000
1146000
1098000
1055000
1014000
977300
942900
911000
881100
853200
827100
802500
779400
757600
737000
717600
708300
7e+05
766400
791200
790100
780300
776400
768400
755000
739700
727000
715300
704000
688500
673500
659000
643500
628600
614500
601000
628200
713700
747400
750700
748500
750700
746300
734900
722300
712600
704200
693900
679500
665700
651600
690200
1289000
1546000
1589000
1572000
1603000
1602000
1667000
1656000
1628000
1599000
1579000
1523000
1463000
1405000
1342000
1286000
1236000
1183000
1135000
1091000
1048000
1059000
1047000
1020000
989200
964800
939700
912600
885400
861100
838800
817900
795200
773700
753400
777400
1438000
3003000
3412000
8314000
8708000
7462000
6278000
5956000
5489000
4846000
4291000
4030000
3810000
3626000
3154000
2807000
2560000
2255000
2037000
1871000
1735000
1621000
1522000
1436000
1360000
1293000
1232000
1177000
1126000
1084000
1431000
2078000
2273000
2241000
2193000
2180000
2120000
2018000
1986000
1984000
1953000
1885000
1796000
1718000
1634000
1544000
1464000
1395000
1333000
1273000
1278000
1379000
1395000
1363000
1326000
1299000
1264000
1221000
1179000
1143000
1112000
1080000
1042000
1008000
2029000
7539000
7575000
6295000
5391000
5351000
4963000
4326000
3809000
3628000
3526000
3369000
3142000
2966000
2755000
2453000
2264000
2254000
2171000
2049000
1935000
1851000
1771000
1676000
1588000
1513000
1467000
1417000
1355000
1296000
1244000
1201000
1157000
1789000
2032000
2036000
1969000
2028000
2020000
1946000
1851000
2039000
2136000
2119000
2023000
1956000
1890000
1797000
1700000
1631000
1621000
1584000
1518000
1452000
1396000
1337000
1278000
1409000
1445000
1421000
1378000
1351000
1317000
1312000
2240000
2570000
2806000
4027000
4303000
4076000
3758000
3587000
3401000
3169000
2956000
2768000
2626000
2491000
2280000
2110000
1963000
1811000
1685000
1578000
1485000
1404000
1331000
1266000
1208000
1155000
1107000
1181000
1196000
1173000
1140000
1118000
3957000
4634000
4327000
4813000
15360000
12750000
9284000
7349000
7500000
7146000
6929000
6152000
5798000
5518000
5190000
4253000
3786000
3416000
2929000
2683000
2472000
3997000
4945000
4786000
5670000
5718000
5310000
4750000
4372000
4054000
4684000
4687000
4345000
3976000
3776000
3454000
3127000
2842000
2608000
2430000
2284000
3022000
3202000
3070000
2851000
2751000
2628000
2460000
2288000
2166000
2071000
1990000
1863000
1999000
2010000
1923000
1824000
1756000
1686000
1606000
1527000
1462000
1406000
1355000
1295000
1240000
1190000
1138000
1091000
1048000
1009000
972000
937900
906300
876800
849200
823300
798900
776000
754400
734000
714700
971200
1086000
1106000
1096000
1108000
1107000
1086000
1056000
1036000
1020000
1006000
976100
948100
922000
891400
862900
836100
811000
787400
765200
744200
724300
705500
687700
670700
654600
639300
833300
1224000
1377000
1398000
1403000
1423000
1413000
1375000
1335000
1309000
1290000
1260000
1215000
1200000
1170000
1127000
1085000
1048000
1013000
978900
945900
915800
888500
867100
843400
819600
796800
775100
754300
734300
715300
697300
680300
664100
648400
633500
619200
605500
592300
579800
567700
556200
545100
534500
524200
514400
504900
495800
487000
478500
470300
462400
454700
447300
440100
433200
426500
420000
413700
407500
401600
395800
390200
384700
379400
374300
369300
364400
359600
355000
350500
346100
341800
337600
333500
641400
822800
883200
897200
932100
953700
950200
934000
925300
921600
919100
898600
877400
857400
831700
806900
783500
1009000
1165000
1204000
1196000
1231000
1243000
1225000
1192000
1167000
1148000
1129000
1096000
1062000
1031000
996400
961400
928800
898500
869500
846900
825300
833700
826800
811000
792600
777200
794200
860000
880200
875400
866300
861400
849400
831800
813500
797500
783200
767700
749000
731200
713600
695300
769200
798100
796900
785900
782600
775300
761700
745500
732200
720600
709700
693900
979900
1538000
1741000
1755000
1748000
1766000
1742000
2004000
2075000
2051000
2002000
1969000
2366000
6021000
6413000
5650000
4957000
4833000
4520000
4030000
3754000
6437000
7307000
6716000
5757000
5356000
4976000
4386000
3851000
3528000
3323000
3150000
2833000
2568000
2362000
2333000
2381000
3833000
4130000
3898000
3592000
5171000
5586000
5149000
4584000
4357000
4134000
3825000
3430000
3164000
2972000
2783000
2525000
2310000
2245000
2207000
2411000
2769000
2812000
2701000
2581000
2486000
2367000
3331000
3569000
3429000
4376000
5289000
5985000
6943000
6571000
5908000
5796000
5518000
4999000
4496000
4164000
3845000
3535000
3227000
2896000
2970000
2881000
2658000
2453000
2313000
2173000
2032000
1900000
1794000
1706000
1628000
1539000
1460000
1389000
1319000
1313000
1283000
1238000
1223000
1199000
1165000
1126000
1091000
1058000
1027000
1097000
1122000
2576000
3061000
3020000
2850000
2839000
2764000
2699000
2613000
2529000
2443000
2458000
2347000
2217000
2091000
1959000
1845000
1741000
1642000
1554000
1476000
1405000
1335000
1272000
1215000
1162000
1113000
1068000
1027000
1108000
1130000
1113000
1084000
1080000
1071000
1085000
1077000
1059000
1038000
1020000
994400
967000
940100
913100
887600
863400
838300
995400
1199000
1264000
1261000
1406000
1471000
1465000
1427000
1404000
1382000
1353000
1311000
1268000
1230000
1191000
1144000
1100000
1060000
1019000
981900
947100
914900
884800
856600
830300
805500
1052000
1572000
1758000
1766000
1752000
1763000
1736000
1673000
1610000
1567000
1535000
1490000
1426000
1367000
1308000
1246000
1189000
1138000
1091000
1048000
1008000
988200
962200
933000
903900
878100
853100
828500
823300
810500
792800
774200
757000
739900
722300
704600
688200
672800
658100
643100
628700
615000
601400
588500
576100
564200
552800
541800
531300
630200
675600
684800
681700
687300
687700
680000
668700
660500
653900
647800
635400
719600
756200
758400
750100
749800
745000
733400
718900
707400
697400
688100
673500
659500
646100
631100
616900
603200
590200
577700
565800
554300
585200
631600
646800
716500
750000
760400
757800
756800
752300
744000
734200
724000
713000
702600
687400
672200
657600
642100
627300
613200
599700
586900
574500
562700
551400
562600
771700
868000
891200
892400
908900
957900
967700
956000
945400
941500
934800
912900
890600
870200
846800
824900
801600
779600
758900
858700
1166000
1288000
1303000
1298000
1309000
1299000
1267000
1230000
1205000
1185000
1160000
1120000
1214000
10310000
9513000
7322000
5904000
6080000
5603000
4738000
4046000
3897000
3818000
3712000
3077000
2789000
2578000
2212000
2005000
1845000
1714000
1603000
1507000
1423000
1348000
1282000
1222000
1168000
1118000
1073000
1031000
993000
957500
924500
893700
865000
838100
812900
789200
766900
745800
725800
706900
689000
672000
655800
640400
625700
611700
598300
585500
573200
561400
550200
539300
528900
518900
509200
5e+05
491000
482400
474000
466000
458200
450700
443400
436400
429600
423000
416500
410300
404300
398400
452500
477900
483800
483000
486900
487900
626000
755600
806300
819500
1438000
1710000
1752000
1834000
2485000
5294000
5651000
5088000
5154000
5165000
4836000
4319000
5130000
5201000
4863000
4453000
4109000
3810000
3484000
3099000
2839000
2710000
3274000
3314000
3946000
7374000
20500000
16040000
17380000
13810000
12110000
9928000
8555000
7257000
6620000
6114000
5718000
4670000
4255000
3521000
2875000
4749000
4946000
4530000
4052000
3897000
3680000
3358000
3042000
2988000
2908000
2799000
3577000
3813000
4454000
4347000
4094000
3799000
3571000
3314000
3066000
2855000
2708000
2930000
3328000
3346000
3150000
4576000
5324000
5067000
4544000
4260000
4036000
3731000
3389000
3219000
3074000
2923000
2682000
2465000
2289000
3027000
3192000
3049000
2844000
2755000
2635000
2468000
2317000
2202000
2108000
2024000
1898000
2496000
2857000
2829000
2677000
2591000
2505000
2372000
2425000
2490000
2448000
2362000
2253000
2147000
2036000
1911000
1799000
1707000
1627000
1544000
2482000
2793000
2735000
2586000
2548000
2472000
2336000
2187000
2565000
2674000
2619000
2463000
2371000
2272000
2129000
1991000
2644000
7765000
7786000
6510000
5560000
5454000
5037000
6430000
8168000
7733000
6812000
6243000
5666000
5071000
4446000
3899000
3603000
3390000
3092000
2751000
2509000
2275000
2051000
1882000
1744000
1675000
1596000
1514000
1437000
1371000
1311000
1253000
1199000
1151000
1107000
1067000
1075000
1062000
1035000
1274000
1390000
1445000
1437000
3341000
4709000
4687000
4253000
4054000
3918000
3648000
3455000
3314000
3187000
3061000
2849000
2626000
2439000
2236000
2055000
1910000
1789000
1677000
1576000
1489000
1408000
1335000
1403000
2463000
5818000
15290000
13520000
10190000
8460000
8843000
7982000
6615000
5694000
5678000
6188000
5938000
9148000
6849000
5199000
4212000
6121000
4830000
3743000
3191000
4409000
6784000
4725000
3158000
2798000
2882000
2455000
1970000
1792000
1795000
1713000
1581000
1332000
1423000
1790000
1975000
2275000
5084000
5993000
5539000
4898000
4672000
4418000
4018000
4086000
6480000
7178000
6585000
7728000
7514000
6799000
5869000
5304000
4853000
4434000
4043000
3652000
3351000
3111000
2745000
2474000
2262000
2047000
1881000
1744000
1628000
1529000
1442000
1366000
1297000
1236000
1180000
1130000
1084000
1041000
1002000
965900
932300
901000
927200
927100
909600
1117000
1337000
1404000
1395000
1390000
1387000
1362000
1322000
1284000
1254000
1229000
1191000
1451000
1548000
1536000
1490000
1473000
1444000
1396000
1341000
1299000
1264000
1232000
1184000
1141000
1101000
1057000
1017000
979300
944800
912700
882700
854700
828500
803800
780700
758800
738100
718600
700100
682500
665800
650000
634800
620400
606600
593400
580800
568700
557100
546000
535400
525100
515200
652600
717400
733100
732000
742600
745900
738300
725800
1361000
5179000
5725000
5098000
4520000
4475000
4231000
3795000
3404000
3430000
4710000
5930000
5794000
8701000
10150000
8894000
7372000
6592000
6076000
6644000
6274000
5669000
5163000
4896000
4390000
3837000
3517000
11990000
10690000
8250000
6619000
6621000
6007000
6349000
5890000
5520000
5168000
4987000
4253000
3806000
3441000
3176000
2998000
2811000
2564000
2617000
3654000
4787000
4748000
5473000
5395000
5037000
4552000
4204000
3888000
3603000
3348000
3113000
2877000
2685000
2435000
2218000
2045000
1877000
1740000
1625000
1526000
1440000
1364000
1295000
1234000
1516000
1617000
1603000
1554000
1537000
1506000
1475000
1517000
1892000
2019000
2059000
2015000
1985000
1929000
2017000
2003000
2295000
2364000
2323000
2223000
2152000
2064000
1957000
1854000
1771000
1692000
1622000
1538000
1460000
1389000
1320000
1257000
1199000
1147000
1100000
1056000
1016000
979000
944600
985600
1650000
2048000
2116000
2070000
2069000
2047000
1973000
1879000
1809000
1760000
1715000
1636000
1558000
1493000
1417000
1345000
1280000
1222000
1169000
1120000
1075000
2144000
4758000
5115000
4638000
4245000
4156000
3911000
3536000
3734000
3795000
3690000
3476000
3806000
3809000
3560000
3228000
3031000
2854000
2667000
2459000
2298000
2168000
2047000
1905000
1783000
1677000
1572000
1480000
1399000
1327000
1263000
1205000
1152000
1104000
1060000
1019000
981800
947000
1658000
1945000
1966000
1910000
1972000
1971000
1903000
1813000
1757000
1714000
1673000
1591000
1520000
1456000
1383000
1314000
1252000
1196000
1144000
1097000
1054000
1013000
976400
942100
983600
989500
972100
958500
1001000
1143000
1206000
1206000
1193000
1187000
1173000
1143000
1111000
1084000
1060000
1034000
1001000
970000
939600
908200
878500
1032000
1283000
1678000
1804000
1811000
1794000
1784000
1742000
1680000
1621000
1579000
1536000
1485000
1421000
1359000
1298000
1237000
1181000
1131000
1084000
1252000
2226000
2556000
2530000
2436000
2430000
2371000
2249000
2121000
2039000
1979000
1915000
1804000
1708000
1620000
1522000
1436000
1360000
1292000
1231000
1176000
1150000
1941000
2237000
2235000
2152000
2150000
2112000
2019000
1911000
1839000
1786000
1738000
1647000
1566000
1494000
1412000
1338000
1273000
1214000
1160000
1112000
1067000
1026000
987800
952700
920000
889600
861100
834500
809500
786000
763800
742900
723100
704400
713400
710000
701100
688500
677700
666000
653000
639500
627100
615400
604300
592100
580400
569000
557500
546400
535800
525500
515600
506100
496900
488100
479500
471300
463300
455600
448200
469200
510000
628000
932300
1444000
5539000
6034000
5339000
4685000
4627000
4366000
3913000
3505000
3328000
3213000
3091000
2750000
2515000
2326000
2086000
1909000
1767000
1648000
1546000
1457000
1379000
1309000
1247000
1190000
1139000
1092000
1049000
1009000
972300
938300
906600
877000
849400
1160000
1411000
1479000
1467000
1471000
1469000
1438000
3202000
3719000
3666000
3438000
3389000
3260000
3038000
2795000
2639000
2528000
2437000
2252000
2150000
2304000
2266000
2152000
2031000
1947000
1860000
1762000
1668000
1592000
1527000
1467000
1396000
1332000
1274000
1215000
1161000
1393000
3246000
4106000
4058000
3768000
3866000
4077000
3897000
3578000
3359000
3233000
3711000
9943000
10330000
8478000
6953000
6630000
6075000
5214000
4470000
4185000
4090000
3947000
3414000
3055000
2797000
2457000
2212000
2027000
1878000
1755000
1648000
1931000
2007000
1955000
1869000
1824000
1767000
1689000
1606000
1542000
2299000
2566000
2520000
2400000
2366000
2293000
2173000
2043000
1951000
1880000
1818000
1715000
1625000
1545000
1457000
1755000
1849000
1816000
1746000
1716000
1836000
1856000
1958000
1970000
2336000
2439000
2381000
2277000
2212000
2126000
2046000
2095000
2104000
2045000
1965000
1879000
1795000
1707000
1614000
1535000
1554000
1595000
1567000
1512000
1461000
1413000
1522000
1539000
1504000
1467000
1443000
1406000
1355000
1303000
1258000
1216000
1177000
1132000
1091000
1052000
1013000
1030000
1022000
997500
1332000
1475000
1488000
1457000
1457000
1441000
1402000
1631000
1714000
1916000
1996000
2063000
2219000
4525000
5764000
5484000
4884000
4624000
4394000
4020000
3611000
3339000
3173000
3029000
2769000
2519000
2324000
2115000
1932000
1786000
1664000
1560000
1469000
1390000
1319000
1255000
1198000
1146000
1098000
1055000
1014000
977300
942900
910900
881100
853200
827100
802500
779400
757600
882600
934400
937300
924400
923700
916300
898800
898400
1011000
1057000
1060000
1043000
1036000
1156000
1193000
1181000
1194000
1202000
1191000
1161000
1130000
1103000
1074000
1046000
1012000
981700
953200
921400
891700
864000
837200
812000
788300
766000
745000
725100
726400
915200
1186000
1610000
1755000
1775000
1766000
1763000
1727000
1669000
1615000
1576000
1535000
1499000
1441000
1381000
1320000
1260000
1204000
1153000
1106000
1062000
1023000
986200
951500
919200
889200
860700
924900
944200
934000
914700
903600
889100
868700
846300
827400
810500
794700
774300
929000
995100
1e+06
986500
987300
980100
960500
1103000
1539000
1900000
1989000
1969000
2161000
2356000
2349000
2256000
2184000
2134000
2063000
1963000
1864000
1779000
1698000
1609000
1522000
1445000
1371000
1302000
1240000
1184000
1180000
1155000
1119000
1080000
1048000
1016000
983300
951100
922100
895600
870800
844700
820200
797100
774300
831700
1163000
1305000
1326000
1748000
2044000
2115000
2461000
3527000
21500000
14900000
9416000
7137000
8093000
7034000
5415000
4710000
4929000
4908000
4684000
3453000
3176000
2928000
2330000
2137000
1985000
1858000
1735000
1628000
1536000
1448000
1371000
1302000
1506000
1665000
1722000
1694000
1964000
5141000
9186000
8362000
6848000
8467000
10580000
9408000
10840000
11210000
10060000
8608000
7588000
6706000
5964000
5250000
4609000
4128000
9373000
9033000
7391000
6145000
5862000
5333000
4607000
3986000
3721000
3553000
3401000
2937000
2890000
5687000
5997000
5362000
4714000
4528000
4242000
3814000
3413000
3193000
3049000
2914000
2625000
2408000
2311000
2135000
2396000
2535000
2618000
2543000
2455000
2732000
2996000
6830000
11100000
12680000
10300000
9879000
15120000
13160000
