194500
194300
194100
193900
193700
193500
193400
193200
193000
192800
192600
192400
192200
192000
191900
191700
17050000
5094000
741400
223300
803900
7693000
1416000
5168000
31860000
5307000
564200
211700
211400
5002000
1476000
346400
3900000
1505000
4055000
28440000
21380000
3253000
415200
225400
2959000
672000
256400
11590000
2084000
4821000
956900
278700
227400
227200
226900
226700
2001000
516400
246600
226000
225800
225500
225300
225000
224800
5923000
1156000
290400
225100
224800
224600
224300
224100
1756000
7901000
9532000
4606000
805500
261200
227000
226700
226500
226200
226000
2862000
656600
255900
225500
225300
225000
224800
4348000
898700
272100
224700
224500
224200
224000
223700
223500
223200
223000
222700
222500
222200
222000
221700
221500
221200
221000
220700
220500
220200
220000
219700
219500
219300
219000
30710000
5205000
573500
225200
224900
224600
224400
224100
5343000
8929000
1570000
316000
225900
225700
225400
225200
224900
224600
224400
224100
223900
223600
223400
223100
222900
222600
222400
222100
221900
221600
221400
221100
220900
220600
220400
220100
2724000
21470000
3656000
6701000
1245000
296800
225300
225000
224800
224500
224300
224000
223800
223500
223300
223000
13560000
2403000
377600
225100
224900
224600
224400
224100
223900
223600
223300
223100
222800
222600
222300
222100
221800
221600
221400
221100
220900
220600
220400
220100
219900
219600
219400
219100
218900
218700
218400
218200
217900
5502000
1082000
278900
218400
218100
217900
217700
217400
217200
216900
216700
216500
216200
216000
215800
215500
215300
215100
1809000
5766000
1099000
277000
216300
216100
215900
215600
215400
215200
214900
214700
214500
214200
214000
2631000
23400000
3970000
480200
219700
219500
219300
2740000
631100
247900
218900
218600
218400
218100
217900
217700
217400
217200
216900
216700
216500
216200
609600
280200
220200
215500
215200
215000
214800
214500
214300
214100
213900
213600
213400
213200
1387000
23660000
22230000
3461000
29990000
8454000
1122000
268600
229600
229300
229100
228800
228500
228300
228000
227700
227500
227200
226900
226700
226400
226200
225900
225700
225400
225100
224900
224600
224400
224100
223900
13320000
13500000
2196000
355700
228300
228100
227800
227500
1871000
1569000
421400
239400
226900
226600
226400
226100
225800
225600
225300
225100
2747000
5611000
1067000
282600
225600
225300
225000
224800
224500
224300
224000
223800
223500
223300
28920000
37930000
5956000
613900
236800
236500
236200
236000
235700
235400
235100
234800
5219000
1049000
292100
235000
234700
4304000
899700
281300
234600
234300
234000
233700
233500
233200
1232000
468200
255800
233200
232100
670500
303300
20930000
3616000
472200
235600
1834000
496500
253400
234900
7109000
2421000
488000
247900
235400
235200
234900
234600
702000
2293000
563400
256700
233800
233500
233300
233000
7730000
1459000
319600
233700
233500
233200
1903000
23140000
3954000
4664000
15240000
2629000
405400
241600
241300
241000
240700
240400
240100
239800
239500
239200
238900
238600
238400
238100
237800
237500
237200
236900
236600
236400
236100
235800
4957000
1007000
290000
235800
235600
42870000
7209000
732200
9436000
38520000
7710000
895900
271700
256000
4790000
9235000
1655000
352100
257700
257400
257100
256700
256400
256100
255700
255400
25740000
10060000
1474000
12470000
2763000
488000
270800
264600
264300
12770000
2309000
409400
266300
266000
265600
265200
264900
264500
264200
263800
17350000
3057000
462500
267200
266800
266400
266100
265700
265400
265000
264700
264300
7056000
1375000
342700
264800
264400
264100
263700
263400
263000
262700
262300
262000
261600
261300
260900
260600
260200
259900
259600
259200
258900
258500
258200
257900
257500
257200
256900
256500
256200
12640000
2282000
399900
258200
257900
257500
257200
256900
256500
256200
255900
255500
255200
254900
254600
254200
253900
253600
253300
252900
252600
252300
252000
251600
251300
251000
250700
12080000
13240000
2195000
381600
255100
254800
254500
254200
253800
253500
253200
252900
252500
252200
251900
251600
251200
250900
250600
250300
250000
249700
249300
249000
248700
248400
248100
247800
247500
247200
246900
246600
246200
245900
245600
245300
245000
244700
244400
244100
243800
243500
243200
242900
242600
242300
242000
241700
241400
241100
240900
240600
240300
240000
239700
239400
239100
238800
238500
238200
238000
237700
237400
237100
236800
236500
236300
236000
235700
235400
235100
234900
234600
234300
234000
23430000
5412000
730300
254800
238700
238400
238100
237800
237500
237300
237000
236700
236400
236100
235900
235600
235300
11820000
4391000
739500
263400
1353000
419400
249700
236700
236500
236200
235900
235600
235300
235000
234800
234500
234200
233900
233700
233400
233100
1508000
441100
247200
232300
232100
2274000
4694000
930200
279600
232200
231900
231700
231400
231100
230800
230600
230300
230000
229800
229500
229200
6199000
1205000
298000
229600
229300
229100
228800
228500
228300
228000
227800
227500
16250000
15020000
2405000
372300
233000
232700
232400
8797000
1633000
331500
233400
233100
11230000
32490000
5675000
644400
245900
241800
241500
241200
3157000
26770000
8449000
1185000
292800
247900
247600
247200
246900
246600
246300
246000
245700
245400
245100
5745000
4861000
21930000
3725000
491200
251100
18060000
5203000
791700
278400
263500
255900
254200
253800
253400
253100
252800
252500
252200
3326000
3469000
7952000
8077000
1659000
370400
257900
254800
254500
18660000
3264000
468500
14140000
9030000
8466000
11070000
1912000
376000
5178000
1069000
322900
266500
266100
265800
265400
265100
264700
7835000
1502000
352200
265400
265000
264700
264300
264000
263600
263300
262900
262600
262200
261900
261500
2606000
644500
287900
1764000
506300
277700
260200
259800
259500
259200
5379000
1500000
30680000
5219000
613100
266900
266600
266200
2184000
1776000
483400
279300
2425000
618200
289900
264800
264500
264100
263800
263400
263100
262700
262400
262000
261700
261300
261000
260700
260300
260000
5327000
1088000
318200
260000
698800
615900
2299000
757600
309600
260700
258400
258100
257700
257400
257100
256700
256400
256100
8885000
7163000
1255000
321300
5397000
1098000
317600
258600
258200
257900
257600
257200
256900
256600
256200
255900
255600
255200
254900
254600
254300
253900
253600
253300
253000
252600
12320000
14050000
2327000
392700
257400
257000
256700
256400
256000
255700
255400
255100
254700
254400
254100
253700
253400
253100
252800
252500
252100
251800
251500
251200
250900
250500
250200
249900
795600
338600
255300
248800
248500
248200
247900
247500
247200
246900
246600
246300
246000
245700
245400
245100
244800
244500
244200
243900
243600
6880000
1328000
320100
244100
243800
243500
243200
242900
242600
242300
242000
241700
6317000
1235000
311700
242100
241800
241500
241200
240900
240600
240300
240000
239700
239400
239100
238800
238600
238300
238000
237700
237400
237100
1999000
3438000
733200
5240000
1050000
294500
237500
237200
237000
236700
236400
236100
235800
235600
235300
235000
234700
234400
234200
233900
233600
233300
233100
232800
232500
1513000
14330000
2519000
393700
234900
234600
2357000
581200
258500
234000
233700
233400
233200
232900
232600
232300
232100
231800
231500
231300
6448000
12320000
2114000
360800
234100
233800
233500
233300
233000
232700
232500
232200
231900
5102000
62660000
10370000
949300
245500
245200
244900
244600
244300
244000
243700
243400
243100
242800
242500
242200
241900
241600
241300
241000
240700
240400
240100
239800
239600
239300
239000
238700
238400
238100
237800
237500
237300
237000
236700
236400
236100
235800
235600
235300
235000
234700
234400
234200
233900
233600
233300
233100
232800
232500
232200
232000
231700
231400
231200
230900
230600
230400
230100
229800
229600
229300
229000
228800
228500
228200
228000
227700
227400
227200
226900
5590000
1103000
288600
227200
226900
226600
11840000
5849000
970300
271800
20650000
3569000
466500
3128000
11850000
25130000
4330000
536800
6166000
1209000
309500
241600
14410000
2559000
406100
244000
243700
243400
243100
242800
242500
1848000
13950000
2460000
11370000
24780000
37250000
13120000
24290000
4021000
525700
268800
268400
268100
267700
267300
267000
266600
266300
265900
265600
29230000
5003000
603300
272300
271900
271500
271100
270800
3250000
757400
304500
17320000
4076000
10010000
1819000
383500
276100
275700
275300
275000
274600
274200
8969000
8381000
2340000
496100
19280000
7884000
1235000
334000
282300
281900
281500
281100
2059000
571100
300700
280000
279600
279200
18480000
3256000
491100
283000
282600
282200
281800
411500
302300
282100
280200
279800
16760000
6027000
971000
318800
283600
283200
282800
4923000
3278000
701800
308700
282800
282400
282000
281600
281200
280800
280400
280000
22820000
3967000
542800
285000
284600
284200
283800
283400
10640000
1977000
403500
284900
284500
284100
283600
283200
15980000
36890000
6032000
682800
293900
293400
293000
20310000
15320000
2449000
435000
300400
3e+05
299500
299000
298600
298100
297700
297300
296800
296400
295900
295500
295000
294600
844600
383800
299700
293000
292600
292200
291700
291300
290900
290400
290000
1127000
426100
298600
11490000
2713000
2020000
543700
31490000
12510000
1818000
380500
298800
298300
297900
2200000
1402000
448600
306000
296500
296100
295600
295200
294700
294300
293900
293400
293000
292600
292100
291700
5129000
23930000
28380000
34990000
12510000
2537000
1707000
5592000
1155000
369900
367400
3116000
9239000
1729000
409900
10190000
1929000
427600
314400
6427000
2092000
512000
323500
314100
5468000
1157000
373200
313800
313300
312800
312400
311900
311400
310900
310400
5654000
12480000
5084000
6409000
29430000
8346000
1192000
359100
320300
319700
319200
7772000
24520000
7778000
1178000
16120000
2900000
1345000
463000
335100
325000
324500
324000
323400
322900
322400
321800
321300
320800
320300
319800
319300
318700
318200
317700
317200
316700
316200
315700
315200
314700
314200
313700
313200
312700
312200
879100
404100
317400
11290000
6534000
1163000
364400
313400
312900
312400
311900
311400
310900
310400
310000
10900000
2041000
432800
311500
311000
310500
310000
309500
309000
308500
308100
307600
307100
306600
306200
305700
305200
304700
304300
303800
303300
302900
302400
301900
301500
301000
300600
300100
299700
299200
298800
298300
297900
297400
297000
296500
296100
295600
295200
294800
294300
293900
11200000
2077000
420400
295500
295100
294600
294200
293700
25980000
39620000
6335000
706800
305400
304900
304500
304000
303500
4187000
18090000
11760000
3316000
22910000
13140000
2069000
421400
316300
315800
14080000
2567000
474900
317200
316700
316200
315700
2329000
52260000
8776000
912000
322200
321600
321100
15780000
2847000
499200
322300
321700
321200
320700
320200
4164000
948100
363800
319400
6062000
18840000
13100000
2133000
11480000
2130000
451900
325300
324800
324200
323700
323200
322600
322100
321600
321100
320500
320000
319500
319000
318500
318000
317500
317000
316400
315900
12870000
2369000
461100
317200
316700
316200
1013000
3791000
11540000
2098000
1760000
533500
332500
316900
5096000
1098000
8762000
1689000
414400
318100
317600
317000
316500
316000
315500
315000
314500
314000
313500
313000
312500
312000
311600
311100
310600
310100
309600
309100
308600
4003000
22550000
6629000
1008000
344500
312800
312300
311800
311300
310800
310300
309800
309400
308900
308400
307900
307400
307000
306500
306000
305500
305100
29830000
26480000
4138000
557900
313700
313200
312700
312200
8169000
2354000
526900
321700
10240000
2252000
479700
318000
313900
313400
312900
312400
311900
311400
310900
310400
310000
309500
309000
308500
308000
307500
307100
306600
306100
305600
305200
304700
304200
303800
23720000
4133000
575300
307500
1465000
495900
319600
306000
305500
305000
304500
304100
303600
303100
302700
302200
301800
301300
300800
300400
299900
299500
299000
298600
2893000
722300
327700
614300
3309000
6809000
1949000
470900
305700
298000
297500
297100
296700
296200
295800
295300
294900
294400
294000
293600
293100
8670000
8701000
9852000
1736000
393200
297800
297400
297000
296500
296100
295600
295200
294700
294300
293900
293400
293000
292600
292100
291700
7769000
21990000
3727000
531900
297800
297300
296900
296400
296000
295600
295100
294700
294200
293800
293400
292900
292500
292100
291600
291200
290800
290300
23160000
4030000
556600
295100
294700
294200
293800
293400
292900
292500
292100
291600
291200
290800
290300
289900
289500
289100
288700
288200
287800
287400
287000
286600
286100
285700
285300
284900
284500
284100
283700
283300
282900
282500
876000
382900
497900
315300
283100
280300
279900
279500
279100
278700
278300
277900
277600
277200
276800
276400
276000
275600
275200
274900
274500
274100
273700
273300
273000
272600
272200
2508000
4e+06
8782000
13660000
13100000
38210000
6297000
699700
287900
287500
287100
286700
286200
285800
285400
285000
284600
284200
283800
283400
283000
282600
282200
281800
281400
281000
280600
280200
279800
279400
279000
278600
278200
277800
277400
277000
276600
276200
14220000
6266000
1045000
322200
279400
279000
278700
31790000
5431000
1553000
433900
295600
284800
284400
284000
283600
283200
282800
282300
1604000
7623000
1462000
364600
282800
282400
282000
281600
281200
280800
280400
280000
279600
279200
278800
278500
278100
11530000
29870000
8390000
1592000
396800
3112000
4706000
967400
333800
288200
287700
10900000
39040000
11200000
1495000
352500
298000
297600
297100
296700
821700
1665000
988100
388100
300600
294700
294300
293900
293400
293000
292600
292100
11740000
2165000
425100
293900
293500
293000
292600
292200
291700
19730000
3471000
518300
296000
295500
295100
294700
294200
293800
293400
292900
292500
292100
291600
291200
12370000
2267000
431500
293200
292700
5235000
1577000
4675000
1247000
9193000
1737000
396000
295000
294600
294100
803200
4576000
1796000
474300
302900
293200
292800
292400
291900
291500
3397000
3042000
693500
317000
291000
290600
6160000
1250000
358100
651200
349200
294000
289500
289100
288600
288200
287800
287400
287000
286500
286100
3076000
741800
317600
14630000
2632000
452600
288400
288000
287500
287100
8962000
1706000
5992000
1935000
2427000
4741000
27590000
10710000
1585000
366700
297600
297100
296700
296200
295800
295400
294900
294500
294000
293600
293200
292700
292300
291900
291400
291000
290600
290200
289700
289300
288900
288500
288000
287600
287200
286800
286400
286000
285600
285100
284700
284300
283900
7438000
1454000
366500
284400
284000
283600
283200
1035000
6684000
1318000
355300
283300
282900
6046000
1225000
349100
1648000
505900
298100
282100
281700
281300
280900
280500
280100
279700
279400
279000
278600
278200
277800
277400
277000
276600
276200
275800
275500
11550000
9344000
10400000
1803000
382100
281100
280700
280300
279900
279500
279100
278700
278300
277900
277500
277100
276800
276400
276000
275600
275200
274800
274500
274100
273700
273300
272900
3973000
877400
315100
272500
272100
271700
271400
271000
270600
270300
269900
269500
8800000
1664000
368200
270500
270100
269700
269400
7631000
13060000
6679000
1130000
324700
4858000
3926000
801400
307900
274400
274000
273700
273300
272900
272500
272200
271800
271400
271000
270700
270300
269900
269600
495200
305800
271100
268200
267800
267400
267100
266700
266400
266000
265600
265300
264900
264600
264200
3856000
14260000
2669000
448500
1.2e+07
4424000
1136000
8079000
14030000
53670000
9252000
944200
290000
284500
284100
283700
4524000
976500
332100
283300
282900
282500
282100
281700
281300
280900
280500
280100
279700
279300
278900
278500
278100
9436000
4597000
2025000
505200
8042000
33240000
22420000
3459000
643600
16240000
14220000
2332000
18240000
10180000
1648000
386100
306100
305600
305200
304700
304200
303800
43420000
7352000
802600
309900
309500
309000
308500
308000
307500
307100
306600
306100
5865000
32960000
6108000
764500
318300
311600
311100
310600
310100
309600
309100
308700
308200
307700
2518000
668400
10750000
4217000
3489000
776500
340800
7942000
5512000
32750000
23540000
16660000
2659000
9601000
27530000
4932000
19860000
