406500
406000
405300
404400
403500
402400
401400
400300
399100
398000
396800
395600
394500
393300
392200
391000
389900
415500
436500
448800
459200
466900
484900
497100
515100
592000
644100
674900
701200
717500
739900
757200
769100
787500
799800
816000
914000
1042000
1119000
1171000
1208000
1240000
1258000
1272000
1334000
1366000
1400000
1420000
1426000
1426000
1423000
1417000
1409000
1406000
1398000
1387000
1375000
1362000
1349000
1337000
1324000
1312000
1322000
1323000
1317000
1312000
1304000
1294000
1284000
1275000
1266000
1290000
1337000
1374000
1393000
1403000
1405000
1402000
1399000
1393000
1385000
1382000
1375000
1364000
1353000
1341000
1329000
1317000
1323000
1321000
1314000
1307000
1298000
1287000
1277000
1267000
1256000
1246000
1234000
1223000
1212000
1201000
1191000
1180000
1170000
1160000
1150000
1140000
1130000
1121000
1112000
1103000
1094000
1085000
1076000
1140000
1176000
1191000
1205000
1210000
1209000
1207000
1205000
1208000
1241000
1254000
1257000
1259000
1255000
1248000
1242000
1236000
1227000
1218000
1207000
1197000
1186000
1176000
1166000
1156000
1146000
1136000
1127000
1117000
1108000
1099000
1090000
1081000
1073000
1064000
1056000
1047000
1089000
1111000
1145000
1167000
1176000
1180000
1181000
1180000
1177000
1172000
1165000
1156000
1147000
1138000
1128000
1150000
1160000
1160000
1161000
1157000
1151000
1145000
1139000
1132000
1124000
1115000
1106000
1097000
1088000
1080000
1071000
1063000
1054000
1046000
1038000
1030000
1022000
1014000
1007000
999300
991900
984600
977400
970300
963400
956500
949700
943100
936500
930000
923600
917300
911000
904900
898800
892900
887000
881100
875400
869700
864100
858600
853100
847700
842400
837200
832000
826800
821800
816800
811800
807000
802100
797400
792700
788000
783400
778900
774400
769900
765500
761200
797300
818500
828300
837500
841400
841600
841600
841700
839500
836400
832200
827500
822500
817600
812600
807800
802900
798200
793400
788800
784200
779600
775100
770700
766300
761900
757600
753400
749200
745000
740900
736800
732800
728800
724900
721000
744900
809700
848700
977800
1080000
1136000
1179000
1209000
1224000
1234000
1242000
1242000
1238000
1230000
1221000
1210000
1199000
1189000
1178000
1168000
1158000
1148000
1138000
1129000
1119000
1110000
1101000
1092000
1083000
1075000
1075000
1115000
1136000
1144000
1151000
1151000
1148000
1144000
1144000
1145000
1141000
1135000
1128000
1120000
1111000
1103000
1095000
1087000
1078000
1070000
1066000
1079000
1083000
1083000
1081000
1077000
1071000
1065000
1060000
1053000
1046000
1038000
1030000
1022000
1123000
1352000
1491000
1575000
1640000
1672000
1688000
1702000
1711000
1708000
1698000
1681000
1690000
1686000
1673000
1662000
1647000
1653000
1650000
1640000
1630000
1616000
1600000
1584000
1568000
1551000
1539000
1525000
1510000
1495000
1479000
1466000
1452000
1551000
1602000
1621000
1639000
1652000
1651000
1647000
1644000
1675000
1691000
1689000
1685000
1675000
1660000
1646000
1632000
1618000
1614000
1603000
1589000
1574000
1558000
1542000
1526000
1550000
1556000
1551000
1546000
1537000
1524000
1519000
1645000
1710000
1765000
1908000
1979000
2008000
2033000
2042000
2036000
2027000
2014000
1992000
1969000
1942000
1915000
1888000
1862000
1837000
1812000
1787000
1764000
1741000
1718000
1697000
1675000
1655000
1634000
1617000
1599000
1581000
1563000
1545000
1797000
1943000
2009000
2147000
2593000
2841000
2965000
3070000
3105000
3152000
3271000
3314000
3307000
3285000
3237000
3178000
3121000
3065000
3003000
2942000
2880000
3076000
3221000
3257000
3443000
3517000
3514000
3508000
3485000
3436000
3538000
3553000
3514000
3475000
3416000
3346000
3280000
3218000
3150000
3084000
3016000
3089000
3093000
3061000
3033000
2990000
2938000
2890000
2844000
2792000
2741000
2687000
2635000
2612000
2577000
2536000
2497000
2456000
2414000
2374000
2336000
2297000
2260000
2222000
2186000
2151000
2117000
2084000
2052000
2021000
1990000
1961000
1933000
1905000
1878000
1852000
1827000
1802000
1778000
1755000
1732000
1710000
1689000
1667000
1647000
1627000
1607000
1588000
1570000
1551000
1534000
1516000
1499000
1483000
1466000
1451000
1435000
1420000
1405000
1390000
1376000
1362000
1348000
1335000
1322000
1309000
1296000
1284000
1271000
1260000
1281000
1289000
1288000
1286000
1281000
1273000
1265000
1257000
1247000
1238000
1227000
1216000
1205000
1194000
1184000
1174000
1163000
1153000
1144000
1134000
1124000
1115000
1106000
1097000
1088000
1079000
1070000
1062000
1054000
1045000
1037000
1029000
1022000
1014000
1006000
998700
991300
984100
976900
969800
962900
956000
949200
942600
936000
929500
923100
916800
910600
904400
898400
892400
886500
880700
875000
869300
863700
858200
852700
847300
842000
836800
831600
826500
821400
816400
811500
806600
801800
797000
792300
787700
783100
778500
781500
785200
785500
784800
783100
780300
777200
774200
770700
767000
763000
758800
754600
750400
746300
742100
738100
742900
750100
752700
753600
755400
754800
753200
751600
749200
746200
742800
739200
735400
731500
727600
723700
719900
716000
712200
708500
704700
701100
697400
693800
690300
686700
683200
683700
682600
680600
678500
675900
673100
670200
667400
664400
661300
658200
655000
651800
648700
645600
650300
652100
651800
651400
650000
648000
645900
643800
641300
638700
635900
632900
661500
708900
737000
755800
769800
776900
780900
807600
823600
830800
836100
837000
867400
991500
1071000
1117000
1155000
1175000
1184000
1192000
1211000
1341000
1437000
1485000
1521000
1539000
1544000
1545000
1547000
1541000
1532000
1518000
1502000
1486000
1470000
1479000
1498000
1625000
1694000
1725000
1750000
1884000
1966000
2004000
2036000
2044000
2037000
2025000
2013000
1993000
1970000
1945000
1918000
1891000
1882000
1884000
1924000
1986000
2011000
2018000
2017000
2007000
1992000
2117000
2175000
2189000
2324000
2444000
2559000
2727000
2807000
2834000
2900000
2917000
2903000
2886000
2856000
2812000
2766000
2718000
2667000
2687000
2672000
2640000
2609000
2571000
2530000
2490000
2453000
2412000
2372000
2332000
2292000
2253000
2216000
2180000
2154000
2125000
2095000
2076000
2052000
2025000
1999000
1973000
1946000
1919000
1926000
1920000
2142000
2260000
2305000
2345000
2355000
2345000
2346000
2353000
2337000
2314000
2302000
2277000
2246000
2217000
2186000
2154000
2122000
2091000
2060000
2029000
1999000
1970000
1941000
1913000
1886000
1860000
1834000
1810000
1788000
1765000
1743000
1721000
1700000
1678000
1670000
1657000
1641000
1625000
1608000
1591000
1574000
1557000
1540000
1523000
1506000
1489000
1489000
1511000
1516000
1514000
1536000
1542000
1538000
1534000
1527000
1515000
1503000
1490000
1476000
1461000
1446000
1430000
1415000
1401000
1386000
1372000
1358000
1344000
1331000
1318000
1305000
1292000
1285000
1331000
1352000
1359000
1364000
1362000
1356000
1349000
1343000
1334000
1323000
1311000
1299000
1287000
1275000
1263000
1251000
1239000
1228000
1217000
1206000
1195000
1184000
1174000
1164000
1154000
1144000
1134000
1125000
1115000
1106000
1097000
1088000
1080000
1071000
1062000
1054000
1046000
1038000
1030000
1022000
1014000
1007000
999100
991700
984500
977300
970200
963200
956400
949600
942900
936400
929900
923500
917100
910900
904800
898700
892700
886800
881000
875300
869600
864000
858500
853000
847600
842300
837100
831900
826700
821700
816700
811700
806900
802000
797300
792600
787900
783300
778800
774300
769800
765500
761100
756800
752600
748400
744200
740100
736100
732100
728100
724200
720300
716400
712600
708900
705200
701500
697800
694200
690700
687100
683600
680200
676700
691100
698900
701800
704400
704700
706100
706400
706000
704500
702400
699500
696300
693200
689800
686400
683000
679600
676200
672800
669400
689800
701500
706600
711300
713000
712400
711800
711200
709200
706800
703700
700200
696700
862400
981800
1049000
1107000
1142000
1159000
1173000
1187000
1192000
1191000
1186000
1177000
1168000
1158000
1148000
1139000
1129000
1120000
1110000
1101000
1092000
1083000
1075000
1066000
1058000
1049000
1041000
1033000
1025000
1018000
1010000
1002000
995000
987600
980400
973300
966300
959400
952600
945900
939200
932700
926300
919900
913600
907500
901400
895400
889400
883600
877800
872100
866500
860900
855400
850000
844600
839400
834100
829000
823900
818900
813900
809000
804200
799400
794600
790000
785300
780800
776300
771800
767400
763000
758700
754400
762800
776200
782400
785800
846200
882800
901800
928900
983000
1107000
1184000
1232000
1297000
1332000
1348000
1362000
1443000
1484000
1501000
1514000
1515000
1509000
1501000
1494000
1482000
1477000
1539000
1568000
1643000
1848000
2263000
2580000
3057000
3325000
3446000
3528000
3559000
3557000
3536000
3501000
3440000
3369000
3292000
3214000
3138000
3424000
3534000
3543000
3557000
3528000
3472000
3423000
3377000
3350000
3300000
3235000
3386000
3437000
3554000
3600000
3585000
3554000
3510000
3458000
3398000
3337000
3266000
3294000
3354000
3356000
3331000
3555000
3697000
3723000
3736000
3714000
3660000
3601000
3544000
3491000
3425000
3349000
3274000
3198000
3125000
3269000
3308000
3288000
3272000
3231000
3176000
3125000
3077000
3019000
2961000
2900000
2839000
2943000
3004000
3002000
2994000
2968000
2926000
2884000
2884000
2881000
2852000
2814000
2771000
2723000
2675000
2629000
2583000
2537000
2491000
2446000
2593000
2650000
2654000
2660000
2643000
2612000
2583000
2555000
2604000
2608000
2585000
2563000
2530000
2491000
2455000
2420000
2502000
2888000
3072000
3149000
3208000
3213000
3189000
3421000
3697000
3786000
3819000
3813000
3764000
3704000
3651000
3587000
3512000
3432000
3349000
3268000
3189000
3114000
3043000
2975000
2910000
2847000
2788000
2730000
2675000
2623000
2572000
2523000
2476000
2431000
2387000
2345000
2305000
2266000
2228000
2202000
2177000
2159000
2136000
2366000
2555000
2632000
2686000
2707000
2697000
2682000
2668000
2641000
2606000
2563000
2518000
2472000
2427000
2384000
2342000
2301000
2262000
2225000
2188000
2153000
2119000
2085000
2053000
2190000
2479000
2981000
3354000
3549000
3681000
3816000
3859000
3864000
3856000
3843000
3917000
3900000
3845000
3924000
3909000
3850000
3797000
3810000
3777000
3718000
3659000
3585000
3562000
3508000
3443000
3377000
3306000
3233000
3162000
3095000
3027000
2962000
2898000
2836000
2887000
2917000
2965000
3316000
3519000
3586000
3631000
3631000
3593000
3553000
3607000
3914000
4078000
4110000
4374000
4447000
4433000
4419000
4369000
4285000
4197000
4104000
3998000
3892000
3785000
3681000
3582000
3488000
3398000
3313000
3232000
3155000
3082000
3012000
2945000
2881000
2820000
2761000
2705000
2651000
2599000
2550000
2502000
2456000
2411000
2368000
2327000
2287000
2248000
2211000
2175000
2140000
2106000
2074000
2042000
2011000
1981000
1952000
1924000
1897000
1908000
1902000
1887000
1872000
1854000
1832000
1812000
1792000
1771000
1749000
1727000
1705000
1684000
1663000
1643000
1623000
1603000
1584000
1566000
1548000
1530000
1513000
1496000
1479000
1463000
1447000
1432000
1417000
1402000
1387000
1373000
1359000
1345000
1332000
1319000
1306000
1293000
1281000
1269000
1257000
1245000
1234000
1241000
1240000
1235000
1229000
1222000
1213000
1204000
1196000
1297000
1548000
1696000
1782000
1848000
1879000
1891000
1903000
1909000
1927000
2052000
2180000
2247000
2490000
2717000
2814000
2875000
2908000
2905000
3041000
3095000
3094000
3084000
3049000
2998000
2949000
2923000
3498000
3780000
3869000
3951000
3953000
3906000
4097000
4164000
4136000
4103000
4029000
3934000
3846000
3762000
3723000
3656000
3574000
3496000
3489000
3676000
3872000
3928000
4110000
4164000
4136000
4106000
4056000
3983000
3903000
3820000
3725000
3630000
3536000
3444000
3357000
3274000
3195000
3120000
3048000
2980000
2915000
2852000
2792000
2735000
2783000
2781000
2753000
2728000
2691000
2648000
2611000
2607000
2685000
2702000
2704000
2694000
2667000
2633000
2646000
2634000
2688000
2699000
2680000
2657000
2625000
2588000
2551000
2514000
2473000
2431000
2389000
2348000
2307000
2268000
2230000
2193000
2158000
2123000
2090000
2058000
2027000
1996000
1967000
1945000
2075000
2158000
2187000
2208000
2209000
2196000
2181000
2167000
2145000
2120000
2091000
2060000
2029000
1999000
1969000
1941000
1913000
1886000
1860000
1834000
1809000
1948000
2189000
2308000
2375000
2420000
2429000
2423000
2420000
2460000
2469000
2453000
2431000
2489000
2502000
2489000
2478000
2453000
2421000
2389000
2358000
2323000
2287000
2250000
2213000
2177000
2142000
2109000
2076000
2044000
2013000
1983000
1954000
1926000
1899000
1872000
1846000
1821000
1796000
1828000
1835000
1827000
1820000
1811000
1795000
1779000
1764000
1745000
1726000
1705000
1685000
1664000
1644000
1624000
1605000
1586000
1567000
1549000
1531000
1514000
1497000
1481000
1464000
1448000
1433000
1418000
1403000
1388000
1387000
1384000
1376000
1367000
1357000
1345000
1334000
1323000
1311000
1299000
1287000
1275000
1263000
1251000
1239000
1228000
1218000
1237000
1282000
1303000
1313000
1319000
1318000
1314000
1309000
1303000
1295000
1285000
1274000
1262000
1250000
1239000
1227000
1216000
1205000
1195000
1184000
1236000
1262000
1271000
1280000
1281000
1276000
1272000
1268000
1260000
1251000
1241000
1230000
1219000
1208000
1197000
1187000
1176000
1166000
1156000
1146000
1136000
1167000
1181000
1184000
1186000
1184000
1179000
1173000
1168000
1161000
1153000
1144000
1134000
1125000
1116000
1106000
1097000
1089000
1080000
1071000
1063000
1054000
1046000
1038000
1030000
1022000
1014000
1007000
999300
991900
984600
977400
970400
963400
956500
949700
943100
936500
930000
923600
917300
911100
904900
898800
892900
887000
881100
875400
869700
864100
858600
853100
847700
842400
837200
832000
826800
821800
816800
811800
807000
802100
797400
792700
794100
826900
878900
1041000
1147000
1208000
1258000
1286000
1302000
1314000
1323000
1323000
1318000
1309000
1298000
1286000
1274000
1262000
1250000
1239000
1227000
1216000
1205000
1195000
1184000
1174000
1164000
1154000
1144000
1134000
1124000
1115000
1106000
1097000
1088000
1079000
1091000
1108000
1115000
1117000
1117000
1113000
1108000
1234000
1309000
1350000
1385000
1401000
1405000
1408000
1411000
1406000
1399000
1387000
1374000
1364000
1387000
1395000
1393000
1390000
1383000
1374000
1364000
1355000
1344000
1332000
1320000
1307000
1294000
1282000
1270000
1258000
1295000
1455000
1568000
1631000
1678000
1720000
1764000
1788000
1803000
1806000
1799000
1856000
2163000
2377000
2481000
2556000
2588000
2589000
2586000
2582000
2563000
2545000
2517000
2479000
2440000
2400000
2360000
2321000
2283000
2246000
2210000
2174000
2228000
2241000
2231000
2221000
2201000
2175000
2150000
2126000
2098000
2222000
2274000
2282000
2291000
2281000
2259000
2239000
2220000
2193000
2164000
2132000
2100000
2067000
2036000
2005000
2057000
2071000
2064000
2058000
2042000
2056000
2057000
2081000
2086000
2146000
2168000
2165000
2161000
2146000
2125000
2105000
2117000
2113000
2097000
2078000
2055000
2029000
2003000
1978000
1952000
1940000
1937000
1922000
1904000
1885000
1863000
1877000
1874000
1862000
1850000
1834000
1814000
1794000
1775000
1754000
1733000
1712000
1690000
1669000
1649000
1629000
1618000
1604000
1588000
1655000
1685000
1691000
1697000
1693000
1682000
1671000
1702000
1710000
1741000
1758000
1770000
1799000
1999000
2159000
2234000
2287000
2310000
2310000
2303000
2296000
2277000
2252000
2220000
2186000
2152000
2118000
2085000
2053000
2022000
1992000
1962000
1934000
1906000
1879000
1853000
1828000
1803000
1779000
1756000
1733000
1711000
1689000
1668000
1648000
1628000
1608000
1589000
1570000
1552000
1534000
1517000
1500000
1483000
1467000
1451000
1436000
1420000
1405000
1391000
1376000
1362000
1349000
1354000
1351000
1344000
1340000
1333000
1323000
1313000
1303000
1292000
1281000
1270000
1258000
1247000
1236000
1224000
1213000
1202000
1192000
1181000
1171000
1161000
1151000
1141000
1131000
1122000
1138000
1181000
1201000
1212000
1218000
1218000
1215000
1212000
1207000
1200000
1192000
1182000
1172000
1162000
1152000
1142000
1133000
1123000
1114000
1105000
1096000
1087000
1078000
1070000
1061000
1053000
1045000
1036000
1028000
1021000
1013000
1005000
997900
990500
983200
976100
969000
962100
955200
948500
941800
935300
928800
922400
916100
915100
949700
983800
1001000
1013000
1034000
1055000
1065000
1072000
1075000
1074000
1070000
1066000
1060000
1053000
1046000
1038000
1030000
1022000
1015000
1007000
999500
992100
984800
977600
970600
963600
956700
949900
943300
936700
930200
923800
917500
911200
905100
899000
893000
887100
893200
895000
893500
929000
956300
970200
1009000
1080000
1365000
1557000
1665000
1751000
1798000
1820000
1836000
1874000
1884000
1880000
1868000
1849000
1827000
1805000
1784000
1762000
1740000
1718000
1697000
1676000
1655000
1635000
1615000
1596000
1607000
1622000
1629000
1628000
1668000
1900000
2180000
2328000
2421000
2650000
2891000
3001000
3307000
3563000
3651000
3692000
3701000
3668000
3620000
3570000
3504000
3430000
3933000
4144000
4184000
4227000
4199000
4129000
4066000
4011000
3927000
3838000
3739000
3638000
3608000
4002000
4158000
4180000
4197000
4156000
4083000
4017000
3954000
3869000
3779000
3681000
3584000
3490000
3421000
3346000
3402000
3422000
3427000
3407000
3364000
3412000
3455000
3897000
4413000
4879000
5076000
5343000
6037000
6254000
