1957000
1911000
1864000
1818000
1775000
1734000
1695000
1657000
1622000
1587000
1554000
1523000
1493000
1464000
1436000
1409000
2515000
2129000
1891000
1832000
1847000
2550000
2041000
2471000
5893000
3689000
3339000
3196000
3064000
3672000
3204000
2996000
3456000
3110000
3463000
7395000
8045000
5681000
5130000
4794000
5039000
4454000
4174000
6019000
4600000
5123000
4343000
4058000
3847000
3656000
3484000
3328000
3362000
3128000
2993000
2878000
2770000
2671000
2578000
2492000
2412000
2797000
2489000
2388000
2314000
2244000
2179000
2117000
2059000
2041000
2657000
2962000
2742000
2489000
2396000
2322000
2252000
2186000
2124000
2065000
2170000
2024000
1963000
1913000
1865000
1820000
1777000
2041000
1828000
1769000
1728000
1689000
1652000
1616000
1582000
1550000
1518000
1488000
1459000
1431000
1405000
1379000
1354000
1330000
1307000
1285000
1263000
1242000
1222000
1202000
1183000
1165000
1147000
1130000
2184000
1588000
1503000
1474000
1445000
1418000
1392000
1366000
1468000
1846000
1567000
1513000
1483000
1454000
1426000
1400000
1374000
1350000
1326000
1303000
1281000
1259000
1238000
1218000
1199000
1180000
1162000
1144000
1127000
1110000
1094000
1079000
1063000
1049000
1034000
1020000
1007000
1594000
1280000
1599000
1369000
1326000
1303000
1281000
1259000
1238000
1218000
1199000
1180000
1162000
1144000
1127000
1526000
1284000
1242000
1222000
1202000
1183000
1165000
1147000
1130000
1113000
1097000
1081000
1066000
1051000
1037000
1023000
1009000
995600
982600
970000
957600
945600
933900
922500
911300
900400
889800
879400
869300
859400
849700
840200
831000
821900
813000
804400
795900
787600
779400
771500
763700
756000
748500
741100
733900
726900
719900
713100
706500
699900
693500
687200
681000
674900
668900
663000
657200
651600
646000
640500
635100
629800
624600
619500
614500
609500
604600
957600
805100
782600
774500
766700
758900
751400
744000
736700
729600
722600
715800
709000
702400
696000
689600
683300
677200
671200
665300
659500
653800
648100
642600
637200
631900
626600
621500
616400
611400
606500
601700
596900
592200
587600
583100
835400
1325000
1005000
2471000
1883000
1679000
1634000
1599000
1566000
1534000
1503000
1473000
1445000
1418000
1391000
1366000
1342000
1318000
1296000
1274000
1252000
1232000
1212000
1193000
1174000
1156000
1139000
1122000
1105000
1089000
1177000
1720000
1367000
1313000
1290000
1268000
1247000
1227000
1262000
1275000
1215000
1192000
1173000
1155000
1138000
1121000
1104000
1088000
1073000
1058000
1094000
1241000
1145000
1120000
1104000
1088000
1072000
1057000
1042000
1028000
1014000
1001000
987800
975000
2390000
4537000
2857000
2617000
2528000
2445000
2367000
2295000
2226000
2162000
2101000
2044000
2423000
2122000
2042000
1988000
1936000
2259000
1992000
1921000
1873000
1828000
1784000
1743000
1703000
1665000
1681000
1626000
1587000
1554000
1522000
1518000
1475000
2966000
2111000
1981000
1930000
2023000
1892000
1838000
1794000
2358000
2058000
1918000
1865000
1819000
1776000
1735000
1696000
1686000
1756000
1663000
1622000
1588000
1555000
1523000
1493000
1898000
1652000
1597000
1564000
1532000
1501000
1562000
3236000
2243000
2480000
3625000
2784000
2619000
2530000
2447000
2369000
2296000
2228000
2163000
2103000
2045000
1991000
1939000
1890000
1844000
1799000
1757000
1717000
1678000
1642000
1606000
1573000
1540000
1509000
1509000
1465000
1436000
1409000
1383000
4925000
2954000
2675000
3721000
9041000
5650000
4859000
4545000
4281000
4759000
5715000
4507000
4172000
3948000
3748000
3567000
3403000
3254000
3117000
2992000
2876000
5837000
4901000
4082000
5952000
4636000
4213000
3980000
3776000
3593000
5043000
4039000
3761000
3579000
3414000
3264000
3126000
3e+06
2883000
2776000
2676000
4159000
3148000
2943000
2831000
2727000
2631000
2541000
2458000
2379000
2306000
2237000
2172000
2394000
2177000
2102000
2044000
1990000
1939000
1890000
1843000
1799000
1757000
1716000
1678000
1641000
1606000
1572000
1540000
1509000
1479000
1451000
1423000
1397000
1371000
1347000
1323000
1300000
1278000
1257000
1236000
1216000
1197000
1178000
1160000
1142000
1125000
1109000
1092000
1077000
1062000
1047000
1033000
1019000
1005000
991800
978900
966300
954100
942200
930500
919200
908100
897300
886700
876400
866400
856500
846900
837500
1131000
963900
937100
925600
914400
903400
892700
882300
872100
862100
852400
842800
833500
824400
815500
806800
798200
789900
781700
773700
765800
758100
750600
743200
735900
728800
721800
715000
708300
701700
695200
688900
682700
676600
670500
664600
658800
653100
647500
642000
636600
631300
626100
620900
615800
610900
606000
601100
596400
591700
587100
582600
578100
573700
569400
565200
561000
556800
552700
548700
544800
540900
537000
533200
529500
525800
522200
518600
515100
511600
508100
504700
501400
498100
570800
559600
536700
531400
527700
524100
520400
516900
513400
509900
506500
503100
499800
496500
493300
490100
486900
549400
567400
535500
529300
542900
530400
525900
522200
518600
515100
511600
508200
504800
501400
498100
494900
491600
488500
485300
482200
479200
476200
473200
470200
467300
464500
461600
481800
472500
468900
466100
463200
460400
457600
454800
452100
449400
446800
444100
441600
439000
436500
479500
463100
458900
456100
453400
450700
448000
445400
442700
440200
437600
435100
668800
837000
705500
687800
681600
675500
669500
840300
771300
757300
749800
742400
1098000
2351000
1594000
1484000
1454000
1427000
1400000
1375000
1519000
3350000
2616000
2258000
2174000
2113000
2055000
2e+06
1948000
1898000
1851000
1807000
1764000
1724000
1685000
1947000
2088000
3799000
2660000
2476000
2397000
4379000
3428000
3036000
2903000
2794000
2692000
2599000
2511000
2429000
2353000
2281000
2213000
2149000
2325000
2388000
2847000
3028000
2635000
2509000
2427000
2350000
2278000
4202000
3027000
2815000
4636000
4298000
4525000
5363000
4262000
3960000
4434000
3908000
3684000
3509000
3350000
3206000
3073000
2951000
2838000
3718000
3020000
2852000
2747000
2649000
2558000
2473000
2394000
2319000
2249000
2184000
2122000
2063000
2008000
1955000
2021000
1905000
1851000
1940000
1816000
1766000
1725000
1686000
1649000
1614000
1859000
1717000
4416000
2863000
2628000
2538000
2455000
2376000
2431000
2405000
2271000
2199000
2327000
2161000
2091000
2034000
1980000
1929000
1881000
1835000
1791000
1749000
1709000
1671000
1635000
1600000
1566000
1534000
1504000
1474000
1473000
1431000
1403000
1377000
1352000
1329000
1425000
1346000
1311000
1288000
1266000
1245000
1225000
1205000
1186000
1168000
1150000
1133000
1242000
1492000
1280000
1241000
1512000
1325000
1287000
1265000
1244000
1224000
1204000
1185000
1167000
1149000
1132000
1115000
1099000
1083000
1067000
1053000
1038000
1024000
1010000
996800
983800
971100
1012000
1432000
1205000
1167000
1149000
1132000
1115000
1099000
1083000
1067000
1052000
1038000
1024000
1010000
996700
983700
971000
958700
946600
934900
923400
912200
901300
890700
880300
870100
860200
850500
841000
831700
822600
813800
805100
796600
788300
780100
772100
764300
756600
749100
741800
734500
727500
720500
713700
707000
700400
694000
687700
681500
675400
669400
663500
657700
652000
646500
641000
635600
630300
625000
619900
614900
609900
605000
600200
595500
590800
586200
581700
577300
572900
568600
564300
560100
556000
552000
548000
544000
540100
536300
532500
528800
525100
521500
517900
514400
510900
507500
504100
500800
497500
494200
491000
487800
484700
481600
478600
475500
472600
469600
466700
463900
461000
458200
455500
452800
450100
447400
557400
517100
509800
506400
503000
524400
507900
503300
499900
496700
493400
490200
487100
483900
480900
477800
474800
471900
468900
466000
651700
565900
553800
549800
545800
541900
538000
534200
530500
526800
523100
519500
516000
2670000
1595000
1465000
1437000
1410000
1384000
1359000
1335000
1311000
1289000
1267000
1246000
1226000
1206000
1187000
1169000
1151000
1134000
1117000
1100000
1085000
1069000
1054000
1040000
1025000
1012000
998300
985200
972500
960100
948000
936300
924800
913600
902600
891900
881500
871300
861400
851600
842100
832800
823700
814800
806100
797600
789200
781100
773100
765200
757500
750000
742600
735400
728300
721300
714500
707800
701200
694800
688400
682200
676100
670100
664200
658400
652700
647100
641600
636200
630900
625700
620500
615500
610500
605600
717900
743400
699800
690200
1335000
1009000
966200
1059000
1441000
2580000
1842000
1730000
2142000
1856000
1789000
1747000
2943000
2196000
2072000
2016000
1963000
1913000
1865000
1820000
1777000
1813000
2945000
2204000
3100000
5374000
9491000
7342000
11740000
7842000
6838000
6248000
5753000
5333000
4970000
4655000
4378000
4132000
3913000
3716000
3538000
8246000
5320000
4746000
4458000
4203000
3977000
3773000
3590000
3815000
3449000
3278000
5536000
4244000
5439000
4333000
4020000
3813000
3626000
3456000
3302000
3162000
3032000
4037000
4193000
3601000
3335000
6030000
5205000
4284000
4005000
3798000
3613000
3445000
3292000
3332000
3099000
2966000
2852000
2747000
2649000
4851000
3439000
3177000
3046000
2926000
2815000
2713000
2618000
2529000
2446000
2368000
2295000
3789000
3294000
2854000
2727000
2631000
2541000
2457000
2716000
2678000
2479000
2390000
2316000
2246000
2180000
2119000
2060000
2005000
1953000
1903000
3725000
2653000
2474000
2395000
2320000
2250000
2184000
2122000
2890000
2381000
2269000
2202000
2139000
2079000
2023000
1970000
3135000
6541000
4121000
3718000
3540000
3379000
3231000
5866000
6464000
4764000
4369000
4124000
3906000
3709000
3532000
3372000
3225000
3091000
2967000
2853000
2748000
2650000
2559000
2474000
2395000
2320000
2250000
2184000
2122000
2064000
2008000
1956000
1906000
1859000
1814000
1771000
1730000
1691000
1654000
1721000
1673000
1706000
1627000
4085000
3595000
2875000
2725000
2628000
2539000
2455000
2377000
2304000
2235000
2170000
2109000
2051000
1996000
1944000
1895000
1848000
1804000
1761000
1721000
1682000
1645000
1610000
1576000
3257000
4956000
8056000
6449000
5265000
5024000
5596000
4714000
4383000
4137000
4224000
5290000
4277000
3978000
5261000
4244000
3946000
3746000
4326000
3869000
3598000
3427000
3275000
3714000
3255000
3090000
2967000
2853000
2748000
2650000
2559000
2474000
2394000
2320000
2250000
3154000
2852000
3223000
6523000
4831000
4094000
3852000
3661000
3488000
3332000
4150000
7049000
5527000
4644000
7255000
5304000
4964000
4580000
4304000
4067000
3854000
3663000
3490000
3333000
3190000
3059000
2938000
2826000
2723000
2627000
2537000
2454000
2375000
2302000
2233000
2169000
2107000
2050000
1995000
1943000
1894000
1847000
1803000
1760000
1720000
1681000
1645000
1609000
1575000
1543000
1512000
1482000
1453000
1426000
1399000
1374000
1349000
1325000
1302000
1280000
1618000
1395000
1351000
1327000
1304000
1282000
1260000
1240000
1220000
1200000
1181000
1163000
1145000
1128000
1111000
1095000
1080000
1064000
1050000
1035000
1021000
1007000
994100
981100
968500
956200
944300
932600
921200
910000
899200
888600
878200
868100
858200
848600
839100
829900
820900
812000
803400
794900
950500
851400
833600
824500
815600
806800
798300
789900
1703000
3556000
2225000
2049000
1995000
1943000
1894000
1847000
1803000
2084000
3399000
3314000
2875000
5507000
5073000
4065000
3798000
3613000
3444000
5071000
3996000
3716000
3538000
3377000
3230000
3095000
3229000
11570000
6477000
5577000
5182000
4839000
4540000
7145000
5217000
4740000
4453000
4199000
3972000
3770000
3587000
3935000
3502000
3321000
3179000
3834000
5628000
5902000
4533000
6253000
4775000
4386000
4139000
3919000
3722000
3543000
3382000
3234000
3099000
2975000
2860000
2755000
2656000
2565000
2479000
2400000
2325000
2255000
2189000
2126000
2068000
2950000
2378000
2260000
2193000
2131000
2072000
2049000
2289000
3015000
2419000
2420000
2286000
2212000
2149000
2524000
2225000
2902000
2433000
2321000
2251000
2185000
2123000
2064000
2009000
1956000
1906000
1859000
1814000
1771000
1730000
1691000
1654000
1618000
1584000
1551000
1520000
1490000
1461000
1433000
1468000
2861000
2303000
2031000
1965000
1914000
1867000
1821000
1778000
1737000
1698000
1660000
1624000
1590000
1557000
1525000
1495000
1465000
1437000
1410000
1384000
1359000
2952000
4019000
2817000
2624000
2534000
2451000
2373000
2300000
2763000
2486000
2350000
2275000
3104000
2603000
2463000
2383000
2309000
2240000
2175000
2113000
2055000
2e+06
1948000
1899000
1852000
1807000
1764000
1724000
1685000
1648000
1613000
1579000
1546000
1515000
1485000
1456000
1428000
1402000
1909000
1607000
1548000
1517000
1532000
1480000
1449000
1422000
1395000
1370000
1345000
1322000
1299000
1277000
1255000
1235000
1215000
1196000
1177000
1159000
1141000
1124000
1108000
1092000
1076000
1061000
1046000
1032000
1018000
1116000
1074000
1045000
1029000
1015000
1002000
988800
975900
963500
951300
939400
927900
916600
905600
894800
884300
888800
1131000
1296000
1132000
1102000
1086000
1071000
1056000
1041000
1027000
1013000
999800
986700
974000
961500
949400
937600
926100
914800
903900
893200
1434000
1165000
1123000
1106000
1090000
1075000
1060000
1045000
1031000
1017000
1003000
990000
977200
964700
952500
940600
929000
917700
906600
895900
885300
1255000
1058000
1026000
1012000
998600
985600
972800
960400
948300
936600
925100
913800
902900
892200
881800
871600
861600
851900
842400
833000
823900
815000
806300
797800
789400
781300
773300
765400
757700
750200
742800
735600
728500
721500
714700
708000
701400
694900
688600
682400
676200
670200
664300
658500
652900
647300
641800
636300
631000
625800
620700
615600
610600
605700
600900
596200
591500
586900
582400
577900
573500
569200
564900
622400
852800
1080000
2566000
1675000
1561000
1529000
1499000
1469000
1441000
1414000
1388000
1363000
1338000
1315000
1292000
1271000
1249000
1229000
1209000
1190000
1172000
1154000
1136000
1119000
1103000
1087000
1072000
1057000
1042000
1028000
1014000
1e+06
987300
974500
962000
1156000
1183000
1099000
1078000
1062000
1048000
1033000
2607000
1800000
1741000
1679000
1640000
1605000
1571000
1539000
1508000
1478000
1450000
1422000
1439000
1817000
1566000
1514000
1484000
1456000
1428000
1401000
1376000
1351000
1327000
1304000
1282000
1260000
1240000
1219000
1200000
1827000
3512000
2640000
2339000
2234000
2429000
2592000
2316000
2230000
2165000
2104000
3029000
7205000
5315000
4283000
4002000
3797000
3611000
3443000
3290000
3184000
3214000
3054000
2889000
2778000
2678000
2585000
2499000
2418000
2342000
2270000
2203000
3164000
2564000
2432000
2356000
2284000
2216000
2152000
2092000
2035000
3766000
2755000
2575000
2489000
2408000
2333000
2262000
2196000
2133000
2074000
2018000
1965000
1915000
1867000
1822000
2795000
2152000
2039000
1985000
1934000
2328000
2064000
2357000
2099000
2828000
2317000
2208000
2145000
2085000
2028000
2008000
2328000
2125000
2007000
1950000
1901000
1854000
1809000
1766000
1726000
1810000
1849000
1745000
1700000
1663000
1626000
1910000
1726000
1674000
1651000
1610000
1575000
1543000
1512000
1482000
1453000
1426000
1399000
1373000
1349000
1325000
1401000
1323000
1295000
2110000
1643000
1568000
1536000
1505000
1476000
1447000
1829000
1592000
1876000
1725000
1770000
1940000
4169000
3590000
2894000
2745000
2648000
2557000
2472000
2393000
2318000
2249000
2183000
2121000
2062000
2007000
1955000
1905000
1858000
1813000
1770000
1729000
1690000
1653000
1617000
1583000
1550000
1519000
1489000
1460000
1432000
1405000
1379000
1355000
1331000
1307000
1285000
1263000
1243000
1222000
1203000
1184000
1166000
1148000
1131000
1114000
1098000
1094000
1073000
1058000
1043000
1029000
1165000
1084000
1062000
1076000
1049000
1033000
1019000
1005000
992200
979300
966700
954400
942500
930900
919500
908400
897600
887000
876700
866600
856800
847200
837800
828500
819500
1067000
1247000
1066000
1037000
1023000
1009000
995800
982800
970200
957800
945800
934100
922700
911500
900600
890000
879600
869400
859500
849800
840400
831100
822000
813200
804500
796000
787700
779600
771600
763800
756100
748600
741300
734100
727000
720000
713200
706600
7e+05
693600
687300
681100
675000
669000
663100
704000
995300
1005000
894600
876000
1012000
1034000
961600
944500
932800
921400
910300
899400
888800
878400
868300
858400
848800
839300
830100
821000
812200
803600
795100
786800
778700
770700
762900
755300
747800
740500
733300
726200
719300
712500
705800
699300
692900
686600
775900
737100
725200
1092000
979400
921700
1186000
1600000
5394000
3143000
2790000
2686000
2592000
2505000
2424000
2672000
2432000
2341000
2270000
2203000
2140000
2080000
2024000
1970000
1920000
1872000
1826000
1783000
1741000
1702000
1664000
1628000
1918000
1925000
1865000
1763000
2369000
5296000
5704000
4113000
3810000
6287000
6848000
5135000
8167000
7480000
6052000
5527000
5139000
4802000
4507000
4247000
4015000
3808000
11630000
6819000
5894000
5453000
5075000
4746000
4458000
4203000
3977000
3773000
3590000
3424000
3960000
8665000
5617000
4943000
4626000
4352000
4109000
3893000
3698000
3522000
3362000
3216000
3082000
2960000
3076000
2830000
4159000
3497000
3489000
3130000
2985000
3926000
3740000
8218000
8788000
9381000
6859000
8368000
13130000
8754000
12690000
