1304000
1258000
1243000
1235000
1228000
1220000
1212000
1205000
1197000
1190000
1183000
1176000
1169000
1162000
1155000
1148000
2309000
1594000
1337000
1312000
1340000
1786000
1430000
1710000
4250000
2099000
1712000
1697000
1683000
2132000
1824000
1712000
2055000
1841000
2081000
4224000
4375000
2567000
2274000
2247000
2573000
2283000
2210000
3657000
2525000
2876000
2414000
2308000
2280000
2254000
2228000
2203000
2364000
2199000
2150000
2126000
2103000
2081000
2059000
2037000
2016000
2447000
2103000
2023000
2002000
1982000
1962000
1942000
1923000
1970000
2551000
2760000
2411000
2113000
2058000
2036000
2015000
1995000
1974000
1954000
2110000
1965000
1923000
1904000
1885000
1867000
1849000
2171000
1907000
1845000
1828000
1811000
1794000
1778000
1762000
1746000
1730000
1715000
1700000
1685000
1671000
1657000
1643000
1629000
1615000
1602000
1589000
1576000
1563000
1551000
1539000
1527000
1515000
1503000
3564000
2009000
1719000
1704000
1689000
1675000
1661000
1647000
1903000
2374000
1818000
1712000
1697000
1683000
1668000
1654000
1640000
1626000
1613000
1600000
1587000
1574000
1561000
1549000
1537000
1525000
1513000
1501000
1490000
1478000
1467000
1456000
1445000
1435000
1424000
1414000
1404000
2933000
1766000
2084000
1671000
1587000
1574000
1561000
1549000
1537000
1525000
1513000
1501000
1490000
1478000
1467000
2328000
1662000
1533000
1521000
1509000
1498000
1486000
1475000
1464000
1453000
1442000
1432000
1421000
1411000
1401000
1391000
1381000
1371000
1362000
1352000
1343000
1334000
1325000
1316000
1307000
1298000
1290000
1281000
1273000
1264000
1256000
1248000
1240000
1232000
1225000
1217000
1209000
1202000
1195000
1187000
1180000
1173000
1166000
1159000
1152000
1145000
1139000
1132000
1126000
1119000
1113000
1106000
1165000
1111000
1096000
1090000
1084000
1078000
1072000
1067000
1061000
1055000
1049000
1044000
1038000
1033000
1027000
2201000
1323000
1165000
1159000
1153000
1146000
1153000
1136000
1128000
1121000
1115000
1109000
1102000
1096000
1090000
1084000
1078000
1072000
1066000
1060000
1055000
1049000
1043000
1038000
1032000
1027000
1022000
1016000
1011000
1006000
1001000
995400
990400
985400
980400
975500
1982000
2244000
1358000
3138000
2023000
1544000
1494000
1484000
1473000
1462000
1451000
1440000
1430000
1419000
1409000
1399000
1389000
1379000
1369000
1360000
1350000
1341000
1332000
1323000
1314000
1305000
1296000
1288000
1279000
1271000
1647000
2020000
1491000
1398000
1388000
1379000
1369000
1360000
1414000
1420000
1360000
1343000
1334000
1325000
1316000
1307000
1298000
1289000
1281000
1273000
1362000
1563000
1342000
1298000
1289000
1281000
1273000
1264000
1256000
1248000
1240000
1232000
1225000
1217000
2985000
4555000
2178000
1784000
1768000
1753000
1738000
1723000
1708000
1693000
1678000
1664000
2064000
1744000
1674000
1660000
1646000
1982000
1709000
1648000
1634000
1621000
1607000
1594000
1581000
1568000
1635000
1570000
1542000
1529000
1517000
1543000
1503000
3288000
1933000
1679000
1664000
1785000
1672000
1640000
1626000
2209000
1846000
1684000
1657000
1643000
1630000
1616000
1603000
1630000
1760000
1613000
1577000
1564000
1552000
1540000
1528000
2153000
1664000
1567000
1554000
1542000
1530000
1653000
3510000
2016000
2102000
3067000
2096000
1914000
1895000
1877000
1859000
1841000
1824000
1807000
1791000
1774000
1758000
1742000
1727000
1712000
1697000
1682000
1668000
1654000
1640000
1626000
1613000
1599000
1586000
1746000
1605000
1569000
1556000
1544000
5229000
2499000
1996000
2772000
6778000
3402000
2622000
2560000
2527000
3046000
3676000
2779000
2600000
2565000
2531000
2499000
2467000
2436000
2406000
2376000
2348000
5377000
3811000
2828000
4265000
3144000
2845000
2794000
2754000
2716000
4217000
3056000
2811000
2769000
2730000
2692000
2655000
2620000
2585000
2551000
2518000
4298000
2928000
2649000
2612000
2577000
2543000
2511000
2478000
2447000
2417000
2387000
2358000
2912000
2449000
2341000
2313000
2286000
2259000
2233000
2208000
2183000
2159000
2135000
2112000
2089000
2067000
2045000
2024000
2003000
1983000
1963000
1943000
1924000
1905000
1887000
1868000
1851000
1833000
1816000
1799000
1783000
1942000
1798000
1758000
1743000
1727000
1712000
1697000
1682000
1668000
1654000
1640000
1626000
1613000
1599000
1586000
1574000
1561000
1549000
1536000
1524000
1512000
1501000
1489000
1478000
1467000
1456000
1445000
1853000
2489000
1699000
1558000
1546000
1534000
1522000
1510000
1498000
1487000
1476000
1465000
1454000
1443000
1432000
1422000
1411000
1401000
1391000
1381000
1372000
1362000
1353000
1343000
1334000
1325000
1316000
1307000
1299000
1290000
1281000
1273000
1265000
1257000
1249000
1241000
1233000
1225000
1217000
1210000
1202000
1195000
1188000
1181000
1173000
1166000
1159000
1153000
1146000
1139000
1133000
1126000
1119000
1113000
1107000
1101000
1094000
1088000
1082000
1076000
1070000
1064000
1059000
1053000
1047000
1042000
1036000
1031000
1025000
1020000
1015000
1009000
1004000
999000
993900
1737000
1252000
1091000
1076000
1070000
1064000
1059000
1053000
1047000
1042000
1036000
1031000
1025000
1020000
1015000
1009000
1004000
1374000
1216000
1067000
1045000
1090000
1047000
1035000
1030000
1024000
1019000
1014000
1008000
1003000
998000
992900
987900
982900
978000
973100
968200
963500
958700
954000
949400
944800
940200
935700
1152000
981100
947200
942800
938400
933900
929500
925000
920700
916400
912100
907800
903600
899400
895300
1047000
933400
910500
906600
902500
898400
894300
890200
886200
882200
878200
874300
1529000
1726000
1126000
1032000
1028000
1023000
1018000
1484000
1128000
1060000
1055000
1050000
1656000
2907000
1600000
1363000
1353000
1345000
1336000
1327000
1477000
3388000
2186000
1652000
1593000
1581000
1569000
1556000
1544000
1532000
1520000
1508000
1496000
1485000
1474000
1901000
1883000
3399000
1985000
1727000
1712000
3246000
2275000
1925000
1883000
1865000
1848000
1830000
1813000
1796000
1780000
1764000
1748000
1732000
1953000
2001000
2409000
2477000
1980000
1871000
1850000
1833000
1816000
3393000
2221000
1994000
3269000
3155000
3231000
3653000
2570000
2371000
2976000
2474000
2359000
2330000
2303000
2276000
2250000
2224000
2199000
3115000
2381000
2227000
2201000
2177000
2153000
2129000
2106000
2083000
2061000
2040000
2018000
1998000
1977000
1957000
2077000
1958000
1920000
2028000
1918000
1883000
1865000
1847000
1830000
1813000
2214000
1928000
4756000
2592000
2184000
2159000
2135000
2112000
2224000
2210000
2097000
2061000
2221000
2070000
2025000
2004000
1984000
1964000
1944000
1925000
1906000
1888000
1869000
1852000
1834000
1817000
1800000
1784000
1768000
1752000
1921000
1770000
1730000
1714000
1699000
1705000
1849000
1719000
1670000
1654000
1640000
1626000
1613000
1600000
1587000
1574000
1561000
1549000
1977000
2114000
1686000
1609000
2026000
1693000
1622000
1609000
1596000
1583000
1570000
1557000
1545000
1533000
1521000
1509000
1497000
1486000
1475000
1464000
1453000
1442000
1431000
1421000
1411000
1401000
1859000
2527000
1680000
1529000
1517000
1506000
1494000
1483000
1472000
1461000
1450000
1439000
1429000
1418000
1408000
1398000
1388000
1378000
1368000
1359000
1349000
1340000
1331000
1322000
1313000
1304000
1296000
1287000
1279000
1270000
1262000
1254000
1246000
1238000
1230000
1222000
1215000
1207000
1200000
1193000
1185000
1178000
1171000
1164000
1157000
1150000
1144000
1137000
1130000
1124000
1117000
1111000
1105000
1098000
1092000
1086000
1080000
1074000
1068000
1062000
1057000
1115000
1062000
1048000
1042000
1037000
1031000
1026000
1020000
1015000
1010000
1005000
999500
994400
989400
984400
979500
974600
969700
964900
960200
955500
950800
946200
941600
1104000
973700
946900
942500
938000
933600
929100
924700
920400
916100
911800
907500
903300
899200
895000
890900
886900
882900
878900
875000
871000
867200
863300
1291000
979400
922300
918900
915000
961100
921700
911400
907200
903100
898900
894800
890700
886700
882700
878700
874800
870800
867000
930400
1315000
988700
930400
926900
922900
918600
914300
910100
905900
901700
897500
893400
945800
4181000
1750000
1328000
1324000
1317000
1309000
1300000
1292000
1283000
1275000
1267000
1258000
1250000
1242000
1235000
1227000
1219000
1211000
1204000
1197000
1189000
1182000
1175000
1168000
1161000
1154000
1147000
1141000
1134000
1127000
1121000
1114000
1108000
1102000
1096000
1090000
1084000
1078000
1072000
1066000
1060000
1054000
1049000
1043000
1037000
1032000
1026000
1021000
1016000
1011000
1005000
1e+06
995000
990000
985000
980000
975100
970300
965500
960700
956000
951300
946700
942100
937600
933100
928700
924300
919900
915600
911300
907100
902900
898700
894600
890500
1346000
1214000
994000
962300
2103000
1243000
1088000
1244000
1746000
2552000
1544000
1364000
1713000
1447000
1392000
1382000
2506000
1649000
1487000
1475000
1464000
1454000
1443000
1432000
1422000
1536000
2602000
1693000
2478000
3733000
5575000
3698000
5437000
3122000
2694000
2654000
2619000
2584000
2550000
2517000
2485000
2453000
2423000
2393000
2364000
6022000
3265000
2733000
2691000
2655000
2619000
2584000
2550000
2890000
2582000
2499000
4677000
3146000
3934000
2988000
2786000
2745000
2707000
2670000
2633000
2598000
2564000
3607000
3648000
2944000
2706000
5119000
3870000
3078000
2953000
2908000
2865000
2824000
2783000
2931000
2756000
2693000
2656000
2620000
2585000
4865000
3133000
2785000
2743000
2705000
2668000
2632000
2597000
2562000
2529000
2496000
2465000
4455000
3325000
2727000
2636000
2600000
2566000
2533000
3013000
2891000
2575000
2503000
2471000
2440000
2409000
2380000
2351000
2323000
2296000
2269000
4960000
2904000
2505000
2471000
2440000
2410000
2380000
2351000
3540000
2604000
2409000
2378000
2350000
2321000
2294000
2267000
4053000
6908000
3519000
2910000
2863000
2822000
2782000
5247000
4977000
3459000
3195000
3142000
3092000
3043000
2996000
2951000
2906000
2863000
2822000
2781000
2742000
2704000
2667000
2631000
2595000
2561000
2528000
2495000
2464000
2433000
2403000
2373000
2345000
2317000
2290000
2263000
2237000
2211000
2186000
3012000
2424000
2420000
2236000
6048000
4063000
2828000
2664000
2627000
2592000
2558000
2525000
2590000
2486000
2442000
2411000
2382000
2353000
2325000
2297000
2270000
2244000
2219000
2194000
2169000
2145000
2122000
2241000
4902000
5809000
7001000
4973000
3651000
3546000
4216000
3444000
3263000
3208000
3470000
4436000
3440000
3221000
4610000
3499000
3250000
3195000
3881000
3406000
3186000
3121000
3071000
3606000
3141000
3017000
2970000
2925000
2882000
2840000
2799000
2759000
2720000
2683000
2840000
4100000
3357000
3568000
6692000
4458000
3432000
3286000
3230000
3177000
3126000
3992000
6970000
4735000
3667000
6240000
4138000
3839000
3659000
3573000
3508000
3445000
3385000
3327000
3271000
3217000
3164000
3113000
3064000
3016000
2970000
2926000
2882000
2840000
2799000
2759000
2720000
2683000
2646000
2611000
2576000
2542000
2509000
2477000
2446000
2416000
2386000
2357000
2329000
2608000
2926000
2427000
2320000
2292000
2266000
2240000
2214000
2189000
2165000
2141000
2118000
2998000
2303000
2158000
2133000
2110000
2088000
2065000
2044000
2022000
2002000
1981000
1961000
1942000
1922000
1904000
1885000
1867000
1849000
1832000
1815000
1798000
1782000
1765000
1750000
1734000
1719000
1704000
1689000
1674000
1660000
1646000
1632000
1619000
1605000
1592000
1579000
1567000
1554000
1542000
1530000
1518000
1506000
2115000
1638000
1543000
1531000
1519000
1507000
1495000
1484000
3613000
4878000
2498000
2104000
2081000
2060000
2038000
2017000
1997000
2303000
3808000
3566000
2650000
5067000
4150000
2888000
2691000
2654000
2618000
4284000
3001000
2735000
2696000
2659000
2623000
2588000
2802000
9324000
4305000
3350000
3287000
3232000
3179000
5412000
3678000
3313000
3255000
3201000
3149000
3099000
3050000
3490000
3094000
2983000
2937000
3633000
5238000
5127000
3592000
5248000
3736000
3410000
3349000
3292000
3237000
3184000
3132000
3082000
3034000
2987000
2942000
2898000
2856000
2814000
2774000
2735000
2697000
2660000
2624000
2589000
2555000
3919000
2856000
2632000
2596000
2562000
2528000
2556000
2916000
3894000
2812000
2768000
2606000
2549000
2516000
3096000
2611000
3563000
2741000
2564000
2529000
2497000
2465000
2434000
2404000
2375000
2346000
2318000
2291000
2264000
2238000
2213000
2188000
2163000
2139000
2116000
2093000
2071000
2049000
2028000
2184000
4328000
2942000
2342000
2265000
2239000
2214000
2189000
2164000
2140000
2117000
2094000
2072000
2050000
2029000
2008000
1987000
1967000
1947000
1928000
1909000
1891000
4285000
5131000
2822000
2434000
2402000
2373000
2345000
2317000
3122000
2569000
2355000
2313000
3544000
2616000
2386000
2350000
2322000
2295000
2268000
2242000
2217000
2192000
2167000
2143000
2120000
2097000
2075000
2053000
2031000
2010000
1990000
1970000
1950000
1930000
1911000
1893000
1875000
1857000
3121000
2176000
1989000
1969000
2026000
1951000
1922000
1903000
1885000
1867000
1849000
1832000
1815000
1798000
1781000
1765000
1749000
1734000
1718000
1703000
1689000
1674000
1660000
1646000
1632000
1618000
1605000
1592000
1636000
2105000
1749000
1625000
1604000
1591000
1578000
1566000
1553000
1541000
1529000
1517000
1505000
1494000
1482000
1471000
1460000
1771000
2130000
2339000
1705000
1595000
1582000
1569000
1557000
1544000
1532000
1520000
1509000
1497000
1486000
1474000
1463000
1452000
1442000
1431000
1421000
1431000
3154000
1825000
1579000
1565000
1553000
1541000
1529000
1517000
1506000
1494000
1483000
1471000
1460000
1449000
1439000
1428000
1418000
1408000
1397000
1388000
1378000
2613000
1673000
1496000
1485000
1474000
1463000
1452000
1441000
1431000
1420000
1410000
1400000
1390000
1380000
1370000
1361000
1351000
1342000
1333000
1324000
1315000
1306000
1297000
1289000
1280000
1272000
1264000
1255000
1247000
1240000
1232000
1224000
1216000
1209000
1201000
1194000
1187000
1179000
1172000
1165000
1158000
1152000
1145000
1138000
1132000
1125000
1119000
1112000
1106000
1100000
1093000
1087000
1081000
1075000
1069000
1064000
1058000
1052000
1046000
1041000
1035000
1030000
1055000
1472000
1808000
1850000
3740000
1869000
1545000
1534000
1523000
1511000
1500000
1488000
1477000
1466000
1455000
1444000
1434000
1423000
1413000
1403000
1393000
1383000
1373000
1363000
1354000
1345000
1335000
1326000
1317000
1308000
1300000
1291000
1283000
1274000
1266000
1258000
1250000
1732000
1580000
1360000
1325000
1316000
1308000
1299000
3562000
1870000
1639000
1569000
1546000
1534000
1522000
1511000
1499000
1488000
1476000
1465000
1534000
2083000
1595000
1500000
1488000
1477000
1466000
1455000
1444000
1434000
1423000
1413000
1403000
1393000
1383000
1373000
1363000
2143000
3918000
2335000
1823000
1740000
1966000
2115000
1814000
1753000
1737000
1722000
2628000
5452000
3346000
2395000
2283000
2257000
2231000
2206000
2181000
2199000
2310000
2209000
2123000
2092000
2070000
2048000
2027000
2006000
1986000
1966000
1946000
2897000
2181000
2034000
2012000
1992000
1972000
1952000
1932000
1913000
3603000
2351000
2107000
2083000
2061000
2040000
2019000
1998000
1978000
1958000
1938000
1919000
1900000
1882000
1864000
2831000
2101000
1953000
1933000
1914000
2315000
2034000
2300000
2031000
2715000
2141000
2021000
2e+06
1980000
1960000
1975000
2296000
2080000
1962000
1933000
1914000
1895000
1877000
1859000
1841000
2032000
2059000
1872000
1829000
1812000
1795000
2256000
1891000
1811000
1818000
1785000
1765000
1749000
1734000
1719000
1704000
1689000
1674000
1660000
1646000
1632000
1798000
1651000
1614000
2826000
1906000
1728000
1713000
1698000
1683000
1669000
2302000
1810000
2197000
1886000
1930000
2140000
4049000
3052000
2256000
2144000
2120000
2097000
2075000
2053000
2032000
2011000
1990000
1970000
1950000
1931000
1912000
1893000
1875000
1857000
1840000
1822000
1805000
1789000
1773000
1757000
1741000
1725000
1710000
1695000
1681000
1666000
1652000
1638000
1625000
1611000
1598000
1585000
1572000
1560000
1547000
1535000
1523000
1511000
1499000
1488000
1477000
1931000
1570000
1496000
1484000
1473000
1864000
1551000
1485000
1557000
1483000
1461000
1450000
1439000
1429000
1419000
1408000
1398000
1388000
1378000
1369000
1359000
1350000
1340000
1331000
1322000
1313000
1305000
1296000
1287000
1575000
1760000
2087000
1535000
1437000
1427000
1417000
1406000
1396000
1386000
1377000
1367000
1357000
1348000
1339000
1330000
1321000
1312000
1303000
1294000
1286000
1277000
1269000
1261000
1253000
1245000
1237000
1229000
1221000
1214000
1206000
1199000
1191000
1184000
1177000
1170000
1163000
1156000
1149000
1285000
1174000
1149000
1142000
1136000
1129000
1122000
1425000
1842000
1570000
1300000
1261000
1486000
1474000
1319000
1290000
1281000
1273000
1265000
1257000
1249000
1241000
1233000
1225000
1217000
1210000
1202000
1195000
1188000
1181000
1173000
1166000
1160000
1153000
1146000
1139000
1133000
1126000
1120000
1113000
1107000
1101000
1094000
1088000
1082000
1076000
1636000
1222000
1136000
1786000
1425000
1262000
1658000
2036000
5638000
2487000
1895000
1872000
1856000
1838000
1821000
2129000
1875000
1816000
1799000
1782000
1766000
1750000
1735000
1719000
1704000
1690000
1675000
1661000
1647000
1633000
1619000
1606000
2175000
1975000
1804000
1681000
2327000
4427000
4472000
2599000
2311000
4335000
4232000
2834000
4857000
4073000
3076000
2910000
2867000
2825000
2784000
2745000
2707000
2670000
8200000
4088000
3293000
3232000
3179000
3128000
3078000
3030000
2984000
2939000
2895000
2852000
3479000
7355000
4099000
3376000
3299000
3244000
3191000
3139000
3089000
3041000
2994000
2948000
2904000
2861000
3057000
2844000
4125000
3388000
3310000
2973000
2883000
3830000
3585000
7709000
7310000
6565000
4364000
5590000
8737000
5283000
8061000
