1923000
1905000
1883000
1858000
1833000
1808000
1784000
1760000
1737000
1714000
1693000
1671000
1650000
1630000
1610000
1591000
2413000
2113000
1970000
1952000
1912000
2219000
2032000
2240000
4224000
3101000
2848000
2814000
2640000
2904000
2724000
2624000
2854000
2708000
2870000
4869000
5360000
4254000
4015000
3815000
3854000
3594000
3475000
4511000
3840000
4071000
3771000
3570000
3464000
3352000
3261000
3182000
3223000
3096000
3015000
2950000
2880000
2816000
2757000
2701000
2647000
2942000
2728000
2644000
2600000
2532000
2479000
2433000
2389000
2403000
2825000
3070000
2919000
2733000
2645000
2562000
2494000
2444000
2400000
2357000
2454000
2344000
2291000
2254000
2209000
2170000
2135000
2361000
2193000
2132000
2102000
2055000
2019000
1988000
1959000
1930000
1903000
1876000
1849000
1824000
1799000
1775000
1751000
1729000
1706000
1685000
1663000
1643000
1623000
1603000
1584000
1565000
1547000
1529000
2574000
2065000
1948000
1941000
1860000
1816000
1792000
1768000
1888000
2136000
1952000
1901000
1875000
1830000
1800000
1776000
1752000
1729000
1707000
1685000
1664000
1643000
1623000
1604000
1584000
1566000
1547000
1530000
1512000
1495000
1478000
1462000
1446000
1430000
1415000
1400000
1386000
2177000
1765000
1932000
1801000
1712000
1681000
1647000
1622000
1602000
1583000
1564000
1546000
1528000
1511000
1494000
1925000
1690000
1630000
1618000
1575000
1548000
1530000
1513000
1496000
1479000
1463000
1447000
1431000
1416000
1401000
1386000
1372000
1358000
1344000
1331000
1317000
1304000
1292000
1279000
1267000
1255000
1243000
1232000
1220000
1209000
1198000
1188000
1177000
1181000
1165000
1154000
1144000
1134000
1124000
1114000
1105000
1096000
1087000
1078000
1069000
1061000
1052000
1044000
1036000
1028000
1020000
1012000
1065000
1029000
1016000
1010000
999000
990500
983100
975900
968800
961800
954900
948000
941300
934700
928200
1495000
1223000
1164000
1165000
1125000
1106000
1111000
1096000
1086000
1077000
1068000
1059000
1051000
1042000
1034000
1026000
1018000
1011000
1003000
995400
988000
980700
973500
966400
959400
952500
945700
939000
932500
926000
919500
913200
907000
900800
894800
888800
1391000
1622000
1362000
2482000
2043000
1818000
1795000
1714000
1665000
1642000
1621000
1602000
1583000
1564000
1546000
1528000
1510000
1493000
1477000
1461000
1445000
1429000
1414000
1399000
1384000
1370000
1356000
1342000
1329000
1316000
1585000
1912000
1635000
1577000
1551000
1503000
1477000
1461000
1496000
1501000
1457000
1438000
1420000
1402000
1386000
1372000
1358000
1344000
1330000
1317000
1353000
1500000
1398000
1369000
1357000
1333000
1316000
1303000
1291000
1278000
1266000
1254000
1242000
1231000
2269000
3364000
2496000
2339000
2277000
2140000
2078000
2046000
2015000
1985000
1955000
1927000
2104000
1989000
1945000
1922000
1885000
2027000
1926000
1886000
1863000
1829000
1802000
1777000
1754000
1731000
1748000
1711000
1684000
1664000
1641000
1639000
1610000
2473000
2051000
1950000
1940000
1935000
1865000
1834000
1810000
2075000
1966000
1896000
1873000
1834000
1802000
1777000
1753000
1750000
1803000
1741000
1712000
1691000
1665000
1643000
1623000
1917000
1749000
1701000
1685000
1648000
1622000
1669000
2584000
2124000
2196000
3025000
2464000
2324000
2290000
2199000
2146000
2112000
2078000
2046000
2015000
1985000
1955000
1927000
1899000
1872000
1846000
1821000
1796000
1772000
1749000
1726000
1704000
1682000
1661000
1741000
1673000
1644000
1626000
1601000
3764000
2699000
2464000
3067000
5468000
4063000
3660000
3575000
3329000
3613000
4126000
3581000
3420000
3324000
3191000
3101000
3029000
2961000
2896000
2834000
2774000
4594000
4181000
3644000
4733000
3996000
3692000
3598000
3441000
3330000
4424000
3737000
3530000
3458000
3307000
3204000
3128000
3056000
2986000
2920000
2857000
3839000
3292000
3131000
3081000
2960000
2877000
2816000
2757000
2701000
2646000
2594000
2544000
2816000
2615000
2538000
2496000
2434000
2384000
2342000
2301000
2261000
2223000
2187000
2151000
2117000
2083000
2051000
2020000
1989000
1960000
1931000
1903000
1876000
1850000
1825000
1800000
1776000
1752000
1729000
1707000
1685000
1825000
1729000
1694000
1676000
1647000
1624000
1604000
1585000
1566000
1548000
1530000
1512000
1495000
1479000
1462000
1446000
1431000
1415000
1400000
1386000
1371000
1357000
1344000
1330000
1317000
1304000
1291000
1459000
1842000
1575000
1517000
1498000
1453000
1428000
1413000
1398000
1384000
1369000
1355000
1342000
1328000
1315000
1302000
1289000
1277000
1265000
1253000
1241000
1230000
1218000
1207000
1196000
1186000
1175000
1165000
1155000
1145000
1135000
1125000
1116000
1107000
1097000
1088000
1080000
1071000
1062000
1054000
1046000
1037000
1029000
1021000
1014000
1006000
998300
990900
983500
976300
969200
962100
955200
948400
941700
935000
928500
922100
915700
909400
903200
897100
891100
885200
879300
873500
867800
862200
856600
851100
845700
840400
835100
829900
824700
1138000
1029000
978700
975200
953100
939000
931700
925200
918800
912500
906300
900100
894100
888100
882200
876400
870600
1040000
1012000
960700
951500
960800
936100
926300
920300
912600
906000
899800
893800
887800
881900
876100
870300
864700
859100
853600
848100
842700
837400
832200
827000
821900
816800
816300
874100
845300
836300
832800
824900
818900
813800
808900
804000
799200
794400
789700
785000
780400
775800
844400
811900
802400
799700
791800
785900
781300
776700
772200
767800
763400
759000
980200
1214000
1041000
1011000
1e+06
972300
959500
1174000
1063000
1035000
1031000
1012000
1287000
2126000
1660000
1560000
1546000
1475000
1441000
1425000
1532000
2568000
2180000
1985000
1958000
1875000
1821000
1794000
1770000
1746000
1724000
1702000
1680000
1659000
1638000
1836000
1872000
2733000
2255000
2133000
2109000
3154000
2670000
2453000
2415000
2314000
2247000
2207000
2170000
2135000
2101000
2068000
2037000
2006000
2093000
2137000
2496000
2666000
2376000
2285000
2225000
2156000
2113000
3292000
2643000
2482000
3374000
3249000
3354000
3782000
3304000
3142000
3390000
3128000
3020000
2960000
2880000
2813000
2754000
2698000
2644000
3074000
2797000
2701000
2657000
2580000
2523000
2475000
2430000
2386000
2343000
2303000
2263000
2225000
2188000
2152000
2230000
2138000
2094000
2159000
2070000
2027000
1998000
1962000
1932000
1904000
2084000
1985000
3786000
2850000
2621000
2600000
2453000
2376000
2439000
2425000
2335000
2289000
2384000
2270000
2217000
2183000
2140000
2103000
2070000
2039000
2008000
1978000
1948000
1920000
1893000
1866000
1840000
1815000
1790000
1766000
1852000
1779000
1747000
1727000
1699000
1688000
1746000
1692000
1661000
1641000
1616000
1595000
1576000
1557000
1539000
1521000
1504000
1487000
1707000
1809000
1655000
1619000
1803000
1666000
1622000
1607000
1576000
1554000
1536000
1519000
1501000
1485000
1468000
1452000
1436000
1421000
1406000
1391000
1377000
1362000
1349000
1335000
1322000
1309000
1527000
1911000
1624000
1563000
1541000
1492000
1466000
1450000
1434000
1419000
1404000
1389000
1375000
1360000
1347000
1333000
1320000
1307000
1294000
1282000
1269000
1257000
1245000
1234000
1222000
1211000
1200000
1190000
1179000
1169000
1158000
1148000
1139000
1129000
1119000
1110000
1101000
1092000
1083000
1074000
1065000
1057000
1049000
1040000
1032000
1024000
1016000
1009000
1001000
993600
986200
979000
971800
964700
957800
950900
944200
937500
930900
924400
918100
970700
935500
923600
918100
908600
901400
895300
889300
883400
877600
871800
866100
860500
855000
849500
844100
838800
833500
828300
823200
818100
813100
808200
803300
860500
832600
823700
820500
812800
806900
802100
797300
792500
787800
783200
778600
774000
769500
765100
760700
756400
752100
747900
743700
739600
735500
731400
919300
840600
823000
823200
809800
825800
812000
805700
801500
795700
790600
785900
781300
776700
772200
767700
763300
759000
754600
790200
943100
871400
856400
854200
840900
832900
827700
822600
817600
812600
807600
802700
830200
2441000
1701000
1553000
1568000
1470000
1426000
1410000
1396000
1381000
1367000
1353000
1339000
1326000
1313000
1300000
1287000
1275000
1263000
1251000
1239000
1228000
1216000
1205000
1194000
1184000
1173000
1163000
1153000
1143000
1133000
1124000
1114000
1105000
1096000
1087000
1078000
1069000
1061000
1052000
1044000
1036000
1028000
1020000
1012000
1005000
997100
989600
982300
975100
968000
961000
954100
947300
940500
933900
927400
921000
914600
908400
902200
896100
890100
884200
878300
872600
866900
861300
855700
850200
844800
839500
834200
829000
823900
818800
813800
1015000
1025000
956000
945500
1469000
1203000
1145000
1221000
1444000
2169000
1726000
1628000
1861000
1670000
1611000
1596000
2168000
1862000
1786000
1774000
1720000
1688000
1666000
1646000
1625000
1668000
2193000
1902000
2298000
3501000
5147000
4491000
6044000
4752000
4279000
4112000
3864000
3716000
3613000
3517000
3425000
3338000
3255000
3177000
3102000
5729000
4299000
3937000
3874000
3625000
3480000
3390000
3305000
3508000
3281000
3175000
4730000
3907000
4527000
3983000
3704000
3586000
3441000
3337000
3255000
3176000
3101000
3741000
3977000
3575000
3393000
5149000
4506000
3986000
3865000
3666000
3511000
3412000
3326000
3390000
3235000
3144000
3073000
2995000
2925000
4325000
3544000
3330000
3277000
3123000
3025000
2957000
2892000
2830000
2771000
2714000
2659000
3646000
3320000
3081000
3021000
2909000
2819000
2757000
2968000
2937000
2790000
2727000
2662000
2598000
2545000
2497000
2451000
2406000
2363000
2321000
3680000
2963000
2782000
2752000
2625000
2550000
2501000
2455000
3039000
2690000
2584000
2546000
2466000
2410000
2366000
2325000
3224000
5306000
3906000
3602000
3510000
3273000
3148000
4920000
5065000
4217000
4026000
3834000
3634000
3517000
3425000
3338000
3255000
3177000
3102000
3030000
2962000
2897000
2835000
2775000
2718000
2663000
2610000
2560000
2511000
2464000
2419000
2375000
2333000
2293000
2254000
2216000
2179000
2144000
2110000
2573000
2322000
2316000
2231000
4128000
3592000
3136000
3066000
2907000
2788000
2722000
2681000
2674000
2597000
2543000
2495000
2446000
2401000
2358000
2316000
2277000
2238000
2201000
2165000
2130000
2096000
2063000
2155000
3532000
4316000
6201000
5284000
4599000
4434000
4583000
4129000
3952000
3841000
3949000
4553000
4017000
3835000
4660000
4052000
3841000
3751000
4166000
3846000
3655000
3560000
3439000
3789000
3471000
3341000
3266000
3163000
3080000
3010000
2943000
2878000
2817000
2758000
2836000
3452000
3242000
3403000
5688000
4611000
4089000
3967000
3722000
3559000
3459000
4070000
5733000
4898000
4426000
5710000
4799000
4553000
4400000
4185000
4034000
3910000
3795000
3689000
3588000
3493000
3402000
3316000
3235000
3157000
3083000
3013000
2945000
2881000
2819000
2760000
2704000
2649000
2597000
2547000
2499000
2452000
2407000
2364000
2323000
2283000
2244000
2206000
2170000
2396000
2520000
2308000
2245000
2198000
2142000
2102000
2069000
2037000
2006000
1976000
1947000
2305000
2104000
2041000
2019000
1970000
1935000
1907000
1880000
1853000
1828000
1803000
1779000
1755000
1732000
1710000
1688000
1667000
1646000
1626000
1606000
1587000
1568000
1550000
1532000
1514000
1497000
1480000
1464000
1448000
1432000
1417000
1402000
1387000
1373000
1359000
1345000
1332000
1318000
1305000
1293000
1280000
1268000
1474000
1371000
1342000
1334000
1310000
1294000
1282000
1269000
2197000
3326000
2473000
2316000
2260000
2126000
2065000
2033000
2002000
2129000
3102000
3088000
2760000
4017000
4026000
3415000
3281000
3148000
3012000
4003000
3412000
3237000
3181000
3051000
2963000
2898000
2963000
7197000
4999000
4478000
4417000
4058000
3861000
5176000
4383000
4132000
4037000
3847000
3713000
3611000
3515000
3794000
3516000
3392000
3313000
3775000
5019000
4976000
4276000
5092000
4405000
4111000
3994000
3826000
3701000
3599000
3503000
3412000
3326000
3244000
3166000
3091000
3020000
2953000
2888000
2826000
2767000
2710000
2655000
2603000
2553000
3228000
2837000
2720000
2680000
2590000
2528000
2513000
2674000
3201000
2809000
2785000
2691000
2592000
2532000
2793000
2594000
3062000
2760000
2644000
2597000
2520000
2463000
2418000
2375000
2333000
2292000
2253000
2215000
2179000
2143000
2109000
2076000
2044000
2013000
1983000
1953000
1925000
1897000
1871000
1942000
3e+06
2602000
2373000
2331000
2234000
2167000
2129000
2095000
2063000
2031000
2e+06
1970000
1942000
1913000
1886000
1860000
1834000
1809000
1784000
1761000
1738000
2970000
3697000
2890000
2739000
2645000
2502000
2432000
2388000
2782000
2575000
2465000
2423000
3e+06
2653000
2536000
2498000
2419000
2363000
2321000
2281000
2242000
2205000
2169000
2134000
2100000
2067000
2035000
2004000
1974000
1945000
1917000
1890000
1863000
1837000
1812000
1788000
1764000
1741000
2401000
2077000
1994000
1981000
1958000
1902000
1873000
1847000
1820000
1795000
1771000
1747000
1725000
1702000
1681000
1660000
1639000
1619000
1600000
1580000
1562000
1544000
1526000
1508000
1492000
1475000
1459000
1443000
1487000
1699000
1576000
1522000
1503000
1472000
1449000
1433000
1418000
1403000
1388000
1374000
1360000
1346000
1332000
1319000
1306000
1421000
1654000
1833000
1615000
1561000
1530000
1488000
1465000
1449000
1434000
1418000
1403000
1389000
1374000
1360000
1346000
1333000
1319000
1306000
1294000
1319000
2079000
1681000
1592000
1585000
1524000
1493000
1476000
1460000
1444000
1428000
1413000
1398000
1384000
1369000
1355000
1342000
1328000
1315000
1302000
1289000
1277000
1879000
1573000
1502000
1496000
1448000
1421000
1406000
1391000
1377000
1363000
1349000
1335000
1322000
1309000
1296000
1284000
1271000
1259000
1247000
1236000
1224000
1213000
1202000
1191000
1181000
1170000
1160000
1150000
1140000
1131000
1121000
1112000
1102000
1093000
1084000
1076000
1067000
1058000
1050000
1042000
1034000
1026000
1018000
1010000
1002000
994900
987500
980200
973100
966000
959000
952100
945300
938700
932100
925600
919200
912900
906600
900500
894400
888400
923300
1106000
1311000
1421000
2546000
1902000
1754000
1737000
1645000
1602000
1583000
1564000
1546000
1528000
1511000
1494000
1477000
1461000
1445000
1429000
1414000
1399000
1384000
1370000
1356000
1342000
1329000
1316000
1303000
1290000
1278000
1265000
1254000
1242000
1230000
1219000
1208000
1447000
1449000
1368000
1352000
1330000
1307000
1293000
2505000
1905000
1811000
1792000
1702000
1659000
1637000
1616000
1597000
1578000
1559000
1541000
1564000
1831000
1663000
1616000
1600000
1564000
1540000
1523000
1505000
1489000
1472000
1456000
1440000
1425000
1409000
1395000
1380000
1834000
2745000
2295000
2132000
2080000
2105000
2180000
2059000
2017000
1985000
1945000
2450000
4502000
3602000
3201000
3122000
2931000
2812000
2748000
2692000
2661000
2684000
2622000
2551000
2500000
2450000
2402000
2359000
2317000
2277000
2239000
2201000
2906000
2495000
2382000
2352000
2271000
2219000
2182000
2147000
2113000
3344000
2670000
2503000
2477000
2364000
2300000
2260000
2222000
2186000
2150000
2116000
2082000
2050000
2019000
1988000
2605000
2259000
2164000
2141000
2073000
2326000
2176000
2379000
2217000
2713000
2373000
2261000
2226000
2157000
2111000
2106000
2337000
2210000
2121000
2085000
2037000
1998000
1967000
1939000
1911000
1989000
2012000
1936000
1904000
1874000
1842000
2051000
1922000
1877000
1868000
1826000
1796000
1773000
1749000
1726000
1703000
1682000
1661000
1640000
1620000
1600000
1674000
1611000
1583000
2169000
1863000
1785000
1773000
1720000
1687000
1666000
1969000
1798000
1987000
1893000
1902000
2013000
3363000
2999000
2626000
2558000
2438000
2347000
2299000
2260000
2222000
2185000
2150000
2115000
2082000
2050000
2018000
1988000
1959000
1930000
1902000
1875000
1849000
1824000
1799000
1775000
1751000
1728000
1706000
1684000
1663000
1643000
1622000
1603000
1584000
1565000
1547000
1529000
1511000
1524000
1493000
1473000
1458000
1440000
1424000
1409000
1394000
1629000
1488000
1448000
1436000
1407000
1591000
1473000
1438000
1468000
1420000
1397000
1384000
1367000
1352000
1338000
1325000
1312000
1299000
1287000
1274000
1262000
1250000
1238000
1227000
1216000
1205000
1194000
1183000
1173000
1331000
1440000
1679000
1490000
1441000
1420000
1383000
1363000
1349000
1336000
1322000
1309000
1296000
1284000
1272000
1259000
1248000
1236000
1225000
1213000
1202000
1192000
1181000
1171000
1160000
1150000
1140000
1131000
1121000
1112000
1102000
1093000
1084000
1076000
1067000
1058000
1050000
1042000
1034000
1123000
1070000
1054000
1047000
1034000
1025000
1017000
1160000
1388000
1349000
1268000
1247000
1332000
1341000
1288000
1274000
1258000
1241000
1229000
1217000
1206000
1195000
1185000
1174000
1164000
1154000
1144000
1134000
1125000
1115000
1106000
1097000
1088000
1079000
1070000
1062000
1053000
1045000
1037000
1029000
1021000
1013000
1005000
997700
990300
983000
1272000
1132000
1096000
1401000
1301000
1246000
1436000
1803000
3940000
2762000
2491000
2461000
2286000
2204000
2167000
2383000
2219000
2159000
2128000
2081000
2044000
2013000
1982000
1953000
1925000
1897000
1870000
1844000
1819000
1794000
1770000
1747000
2024000
1986000
1934000
1883000
2171000
3901000
4017000
3290000
3155000
4301000
4625000
3833000
5369000
5060000
4372000
4195000
3995000
3815000
3695000
3594000
3499000
3408000
7342000
5297000
4783000
4703000
4345000
4137000
4011000
3892000
3780000
3674000
3574000
3479000
3902000
6494000
4987000
4570000
4452000
4156000
3976000
3858000
3748000
3644000
3546000
3452000
3364000
3280000
3386000
3212000
4115000
3745000
3706000
3473000
3310000
3956000
3857000
6409000
6816000
7176000
5937000
6668000
9068000
6993000
8881000
