1909000
1870000
1797000
1708000
1623000
1542000
1467000
1399000
1336000
1273000
1210000
1149000
1092000
1040000
992100
948000
906800
1469000
2024000
2281000
2168000
2058000
2343000
2485000
2789000
12820000
12620000
9638000
4696000
4541000
3547000
3194000
3279000
4177000
4208000
3725000
7297000
11250000
10440000
7660000
5892000
5572000
4909000
4595000
5387000
5927000
5399000
4655000
4202000
3782000
3376000
2980000
2875000
2921000
2868000
2766000
2649000
2276000
1909000
1749000
1689000
1639000
1602000
1516000
1456000
1362000
1286000
1200000
1130000
1073000
1031000
1124000
1463000
1817000
1957000
1905000
1796000
1685000
1581000
1508000
1474000
1486000
1469000
1413000
1336000
1263000
1194000
1139000
1163000
1189000
1196000
1169000
1135000
1082000
1024000
975400
940800
910100
873500
831500
793400
758000
723900
693300
667600
644400
623200
603100
584200
563100
543100
524800
508200
492800
477400
834200
1133000
1292000
1259000
1238000
1187000
1132000
1091000
1135000
1400000
1581000
1620000
1550000
1482000
1400000
1326000
1283000
1265000
1247000
1215000
1171000
1111000
1050000
997200
956000
926100
893300
859900
830200
800700
760800
724100
692500
665500
640300
613300
586500
798600
983100
1272000
1401000
1456000
1393000
1337000
1276000
1240000
1213000
1194000
1160000
1120000
1064000
1015000
1138000
1249000
1301000
1272000
1250000
1214000
1164000
1121000
1087000
1058000
1023000
977600
935100
889400
845700
808000
779100
753000
729300
707600
687700
659800
633100
609200
588400
569200
548900
528300
509500
492100
476000
461000
447000
433900
421600
410100
399200
388900
379100
369800
361000
352700
344700
337100
329800
322900
316300
309900
303800
297900
292300
286800
281600
276600
271700
267100
262500
258200
254000
249900
245900
242100
238400
234800
231300
227900
224700
367900
500700
586100
597600
609200
605800
597400
591300
598500
605500
604100
592100
581400
567100
552800
540400
533100
526400
520200
514600
509400
496400
482900
470700
460100
450100
438400
425900
414100
402900
392400
382500
373000
364100
355600
347500
474500
1306000
3786000
7294000
7654000
6317000
4696000
4003000
3366000
3074000
3118000
3270000
3104000
2706000
2322000
2088000
1863000
1755000
1754000
1799000
1789000
1766000
1700000
1534000
1285000
1167000
1111000
1066000
982700
864600
816400
1035000
1215000
1291000
1250000
1215000
1162000
1108000
1086000
1108000
1119000
1099000
1056000
1015000
970000
928000
895100
874100
853900
833200
829600
895800
936400
944900
920800
9e+05
872900
841900
813600
793500
773200
749400
722500
697700
1869000
17160000
16820000
12240000
5055000
4918000
3295000
2674000
2865000
4146000
4062000
3080000
1963000
1948000
1472000
1346000
1450000
1913000
1939000
1964000
1971000
1901000
1020000
880200
901900
981300
962600
709800
537000
528200
518400
511600
505200
947500
1305000
1486000
1433000
1445000
1413000
1360000
1302000
1490000
1673000
1742000
1666000
1597000
1509000
1421000
1349000
1327000
1348000
1352000
1325000
1284000
1218000
1152000
1096000
1194000
1279000
1309000
1265000
1226000
1168000
1133000
2331000
3023000
3464000
4980000
5343000
4824000
3790000
3405000
3094000
2878000
2725000
2678000
2575000
2329000
2046000
1893000
1760000
1664000
1613000
1614000
1583000
1483000
1404000
1328000
1174000
1082000
1006000
954600
906800
835300
767100
722100
4835000
5761000
5299000
7229000
14790000
13490000
9536000
5812000
5638000
4815000
4788000
5077000
5662000
5101000
4162000
3403000
3238000
2882000
2802000
2902000
3049000
4012000
5172000
5477000
6074000
5662000
5146000
4251000
3875000
3556000
3875000
3987000
3935000
3565000
3235000
2841000
2571000
2383000
2309000
2248000
2193000
2513000
2683000
2657000
2458000
2261000
2104000
1955000
1830000
1765000
1692000
1564000
1438000
1404000
1371000
1326000
1254000
1199000
1147000
1100000
1060000
1030000
978500
928800
882700
844900
809300
770400
731900
7e+05
671700
646200
623200
602200
579300
557900
538400
520700
504200
488000
472100
457400
443700
430800
418700
407300
396500
386400
376800
367600
358900
350700
342800
335300
328100
321200
314600
308300
302300
296500
290900
285500
280300
275400
270600
265900
261400
257100
252900
248900
313300
374400
414600
421000
427200
426300
422900
420100
423500
426700
425900
420200
414800
407700
400300
393700
389400
385400
381500
378000
374500
367400
360100
353300
347100
341200
334500
327400
320500
314000
307700
301700
295900
290300
285000
279800
274800
270100
265400
261000
256700
252500
248500
244600
240800
237100
233600
230100
226800
223500
220400
217300
214300
211400
208600
205900
203200
200600
198100
195600
193200
190800
188500
186300
184100
182000
179900
177800
175900
173900
172000
170100
168300
166500
189700
219300
241400
249400
253800
255600
255700
255700
257800
260500
261700
260700
259200
256900
254300
251900
250300
272000
307700
336000
348500
357700
363700
365400
364100
365100
366300
365700
362400
358700
354500
349400
344200
339900
336100
332400
328900
325700
321300
316100
311000
306300
301500
296500
303500
310100
313300
310500
307800
303900
299700
295800
293000
290300
287000
283000
279000
274900
270700
286500
302000
311700
312000
312200
310400
307200
304200
303000
301900
299700
295900
432500
906300
1260000
1400000
1360000
1325000
1262000
1474000
1653000
1754000
1706000
1646000
1989000
9853000
1e+07
7934000
4298000
4159000
3246000
2833000
2904000
6222000
7484000
6942000
5161000
4610000
3833000
3358000
3173000
3459000
3452000
3267000
2958000
2753000
2099000
1962000
2061000
3970000
4727000
4570000
3750000
5279000
5661000
5320000
4377000
4096000
3730000
3297000
2906000
2828000
2685000
2463000
2198000
2086000
1990000
1982000
2217000
2742000
2922000
2863000
2671000
2521000
2265000
3218000
3721000
3780000
4597000
5628000
6388000
7159000
6749000
5859000
5143000
4799000
4424000
4109000
3880000
3632000
3316000
2979000
2692000
2720000
2736000
2699000
2542000
2442000
2328000
2163000
2010000
1858000
1682000
1571000
1463000
1345000
1229000
1116000
1045000
1004000
961500
933600
911600
887000
845100
807300
774200
745300
775300
805700
2900000
3809000
3859000
3073000
2811000
2461000
2252000
2194000
2318000
2322000
2234000
2043000
1932000
1762000
1642000
1564000
1553000
1515000
1482000
1447000
1410000
1256000
1156000
1089000
1045000
1003000
934900
863200
819500
784500
753200
718900
687400
658100
650100
645100
635800
617900
600300
581700
563700
546900
532800
519900
507000
493400
511100
593400
660800
690600
766500
830800
859500
846000
837500
827000
813000
795300
781500
768000
748600
724500
703800
684400
666200
650000
637400
624100
607600
591900
577600
560200
565800
760400
925100
1011000
996900
983800
953400
920100
894800
888900
882600
864400
834100
806600
775900
747100
722700
706000
690700
676700
663800
650500
627200
604600
584300
566900
550400
531900
512800
495100
478800
463600
449500
436200
423800
412100
401100
390700
380800
371500
362600
354200
346100
338500
331100
324100
317400
311000
304900
298900
293300
287800
282500
277500
272600
267900
263300
259000
254700
250600
246600
242800
239100
235400
231900
228500
225300
222000
218900
215900
213000
210100
207300
204600
202000
199400
196900
194500
192100
189800
187500
185300
183100
181000
178900
176900
174900
173000
171100
169300
167500
165700
164000
162300
160600
159000
157400
155900
154300
152800
151400
149900
148500
147100
145800
144400
143100
141800
174700
206600
228700
234300
239700
247700
254000
258800
263400
268000
269800
268900
268000
266700
265100
263400
262300
261300
260100
259700
337200
408600
455100
462800
470500
469900
465700
462000
465200
468400
467000
459800
1706000
12630000
12520000
9256000
4250000
4119000
2954000
2504000
2661000
3564000
3490000
2768000
1939000
1872000
1496000
1383000
1445000
1729000
1714000
1707000
1700000
1617000
978900
865400
868100
910100
873100
673200
535100
515700
497800
481300
466000
451700
438300
425700
413900
402800
392300
382400
372900
364000
355500
347400
339700
332300
325200
318500
312000
305800
299900
294200
288700
283400
278300
273400
268600
264100
259600
255400
251300
247300
243400
239600
236000
232500
229100
225800
222600
219400
216400
213400
210600
207800
205000
202400
199800
227000
277900
319000
338100
752400
1093000
1273000
1332000
1993000
6996000
7432000
6223000
4384000
4353000
3744000
3253000
4111000
4878000
4837000
4088000
3513000
3221000
2830000
2600000
2585000
2668000
3161000
3425000
4318000
11490000
19400000
21340000
16460000
11640000
8777000
7142000
6165000
6316000
6744000
6430000
5312000
4316000
3620000
3127000
2862000
5e+06
6067000
6152000
5347000
5016000
4222000
3399000
2923000
3010000
3055000
2817000
3276000
3606000
4405000
4357000
4105000
3565000
3246000
2962000
2825000
2739000
2572000
2641000
3012000
3180000
3093000
4736000
5747000
5665000
4696000
4149000
3732000
3334000
3055000
2995000
2938000
2740000
2422000
2208000
2003000
2595000
3001000
3158000
2918000
2746000
2544000
2371000
2142000
2021000
1934000
1832000
1697000
2099000
2522000
2685000
2526000
2363000
2201000
2046000
2039000
2158000
2192000
2113000
1970000
1843000
1716000
1591000
1496000
1441000
1392000
1336000
2098000
2604000
2730000
2454000
2293000
2109000
1949000
1829000
2109000
2304000
2320000
2133000
2003000
1849000
1711000
1606000
2064000
11760000
11780000
9090000
4564000
4394000
3283000
3818000
5974000
7361000
6832000
5385000
4262000
3797000
3191000
3023000
3132000
3321000
3091000
2854000
2698000
2502000
1836000
1697000
1702000
1720000
1678000
1489000
1292000
1132000
1037000
979300
940100
886300
808400
741200
695300
657900
625800
627200
635800
653200
654500
2186000
3856000
4325000
3760000
3191000
2819000
2474000
2259000
2262000
2310000
2225000
2007000
1823000
1667000
1525000
1430000
1407000
1398000
1375000
1351000
1328000
1220000
1091000
1010000
2237000
11840000
14430000
12530000
8090000
8269000
6852000
5565000
5695000
6868000
8825000
7500000
5739000
8167000
7707000
6085000
5111000
7370000
7599000
6274000
4939000
5871000
7317000
6250000
4833000
3941000
3587000
2802000
2356000
2362000
2386000
2075000
1823000
1690000
1418000
1271000
1255000
1357000
3174000
4295000
4479000
3815000
3329000
2779000
2431000
2552000
5646000
6827000
6408000
6664000
6601000
5836000
4615000
4220000
4080000
3902000
3614000
3393000
3235000
2837000
2451000
2274000
2178000
2083000
1988000
1941000
1864000
1640000
1500000
1419000
1271000
1174000
1060000
965400
900900
823200
753300
705700
666600
633400
604400
578500
555300
534200
526700
520000
511000
497300
484500
471500
458700
446900
436800
427300
417600
464800
509100
535200
532800
530800
523600
514500
506500
504000
501600
495400
485200
475700
465000
454500
444800
437000
429600
422700
416100
409900
400700
391500
382900
375000
367500
359500
351200
343300
335800
328600
321700
315100
308800
302700
296900
291300
285900
280700
275700
270900
266200
288500
309900
323500
324000
324600
322400
319300
316400
782500
8878000
9261000
7333000
3755000
3656000
2785000
2398000
2427000
3158000
4197000
5270000
5261000
9071000
9758000
8740000
6378000
5701000
5023000
5530000
5820000
5985000
5108000
4500000
3791000
3446000
3186000
23250000
22850000
17310000
7561000
7392000
5108000
4214000
4103000
5704000
5597000
4350000
2766000
2656000
1869000
1654000
1740000
2301000
2268000
2295000
2742000
3668000
3014000
3733000
3951000
3933000
3408000
2820000
2388000
2284000
2197000
2142000
2039000
1898000
1715000
1596000
1495000
1433000
1388000
1375000
1351000
1303000
1224000
1161000
1064000
1172000
1269000
1302000
1246000
1189000
1120000
1065000
1084000
1444000
1705000
1839000
1781000
1723000
1616000
1660000
1698000
2064000
2260000
2299000
2138000
2016000
1868000
1750000
1662000
1622000
1575000
1514000
1431000
1360000
1272000
1198000
1137000
1095000
1057000
1017000
969900
927200
870300
821000
793100
1358000
1932000
2201000
2100000
1972000
1832000
1693000
1590000
1562000
1551000
1504000
1414000
1332000
1248000
1172000
1111000
1078000
1051000
1027000
1005000
983700
1800000
5865000
6538000
5658000
3933000
3581000
2975000
2624000
2778000
3208000
3245000
2896000
2915000
3039000
2895000
2636000
2531000
2504000
2394000
2295000
2251000
2156000
1850000
1677000
1584000
1514000
1427000
1294000
1196000
1128000
1069000
1020000
978500
917900
860700
810900
770800
735700
850700
949300
999100
973900
966600
945500
917800
888400
875500
862600
841900
812100
786600
758800
731700
706800
688500
671200
655200
640600
627400
606400
585900
567300
551100
535200
517900
500300
484000
502300
525400
538400
533500
526200
516000
504600
494000
486900
480700
473000
463000
453000
442600
432300
422600
423600
491900
702500
867300
943300
938700
929200
904300
878900
864200
863700
858600
840500
813100
786700
758000
731700
710800
696100
682600
670300
991200
1255000
1383000
1339000
1309000
1254000
1195000
1147000
1132000
1120000
1089000
1039000
995600
948000
903900
867100
843800
822400
802900
785300
769000
930800
1069000
1141000
1115000
1095000
1054000
1007000
968600
951600
936500
911800
875400
843300
808500
775800
747400
727200
708600
691500
675900
661300
636800
612900
591400
572900
555800
536900
517300
499300
482700
467300
452900
439400
426800
414900
403700
393200
383200
373700
364800
356200
348100
340300
332900
325800
319100
312600
306400
300400
294600
289100
283800
278700
273800
269000
264400
260000
255700
251600
247600
243700
240000
236300
254300
387400
2241000
7055000
7447000
5973000
3959000
3574000
2916000
2603000
2664000
2984000
2887000
2480000
2068000
1908000
1671000
1561000
1565000
1650000
1633000
1617000
1595000
1474000
1171000
1067000
1028000
1009000
946700
822500
729500
686000
650000
619000
591600
567100
609400
703400
772200
790600
781900
768100
747800
2645000
3548000
3717000
3068000
2833000
2486000
2226000
2074000
2124000
2120000
2006000
1804000
1704000
1755000
1799000
1798000
1768000
1727000
1674000
1621000
1577000
1445000
1355000
1281000
1219000
1163000
1080000
996800
935700
1089000
4124000
5442000
5362000
4121000
3796000
3590000
3377000
3189000
3214000
3150000
3389000
16750000
16370000
12290000
5678000
5516000
4075000
3483000
3575000
4701000
4645000
3641000
2506000
2424000
1957000
1801000
1782000
2072000
2008000
1971000
1937000
2032000
1363000
1305000
1305000
1363000
1321000
1066000
886500
875400
1500000
1945000
2110000
1958000
1860000
1729000
1609000
1527000
1517000
1505000
1457000
1373000
1299000
1217000
1146000
1344000
1526000
1606000
1556000
1517000
1585000
1609000
1732000
1798000
2215000
2412000
2412000
2211000
2071000
1928000
1820000
1859000
1939000
1949000
1868000
1760000
1653000
1546000
1462000
1407000
1411000
1438000
1437000
1398000
1340000
1263000
1296000
1328000
1333000
1295000
1256000
1200000
1137000
1081000
1039000
1003000
965900
925100
887300
850000
815600
803000
791900
776600
1047000
1272000
1383000
1336000
1300000
1244000
1187000
1317000
1444000
1694000
1820000
1919000
2055000
6187000
7462000
6905000
4960000
4373000
3691000
3231000
3028000
3212000
3180000
2877000
2434000
2243000
1994000
1829000
1743000
1782000
1745000
1701000
1656000
1603000
1323000
1168000
1087000
1047000
999800
892000
787900
729400
686000
650000
618900
591600
567000
544900
524600
506100
488900
473100
458300
444500
431500
419400
408000
397200
399900
402600
401800
395100
388800
412100
433700
446100
451400
456400
455600
449500
443900
440200
436300
431000
424600
418600
411500
404100
397200
390500
384100
378000
372400
367100
360100
353000
346300
347500
405800
594700
746000
820000
822300
820000
802900
784100
774000
776800
776000
763400
741800
720800
697200
675400
658000
646000
635100
625100
615600
603400
583800
564900
548100
533300
518500
502000
485200
469600
455000
441400
428700
416700
405400
394800
384700
375200
366100
357500
349300
341500
334000
326900
320100
334700
478300
694700
844200
893600
985900
1133000
1217000
1224000
1205000
1191000
1161000
1120000
1087000
1062000
1031000
992900
958100
928000
898800
873400
853100
829800
802400
777300
755500
730600
700500
670400
643000
618700
595000
571200
548600
528100
509200
491900
475800
460800
498400
535400
556700
753600
985100
1136000
1433000
10940000
14770000
1.3e+07
8048000
6340000
5100000
4178000
3918000
4703000
4994000
4451000
3470000
3086000
2653000
2354000
2274000
2488000
2533000
2497000
2454000
2397000
1816000
1473000
1369000
1359000
1403000
1339000
1254000
1214000
1384000
6666000
10350000
9719000
6800000
7014000
8670000
10610000
10510000
1e+07
8705000
7355000
5895000
5235000
4903000
4670000
4352000
4110000
11830000
11830000
9700000
5916000
5522000
4419000
3957000
3942000
4452000
4169000
3353000
2535000
2484000
5408000
6183000
5812000
4581000
4214000
3686000
3338000
3182000
2882000
2781000
2560000
2268000
2124000
1826000
1625000
1856000
2199000
2461000
2494000
2449000
2658000
2829000
10330000
12260000
1.3e+07
9582000
12320000
12140000
13920000
