2021000
1758000
1705000
1684000
1663000
1643000
1624000
1604000
1586000
1567000
1550000
1532000
1515000
1498000
1482000
1466000
32540000
7999000
1767000
1408000
2674000
1.2e+07
2556000
8298000
42130000
5868000
1321000
1308000
1296000
9070000
2838000
1339000
6527000
2815000
6332000
36240000
25460000
3512000
1196000
1185000
4737000
1570000
1156000
15340000
2748000
6619000
1744000
1112000
1103000
1094000
1086000
1077000
5703000
1586000
1053000
1045000
1037000
1029000
1021000
1014000
1006000
11320000
2163000
986100
979000
972000
965100
958400
951700
7236000
10500000
11560000
5487000
1324000
925100
918900
912700
906700
900700
894800
7746000
1664000
880800
875200
869600
864100
858600
7086000
1557000
845600
840400
835300
830200
825200
820200
815300
810500
805700
10520000
1902000
795900
791300
786700
782200
777800
773400
769000
764700
760400
756200
752000
747900
743800
2282000
46740000
5942000
743800
739800
735800
731800
727900
724100
14540000
11440000
1759000
718100
714300
710600
706900
703300
3178000
977900
693500
690000
686500
8478000
2071000
736600
676100
672700
669400
666200
662900
659700
656600
653400
650300
647200
4461000
1076000
8976000
25680000
3378000
8509000
1536000
641800
638800
635800
632800
629900
2018000
783000
622500
619700
616900
614100
25450000
3436000
617800
615000
612300
609500
606800
604200
601500
598800
1231000
666100
591600
589100
1360000
672300
582200
579700
577200
574800
572400
570000
567600
565300
3104000
850500
2131000
737300
1613000
675300
553400
6990000
1682000
6551000
1229000
552400
550200
548000
545800
543600
541500
539300
537200
535100
533000
530900
3996000
922300
527400
525400
523400
10060000
7519000
1199000
527000
525000
522900
521000
519000
517000
515100
513100
511200
1578000
629300
506300
10400000
26070000
3294000
524000
522000
520000
518100
11330000
1748000
520300
518300
516300
514400
512400
510500
508600
506700
504900
503000
501200
499300
497500
13590000
1987000
501400
499600
497800
496000
494200
492400
490600
488900
487100
485400
483700
482000
11320000
26770000
22550000
2690000
33050000
7802000
938000
529800
527800
525700
523700
521700
519700
517800
515800
513900
511900
510000
508100
506200
504400
502500
500700
498800
497000
495200
493400
491700
489900
488100
9920000
17340000
14030000
1838000
505600
503700
501900
5e+05
498200
5118000
2154000
625200
495100
493300
491500
489800
488000
486300
484500
482800
481100
7078000
6478000
1079000
482600
480900
479200
477500
475800
474200
472500
1619000
600100
468500
466800
31380000
39660000
4548000
504200
502300
626300
513000
496900
495100
493300
491500
489800
7018000
1231000
489100
487400
485600
5151000
1014000
483700
482000
480300
478700
477000
475300
473700
2151000
737900
478600
468400
466800
991200
523500
22320000
2952000
473900
472300
2564000
707600
468800
467200
7897000
2432000
595200
466600
465000
463400
461800
460300
971900
2607000
694300
455900
454300
452800
451300
449800
9511000
1479000
451300
449800
448300
446800
3058000
24620000
3166000
4919000
16080000
2181000
466500
464900
463300
461800
460200
458700
457100
455600
454100
452600
451100
449600
448100
446600
445200
443700
442300
440900
439500
438100
436700
435300
12510000
1809000
438700
437300
1226000
46760000
5700000
459800
10470000
41220000
6395000
646800
484400
482700
7206000
9938000
1473000
486600
484800
483100
481400
479700
478000
476400
474700
473100
34710000
10320000
1169000
13400000
2506000
561100
497800
496000
494200
17330000
2410000
500900
499000
497200
495400
493600
491800
490100
488300
486600
26870000
3491000
5e+05
498200
496400
2410000
711200
492400
490600
488800
5226000
1026000
10350000
1610000
490400
488600
486900
485200
4148000
899500
482600
480900
479200
477500
475800
474200
472500
470900
469300
467700
466100
464500
462900
461400
459800
458300
456700
455200
453700
452200
450700
26930000
3466000
463600
462000
460400
458900
457400
455800
454300
452800
451300
449800
448300
446900
445400
444000
442500
1561000
567300
439000
5506000
1014000
438000
1569000
564200
434500
433100
21780000
14520000
1771000
448400
446900
445500
444000
442600
441100
439700
438300
436900
7423000
4284000
785000
437600
436200
434800
433500
432100
430700
429400
7548000
1550000
465300
428600
427200
4040000
836300
425500
424200
422900
421600
1932000
591900
419400
418100
416800
1319000
517700
414200
412900
411700
410400
2079000
599100
408800
407600
406400
405200
404000
402800
4378000
855500
404000
402800
401600
400400
1142000
483100
397800
396700
395500
394400
393300
392100
391000
389900
388800
387700
386600
385500
384400
383300
382200
36070000
5713000
549700
405500
404300
403100
401900
400700
399500
398400
397200
396100
394900
393800
392600
419600
5469000
15890000
4160000
641800
407000
2797000
678300
406200
405000
403800
402700
401500
400300
399100
398000
396800
395700
394500
393400
392200
7945000
1356000
2340000
617700
397900
396700
395600
5402000
4732000
829000
401400
400200
399000
397900
396700
395600
394400
2133000
591200
393100
391900
390800
389700
9617000
1443000
396500
395400
394200
393100
392000
390900
389700
388600
387500
386400
20370000
14710000
1774000
409000
407800
406600
405400
9822000
1478000
410200
409000
407800
12130000
33530000
4387000
473200
432100
430700
429400
428000
4007000
28330000
7687000
912400
443200
441700
440300
438900
437500
436100
434700
433300
432000
430600
429200
8604000
5279000
23040000
2957000
443900
442400
19330000
4743000
695400
450100
531400
456600
445700
444300
442900
441400
440000
438600
437200
5760000
3905000
8381000
8282000
1490000
472100
441900
440400
439000
20550000
2728000
447600
15160000
8982000
8602000
11410000
1612000
464100
5870000
1077000
463000
461400
459900
458300
1716000
598800
454600
9216000
1450000
455800
454200
452700
451200
449800
448300
446800
445400
443900
442500
802200
480800
700100
5425000
1001000
437500
2394000
657800
434600
433200
431800
430500
2365000
6133000
1479000
32440000
4070000
447300
445800
444400
442900
4807000
2201000
585300
440800
3302000
764100
438300
436900
540000
593500
449700
431600
430200
428900
1110000
503900
425300
424000
422600
421300
420000
418800
13210000
1875000
423800
422500
3397000
1019000
2401000
798200
438400
419600
418300
417000
415700
414500
413200
412000
410700
409500
18530000
8088000
1059000
421900
7071000
1178000
422800
421500
420200
418900
417600
416300
415100
413800
412600
411300
410100
408900
407600
406400
405200
404000
402800
401600
400500
656600
20900000
14790000
1787000
419400
418200
416900
415600
414400
413100
411900
410600
409400
408200
406900
405700
404500
1821000
564400
2890000
686100
403300
4547000
875300
404700
403500
402300
401200
4e+05
5879000
1025000
403000
401800
400700
399500
398300
397200
396000
394900
393700
392600
391500
390400
389300
388100
387000
386000
384900
383800
382700
19200000
2529000
395900
394700
393600
392400
391300
390200
389100
2681000
649200
473600
9133000
1386000
395200
394100
393000
1680000
538100
391100
2881000
673900
390700
389500
388400
387300
386200
385200
384100
383000
381900
380900
379800
11130000
4264000
692700
5275000
948500
394200
1189000
483100
391800
390600
389500
388400
387300
386200
385100
2463000
620800
384300
383200
382100
5596000
976600
1291000
487500
383800
4254000
14170000
1910000
396700
395500
2667000
3574000
729000
397100
395900
394800
393600
392500
391400
390300
389200
388100
387000
385900
3071000
12500000
12500000
1626000
405300
404100
402900
401700
400500
399300
398200
397000
395900
394700
13880000
66670000
7775000
438000
436600
435200
433800
432400
431100
429700
428400
427000
425700
424400
874900
473500
421000
419700
418400
417200
415900
414600
413400
412100
410900
409700
408400
407200
406000
404800
403600
402400
401200
400100
398900
397700
682600
611300
415600
393700
392600
391400
390300
819800
437400
1147000
473300
386200
385100
384000
382900
381900
380800
379700
378700
377600
376600
375600
374500
373500
372500
371500
370500
369500
368500
367500
366500
365500
364500
1720000
2454000
9178000
1347000
372700
371700
370700
369700
11590000
5048000
767900
382000
20580000
2686000
396000
3300000
11550000
25310000
3285000
441200
6457000
1107000
421400
420100
15300000
2114000
426200
424900
423600
422300
421000
419700
418400
2974000
14660000
2008000
12040000
25740000
38150000
12010000
25040000
3171000
483100
481400
479700
478000
476400
474700
473100
471400
469800
468200
752400
33570000
4233000
484500
765000
513200
479600
477900
476200
4140000
890700
473800
18740000
3625000
10500000
1608000
485600
483800
482100
480400
478700
477100
475400
11580000
8792000
2202000
586100
20620000
7522000
1032000
492400
490600
488800
487100
485400
4430000
931800
483000
481300
479600
477900
22010000
2929000
487800
486000
484300
482600
480900
5021000
995200
479000
477300
475600
19840000
5900000
851100
484500
482800
481100
479400
9089000
3818000
749300
480200
478600
1274000
566100
474100
472500
470800
469200
467600
30260000
3860000
483100
481400
479700
478000
1503000
591600
14210000
2038000
479800
478100
476500
474800
473200
3240000
20820000
37970000
4495000
503200
501400
499500
2716000
21890000
15310000
1923000
516300
514400
512400
510500
508600
506700
504900
503000
501200
499300
497500
6874000
1665000
547300
495200
5843000
1101000
493600
491800
490100
488300
486600
484800
483100
481400
924600
10470000
1609000
481800
15780000
2847000
2146000
667000
33910000
11810000
1361000
507800
1365000
602000
502800
9084000
2315000
598900
502200
500300
498500
496700
494900
493100
4587000
956500
490700
2652000
733700
487000
1274000
7840000
24820000
27820000
34640000
11410000
2155000
1888000
6037000
1146000
537500
3136000
3780000
9807000
1553000
538100
13260000
1985000
541600
2024000
8248000
2218000
633800
538600
2825000
7498000
1299000
537100
535000
532900
692700
547300
526900
524900
522800
520900
15730000
13940000
4882000
6678000
29930000
7355000
956000
552200
550000
547700
545600
10080000
24870000
7010000
995100
16230000
2346000
2017000
731500
565000
562700
560400
558100
555800
553600
551300
549100
546900
544700
542600
540400
538300
536200
534100
532000
529900
527900
525800
523800
521800
519800
517900
515900
514000
512000
510100
14870000
2143000
515000
13010000
6608000
1051000
519900
517900
516000
514000
512100
510200
508300
506400
504500
20360000
2765000
513400
511500
509600
507700
505800
503900
502100
500200
498400
2770000
754000
494600
492800
491100
489300
487600
485800
484100
482400
480700
479000
477300
475700
3800000
1513000
548400
471800
470200
468600
467000
465400
463800
462200
460700
459100
457600
456100
454500
453000
1194000
17190000
2347000
458400
456900
455300
453800
452300
450800
27840000
39020000
4504000
486300
484600
482900
481200
479500
638600
5262000
18600000
11560000
3004000
22880000
12530000
1589000
509700
507800
505900
14920000
2145000
510800
508900
507000
505100
503300
3382000
53670000
6515000
525000
523000
521000
519000
16460000
2333000
525000
523000
521000
519000
517000
515100
5146000
1040000
512700
510800
6980000
18590000
12320000
1642000
11530000
1779000
530400
528300
526300
524300
522300
520300
518300
516400
514400
512500
510600
508700
506800
1131000
574400
501600
499800
498000
3616000
850000
14240000
2060000
501000
499200
497400
495600
2795000
4301000
11790000
1735000
1892000
655600
495900
494100
6033000
1122000
9287000
1494000
495400
493600
654300
508600
488400
486700
484900
483200
481500
479800
478100
476500
3670000
837300
473700
472100
470400
468800
467200
465600
464000
7858000
22980000
5826000
806800
477600
475900
474300
472700
471000
469400
467800
466200
464600
4883000
2085000
590400
462000
460500
458900
457400
455800
454300
36920000
25950000
2906000
487000
485300
483600
481900
480200
15040000
2936000
576200
484000
11600000
2081000
524600
485100
483400
481700
480000
478300
476700
475000
473400
471700
470100
468500
466900
465300
463700
462200
460600
459000
457500
1830000
618500
454700
452400
450900
34430000
4320000
468700
467100
3498000
809600
464400
462800
461300
459700
458200
456600
1589000
582800
452800
1360000
2719000
695700
448900
447400
445900
444500
443100
441600
12210000
1780000
444800
4157000
3988000
7155000
1835000
522100
445000
443600
442100
440700
439300
437900
436500
435100
433700
7116000
1192000
433800
432400
15720000
9598000
10050000
1440000
445200
443800
442300
440900
439500
438100
436700
435300
433900
469600
435400
429800
428500
427100
425800
424500
18230000
23650000
2847000
443800
442400
440900
439500
438100
436700
435300
433900
432600
431200
429800
428500
427100
1652000
564200
424000
422600
421300
9117000
25760000
3198000
437400
436000
434700
433300
431900
430500
429200
427800
426500
425200
423900
422600
421200
420000
418700
417400
416100
414800
413600
9671000
1467000
417200
416000
414700
413400
412200
411000
409700
408500
407300
406100
404900
7883000
1261000
599700
429300
406500
405200
404000
402900
401700
400500
399300
398200
397000
395900
394700
393600
392400
391300
390200
389100
388000
6781000
1117000
392100
535200
406400
388900
4832000
3963000
8088000
13170000
12630000
38030000
4563000
439000
437600
436200
434800
433400
432000
430700
429300
428000
426600
425300
424000
422700
421400
420100
418800
417500
416200
415000
413700
412500
411200
410000
408800
407500
406300
405100
403900
402700
401500
400400
24430000
6725000
824300
416800
415500
414300
413000
33280000
4157000
1431000
543600
429000
427600
426300
425000
423700
422400
421100
419800
3882000
8149000
1255000
423000
421700
420400
419100
417800
416500
415300
617800
771300
450100
410900
409700
408500
407300
12600000
30140000
7275000
1293000
482900
3440000
4948000
905600
431100
429800
428400
11860000
38890000
9662000
1023000
455400
453900
452400
450900
449400
2319000
2013000
1103000
502900
444500
443000
441600
440200
438800
437400
436000
794500
14090000
1983000
439200
437800
436400
435000
433600
432200
430900
23160000
3018000
441000
439600
438200
436800
435400
434000
1930000
601800
430800
429400
428100
426800
425400
15860000
2182000
431200
429900
428500
6512000
1622000
4967000
1206000
9754000
1486000
431800
430500
429100
427800
1707000
4994000
1783000
523300
425200
423900
422500
421200
419900
418700
6715000
3343000
672000
420500
419200
418000
8793000
1371000
420500
1348000
524200
417800
416500
415200
414000
412700
2007000
592900
411000
409700
1857000
3409000
732400
410100
16900000
2288000
418500
417200
416000
414700
413400
13870000
1945000
6132000
1736000
2437000
4883000
28030000
9862000
1162000
441300
439900
1260000
2105000
615600
435800
434400
433100
431700
430300
429000
427600
426300
425000
423700
422300
2730000
683400
420500
419300
418000
416700
415400
414200
412900
411700
5640000
1007000
413200
411900
410700
409500
408200
5728000
12450000
1714000
952200
477700
415900
414700
2680000
3452000
7066000
1138000
419400
418100
416900
10720000
1589000
420700
4474000
880700
420200
418900
417600
416300
415100
1507000
537700
412700
411400
410200
408900
407700
406500
405300
1528000
531500
403100
401900
6843000
12510000
8970000
10330000
1454000
423300
422000
420700
419400
418100
416800
415600
414300
10540000
1567000
418400
417100
415800
414600
413300
412100
410800
409600
753800
446700
406400
405100
404000
12240000
1752000
410400
409200
408000
406800
405500
404300
403200
402000
400800
399600
18430000
2454000
410300
409100
1293000
508000
406500
12730000
13660000
6297000
937300
422400
8064000
4322000
769300
424500
423200
421900
420600
419300
418000
416700
415500
414200
413000
411700
410500
409200
408000
406800
10060000
1506000
411600
410400
409100
407900
406700
405500
404300
403100
401900
400700
399600
398400
397200
13740000
15450000
2104000
432600
12420000
3997000
1007000
8454000
14490000
54850000
6933000
513300
457800
456300
454800
1718000
6650000
1141000
453500
452000
450500
449000
447600
446100
444700
443200
441800
440400
438900
437500
436100
434700
4118000
14880000
5008000
2024000
582600
8726000
33800000
21930000
2542000
635800
17290000
14330000
1841000
18830000
9925000
1333000
498600
496800
495000
493200
491400
489700
487900
47240000
5808000
508600
506700
504800
503000
501100
499300
497500
495700
493900
2221000
7246000
33340000
4730000
578200
510700
508800
506900
505000
503200
501300
499500
497700
495900
494100
5073000
1013000
11530000
4076000
3610000
820900
496400
8644000
5594000
32900000
21980000
15530000
2009000
9710000
27410000
3799000
19620000
