265400
264300
263000
261800
260500
259300
258000
256800
255600
254400
253200
252000
250900
249700
248600
247400
22450000
6930000
1170000
299500
985800
10270000
1972000
6933000
38890000
6876000
972100
237800
236700
6303000
1924000
463300
5031000
1974000
5143000
33520000
25200000
4205000
606700
229500
3326000
765000
287400
13320000
2497000
5581000
1109000
323300
222700
221800
220900
220000
1819000
495900
248700
216600
215700
214900
214000
213200
212400
6088000
1230000
325300
209600
208800
208000
207200
206400
981600
8831000
10930000
5373000
974800
270200
202900
202200
201400
200700
199900
2426000
584900
241500
197200
196500
195800
195100
4625000
962500
280000
192700
192000
191300
190700
190000
189300
188700
188000
187400
186700
186100
185400
184800
184200
183600
182900
182300
181700
181100
180500
179900
179300
178700
178100
26530000
4750000
693000
177400
176800
176200
175600
175100
3443000
9701000
1792000
349100
173500
172900
172400
171800
171300
170800
170200
169700
169200
168600
168100
167600
167100
166600
166100
165600
165000
164500
164100
163600
163100
162600
162100
161600
161100
19620000
3538000
7410000
1353000
296200
161500
161000
160500
160100
159600
159100
158700
158200
157700
157300
10920000
2024000
367800
157100
156600
156200
155700
155300
154800
154400
154000
153500
153100
152700
152200
151800
151400
151000
150500
150100
149700
149300
148900
148500
148100
147700
147300
146900
146500
146100
145700
145300
144900
144500
144100
143800
143400
143000
142600
142300
141900
141500
141100
140800
140400
140000
139700
139300
139000
138600
138300
137900
150200
139400
137100
136500
136200
135800
135500
135200
134800
134500
134200
133800
133500
133200
132900
22850000
4075000
578900
134600
134300
133900
133600
133300
133000
132600
132300
132000
131700
131400
131000
130700
130400
130100
129800
129500
129200
128900
128600
128200
127900
127600
127300
127000
126800
126500
126200
125900
125600
125300
125000
124700
18770000
23570000
3999000
33810000
9594000
1423000
205200
132800
132500
132100
131800
131500
131200
130900
130500
130200
129900
129600
129300
129000
128700
128400
128100
127800
127500
127200
126900
126600
126300
126000
6665000
13340000
2352000
364500
128100
127800
127500
127200
1308000
1497000
351800
149200
126100
125800
125600
125300
125000
124700
124400
124100
1915000
5834000
1096000
229800
124000
123800
123500
123200
122900
122600
122400
122100
121800
121500
31820000
42880000
7209000
856100
127800
127500
127200
126900
126600
126300
126000
125700
5272000
1019000
226400
125500
125300
4481000
880900
210300
124900
124600
124400
124100
123800
123500
1098000
370600
155500
124100
122300
589200
202900
23100000
4109000
573200
124100
1797000
413900
156200
123200
7558000
2567000
469300
146300
123400
123100
122900
122600
627100
2361000
505200
164000
121700
121400
121200
120900
8055000
1498000
276600
121300
121000
120700
1792000
25590000
4522000
5130000
16630000
2942000
433500
126000
125700
125400
125100
124800
124500
124200
124000
123700
123400
123100
122800
122600
122300
122000
121700
121500
121200
120900
120700
120400
1921000
432500
155100
119600
119400
48270000
8475000
1064000
10050000
43460000
8999000
1194000
155900
127100
4701000
9863000
1769000
303200
128200
127900
127600
127300
127000
126700
126400
126100
26170000
10770000
1700000
13420000
2975000
485800
142200
131000
130600
12920000
2350000
382100
131900
131600
131300
131000
130600
130300
130000
129700
15100000
2729000
424100
131200
130800
130500
130200
129900
129600
129300
129000
128700
4675000
917400
217500
128300
128000
127700
127400
127100
126800
126500
126200
125900
125700
125400
125100
124800
124500
124200
123900
123700
123400
123100
122800
122500
122300
122000
121700
121400
121200
573800
199300
129300
120200
119900
119600
119400
119100
118900
118600
118300
118100
117800
117600
117300
117100
116800
116600
116300
116100
115800
115600
115300
115100
114800
114600
114300
3906000
12710000
2262000
349800
116200
116000
115700
115500
115300
115000
114800
114500
114300
114000
113800
113600
113300
113100
112900
112600
112400
112200
111900
111700
111500
111200
111000
110800
110600
110300
110100
109900
109700
109400
109200
109000
108800
108600
108400
108100
107900
107700
107500
107300
107100
106900
106600
106400
106200
106000
105800
105600
105400
105200
105000
104800
104600
104400
104200
104000
103800
103600
103400
103200
103000
102800
102600
102400
102200
102000
101800
101700
101500
101300
101100
12270000
3578000
578400
130700
103900
103700
103500
103300
103100
102900
102700
102500
102300
102100
101900
101700
101500
6219000
3391000
609700
147400
956900
251800
120300
103400
103300
103100
102900
102700
102500
102300
102100
101900
101700
101500
101300
101100
100900
100800
100600
100400
100200
1e+05
99830
3575000
703400
168500
100400
100300
100100
99890
99710
99520
99340
99160
98980
98800
98620
98440
4346000
836300
182500
99350
99170
98990
98810
98630
98450
98270
98090
97920
15680000
15550000
2619000
353300
104200
104000
103800
8790000
1612000
275300
105400
105200
11560000
35710000
6493000
825700
118400
111700
111500
111300
3028000
29410000
9389000
1411000
198600
115800
115600
115300
115100
114900
114600
114400
114100
113900
113700
5430000
5005000
24090000
4216000
571000
117800
19720000
5733000
887500
163700
120200
119900
119600
119400
119100
118800
118600
118300
118100
3015000
3567000
8524000
8715000
1780000
306000
125100
119800
119500
20320000
3625000
516500
15180000
9793000
9223000
11990000
2081000
331100
5427000
1047000
231400
127600
127300
127000
126700
126400
126100
7957000
1485000
279700
126400
126100
125800
125500
125200
124900
124700
124400
124100
123800
123500
123200
1776000
409700
155000
1698000
395700
153000
121900
121600
121300
121100
5302000
1459000
34240000
6020000
787900
124400
124100
123800
1755000
1706000
380700
148600
2377000
514000
166800
122500
122200
122000
121700
121400
121200
120900
120600
120400
120100
119800
119600
119300
119000
118800
2042000
452200
155900
118100
117800
316800
2311000
680500
191500
120600
116800
116500
116300
116000
115800
115500
115300
115000
5104000
6917000
1243000
232200
5444000
1041000
220500
116200
115900
115700
115400
115200
115000
114700
114500
114200
114000
113700
113500
113300
113000
112800
112600
112300
112100
111900
5315000
13730000
2423000
363300
114500
114300
114100
113800
113600
113300
113100
112900
112600
112400
112200
111900
111700
111500
111200
111000
110800
110600
110300
110100
109900
109700
109500
109200
109000
108800
108600
108400
108100
107900
107700
107500
107300
107100
106900
106700
106400
106200
106000
105800
105600
105400
105200
105000
104800
104600
104400
104200
104000
103800
103600
103400
103200
103000
102800
102600
102400
168600
113600
103200
101700
101500
101300
101100
100900
100700
100600
100400
100200
1e+05
99820
99630
99450
99270
99090
98910
98730
98550
98370
98190
98010
2130000
450900
138000
98080
97900
97720
97550
97370
97200
97030
96850
96680
96510
96340
96170
96000
95830
95660
95490
95320
95150
94990
94820
11510000
2078000
320800
97600
97430
1455000
333000
123900
97240
97070
96890
96720
96550
96380
96210
96040
95870
95700
95530
1494000
11680000
2093000
320400
98580
98400
98220
98040
97870
97690
97510
97340
97160
1339000
67810000
11830000
1422000
103100
102900
102700
102500
102300
102100
101900
101700
101500
101300
101200
101000
100800
100600
100400
100200
1e+05
99850
99670
99480
99300
99120
98940
98760
98580
98400
98220
98050
97870
97690
97520
97340
97170
96990
96820
96650
96480
96310
96130
95960
95800
95630
95460
95290
95120
94960
94790
94630
94460
94300
94130
93970
93810
93650
93490
93320
93160
93000
92850
92690
92530
92370
92210
92060
91900
91750
91590
91440
91280
91130
90980
90830
90670
9408000
5377000
912900
166400
21520000
3816000
517900
2908000
12150000
27030000
4842000
627300
6252000
1174000
228600
108400
15210000
2730000
406000
110700
110500
110300
110000
109800
109600
1496000
14740000
2635000
12170000
27290000
41990000
14870000
27230000
4618000
614800
125500
125200
124900
124700
124400
124100
123800
123500
123200
123000
31840000
5627000
745700
125600
125300
125000
124700
124400
3225000
662200
184800
18920000
4490000
10860000
1915000
326800
127600
127300
127000
126700
126400
126100
9080000
8937000
2508000
434200
21260000
8677000
1391000
226500
130700
130400
130100
129800
1662000
395300
159100
128900
128600
128300
19860000
3552000
515900
130000
129700
129400
129100
128800
128500
128200
127900
127600
17190000
6403000
1038000
194700
129600
129300
129000
4336000
3287000
632700
176500
128700
128400
128100
127800
127500
127200
126900
126600
23230000
4136000
580400
128700
128400
128100
127800
127500
10190000
1873000
325000
128200
127900
127600
127300
127000
15250000
39660000
6830000
853500
132000
131700
131400
21590000
16780000
2796000
388100
135200
134900
134600
134200
133900
133600
133200
132900
132600
132300
132000
131600
131300
131000
130700
130400
130100
129700
129400
129100
128800
128500
128200
127900
127600
127300
127000
126700
6269000
1836000
1992000
422900
33640000
13670000
2126000
282200
130900
130600
130300
130000
735900
234600
141000
128900
128600
128200
127900
127600
127300
127000
126700
126500
126200
125900
125600
1369000
25180000
30580000
37560000
13810000
2884000
1720000
5887000
1117000
243800
135700
2710000
9777000
1782000
316400
10260000
1894000
335700
137500
6260000
2045000
404100
154100
137200
4933000
969300
230900
136800
136500
136100
135800
135400
135100
134800
134400
1255000
12480000
5375000
6880000
30750000
9022000
1350000
211600
140000
139600
139300
7763000
25430000
8372000
1292000
16560000
2980000
1295000
288400
160200
143600
143200
142800
142400
142100
141700
141300
141000
140600
140200
139900
139500
139100
138800
138400
138100
137700
137400
137000
136700
136300
136000
135700
135300
135000
134700
134300
134000
133700
1136000
5114000
987000
227400
133200
132900
132500
132200
131900
131600
131300
130900
8355000
1558000
292300
131300
131000
130700
130300
130000
129700
129400
129100
128800
128500
128200
127900
127600
127300
127000
126700
126400
126100
125800
125500
125200
124900
124700
124400
124100
123800
123500
123200
123000
122700
122400
122100
121900
121600
121300
121000
120800
120500
120200
7280000
1363000
260600
120500
120200
119900
119700
119400
27480000
42220000
7138000
855700
125600
125300
125000
124700
124400
4184000
19240000
12740000
3633000
24070000
14020000
2289000
324200
132700
132400
14570000
2638000
416100
133700
133400
133100
132700
2191000
54840000
9602000
1198000
135300
135000
134600
16110000
2907000
448400
135900
135600
135300
134900
134600
4195000
838900
213700
134100
6305000
19500000
13540000
2250000
11720000
2115000
362600
139700
139300
139000
138600
138200
137900
137500
137200
136900
136500
136200
135800
135500
135100
134800
134500
134100
133800
133500
11660000
2134000
360000
134500
134200
133800
610000
3865000
11980000
2151000
1787000
383700
162900
134600
5241000
1021000
9151000
1682000
309900
135400
135100
134700
134400
134100
133700
133400
133100
132700
132400
132100
131800
131500
131100
130800
130500
130200
129900
129600
129300
2114000
23380000
7118000
1096000
190000
131500
131200
130900
130600
130300
130000
129600
129300
129000
128700
128400
128100
127800
127500
127200
126900
126600
27770000
27470000
4583000
572600
131700
131400
131100
130800
6921000
2131000
406500
147000
10640000
2297000
396800
138600
131500
131200
130900
130600
130300
130000
129700
129400
129000
128700
128400
128100
127800
127500
127200
126900
126600
126300
126000
125800
125500
125200
14880000
2686000
415300
126800
1049000
286300
144100
125800
125500
125200
124900
124600
124400
124100
123800
123500
123200
122900
122700
122400
122100
121800
121600
121300
121000
120800
120500
120200
120000
6616000
1934000
366400
133600
119900
119700
119400
119100
118900
118600
118400
118100
117800
117600
117300
117100
3419000
8330000
10530000
1833000
295600
119100
118800
118600
118300
118100
117800
117500
117300
117000
116800
116500
116300
116000
115800
115500
115300
21310000
3793000
532100
117800
117500
117300
117000
116800
116500
116300
116000
115800
115500
115300
115000
114800
114500
114300
114100
113800
113600
15830000
2842000
423000
115600
115400
115100
114900
114600
114400
114200
113900
113700
113400
113200
113000
112700
112500
112300
112000
111800
111600
111400
111100
110900
110700
110400
110200
110000
109800
109600
109300
109100
108900
108700
108500
108200
108000
107800
107600
107400
107200
107000
106800
106500
106300
106100
105900
105700
105500
105300
105100
104900
104700
104500
104300
104100
103900
103700
103500
103300
103100
102900
102700
7839000
14160000
13870000
40940000
7033000
868700
114200
113900
113700
113500
113200
113000
112800
112500
112300
112100
111800
111600
111400
111100
110900
110700
110500
110200
110000
109800
109600
109300
109100
108900
108700
108500
108300
108000
107800
107600
8603000
5390000
936600
184600
110000
109700
109500
33910000
5976000
1663000
267800
130800
113200
113000
112700
112500
112300
112000
111800
969000
7849000
1446000
261300
112700
112500
112300
112000
111800
111600
111400
111100
110900
110700
110500
110200
110000
11740000
32240000
9288000
1810000
268900
3168000
4936000
920800
200600
116500
116200
11590000
41780000
12370000
1789000
222500
121800
121500
121200
121000
455500
1571000
886000
237300
130200
119800
119500
119300
119000
118700
118500
118200
12190000
2213000
355400
119300
119100
118800
118600
118300
118000
21120000
3763000
530900
120300
120000
119800
119500
119200
119000
118700
118400
118200
117900
117700
117400
12310000
2234000
357100
118600
118300
5334000
1541000
4921000
1205000
9819000
1784000
306900
119800
119600
119300
544300
4751000
1797000
360800
136200
118800
118500
118300
118000
117800
2629000
2988000
589100
165200
117400
117100
6027000
1143000
232900
406800
167200
122300
116400
116200
115900
115700
115400
115200
115000
114700
114500
2191000
474800
154900
15300000
2750000
413100
116200
115900
115700
115500
7998000
1483000
6342000
1963000
2494000
4976000
29640000
11720000
1815000
249300
121400
121200
120900
120600
120300
120100
119800
119600
119300
119000
118800
118500
118300
118000
117700
117500
117200
117000
116700
116500
116200
116000
115700
115500
115200
115000
114800
114500
114300
114000
113800
113500
113300
113100
112800
112600
112400
112100
111900
111700
111500
4886000
940200
205300
111800
111600
4832000
930900
204400
1010000
267700
129400
111600
111400
111200
110900
110700
110500
110300
110000
109800
109600
109400
109100
108900
108700
108500
108300
108100
107800
4443000
8470000
10900000
1888000
295600
112000
111800
111600
111300
111100
110900
110700
110400
110200
110000
109800
109500
109300
109100
108900
108700
108400
108200
108000
107800
107600
107400
107200
106900
106700
106500
106300
106100
105900
105700
105500
105300
105100
104900
1514000
349500
132400
104600
104400
104200
104000
5448000
13270000
6889000
1138000
198300
4333000
3801000
706600
168600
110600
110400
110200
109900
109700
109500
109300
109100
108800
108600
108400
108200
108000
107800
107500
107300
107100
106900
106700
106500
106300
106100
105900
105700
105500
105300
105100
104800
104600
104400
9483000
1901000
318800
12520000
4465000
1095000
8386000
14940000
57870000
10450000
1283000
127400
117600
117300
117000
4104000
808700
194900
116700
116500
116200
116000
115700
115500
115300
115000
114800
114500
114300
114000
113800
113600
6981000
4308000
2004000
387800
8484000
35910000
24810000
4068000
656700
17680000
15460000
2601000
19630000
11030000
1818000
278200
130100
129800
129500
129200
128900
128600
45310000
7968000
1014000
131200
130900
130600
130300
130000
129600
129300
129000
128700
5665000
34680000
6661000
891900
143700
131800
131400
131100
130800
130500
130200
129900
129600
129200
2071000
465900
11470000
4485000
3697000
686000
188000
8402000
5858000
34410000
24860000
17660000
2867000
9830000
28420000
5274000
20500000
