945800
934400
920700
906100
891800
878000
864600
851600
839000
826800
814900
803400
792200
781300
770700
760300
1190000
1237000
1235000
1204000
1196000
1422000
1397000
1603000
3434000
3151000
3064000
2855000
2711000
2984000
2841000
2716000
2889000
2774000
2949000
5547000
7417000
6591000
5939000
5285000
5110000
4686000
4337000
5237000
4788000
4967000
4532000
4213000
3903000
3644000
3418000
3219000
3166000
2995000
2849000
2708000
2582000
2468000
2363000
2268000
2179000
2439000
2303000
2224000
2128000
2049000
1977000
1910000
1847000
1850000
2140000
2567000
2637000
2496000
2378000
2271000
2182000
2100000
2024000
1954000
2005000
1933000
1875000
1811000
1755000
1701000
1652000
1797000
1719000
1674000
1619000
1573000
1530000
1490000
1452000
1415000
1381000
1348000
1316000
1286000
1258000
1230000
1204000
1179000
1155000
1132000
1109000
1088000
1068000
1048000
1029000
1010000
992800
975700
1999000
1867000
1853000
1765000
1709000
1659000
1611000
1566000
1740000
2031000
1939000
1883000
1810000
1753000
1700000
1650000
1603000
1559000
1517000
1477000
1439000
1403000
1369000
1337000
1306000
1277000
1248000
1221000
1196000
1171000
1147000
1124000
1102000
1081000
1061000
1041000
1059000
1751000
1661000
1940000
1829000
1781000
1717000
1665000
1617000
1572000
1530000
1489000
1451000
1414000
1380000
1347000
1827000
1726000
1695000
1630000
1583000
1539000
1498000
1460000
1423000
1388000
1355000
1323000
1293000
1264000
1236000
1210000
1184000
1160000
1137000
1114000
1093000
1072000
1052000
1033000
1014000
996500
979300
962600
946600
931000
916000
901400
887300
953300
947500
939000
923300
908400
894100
880200
866700
853700
841000
828700
816800
805200
793900
783000
772300
762000
751900
748600
836200
830000
825000
811800
800200
789100
778200
767700
757500
747500
737800
728300
719100
710100
728600
1247000
1222000
1227000
1190000
1164000
1141000
1173000
1146000
1126000
1103000
1081000
1061000
1042000
1023000
1005000
987100
970200
953900
938100
922800
908000
893700
879800
866400
853400
840700
828400
816500
804900
793700
782700
772100
761700
751600
741800
732200
1265000
1986000
1901000
3935000
3886000
3662000
3386000
3172000
2999000
2845000
2707000
2582000
2467000
2363000
2267000
2179000
2097000
2022000
1952000
1886000
1825000
1767000
1713000
1663000
1615000
1570000
1528000
1487000
1449000
1413000
1884000
2328000
2236000
2162000
2067000
1993000
1924000
1861000
1872000
1858000
1798000
1743000
1689000
1640000
1593000
1549000
1508000
1469000
1431000
1396000
1429000
1610000
1546000
1510000
1464000
1426000
1391000
1357000
1325000
1295000
1266000
1238000
1212000
1186000
2361000
5190000
4605000
4348000
3944000
3673000
3444000
3242000
3063000
2903000
2759000
2629000
2873000
2695000
2583000
2457000
2352000
2556000
2393000
2300000
2197000
2113000
2036000
1965000
1899000
1837000
1825000
1767000
1715000
1663000
1615000
1591000
1544000
2576000
2376000
2322000
2198000
2187000
2109000
2038000
1965000
2223000
2196000
2137000
2057000
1983000
1915000
1852000
1793000
1760000
1798000
1734000
1685000
1633000
1587000
1543000
1502000
1817000
1708000
1666000
1605000
1559000
1517000
1555000
2711000
2483000
2727000
3614000
3342000
3192000
2989000
2834000
2696000
2572000
2459000
2355000
2260000
2172000
2091000
2016000
1946000
1881000
1820000
1763000
1709000
1659000
1611000
1567000
1524000
1484000
1446000
1574000
1513000
1479000
1435000
1399000
4056000
3585000
3477000
4096000
9065000
7908000
7172000
6219000
5560000
5632000
6291000
5591000
5107000
4633000
4268000
3960000
3694000
3462000
3258000
3077000
2916000
5186000
5245000
4926000
6071000
5477000
5044000
4580000
4220000
3918000
5011000
4515000
4233000
3893000
3632000
3408000
3211000
3035000
2878000
2736000
2608000
3784000
3457000
3309000
3086000
2920000
2775000
2643000
2523000
2414000
2314000
2222000
2138000
2429000
2296000
2220000
2124000
2046000
1974000
1907000
1844000
1786000
1731000
1679000
1630000
1584000
1541000
1500000
1461000
1424000
1389000
1356000
1324000
1294000
1265000
1237000
1211000
1185000
1161000
1138000
1115000
1094000
1369000
1332000
1317000
1281000
1252000
1225000
1199000
1174000
1150000
1127000
1105000
1084000
1063000
1044000
1025000
1007000
989100
972200
955800
939900
924600
909700
895400
881400
867900
854900
842200
1062000
1367000
1341000
1323000
1285000
1256000
1229000
1202000
1177000
1153000
1130000
1108000
1087000
1066000
1047000
1028000
1009000
991700
974700
958200
942200
926800
911900
897500
883500
869900
856800
844000
831700
819600
808000
796600
785600
774900
764400
754300
744400
734800
725400
716200
707300
698600
690100
681800
673700
665800
658100
650600
643200
636000
629000
622100
615400
608800
602300
596000
589800
583800
577800
572000
566300
560700
555300
549900
544600
539500
534400
529400
524500
519700
515000
510400
505900
501400
497000
781000
818700
832200
819100
806900
795600
784600
773900
763400
753300
743400
733800
724500
715300
706400
697800
689300
860300
893700
898100
885100
889300
878200
866500
853400
840700
828500
816500
805000
793700
782800
772100
761700
751700
741800
732300
722900
713800
712000
702900
694700
686200
678000
702100
763600
754400
747700
736400
726900
717700
708700
7e+05
691500
683100
675000
667100
659300
651800
644400
733800
719100
714600
703100
694300
685900
677700
669800
662000
654300
646900
639600
905800
1237000
1207000
1192000
1158000
1134000
1111000
1340000
1304000
1288000
1254000
1226000
1567000
3329000
3056000
2964000
2763000
2627000
2509000
2401000
2516000
4661000
4555000
4269000
3914000
3637000
3412000
3214000
3038000
2880000
2738000
2610000
2493000
2387000
2289000
2581000
2681000
4353000
3887000
3694000
3408000
5064000
4745000
4448000
4076000
3786000
3542000
3329000
3140000
2972000
2821000
2685000
2562000
2449000
2565000
2618000
3009000
3287000
3122000
2964000
2803000
2667000
2545000
3925000
3554000
3400000
4562000
4807000
5218000
6074000
5439000
4993000
5077000
4655000
4325000
3999000
3727000
3491000
3284000
3100000
2936000
3340000
3143000
3005000
2839000
2700000
2575000
2462000
2358000
2262000
2175000
2093000
2018000
1948000
1883000
1822000
1866000
1798000
1747000
1762000
1701000
1653000
1604000
1559000
1517000
1477000
1671000
1606000
3382000
3057000
2973000
2771000
2636000
2517000
2541000
2499000
2381000
2281000
2326000
2215000
2134000
2051000
1978000
1911000
1848000
1789000
1734000
1682000
1633000
1587000
1544000
1503000
1464000
1427000
1391000
1358000
1456000
1428000
1402000
1367000
1343000
1320000
1349000
1326000
1300000
1270000
1242000
1215000
1190000
1165000
1142000
1119000
1097000
1077000
1281000
1403000
1388000
1361000
1493000
1456000
1430000
1391000
1357000
1325000
1295000
1266000
1238000
1212000
1186000
1162000
1138000
1116000
1094000
1074000
1054000
1034000
1016000
998000
980700
964000
1256000
1609000
1561000
1530000
1479000
1441000
1405000
1371000
1338000
1307000
1278000
1249000
1222000
1196000
1172000
1148000
1125000
1103000
1082000
1062000
1042000
1023000
1005000
987600
970700
954300
938500
923200
908400
894100
880200
866800
853700
841100
828800
816800
805200
794000
783000
772400
762000
751900
742100
732500
723200
714100
705200
696600
688100
758000
746600
741200
729900
720500
711500
702700
694100
685700
677500
669500
661700
742300
729200
724300
713000
704000
695300
686900
678700
670700
662900
655200
647800
640500
633300
626300
619500
612800
606300
599900
593600
587500
581600
602100
606800
683700
673400
669600
659800
652100
644700
637400
630400
623400
616700
610100
603600
597200
591000
585000
579000
573200
567400
561800
556300
550900
545700
545200
737000
739700
744600
732300
722700
747100
737200
729700
719800
710700
701900
693300
685000
676800
668800
661000
653400
646000
638800
720200
897900
902400
900800
884300
870400
857300
844500
832100
820100
808400
797000
786000
844500
3780000
3384000
3321000
3057000
2890000
2748000
2619000
2501000
2394000
2296000
2205000
2122000
2044000
1972000
1905000
1843000
1784000
1730000
1678000
1629000
1584000
1540000
1499000
1460000
1424000
1389000
1355000
1323000
1293000
1264000
1237000
1210000
1185000
1160000
1137000
1115000
1093000
1072000
1052000
1033000
1015000
996900
979600
963000
946900
931300
916300
901700
887600
873900
860600
847800
835300
823200
811400
799900
788800
778000
767500
757200
747300
737600
728100
718900
709900
701100
692600
684200
676100
668100
728500
716300
710600
700100
691400
683100
876100
940500
948400
936000
1505000
1458000
1454000
1513000
1995000
3361000
3104000
2987000
3229000
3036000
2902000
2747000
3759000
3452000
3300000
3083000
2918000
2773000
2641000
2522000
2413000
2427000
3297000
3027000
3835000
6247000
11720000
11470000
15670000
12640000
10580000
8702000
7446000
6527000
5817000
5251000
4787000
4401000
4074000
3793000
3549000
6903000
5939000
5514000
4910000
4496000
4154000
3862000
3609000
3699000
3421000
3229000
4730000
4346000
5123000
4624000
4313000
3975000
3705000
3472000
3267000
3085000
2923000
3397000
3850000
3667000
3434000
5202000
5133000
4802000
4395000
4056000
3777000
3535000
3322000
3258000
3079000
2925000
2777000
2645000
2525000
3863000
3505000
3356000
3122000
2952000
2803000
2669000
2547000
2436000
2334000
2241000
2154000
3195000
3148000
3017000
2840000
2694000
2569000
2456000
2679000
2674000
2539000
2421000
2314000
2221000
2137000
2058000
1985000
1917000
1854000
1795000
3084000
2821000
2740000
2572000
2456000
2352000
2257000
2170000
2759000
2553000
2463000
2336000
2240000
2154000
2074000
2e+06
2890000
6056000
5314000
4971000
4464000
4120000
3832000
5875000
7004000
6216000
5601000
5021000
4592000
4236000
3933000
3671000
3442000
3240000
3061000
2901000
2758000
2628000
2509000
2401000
2303000
2212000
2128000
2050000
1977000
1910000
1847000
1789000
1733000
1682000
1633000
1587000
1543000
1502000
1463000
1918000
1824000
1851000
1771000
3649000
4059000
3775000
3504000
3264000
3081000
2919000
2873000
2784000
2651000
2530000
2418000
2318000
2226000
2141000
2062000
1989000
1921000
1857000
1798000
1742000
1690000
1640000
1791000
3051000
5051000
9028000
9148000
8131000
7240000
7155000
6326000
5705000
5143000
4996000
5627000
5105000
4720000
5417000
4930000
4587000
4210000
4566000
4258000
3974000
3692000
3456000
3722000
3443000
3258000
3062000
2901000
2757000
2627000
2509000
2401000
2302000
2211000
2394000
3085000
3047000
3301000
5997000
5787000
5302000
4772000
4364000
4041000
3764000
4319000
6652000
6413000
5808000
7453000
6458000
6010000
5341000
4862000
4460000
4124000
3836000
3586000
3368000
3175000
3003000
2849000
2710000
2585000
2470000
2366000
2270000
2181000
2099000
2024000
1953000
1887000
1826000
1769000
1715000
1664000
1616000
1571000
1529000
1488000
1450000
1414000
1379000
1731000
1854000
1788000
1728000
1669000
1620000
1575000
1532000
1491000
1453000
1416000
1382000
1756000
1664000
1631000
1572000
1528000
1488000
1450000
1413000
1379000
1346000
1315000
1285000
1256000
1229000
1203000
1178000
1154000
1131000
1108000
1087000
1067000
1047000
1028000
1010000
991900
974800
958300
942400
927000
912000
897600
883600
870100
856900
844100
831800
819700
808100
796700
785700
775000
764500
923100
933000
933800
918100
903400
889200
875500
862200
1537000
3458000
3190000
3093000
2877000
2731000
2604000
2488000
2382000
2568000
3687000
4311000
4083000
6385000
6988000
6241000
5596000
5028000
4599000
5860000
5245000
4868000
4430000
4095000
3811000
3565000
3536000
10430000
8633000
7800000
6641000
5892000
5312000
6931000
6071000
5563000
4992000
4568000
4216000
3915000
3655000
3848000
3531000
3327000
3122000
3377000
4896000
5487000
5047000
5976000
5317000
4910000
4471000
4130000
3842000
3591000
3372000
3179000
3006000
2852000
2713000
2587000
2472000
2368000
2272000
2183000
2101000
2025000
1955000
1889000
1827000
2370000
2248000
2191000
2093000
2017000
1947000
1911000
2007000
2536000
2387000
2407000
2271000
2183000
2097000
2262000
2174000
2647000
2459000
2372000
2256000
2168000
2087000
2012000
1942000
1877000
1817000
1760000
1706000
1656000
1609000
1564000
1522000
1482000
1444000
1408000
1374000
1341000
1310000
1280000
1348000
2221000
2234000
2189000
2091000
2011000
1941000
1877000
1816000
1759000
1706000
1656000
1608000
1564000
1521000
1481000
1444000
1407000
1373000
1341000
1310000
1280000
2482000
3932000
3595000
3408000
3159000
2985000
2833000
2696000
3119000
2972000
2843000
2692000
3284000
3087000
2958000
2791000
2656000
2535000
2425000
2324000
2231000
2146000
2067000
1993000
1925000
1861000
1802000
1746000
1693000
1644000
1597000
1553000
1511000
1472000
1434000
1399000
1365000
1333000
2194000
2063000
2031000
1936000
1921000
1855000
1798000
1741000
1689000
1640000
1593000
1549000
1508000
1469000
1431000
1396000
1362000
1330000
1300000
1270000
1242000
1216000
1190000
1166000
1179000
1153000
1132000
1113000
1178000
1325000
1316000
1295000
1263000
1235000
1208000
1183000
1159000
1136000
1113000
1092000
1071000
1051000
1032000
1014000
995700
1192000
1352000
1652000
1585000
1551000
1499000
1460000
1423000
1388000
1354000
1323000
1292000
1264000
1236000
1209000
1184000
1160000
1136000
1114000
1093000
1243000
2014000
1904000
1873000
1791000
1734000
1682000
1633000
1587000
1543000
1502000
1463000
1426000
1391000
1358000
1326000
1295000
1266000
1239000
1212000
1187000
1162000
1935000
1824000
1803000
1725000
1672000
1624000
1578000
1535000
1495000
1456000
1419000
1385000
1352000
1320000
1290000
1261000
1233000
1207000
1182000
1158000
1134000
1112000
1091000
1070000
1050000
1031000
1013000
994900
977700
961100
945100
929600
914600
900100
886000
872400
859100
846300
833900
821800
810100
798700
787600
776800
766300
756100
746200
736500
727000
717900
708900
700200
691600
683300
675200
667300
659500
651900
644500
637300
630200
645700
694500
820400
1084000
1385000
3318000
3008000
2929000
2727000
2595000
2480000
2375000
2278000
2189000
2106000
2030000
1959000
1893000
1831000
1774000
1719000
1668000
1620000
1575000
1532000
1492000
1453000
1417000
1382000
1349000
1318000
1288000
1259000
1231000
1205000
1180000
1156000
1133000
1493000
1634000
1581000
1534000
1485000
1447000
1410000
3043000
2754000
2757000
2571000
2456000
2350000
2255000
2168000
2087000
2012000
1943000
1878000
1874000
2149000
2068000
2012000
1934000
1869000
1809000
1753000
1700000
1650000
1603000
1559000
1517000
1477000
1439000
1403000
1369000
1800000
3399000
3372000
3279000
3067000
3108000
3228000
3059000
2912000
2760000
2629000
3292000
7363000
7100000
6468000
5713000
5142000
4696000
4324000
4008000
3787000
3678000
3480000
3265000
3079000
2914000
2769000
2638000
2519000
2410000
2310000
2219000
2924000
2686000
2587000
2445000
2341000
2247000
2160000
2080000
2005000
3201000
2931000
2836000
2661000
2537000
2427000
2326000
2233000
2147000
2068000
1994000
1926000
1862000
1802000
1746000
2255000
2159000
2110000
2021000
1950000
2117000
2062000
2205000
2137000
2637000
2454000
2369000
2254000
2165000
2085000
2033000
2161000
2125000
2061000
1987000
1918000
1854000
1795000
1740000
1687000
1776000
1812000
1750000
1697000
1643000
1596000
1826000
1734000
1690000
1647000
1598000
1554000
1512000
1472000
1435000
1399000
1365000
1333000
1302000
1273000
1245000
1294000
1266000
1243000
1747000
1663000
1639000
1578000
1534000
1493000
1454000
1793000
1689000
1917000
1850000
1891000
2012000
3740000
4055000
3756000
3483000
3248000
3066000
2905000
2761000
2631000
2512000
2404000
2305000
2214000
2130000
2052000
1979000
1912000
1849000
1790000
1735000
1683000
1634000
1588000
1544000
1503000
1464000
1427000
1392000
1358000
1327000
1296000
1267000
1239000
1213000
1187000
1163000
1139000
1279000
1246000
1227000
1198000
1172000
1149000
1126000
1114000
1276000
1242000
1224000
1193000
1168000
1304000
1273000
1254000
1260000
1232000
1208000
1182000
1157000
1134000
1112000
1090000
1070000
1050000
1031000
1012000
994700
977500
960900
944900
929400
914400
899900
885800
872200
1099000
1284000
1562000
1518000
1488000
1442000
1406000
1372000
1339000
1308000
1278000
1250000
1223000
1197000
1172000
1148000
1126000
1104000
1083000
1062000
1043000
1024000
1006000
988100
971100
954800
939000
970600
955100
942300
926000
911000
896600
882700
869100
856000
843300
830900
818900
931300
936300
933300
918000
903300
889100
875400
1010000
1335000
1426000
1414000
1381000
1494000
1594000
1534000
1492000
1448000
1411000
1377000
1344000
1313000
1283000
1254000
1227000
1201000
1176000
1152000
1129000
1107000
1086000
1065000
1046000
1027000
1008000
990700
973700
957200
941300
925900
911000
896600
882700
869100
856000
843300
867000
1198000
1168000
1161000
1483000
1556000
1535000
1853000
2370000
7611000
6521000
6051000
5308000
4822000
4430000
4098000
4263000
3914000
3671000
3427000
3226000
3049000
2890000
2747000
2618000
2501000
2394000
2295000
2205000
2122000
2044000
1972000
1905000
2251000
2349000
2341000
2227000
2656000
5328000
7165000
6387000
5791000
7613000
8547000
7563000
9948000
9946000
8568000
7399000
6452000
5755000
5200000
4746000
4366000
4044000
9909000
8289000
7505000
6442000
5738000
5186000
4734000
4356000
4036000
3760000
3520000
3309000
3581000
7082000
6189000
5711000
5071000
4627000
4266000
3958000
3693000
3461000
3257000
3076000
2915000
2770000
2793000
2645000
3299000
3229000
3287000
3095000
2939000
3349000
3470000
6925000
8858000
10320000
8782000
9283000
13240000
11050000
13640000
