280300
279900
279300
278700
278100
277500
276800
276200
275600
275000
274400
273800
273200
272600
272000
271400
7306000
3042000
1498000
589300
596100
3586000
1192000
2883000
13940000
4037000
2212000
7e+05
428600
2521000
1185000
774900
2314000
1298000
2740000
14390000
12170000
4450000
1930000
753200
1891000
925800
763700
6049000
2013000
3482000
1293000
916100
672100
624600
621400
618300
1434000
827400
724600
629200
609200
606200
603300
600300
597400
3275000
1296000
966500
661200
602600
599600
596700
593900
1255000
4316000
5477000
3542000
1605000
918200
674100
641200
637900
634600
631300
1833000
942100
792000
652800
624600
621500
618400
2568000
1126000
884700
661400
617700
614600
611600
608600
605600
602600
599700
596800
593900
591100
588200
585400
582700
579900
577200
574500
571900
569200
566600
564000
561500
558900
556400
15870000
4565000
2691000
958300
636700
633400
630200
626900
2902000
5124000
1966000
1229000
737900
653300
649800
646400
643100
639700
636400
633200
629900
626700
623500
620400
617300
614200
611200
608200
605200
602200
599300
596400
593500
590700
587900
585100
1415000
11510000
3504000
5205000
1685000
1080000
726200
658100
654600
651200
647700
644400
641000
637700
634400
631200
7292000
2373000
1556000
800400
658400
654900
651400
648000
644600
641300
638000
634700
631400
628200
625000
621900
618700
615700
612600
609600
606600
603600
600700
597700
594900
592000
589200
586400
583600
580900
578100
575400
572800
2837000
1163000
883700
625200
575400
572700
570100
567400
564800
562300
559700
557200
554700
552200
549700
547300
544900
542500
996300
3338000
1303000
921600
607200
549000
546600
544200
541800
539400
537100
534800
532400
530200
527900
1503000
11800000
3553000
2095000
827500
595600
592700
1603000
853300
726900
609800
586000
583200
580500
577700
575000
572400
569700
567100
564500
561900
559400
556900
554400
551900
549400
547000
544600
542200
539800
537500
535100
532800
530500
528300
526000
721300
11930000
12910000
4579000
19240000
7345000
3560000
1377000
787700
741100
736700
732300
728000
723700
719500
715300
711200
707100
703100
699100
695100
691200
687400
683600
679800
676100
672400
668700
665100
661600
658000
7379000
9049000
3322000
1747000
852900
710700
706600
702600
1622000
1576000
986500
799900
704400
687300
683500
679700
676000
672300
668600
665000
1798000
3611000
1512000
1056000
728800
670000
666300
662800
659200
655700
652200
648800
645400
642100
16930000
24680000
8083000
3819000
1240000
823300
817800
812400
807100
801900
796700
791600
3733000
1553000
1188000
850100
783800
3199000
1408000
1107000
828600
773400
768600
763800
759100
754500
1335000
941500
833700
757800
736400
991800
795000
13100000
3955000
2436000
1037000
1722000
1018000
897700
785900
4857000
2463000
1489000
944400
782800
764800
760100
755500
1029000
2001000
1090000
909400
765600
736600
732200
727900
5174000
1884000
1335000
827700
730700
726400
1704000
14470000
4382000
5100000
10260000
3366000
2037000
1015000
831600
826100
820600
815100
809800
804500
799300
794100
789000
784000
779100
774200
769300
764600
759800
755200
750600
746000
741600
737100
3271000
1392000
1078000
786400
729300
27340000
7678000
4416000
6877000
26780000
8807000
4593000
1605000
996600
3642000
6889000
2702000
1755000
1102000
985400
977600
969900
962300
954800
947500
940200
17730000
9001000
4219000
10280000
3656000
2267000
1262000
1036000
1020000
9511000
3224000
2175000
1206000
1021000
1012000
1004000
996000
988000
980200
972400
11950000
3830000
2478000
1230000
993000
985100
977300
969600
962000
954600
947200
940000
4770000
1934000
1458000
1018000
931500
924500
917600
910800
904100
897500
891000
884600
878300
872100
866000
859900
854000
848100
842300
836600
830900
825400
819900
814400
809100
803800
798600
793500
788400
7331000
2493000
1688000
943300
801900
796700
791600
786600
781600
776600
771800
767000
762200
757600
752900
748400
743800
739400
735000
730600
726300
722000
717800
713700
709600
705500
701500
7247000
8995000
3325000
1774000
889200
747600
743100
738600
734200
729900
725600
721300
717100
713000
708900
704800
700800
696900
692900
689100
685200
681500
677700
674000
670300
666700
663100
659600
656100
652600
649200
645800
642400
639100
635800
632500
629300
626100
622900
619800
616700
613600
610600
607600
604600
601600
598700
595800
593000
590100
587300
584500
581800
579000
576300
573700
571000
568400
565800
563200
560600
558100
555600
553100
550600
548200
545700
543300
541000
538600
536300
533900
531600
529300
527100
11010000
3938000
2167000
900100
604600
588000
585300
582500
579800
577000
574400
571700
569100
566400
563900
561300
558700
5722000
2992000
1562000
844100
1125000
721400
656000
595400
582000
579300
576600
573900
571200
568600
566000
563400
560800
558300
555800
553300
550800
899100
638000
592700
550700
541100
1457000
2752000
1181000
833900
589500
546000
543600
541200
538900
536500
534200
531900
529600
527300
525100
522900
3254000
1235000
899200
588400
529300
527100
524800
522600
520400
518200
516000
513900
8089000
8323000
3100000
1531000
713600
589700
586900
4666000
1654000
1154000
690100
602400
5852000
19320000
6072000
3209000
1113000
725300
717000
712900
2439000
16690000
7340000
3518000
1437000
845200
791600
786600
781600
776700
771800
767000
762200
757600
752900
3976000
3804000
14290000
4410000
2557000
1091000
11440000
4819000
2619000
1266000
906100
871500
864900
858400
852400
846500
840700
835000
829400
2616000
2906000
5793000
6153000
2637000
1524000
965500
861300
852400
11810000
3716000
2372000
9438000
6951000
7251000
9058000
3276000
1944000
4202000
1802000
1420000
1066000
993800
985900
978000
970300
962700
5434000
2125000
1571000
1058000
957700
950300
943000
935800
928800
921800
915000
908200
901600
895000
888600
2200000
1222000
1055000
1790000
1100000
984800
878200
853800
847900
842100
3853000
1863000
20740000
6018000
3544000
1337000
925500
918600
2013000
1908000
1240000
1022000
2191000
1227000
1064000
913300
880400
874200
868000
861900
855900
850000
844200
838500
832800
827200
821700
816200
810900
805600
3532000
1511000
1172000
858000
1002000
1015000
2045000
1222000
973800
818900
777900
771000
766200
761400
756700
752100
747600
743100
5521000
5262000
2254000
1308000
3875000
1557000
1181000
832300
764300
759600
754900
750400
745800
741300
736900
732500
728200
723900
719700
715500
711400
707300
703300
699300
695300
691400
7340000
9472000
3449000
1831000
891400
740300
735900
731500
727200
722900
718700
714500
710400
706400
702300
698400
694400
690500
686700
682900
679100
675400
671700
668100
664500
660900
657400
653900
650500
647000
643700
640300
637000
633700
630500
627300
624100
621000
617900
614800
611700
608700
605700
602800
599800
596900
594100
591200
588400
3136000
1253000
939200
648600
592700
589900
587100
584300
581600
578800
576100
573400
3185000
1255000
933300
635500
578500
575800
573100
570500
567800
565200
562600
560100
557600
555100
552600
550100
547700
545200
542800
540500
538100
867000
2014000
943200
3106000
1190000
868400
598100
546400
544000
541600
539200
536900
534500
532200
529900
527700
525400
523200
521000
518800
516600
514500
512300
510200
508100
887000
7250000
2298000
1441000
680600
540000
1495000
786500
667300
556900
534700
532400
530100
527800
525500
523300
521100
518900
516700
514600
3154000
6501000
2268000
1321000
665400
552800
550300
547900
545400
543000
540700
538300
536000
2597000
34690000
9612000
5265000
1420000
716400
712300
708200
704200
700200
696200
692300
688400
684600
680800
677100
673400
669700
666100
662500
659000
655500
652000
648600
645200
641800
638500
635200
632000
628700
625600
622400
619300
616200
613100
610100
607100
604100
601200
598200
595400
592500
589700
586900
584100
581300
578600
575900
573200
570600
567900
565300
562800
560200
557700
555200
552700
550200
547800
545300
542900
540600
538200
535900
533500
531200
529000
526700
524500
522300
520000
2663000
1078000
814000
569600
522800
520600
6063000
3753000
1759000
913200
10530000
3163000
1948000
2206000
6613000
15620000
5047000
2661000
4550000
1647000
1209000
805300
9174000
2933000
1896000
937000
756700
752000
747500
743000
738500
1671000
8994000
2954000
8405000
16200000
27230000
13160000
21210000
6200000
3283000
1393000
1055000
1046000
1037000
1029000
1020000
1012000
1003000
995400
987400
20970000
6193000
3737000
1468000
1043000
1034000
1026000
1017000
2773000
1465000
1241000
12730000
4767000
9466000
3116000
1964000
1186000
1038000
1030000
1021000
1013000
1005000
6626000
6971000
3465000
1886000
14570000
7755000
3706000
1787000
1133000
1057000
1048000
1039000
2059000
1292000
1158000
1034000
1004000
996300
13360000
4214000
2691000
1284000
1018000
1010000
1001000
993400
985400
977600
969900
962300
11710000
5583000
2918000
1472000
1035000
989400
981500
3663000
3007000
1688000
1214000
1e+06
964800
957300
949900
942600
935500
928400
921500
15420000
4702000
2921000
1275000
965500
958000
950600
943300
7013000
2526000
1777000
1084000
950100
942800
935700
928600
10580000
26100000
8174000
4302000
1531000
1050000
1042000
14960000
13110000
5149000
2530000
1275000
1089000
1080000
1070000
1061000
1052000
1043000
1034000
1026000
1017000
1009000
1001000
992600
984700
976800
969200
961600
954100
946800
939600
932500
925500
918500
911700
905000
902700
893000
886100
7496000
2963000
2785000
1327000
20910000
10740000
4868000
2048000
1103000
998400
990400
1913000
1692000
1222000
1052000
971900
954600
947200
940000
932900
925900
919000
912200
905400
898800
892300
885900
3513000
15800000
20860000
27630000
13810000
6038000
3225000
5171000
2195000
1630000
1189000
3093000
7701000
2948000
1967000
8175000
2904000
2044000
1248000
5430000
2775000
1821000
1252000
1089000
4687000
2003000
1551000
1132000
1048000
1039000
1030000
1022000
1013000
1005000
997000
3794000
9178000
5215000
6391000
21250000
8912000
4343000
1830000
1156000
1096000
1086000
6299000
17770000
8382000
3983000
12340000
3937000
3176000
1537000
1234000
1157000
1134000
1123000
1113000
1103000
1093000
1084000
1074000
1065000
1056000
1047000
1038000
1029000
1021000
1013000
1004000
996100
988100
980300
972500
964900
957400
950000
942700
935600
928500
921600
914700
908000
6942000
5121000
2430000
1419000
988700
926800
919900
913100
906400
899700
893200
886800
6910000
2457000
1714000
1027000
895000
888500
882200
875900
869700
863600
857600
851700
845800
840100
834400
828800
823200
817800
812400
807000
801800
796600
791500
786400
781500
776500
771700
766900
762100
757400
752800
748200
743700
739300
734900
730500
726200
721900
717700
713600
709500
705400
6881000
2313000
1553000
850700
718000
713800
709700
705700
15470000
25160000
8140000
3947000
1306000
871700
865600
859600
853600
3149000
11380000
8895000
4470000
16050000
10910000
4489000
2136000
1147000
1012000
9976000
3341000
2234000
1212000
1016000
1008000
1e+06
2180000
35650000
10100000
5752000
1832000
1107000
1097000
11500000
3796000
2511000
1323000
1096000
1086000
1077000
1068000
3809000
1767000
1421000
1101000
5e+06
13840000
11340000
4488000
9693000
3176000
2114000
1262000
1097000
1088000
1078000
1069000
1059000
1050000
1042000
1033000
1024000
1016000
1007000
999200
991200
983300
975500
967800
960300
952800
8321000
2872000
1964000
1124000
962800
955300
1337000
3047000
7861000
2885000
2655000
1309000
1074000
977300
3796000
1693000
6274000
2308000
1639000
1074000
964200
956700
949300
942000
934900
927800
920900
914100
907300
900700
894200
887700
881400
875100
868900
862800
856800
850900
845100
2885000
13810000
6008000
3047000
1395000
945000
904400
897800
891300
884900
878600
872400
866200
860200
854200
848300
842500
836800
831200
825600
820100
814700
17700000
18140000
6536000
3043000
1226000
950100
942800
935700
5455000
2562000
1670000
1097000
6768000
2646000
1790000
1102000
952800
941600
934500
927400
920500
913700
906900
900300
893800
887300
881000
874700
868600
862500
856500
850600
844700
839000
833300
827700
822200
816700
13520000
4138000
2580000
1139000
1527000
1035000
948700
868400
848800
843000
837300
831600
826000
820500
815100
809700
804500
799200
794100
789000
784000
779000
774100
769300
1825000
1037000
903000
898400
2548000
4818000
2309000
1385000
891800
769800
757300
752600
748100
743600
739100
734700
730300
726000
721800
717600
713400
5305000
6104000
7393000
2698000
1518000
866600
758800
754200
749600
745100
740600
736200
731800
727500
723200
719000
714800
710700
706600
702600
4561000
13680000
4362000
2456000
1018000
763900
759200
754600
750000
745500
741000
736600
732200
727900
723600
719400
715200
711100
707000
702900
699000
695000
13500000
4038000
2466000
1014000
743400
738900
734500
730200
725900
721600
717400
713300
709200
705100
701100
697100
693200
689300
685500
681700
678000
674200
670600
666900
663400
659800
656300
652800
649400
646000
642600
639300
636000
632700
629500
626300
641800
624900
619500
614400
610900
607900
604900
602000
599100
596200
593300
590400
587600
584800
582100
579400
576600
574000
571300
568700
566100
563500
560900
558400
555900
1358000
2371000
4880000
7558000
8127000
23260000
6837000
3607000
1189000
761600
756900
752300
747700
743200
738700
734300
730000
725700
721400
717200
713100
709000
704900
700900
697000
693000
689200
685300
681600
677800
674100
670400
666800
663200
659700
656200
652700
649300
7810000
4729000
2218000
1135000
732700
682900
679200
18780000
5409000
3731000
1281000
834000
768200
752300
747800
743300
738800
734400
730100
1468000
5164000
1932000
1324000
824300
731600
727300
723000
718800
714600
710500
706400
702400
698400
694500
690600
686700
7297000
18630000
7892000
3896000
1483000
2559000
3601000
1644000
1161000
854100
799800
7121000
25190000
10440000
4853000
1800000
1001000
935200
928100
921200
1205000
1749000
1427000
1084000
950700
896300
884000
877700
871500
865400
859300
853400
7641000
2623000
1788000
1015000
867300
861300
855300
849400
843600
12380000
3861000
2445000
1135000
888400
882000
875700
869600
863500
857400
851500
845700
839900
834200
828600
7944000
2684000
1809000
998900
845000
3772000
1887000
3845000
1757000
6489000
2298000
1581000
978900
863600
857600
1143000
3426000
2020000
1319000
965800
853500
837700
832100
826500
821000
2589000
2612000
1403000
1034000
840900
807700
4258000
1703000
1275000
1085000
856100
825800
797500
788200
783200
778300
773400
768500
763800
759100
754400
2342000
1162000
962700
9301000
2972000
1925000
957200
775100
770200
765400
5800000
2075000
4796000
2191000
2516000
3679000
17230000
8834000
3971000
1710000
973600
892600
886200
879800
873600
867400
861400
855400
849500
843700
837900
832300
826700
821200
815800
810400
805100
799900
794700
789600
784600
779600
774700
769900
765100
760400
755700
751100
746600
742100
737600
733200
728900
4399000
1682000
1228000
808300
727500
723300
719000
1019000
4533000
1728000
1231000
797900
715900
4024000
1574000
1165000
1553000
913600
815600
724900
704800
700800
696900
693000
689100
685300
681500
677700
674000
670400
666700
663100
659600
656100
652600
649200
645800
6220000
6234000
7752000
2734000
1504000
820700
707300
703300
699300
695400
691500
687600
683800
680000
676300
672600
668900
665300
661800
658200
654700
651300
647900
644500
641100
637800
634500
1952000
975600
811400
659200
628600
625400
622200
619100
616000
613000
609900
606900
4307000
1575000
1120000
699600
619600
616500
613400
3978000
7525000
5039000
2166000
1121000
3213000
3042000
1464000
969300
719500
680000
676300
672600
668900
665300
661700
658200
654700
651300
647800
644400
641100
637800
634500
631200
628000
624900
621700
618600
615500
612400
609400
606400
603400
600500
597600
594700
591900
1872000
7391000
2546000
1549000
6924000
3348000
1955000
5409000
9321000
34380000
10220000
5272000
1558000
873200
861600
855600
3321000
1492000
1184000
899300
842100
836400
830800
825200
819700
814300
809000
803700
798500
793300
788300
783200
778300
5978000
3813000
2634000
1317000
5545000
21440000
17260000
6455000
2911000
11770000
11540000
4462000
14700000
9435000
4045000
2020000
1187000
1073000
1064000
1055000
1046000
1037000
3e+07
8580000
5021000
1735000
1122000
1112000
1102000
1092000
1082000
1073000
1064000
1055000
4941000
23460000
7547000
4184000
1624000
1123000
1105000
1095000
1086000
1076000
1067000
1058000
1049000
1040000
2373000
1375000
8413000
4511000
4350000
1906000
1331000
6360000
5235000
23730000
19230000
16050000
5558000
8889000
20220000
6766000
16460000
