838200
833700
828400
823000
817700
812500
807300
802200
797200
792200
787300
782500
777700
772900
768300
763700
25620000
8192000
1923000
820100
1664000
10780000
2575000
7513000
39110000
7732000
1682000
712300
708300
7320000
2561000
986800
5595000
2509000
5688000
33790000
25910000
5041000
1169000
667400
3878000
1252000
740600
13850000
3079000
6150000
1593000
774600
637300
634100
631000
627900
3451000
1142000
692100
615700
612700
609800
606900
604000
601200
8294000
2012000
792700
590000
587300
584600
581900
579300
3987000
9778000
11560000
5943000
1441000
653100
561400
558900
556400
554000
551600
4952000
1357000
658900
542200
539900
537600
535400
5794000
1499000
665400
526500
524300
522200
520000
517900
515800
513700
511700
4909000
1317000
619900
503600
501600
499600
497700
495700
493800
491900
490000
488100
486300
484400
482600
480700
42350000
8183000
1563000
473600
471800
470100
468400
466600
9999000
11300000
2381000
695900
458200
456600
455000
453300
451700
450100
448500
447000
445400
4554000
1700000
639800
452300
437700
436200
434800
433300
431800
430300
428900
427500
426000
424600
423200
8083000
25890000
5046000
8437000
1777000
607000
413600
412200
410900
409600
850100
488300
417100
404400
403100
401800
20680000
4131000
924800
396800
395600
394300
393100
391900
390700
389500
388300
387100
386000
384800
383600
382500
381300
380200
379100
377900
376800
375700
374600
373500
372400
371300
370300
369200
368100
367000
366000
3993000
1468000
7054000
1572000
530100
359800
358800
357800
356800
355800
354800
353800
352800
351800
350900
349900
348900
348000
347000
346100
7645000
8157000
1723000
510400
341500
340500
339600
338700
337800
336900
336000
335200
334300
333400
332500
8528000
28580000
5464000
1024000
328200
327400
326600
7402000
1627000
507900
323200
322400
321600
320800
320000
319200
318400
317600
316800
316000
315200
314500
9031000
1917000
538600
311400
310600
309900
309100
308400
307600
306900
306100
305400
304700
304000
8393000
29210000
26580000
4882000
35080000
10520000
1910000
400200
297600
296900
296200
295500
294800
294100
293400
292800
292100
291400
290800
290100
289400
288800
288100
287500
286800
286200
285500
284900
284300
283600
5435000
18510000
16450000
3095000
614400
279900
279300
278700
278100
3290000
2071000
582600
307900
275100
274500
273900
273300
272700
272100
271500
271000
4829000
6853000
1445000
417900
268100
267500
267000
266400
265900
265300
342700
278600
265700
263100
33970000
44590000
8152000
1251000
260400
259900
259400
258800
258300
257800
257300
256800
6503000
1405000
417500
254700
254200
5077000
1141000
378000
252200
251700
251200
250700
250200
249700
1618000
584000
299200
249900
247300
772700
343100
24170000
4645000
866000
244400
2220000
607100
294400
242600
8237000
2940000
674700
272600
240300
239800
239400
238900
784600
2627000
673000
296600
236700
236300
235800
235400
9294000
1902000
469400
233700
233200
232800
2446000
26780000
5099000
5742000
17660000
3400000
659600
229500
229100
228600
228200
227800
227400
227000
226600
226200
225800
225400
225000
224600
224200
223800
223400
223000
222600
222300
221900
221500
9862000
1995000
470800
220000
225500
49820000
9347000
1507000
10930000
44650000
9861000
1606000
256900
216200
6134000
10820000
2119000
461900
214400
214000
213700
213300
213000
212600
212300
211900
33130000
12780000
2264000
14430000
3390000
684200
224900
209100
208800
16090000
3131000
620300
207400
207100
206700
206400
206100
205700
205400
205100
24750000
4721000
841600
203800
203400
203100
202800
202500
202100
201800
1970000
526600
9761000
1951000
447400
199900
199600
199300
992100
344600
219000
198100
197800
197400
197100
196800
196500
196200
195900
195600
195300
195000
194700
194400
194100
193800
193500
193300
193000
192700
192400
23700000
4517000
802100
191200
190900
190700
190400
190100
189800
189500
189200
189000
188700
188400
188100
187800
187600
187300
187000
186700
1680000
461000
224700
185700
185400
185100
184800
19130000
16430000
3025000
515300
183500
183200
183000
182700
182500
182200
181900
181700
2695000
3986000
861200
267500
180400
180100
179900
179600
179400
179100
3733000
1174000
333600
187000
177900
996400
328100
198400
176900
176600
176400
176200
175900
175700
175400
175200
174900
174700
174500
174200
174000
173700
173500
173300
173000
172800
172600
172300
172100
171900
235000
183100
172800
171000
170700
170500
170300
170000
169800
169600
169400
169100
168900
168700
168500
168200
168000
167800
167600
167400
167100
166900
166700
35510000
8269000
1378000
207400
165600
165400
165200
165000
164800
164500
164300
164100
163900
163700
163500
163300
2488000
18010000
6041000
1096000
230100
1992000
498600
209200
161400
161200
161000
160800
160600
160400
160200
160000
159800
159600
159400
159200
4528000
1091000
2740000
611500
221700
158000
157800
3947000
5622000
1133000
280900
156800
156700
156500
156300
156100
155900
155700
155500
155300
155100
154900
154800
9473000
1869000
396300
154000
153800
153600
153400
153300
153100
152900
152700
152500
20630000
17980000
3272000
517100
151600
151400
151300
10430000
2043000
417800
150500
150400
13100000
37710000
7343000
1134000
159500
149300
149100
149000
3680000
30890000
10300000
1761000
265500
147900
147800
147600
147400
147200
147100
146900
146700
146600
146400
7479000
5787000
25390000
4722000
775800
145400
20740000
6290000
1113000
205900
177100
150400
145100
144100
143900
143800
143600
143400
143300
4502000
4079000
9170000
9394000
2043000
392000
149400
142000
141800
21630000
4095000
699500
16190000
10600000
1e+07
12890000
2388000
428100
5882000
1197000
289100
139800
139700
139500
223900
154800
141200
9459000
1854000
380700
138400
138300
138100
138000
137800
137700
137600
137400
137300
137100
137000
136800
4267000
896600
243700
1989000
477100
184100
135800
135600
135500
774400
6255000
1723000
35360000
6585000
1043000
134500
134400
134200
3209000
2082000
468100
169600
2814000
626700
202900
133100
133000
132800
132700
132500
132400
132300
132100
132000
131900
131700
131600
131400
131300
131200
10250000
1994000
393700
130600
1724000
752500
2528000
757800
225800
134900
129700
129600
129400
129300
129200
129100
128900
128800
15630000
9328000
1699000
293100
6531000
1306000
294200
127800
127600
127500
127400
127200
127100
127000
126900
126700
126600
126500
126400
126200
126100
126000
125900
125700
125600
125500
20230000
17480000
3160000
479700
124900
124800
124600
124500
124400
124300
124200
124000
123900
123800
123700
123500
123400
123300
167900
131300
124100
3745000
789200
216700
122500
122400
122200
122100
3444000
733200
208100
121700
121500
121400
121300
121200
121100
121000
120900
120700
120600
120500
120400
120300
120200
120100
119900
119800
119700
16650000
3162000
548900
119300
119200
119000
118900
118800
118700
118600
118500
118400
10780000
2081000
395100
117900
117800
117700
117600
117500
260200
143600
120900
117100
117000
116900
116800
116700
116500
116400
116300
116200
116100
9300000
5169000
973300
6064000
1194000
267700
115400
115300
115200
115100
115000
114900
114800
114700
114600
114500
114300
114200
114100
114000
2965000
638400
197900
115500
113800
3525000
16780000
3154000
529900
113000
158900
3818000
794300
208700
112500
112400
112300
112200
112100
112000
111900
111800
111700
111600
111500
12950000
15260000
2798000
443400
111100
111000
110900
110800
110700
110600
110500
110400
110300
10940000
71500000
13160000
1913000
109800
109700
109600
109500
109400
109300
109300
109200
109100
109000
108900
108800
108700
108600
108500
108400
108300
108200
108100
108000
108000
107900
107800
107700
107600
107500
107400
107300
107200
107100
107000
107000
106900
106800
106700
106600
106500
106400
106300
106200
106200
106100
106000
105900
105800
105700
105600
105500
105500
105400
105300
105200
105100
105000
104900
104800
104800
104700
104600
104500
104400
104300
104200
104200
104100
104000
892200
11130000
2126000
386200
103600
103500
103400
13750000
6916000
1249000
214800
23730000
4450000
716500
3541000
13600000
29160000
5562000
835800
6946000
1361000
279800
102100
16520000
3122000
528200
101800
101700
101600
101500
101400
101400
2367000
16050000
3018000
13190000
28690000
43550000
16120000
28570000
5091000
774600
100500
100400
100300
100300
100200
100100
1e+05
99940
99860
99780
34740000
6474000
999300
99470
99390
99320
99240
99160
3786000
777500
194700
19880000
4911000
11650000
2121000
379700
98480
98400
98330
98250
98170
98100
10970000
9816000
2807000
483400
22080000
9332000
1624000
232400
97440
97360
97290
97210
2907000
614100
170000
96920
96840
96770
21980000
4124000
665000
96480
96410
96340
96260
2074000
460100
147400
95970
95900
19840000
7253000
1257000
187100
95550
95480
95400
6946000
3937000
748200
162200
95050
94980
94910
94840
94770
94700
94630
94560
29030000
5419000
846000
94280
94210
94140
94070
94000
13810000
2619000
450200
93730
93660
93590
93530
93460
21240000
41660000
7577000
1072000
93130
93060
644900
23320000
17930000
3190000
445200
92660
92590
92530
92460
92390
92330
92260
92190
92130
92060
2653000
1049000
247800
104400
3540000
726300
181200
91530
91470
91400
91340
91270
91200
91140
91070
7563000
1466000
285000
14260000
3382000
2321000
427900
35020000
14730000
2509000
303800
90320
90250
90190
5622000
2023000
402200
113700
89870
89810
89750
89680
89620
89560
89500
89430
1385000
327600
122900
89180
7625000
27190000
31990000
38900000
14910000
3284000
1834000
6224000
1203000
240800
1167000
3514000
10490000
1971000
342200
12200000
2316000
402600
88050
8036000
2449000
459700
111100
87750
7248000
1405000
273600
87510
87450
87390
87330
87270
87210
87150
87090
11810000
15030000
6050000
7372000
31610000
9700000
1587000
187400
86580
86520
86460
9159000
26390000
9027000
1494000
17100000
3197000
1663000
295300
115500
85900
85840
85780
85720
85670
85610
85550
85490
85440
85380
85320
85270
85210
85150
85090
85040
84980
84920
84870
84810
84750
84700
84640
84590
84530
84470
10040000
1917000
343000
12920000
7556000
1358000
216800
84040
83980
83930
83870
83820
83760
83710
83650
16890000
3176000
520000
83440
83380
83330
83270
83220
83170
83110
83060
83000
82950
82900
82840
82790
82730
82680
82630
82570
82520
82470
82410
82360
82310
570900
895800
228000
100900
82040
81990
81940
81880
81830
81780
81730
81670
81620
81570
81520
81470
81410
16180000
3043000
499400
81210
81160
81110
81060
81000
29210000
43690000
7876000
1074000
80770
80710
80660
80610
80560
4862000
20190000
13670000
4028000
24940000
1.5e+07
2625000
350400
80130
80080
15450000
2908000
479100
79880
79830
79780
79730
2658000
55400000
10240000
1504000
79490
79440
79400
17030000
3199000
519600
79200
79150
79110
79060
79010
4728000
934400
199600
78810
6839000
20300000
14500000
2550000
12340000
2283000
389700
78440
78390
78340
78300
78250
78200
78150
78100
78060
78010
77960
77910
77870
77820
77770
77720
77680
1273000
297600
15130000
2841000
467600
77400
77350
77300
1431000
4206000
12740000
2371000
1910000
357400
116600
76940
5759000
1123000
9755000
1831000
324300
76660
76620
76570
76530
76480
76430
76390
76340
76300
76250
76200
1475000
333600
112400
76020
75980
75930
75890
75840
75800
6224000
24910000
7760000
1273000
157700
75540
75490
75450
75400
75360
75310
75270
75230
1283000
1522000
331800
106900
75010
74960
74920
74870
74830
35710000
29970000
5295000
681000
74630
74580
74540
74500
1.2e+07
3143000
544900
97020
11610000
2562000
440900
83610
74110
74070
74030
73990
73940
73900
73860
73810
73770
73730
73690
73640
73600
73560
73520
73470
73430
73390
73350
73300
73260
73220
32760000
6089000
922300
73060
2060000
438600
124600
72900
72850
72810
72770
72730
72690
72650
72600
72560
883000
221600
93490
72400
72360
72320
72280
72230
8790000
1676000
298600
1806000
3807000
7698000
2170000
386800
90830
71830
71790
71750
71710
71670
71630
71590
71550
2306000
482600
129500
71390
13680000
10700000
11510000
2047000
320300
71160
71120
71080
71040
71000
70960
70920
70880
70850
70810
70770
70730
70690
70650
70610
15200000
26040000
4730000
672800
70430
70390
70350
70310
70270
70230
70190
70150
70120
70080
70040
70000
69960
69920
69880
69850
69810
5664000
27780000
5124000
762700
69630
69590
69550
69510
69470
69440
69400
69360
69320
69290
69250
69210
69170
69140
69100
69060
69020
68990
4978000
972300
196400
68840
68800
68760
68730
68690
68650
68620
68580
68540
68510
5666000
1103000
455400
112800
74580
68290
68250
68210
68180
68140
68100
68070
68030
68000
67960
67920
67890
67850
67810
67780
67740
3718000
739500
162500
67600
67570
67530
4716000
4799000
10050000
15760000
15280000
42780000
7763000
1108000
67250
67220
67180
67150
67110
67080
67040
67010
66970
66940
66900
66870
66830
66800
66760
66730
66690
66660
66620
66590
66550
66520
66480
66450
66410
66380
66340
66310
66270
66240
22640000
8489000
1438000
177000
66090
66060
66020
35800000
6643000
2050000
260200
93300
65840
65800
65770
65740
65700
65670
65630
2478000
8718000
1639000
278800
65480
65450
65420
65380
65350
65310
65280
65250
65210
65180
65150
65110
65080
13640000
33940000
10150000
2096000
257400
3328000
5210000
986100
183000
64810
64780
12370000
42960000
13300000
2121000
206000
64630
64600
64570
64530
1128000
1734000
911100
203500
78610
64350
64310
64280
64250
64220
64180
64150
13950000
2619000
424800
64040
64010
63980
63940
63910
63880
23320000
4343000
667900
63770
63740
63710
63680
63650
63610
63580
63550
63520
63490
63460
63420
15390000
2884000
461600
63320
63290
6039000
1711000
5199000
1268000
10380000
1937000
326500
63080
63050
63020
901800
5043000
1903000
359500
87040
62850
62820
62780
62750
62720
5075000
3562000
667100
129600
62590
62560
7698000
1468000
260800
690400
178000
78700
62360
62330
62300
62270
80310
65530
62650
62150
862000
3781000
740200
154800
17220000
3219000
507700
61940
61910
61880
61850
12380000
2328000
6822000
2086000
2629000
5235000
30680000
12560000
2105000
241200
61620
61590
511400
144300
73190
61470
61440
61410
61380
61350
61320
61290
61260
61230
61210
61180
61150
61120
61090
61060
61030
61000
60970
60940
60910
1116000
255100
88240
60800
60770
60740
60710
1442000
13280000
2483000
397500
60600
60570
60540
60510
3107000
7835000
1467000
247800
60390
60360
8864000
1680000
289000
2605000
528500
126300
60190
60160
60130
60100
60070
60040
60020
59990
59960
59930
59900
59880
59850
59820
59790
59760
59740
5108000
14050000
10900000
12050000
2138000
322600
59620
59590
59560
59530
59510
59480
59450
5888000
1132000
210800
59350
59320
59300
59270
59240
59210
59190
59160
59130
59100
59080
59050
10160000
1919000
321500
58960
58930
58910
58880
58850
58820
58800
58770
58740
15950000
2983000
471500
58670
58640
58610
58590
11520000
15480000
7895000
1341000
190700
6362000
4553000
835900
145100
58400
58370
58350
58320
58290
58270
58240
58210
58190
58160
58130
58110
58080
58050
7426000
1414000
249400
57960
57940
57910
57890
57860
57830
57810
57780
57750
57730
57700
57680
10630000
17410000
3364000
494000
13540000
5112000
1302000
9076000
16060000
59140000
11290000
1613000
70980
57490
57470
57440
6005000
1152000
211900
57350
57320
57300
57270
57250
57220
57200
57170
57140
57120
57090
57070
57040
57020
14720000
5996000
2390000
390600
9028000
37090000
26210000
4604000
742800
18380000
16440000
2926000
20400000
11740000
2049000
264800
56840
56820
56790
56770
56740
56720
47390000
8767000
1286000
56660
56640
56610
56580
56560
56530
56510
56480
215700
7228000
35680000
7186000
1064000
72760
56370
56340
56320
56290
56270
56250
56220
56200
56170
3443000
679300
12130000
4796000
3936000
692700
136600
8855000
6218000
35160000
25870000
18650000
3162000
10400000
29140000
5674000
21090000
