401000
399900
398700
397500
396300
395100
393900
392800
391600
390400
389300
388100
387000
385800
384700
383600
15940000
4188000
641800
411300
906600
7351000
1271000
5042000
29870000
4032000
466400
464800
463100
5292000
1566000
528100
4251000
1656000
4241000
26140000
18630000
2383000
528700
526600
2979000
829400
524300
10780000
1803000
4568000
1037000
537400
535200
533100
530900
528800
1880000
693700
524700
522600
520500
518500
516400
514400
512400
5288000
1106000
514100
512100
510100
508100
506200
504200
1319000
7316000
8639000
4110000
854400
520500
518400
516400
514400
512400
510400
2432000
746900
507500
505600
503600
501700
499800
4059000
941200
499700
497800
495900
494100
492200
490400
488600
486700
484900
483200
481400
479600
477900
476200
474400
472700
471000
469400
467700
466000
464400
462700
461100
459500
457900
23410000
3322000
486900
485100
483300
481500
479800
478000
3640000
7982000
1366000
486500
484700
483000
481200
479400
477700
476000
474200
472500
470800
469200
467500
465800
464200
462600
460900
459300
457700
456100
454600
453000
451400
449900
448400
446800
445300
17870000
2618000
6049000
1161000
470400
468700
467000
465400
463700
462100
460500
458900
457300
455700
454100
10140000
1661000
463300
461700
460100
458400
456900
455300
453700
452100
450600
449000
447500
446000
444500
443000
441500
440000
438600
437100
435600
434200
432800
431400
429900
428500
427200
425800
424400
423000
421700
420300
419000
1237000
519300
416900
415600
414300
413000
411700
410400
409100
407900
406600
405300
404100
402900
401600
400400
399200
398000
396800
2488000
657100
397900
396700
395500
394300
393100
391900
390800
389600
388500
387300
386200
385000
383900
18520000
2651000
411900
410600
409300
408000
918800
469800
405400
404200
402900
401700
400500
399300
398100
396800
395700
394500
393300
392100
390900
389800
388600
387500
386300
385200
384100
383000
381900
380800
379700
378600
377500
376400
375300
374200
16090000
17640000
2315000
26770000
6785000
843500
462700
461100
459500
457900
456300
454700
453200
451600
450100
448500
447000
445500
444000
442500
441000
439500
438000
436600
435100
433700
432300
430900
429500
428100
7618000
11390000
1691000
447400
445900
444400
442900
441400
1554000
1548000
559600
438400
436900
435500
434000
432600
431200
429800
428400
427000
1835000
4862000
958900
431800
430300
428900
427500
426200
424800
423400
422000
420700
419400
418000
25500000
33390000
4178000
493600
491700
489900
488100
486300
484500
482700
480900
479200
4820000
1018000
480500
478700
477000
4116000
928300
477300
475500
473800
472100
470400
468700
467100
1301000
633400
471500
461800
460200
849500
505800
19160000
2791000
480100
478400
1883000
650600
475300
473600
6669000
2205000
597700
477400
475600
473900
472200
470500
889800
2311000
689900
467100
465500
463800
462200
460600
7110000
1288000
465300
463700
462100
460500
1880000
21090000
3013000
4248000
13900000
2107000
506700
504700
502800
500900
499000
497100
495200
493300
491500
489700
487800
486000
484300
482500
480700
479000
477200
475500
473800
472100
470400
468700
2760000
751800
467100
465400
463800
40360000
5439000
512000
8788000
36950000
6153000
715900
563500
561100
4442000
8489000
1493000
571600
569100
566600
564200
561800
559400
557000
554700
552300
23210000
8474000
1217000
11710000
2441000
658600
598500
595800
593100
11640000
1971000
604500
601700
599000
596200
593500
590900
588200
585600
583000
14160000
2277000
598000
595300
592600
589900
587300
584700
582100
579500
577000
574400
5087000
1135000
575100
572600
570100
567600
565200
562700
560300
558000
555600
553300
550900
548600
546400
544100
541800
539600
537400
535200
533100
530900
528800
526600
524500
522500
520400
518300
516300
4663000
1031000
516900
514900
512900
510900
508900
507000
505000
503100
501200
499300
497400
495500
493600
491800
489900
488100
486300
484500
482700
481000
479200
477500
475800
474000
472300
6560000
11220000
1724000
489600
487800
486000
484200
482400
480700
478900
477200
475400
473700
472000
470300
468700
467000
465300
463700
462100
460400
458800
457200
455700
454100
452500
451000
449400
447900
446400
444900
443400
441900
440400
438900
437400
436000
434600
433100
431700
430300
428900
427500
426100
424700
423400
422000
420600
419300
418000
416600
415300
414000
412700
411400
410100
408900
407600
406300
405100
403800
402600
401400
400200
398900
397700
396500
395300
394200
393000
391800
390600
389500
388300
387200
13060000
3011000
538200
408800
407500
406300
405000
403800
402500
401300
400100
398900
397700
396500
395300
394100
392900
6188000
2814000
615300
404900
1101000
490000
402800
401500
400300
399100
397900
396700
395500
394300
393100
392000
390800
389600
388500
387300
386200
385100
383900
382800
381700
380600
764600
3522000
766600
383700
382500
381400
380300
379200
378100
377100
376000
374900
373800
372800
371700
370700
3954000
818300
375000
374000
372900
371800
370800
369800
368700
367700
366700
365600
11770000
11140000
1559000
404900
403700
402400
401200
6808000
1203000
411500
410300
409000
9346000
28660000
4110000
497000
458300
456700
455100
453500
3037000
24330000
6931000
927400
489000
487200
485400
483600
481900
480100
478400
476600
474900
473200
471500
5098000
4406000
19880000
2850000
503900
501900
16590000
4353000
752300
522800
522100
518800
516600
514600
512600
510600
508600
506700
504700
3011000
3268000
7336000
7298000
1479000
548200
519200
517200
515100
17080000
2582000
536200
13080000
7978000
7598000
10020000
1653000
580500
4997000
1129000
580900
578300
575800
573300
570800
568300
565900
7171000
1388000
570300
567900
565400
563000
560600
558200
555800
553500
551200
548900
546600
544300
542100
2117000
734900
538100
1860000
699300
533800
531600
529500
527300
525200
4919000
1436000
29340000
4117000
563100
560700
558400
556000
2009000
1816000
686900
551100
2445000
783700
547500
545200
542900
540700
538500
536300
534100
531900
529800
527700
525600
523500
521400
519300
517300
515300
2991000
821000
513200
511200
540200
768500
2335000
882400
524000
503100
501100
499200
497300
495500
493600
491800
489900
488100
5714000
6106000
1112000
496500
4996000
1055000
497900
496000
494100
492300
490500
488600
486800
485000
483200
481500
479700
478000
476200
474500
472800
471100
469400
467800
466100
464500
7030000
11970000
1804000
483300
481600
479800
478100
476300
474600
472900
471200
469500
467800
466200
464500
462900
461300
459700
458100
456500
454900
453300
451800
450200
448700
447100
445600
444100
442600
441100
439700
438200
436700
435300
433900
432400
431000
429600
428200
426800
425400
424100
422700
421300
420000
418700
417300
416000
414700
413400
412100
410800
409500
408200
407000
405700
404500
403200
402000
400800
399600
2433000
652700
400500
399300
398100
396900
395700
394500
393300
392100
391000
389800
388600
387500
386400
385200
384100
383000
381900
380800
379700
378600
377500
376400
3691000
790300
380200
379100
378000
376900
375900
374800
373700
372700
371600
370600
369500
368500
367500
366400
365400
364400
363400
362400
361400
360400
359400
9777000
1539000
375800
374800
373700
1556000
520100
373000
372000
370900
369900
368800
367800
366800
365700
364700
363700
362700
361700
2493000
8931000
1405000
379300
378200
377200
376100
375000
373900
372900
371800
370800
369700
2080000
53690000
7e+06
443500
442000
440500
439000
437600
436100
434700
433200
431800
430400
429000
427600
426200
424800
423500
422100
420800
419400
418100
416800
415400
414100
412800
411500
410300
409000
407700
406400
405200
403900
402700
401500
400300
399000
397800
396600
395400
394300
393100
391900
390700
389600
388400
387300
386100
385000
383900
382800
381700
380600
379500
378400
377300
376200
375100
374100
373000
371900
370900
369800
368800
367800
366700
365700
364700
363700
362700
361700
676100
399300
359400
358400
357400
356500
8996000
4231000
721500
375900
16670000
2415000
402500
2548000
9716000
21880000
3141000
470300
5800000
1113000
451100
449500
13240000
2044000
463100
461500
459900
458300
456700
455100
453500
1771000
12770000
1969000
10380000
22260000
34400000
10910000
22750000
3230000
587700
585100
582500
579900
577300
574800
572300
569800
567400
564900
562500
28230000
4011000
592500
589800
587200
584600
582000
579400
3188000
901200
576500
16560000
3488000
9184000
1655000
606700
603900
601100
598400
595700
593000
590300
8150000
7575000
2142000
703700
19270000
6999000
1133000
628100
625100
622200
619200
616300
1975000
781200
610400
607500
604700
602000
18030000
2772000
618000
615200
612300
609400
606600
603800
601100
598300
595600
592900
15610000
5224000
953700
610400
607600
604800
602000
4284000
3080000
854000
601800
599000
596300
593600
590900
588300
585700
583100
580500
21060000
3132000
602000
599200
596500
593800
591100
588500
9231000
1666000
596600
593900
591200
588600
585900
583300
13860000
35120000
4696000
633900
630900
627900
624900
20060000
14950000
2124000
651000
647800
644600
641400
638300
635200
632200
629200
626200
623200
620200
617300
614400
611600
608700
605900
603100
600400
597700
594900
592300
589600
587000
584400
581800
579200
576700
574100
571600
7736000
1999000
2004000
745700
29920000
10670000
1414000
617300
614400
611500
608700
913500
1359000
690700
599500
596800
594100
591400
588800
586200
583600
581000
578400
575900
573400
570900
568400
2764000
22170000
26310000
32750000
11360000
2239000
1880000
5965000
1297000
655200
651900
2988000
9542000
1719000
653500
10270000
1846000
655000
651700
6399000
2067000
737900
647900
644700
5057000
1191000
642500
639300
636200
633200
630100
627100
624100
621200
618300
2689000
11540000
4536000
6096000
28210000
7503000
1099000
661600
658200
655000
651700
7793000
23680000
7188000
1141000
15980000
2574000
1499000
778500
673800
670400
667000
663600
660300
657000
653700
650500
647300
644100
640900
637800
634700
631700
628700
625700
622700
619800
616900
614000
611100
608300
605500
602700
599900
597200
594500
591800
589200
586500
4801000
5112000
1088000
591200
588600
585900
583300
580700
578200
575700
573100
570700
8175000
1518000
576900
574300
571800
569400
566900
564500
562100
559700
557300
554900
552600
550300
548000
545700
543400
541200
539000
536800
534600
532400
530300
528200
526000
523900
521900
519800
517700
515700
513700
511700
509700
507700
505800
503800
501900
5e+05
498100
496200
494400
492500
7742000
1395000
498200
496300
494400
492600
490800
488900
22750000
34860000
4461000
559700
557300
555000
552600
550300
548000
3960000
16030000
10210000
2814000
21180000
11530000
1658000
619900
617000
614100
13300000
2193000
624100
621200
618300
615400
612500
2351000
49450000
6664000
657800
654500
651200
648000
15390000
2479000
655300
652100
648900
645700
642500
639400
4042000
1060000
636900
633800
5964000
17990000
12280000
1842000
11390000
1992000
662700
659400
656100
652800
649600
646400
643200
640100
637000
633900
630900
627900
624900
621900
619000
616100
613200
610400
607500
604700
10910000
1888000
613900
611000
608200
605400
1059000
3695000
10590000
1804000
1808000
761400
611300
608500
4875000
1138000
8113000
1545000
616700
613800
610900
608100
605300
602500
599800
597000
594300
591600
589000
586400
583800
581200
578600
576100
573600
571100
568600
566100
563700
2725000
20240000
5463000
897700
589400
586800
584200
581600
579000
576500
574000
571500
569000
566500
564100
561700
559300
556900
554600
552200
549900
547600
24920000
23020000
3003000
601800
599100
596300
593600
591000
6630000
2027000
679900
592800
9363000
1971000
636800
598900
596200
593500
590800
588200
585600
583000
580400
577800
575300
572800
570300
567900
565400
563000
560600
558200
555800
553500
551200
548900
546600
544300
15530000
2415000
563400
561000
1398000
661300
555400
553000
550700
548400
546100
543900
541600
539400
537200
535000
532800
530700
528600
526400
524300
522200
520200
518100
516100
514100
512100
510100
2063000
6146000
1759000
584800
512300
510300
508300
506400
504400
502500
500600
498700
496800
494900
493100
491200
489400
4829000
7390000
8797000
1438000
508500
506600
504600
502700
500800
498900
497000
495100
493200
491400
489600
487700
485900
484200
482400
480600
2283000
18860000
2747000
504200
502200
500300
498400
496600
494700
492800
491000
489200
487300
485500
483800
482000
480200
478500
476700
475000
473300
471600
16100000
2420000
489900
488100
486300
484500
482700
481000
479200
477500
475700
474000
472300
470600
469000
467300
465600
464000
462400
460700
459100
457500
455900
454400
452800
451200
449700
448200
446600
445100
443600
442100
440600
439200
437700
436300
434800
433400
432000
430500
429100
427700
426300
425000
423600
422200
420900
419500
418200
416900
415600
414300
413000
411700
410400
409100
407800
406600
405300
404100
402800
401600
1884000
6642000
11370000
11270000
33010000
4361000
485100
483300
481500
479800
478000
476300
474600
472900
471200
469500
467800
466200
464500
462900
461200
459600
458000
456400
454900
453300
451700
450200
448600
447100
445600
444100
442600
441100
439600
438200
436700
9359000
4901000
863200
447800
446300
444800
443300
28090000
3893000
1296000
578800
476200
474500
472800
471100
469400
467800
466100
464400
1356000
7013000
1265000
468600
466900
465300
463600
462000
460400
458800
457200
455600
454000
452500
450900
449400
447800
10390000
26270000
6640000
1265000
543000
3040000
4387000
941100
497700
495800
494000
10070000
35080000
8952000
1083000
552300
549900
547700
545400
543100
870000
1739000
1113000
590700
535300
533100
531000
528800
526700
524600
522500
520500
10650000
1783000
530900
528800
526600
524500
522400
520400
518300
17810000
2677000
540700
538500
536300
534100
531900
529800
527700
525600
523500
521400
519300
517300
515300
10880000
1807000
526000
523900
521800
4895000
1496000
4416000
1231000
8517000
1520000
535000
532800
530700
528500
907800
4368000
1729000
618500
526100
524000
521900
519800
517800
515800
2795000
2824000
766900
514700
512700
510700
5529000
1134000
512800
773300
541600
507200
505300
503400
501400
499500
497600
495800
493900
492000
490200
2491000
736900
487800
13260000
2080000
502100
500200
498300
496400
494500
7427000
1358000
5565000
1791000
2353000
4451000
24580000
8899000
1224000
550400
548100
545800
543500
541300
539100
536900
534700
532500
530400
528200
526100
524000
521900
519900
517800
515800
513800
511800
509800
507800
505900
503900
502000
500100
498200
496300
494400
492600
490700
488900
487100
485300
483500
1694000
631400
480100
478300
476600
474900
473100
471400
5833000
1138000
474300
472600
470900
4841000
1014000
472300
1399000
585000
468600
467000
465300
463700
462000
460400
458800
457200
455600
454100
452500
450900
449400
447900
446300
444800
443300
441800
440400
6670000
7746000
9224000
1447000
462000
460400
458800
457200
455600
454000
452500
450900
449400
447800
446300
444800
443300
441800
440300
438900
437400
436000
434500
433100
431700
430200
428800
427400
426100
424700
423300
422000
420600
419300
417900
416600
415300
414000
412700
3570000
807000
416100
414800
413500
412200
410900
4858000
10890000
5614000
925800
435900
4250000
3533000
764300
439000
437500
436100
434600
433200
431800
430400
429000
427600
426200
424800
423400
422100
420700
419400
418000
416700
415400
414100
412800
411500
410200
408900
407700
406400
405200
403900
402700
401400
400200
399000
9783000
1700000
429600
10250000
3446000
927000
7272000
12570000
4.8e+07
6615000
558600
506300
504400
502400
500500
3954000
928600
500200
498300
496500
494600
492700
490900
489100
487300
485500
483700
481900
480100
478400
476600
474900
6966000
3833000
1864000
614800
7475000
29660000
19270000
2481000
693200
14960000
12580000
1853000
17240000
8961000
1396000
616100
613200
610400
607500
604700
602000
599200
40960000
5623000
637200
634100
631100
628100
625100
622100
619200
616300
613400
610600
5326000
31370000
4867000
705300
641000
637900
634800
631800
628800
625800
622800
619900
616900
614100
2328000
823400
10430000
3827000
3309000
926100
622100
7728000
5080000
31380000
22090000
15720000
2276000
9762000
26560000
4081000
19180000
