1795000
1793000
1784000
1769000
1746000
1719000
1692000
1666000
1638000
1610000
1583000
1556000
1530000
1505000
1480000
1455000
1544000
1628000
1701000
1769000
1792000
1837000
1867000
1938000
2411000
2713000
2962000
3170000
3173000
3149000
3149000
3153000
3194000
3155000
3148000
3625000
4338000
4871000
5279000
5398000
5256000
5039000
4855000
4902000
4833000
4803000
4766000
4655000
4545000
4459000
4374000
4299000
4202000
4062000
3901000
3773000
3667000
3557000
3445000
3336000
3221000
3147000
3091000
3041000
2996000
2931000
2860000
2794000
2725000
2666000
2647000
2654000
2672000
2690000
2687000
2653000
2601000
2549000
2491000
2415000
2345000
2273000
2210000
2158000
2107000
2060000
2018000
1994000
1963000
1926000
1891000
1850000
1804000
1761000
1721000
1683000
1643000
1607000
1572000
1540000
1511000
1484000
1458000
1434000
1409000
1382000
1352000
1323000
1294000
1266000
1240000
1215000
1192000
1170000
1264000
1341000
1414000
1483000
1501000
1486000
1475000
1465000
1471000
1510000
1539000
1566000
1585000
1583000
1573000
1567000
1560000
1547000
1518000
1492000
1468000
1446000
1425000
1406000
1387000
1369000
1349000
1328000
1309000
1291000
1273000
1255000
1237000
1220000
1204000
1186000
1166000
1229000
1283000
1369000
1447000
1487000
1502000
1503000
1492000
1478000
1456000
1435000
1411000
1390000
1374000
1362000
1404000
1440000
1471000
1492000
1491000
1471000
1454000
1435000
1416000
1391000
1367000
1345000
1326000
1311000
1299000
1287000
1276000
1264000
1247000
1232000
1214000
1195000
1173000
1152000
1132000
1113000
1095000
1079000
1064000
1048000
1032000
1017000
1001000
993100
985000
975600
964900
951900
937300
923400
910500
897800
884700
872100
859000
845900
833700
822100
810900
8e+05
789200
778100
775600
773700
771900
770000
764800
756900
749000
741400
734100
725900
717800
710000
702300
695400
689000
736400
786100
833700
878900
900900
903200
907400
911600
914800
911000
905500
899100
893100
890600
890000
889200
888400
885900
878100
870300
862600
854900
845700
836200
826600
817300
808900
802000
795300
788600
782000
775700
769500
763600
757900
750700
794500
925000
1040000
1416000
1733000
1967000
2158000
2228000
2210000
2192000
2169000
2147000
2095000
2052000
2023000
1999000
1994000
1996000
1990000
1976000
1956000
1910000
1868000
1827000
1788000
1744000
1702000
1665000
1633000
1607000
1629000
1729000
1806000
1878000
1930000
1931000
1909000
1891000
1876000
1852000
1818000
1790000
1760000
1732000
1710000
1689000
1668000
1642000
1608000
1568000
1542000
1540000
1535000
1528000
1517000
1495000
1468000
1444000
1423000
1402000
1378000
1356000
1335000
1315000
1458000
1973000
2357000
2699000
2943000
2953000
2873000
2830000
2793000
2735000
2637000
2558000
2536000
2517000
2530000
2549000
2545000
2554000
2536000
2484000
2444000
2390000
2329000
2259000
2196000
2141000
2096000
2062000
2037000
2010000
1980000
1953000
1929000
2042000
2126000
2194000
2241000
2230000
2186000
2153000
2124000
2144000
2141000
2140000
2137000
2106000
2066000
2032000
2e+06
1972000
1950000
1913000
1880000
1847000
1813000
1774000
1738000
1739000
1737000
1730000
1727000
1709000
1681000
1661000
1793000
1897000
2024000
2297000
2444000
2532000
2605000
2597000
2549000
2500000
2457000
2407000
2343000
2294000
2253000
2216000
2192000
2168000
2129000
2094000
2054000
2e+06
1948000
1899000
1853000
1805000
1762000
1740000
1717000
1697000
1681000
1659000
1977000
2221000
2443000
2750000
3632000
4188000
4643000
4972000
4905000
4684000
4690000
4690000
4667000
4546000
4386000
4216000
4089000
4022000
3937000
3846000
3763000
3987000
4138000
4273000
4605000
4733000
4698000
4655000
4528000
4361000
4385000
4379000
4366000
4329000
4245000
4133000
4041000
3977000
3908000
3762000
3614000
3650000
3633000
3626000
3619000
3535000
3411000
3307000
3193000
3087000
2977000
2888000
2801000
2761000
2727000
2698000
2664000
2607000
2538000
2457000
2379000
2312000
2246000
2181000
2122000
2057000
1990000
1934000
1881000
1830000
1784000
1737000
1693000
1653000
1612000
1572000
1529000
1484000
1444000
1406000
1372000
1341000
1337000
1331000
1325000
1318000
1299000
1274000
1251000
1228000
1205000
1181000
1158000
1136000
1116000
1098000
1081000
1064000
1048000
1031000
1013000
995800
979200
963200
947100
931400
916200
901700
887900
898000
942300
983200
1023000
1051000
1058000
1053000
1050000
1045000
1037000
1024000
1013000
1001000
992000
985900
980900
976100
970400
961200
948900
937200
926000
914400
901900
889600
877800
866500
856600
847600
838900
830500
822300
814400
806700
799300
791300
781700
771300
761200
751400
742100
733300
724700
716300
707800
698700
689500
680600
671900
663500
655300
647200
639400
631800
624300
617000
609900
603000
596200
589600
583100
576800
570600
564600
558700
552900
547200
541600
536200
530800
525600
520500
515500
510500
505700
526700
556500
584800
612600
629300
633500
635000
636700
637900
635800
632500
629500
626500
625200
625300
625600
625900
641200
661300
679100
696500
709600
712800
713200
713900
713200
710100
706800
703900
701100
699000
698000
697300
696600
695500
691900
686500
681000
675500
669500
663500
657600
651900
648200
651300
655500
659500
662700
662700
659900
656700
653600
649700
644200
638500
632900
627400
622700
618300
621900
626700
630700
633700
633200
629700
625700
621600
617400
612200
607000
602100
627200
687100
747200
805400
849700
868600
874200
910700
941400
966400
985700
991100
1038000
1313000
1536000
1743000
1911000
1958000
1940000
1934000
1951000
2266000
2528000
2745000
2929000
2962000
2906000
2870000
2847000
2819000
2746000
2659000
2589000
2528000
2492000
2500000
2528000
2797000
2981000
3102000
3192000
3426000
3556000
3664000
3751000
3716000
3578000
3475000
3389000
3306000
3218000
3147000
3082000
3022000
2994000
2971000
3016000
3100000
3142000
3133000
3091000
3010000
2926000
3046000
3119000
3169000
3389000
3586000
3809000
4160000
4371000
4452000
4507000
4442000
4337000
4225000
4091000
3937000
3790000
3674000
3577000
3553000
3530000
3509000
3470000
3383000
3271000
3163000
3064000
2970000
2866000
2768000
2678000
2599000
2535000
2480000
2447000
2412000
2371000
2328000
2283000
2232000
2177000
2117000
2051000
1986000
1951000
1917000
2128000
2282000
2413000
2522000
2523000
2460000
2426000
2403000
2374000
2314000
2277000
2234000
2194000
2173000
2152000
2125000
2097000
2062000
2005000
1956000
1912000
1870000
1823000
1779000
1737000
1698000
1663000
1635000
1621000
1605000
1590000
1577000
1558000
1536000
1525000
1505000
1479000
1454000
1427000
1399000
1375000
1352000
1329000
1305000
1280000
1252000
1247000
1268000
1283000
1297000
1324000
1329000
1328000
1328000
1318000
1300000
1281000
1263000
1246000
1228000
1213000
1200000
1187000
1175000
1160000
1144000
1129000
1114000
1097000
1079000
1062000
1045000
1052000
1115000
1167000
1217000
1255000
1262000
1253000
1248000
1243000
1234000
1217000
1201000
1186000
1172000
1163000
1155000
1148000
1140000
1128000
1110000
1094000
1079000
1063000
1046000
1029000
1013000
997500
984000
972000
960300
948900
938000
927400
917200
907300
897000
884500
870800
857800
845300
833300
822100
811200
800700
790000
778600
767000
755900
745200
737200
730200
723300
716700
709200
700900
692600
684500
676600
668600
660700
652900
651200
650700
650300
650000
647400
642400
637000
631700
626300
620400
614400
608500
602700
597400
592500
587800
583200
578500
573300
568100
563000
558100
554500
550800
554600
558700
562200
565300
565300
562800
560100
557300
554500
550700
546900
543100
539200
535800
532700
529600
526500
523300
519300
515300
511300
507300
503100
518900
536200
553200
569900
578300
581900
585500
589000
592200
591600
589700
587700
585400
584200
583300
582400
581600
580200
576900
579400
603800
628900
652600
672900
681800
682900
683600
684700
684600
681800
678900
676100
679400
1040000
1327000
1593000
1839000
1921000
1904000
1905000
1909000
1907000
1863000
1829000
1798000
1771000
1769000
1775000
1780000
1786000
1779000
1740000
1708000
1679000
1652000
1615000
1578000
1544000
1513000
1488000
1471000
1455000
1439000
1424000
1410000
1396000
1382000
1369000
1346000
1314000
1284000
1257000
1231000
1209000
1188000
1168000
1149000
1125000
1099000
1075000
1052000
1030000
1009000
989200
970100
951800
934300
917400
901200
885600
870600
856100
842100
828600
815500
802900
790700
778800
767400
756200
745400
735000
724800
717900
711900
706200
700500
693900
686100
701700
727800
752400
776000
862200
927500
986900
1058000
1155000
1419000
1628000
1815000
2027000
2098000
2118000
2148000
2311000
2402000
2465000
2527000
2517000
2464000
2437000
2419000
2399000
2374000
2476000
2523000
2697000
3207000
4446000
5517000
7135000
8052000
8232000
8024000
7504000
6899000
6453000
6034000
5690000
5334000
5103000
4988000
4908000
5353000
5639000
5799000
5833000
5642000
5290000
5031000
4793000
4614000
4378000
4197000
4293000
4362000
4609000
4810000
4878000
4865000
4774000
4613000
4475000
4290000
4101000
3978000
3914000
3893000
3890000
4137000
4342000
4468000
4537000
4469000
4272000
4092000
3940000
3823000
3672000
3530000
3415000
3312000
3231000
3356000
3426000
3488000
3531000
3453000
3327000
3222000
3123000
3021000
2902000
2803000
2714000
2778000
2865000
2939000
3002000
2998000
2933000
2851000
2813000
2792000
2748000
2691000
2627000
2554000
2492000
2443000
2400000
2354000
2304000
2239000
2352000
2425000
2494000
2555000
2532000
2461000
2406000
2355000
2381000
2379000
2380000
2380000
2350000
2311000
2278000
2248000
2331000
2826000
3171000
3473000
3692000
3674000
3545000
3769000
4155000
4410000
4561000
4574000
4406000
4228000
4124000
4043000
3932000
3811000
3688000
3537000
3427000
3353000
3285000
3207000
3126000
3016000
2902000
2810000
2733000
2651000
2569000
2495000
2430000
2374000
2331000
2291000
2234000
2167000
2109000
2100000
2095000
2103000
2098000
2321000
2536000
2715000
2874000
2916000
2855000
2791000
2745000
2703000
2625000
2553000
2486000
2421000
2376000
2342000
2310000
2279000
2242000
2179000
2117000
2061000
2011000
1956000
1918000
2054000
2464000
3385000
4251000
4900000
5293000
5418000
5280000
5141000
5004000
4843000
4747000
4641000
4568000
4675000
4698000
4711000
4727000
4742000
4660000
4519000
4391000
4236000
4100000
3965000
3850000
3751000
3647000
3546000
3458000
3384000
3318000
3238000
3168000
3127000
3173000
3208000
3273000
3677000
3977000
4193000
4347000
4315000
4169000
4036000
4008000
4323000
4544000
4717000
5137000
5253000
5261000
5277000
5157000
4958000
4740000
4515000
4321000
4119000
3974000
3847000
3734000
3651000
3561000
3447000
3354000
3263000
3148000
3040000
2939000
2848000
2753000
2672000
2594000
2510000
2439000
2380000
2325000
2277000
2230000
2182000
2121000
2047000
2007000
1981000
1952000
1933000
1904000
1862000
1818000
1771000
1724000
1676000
1626000
1577000
1573000
1569000
1569000
1569000
1554000
1527000
1499000
1472000
1445000
1415000
1386000
1358000
1331000
1308000
1287000
1268000
1251000
1233000
1211000
1191000
1172000
1154000
1135000
1116000
1096000
1076000
1058000
1041000
1025000
1009000
994400
980100
965800
951500
937400
922500
906900
891900
877500
863600
850500
837800
848800
856900
864200
871000
868100
858900
850900
843100
920900
1252000
1514000
1758000
1951000
1998000
1978000
1977000
1976000
1989000
2143000
2367000
2572000
3105000
3646000
3981000
4235000
4304000
4172000
4216000
4231000
4241000
4205000
4070000
3914000
3800000
3749000
4717000
5304000
5763000
6116000
5956000
5574000
5616000
5621000
5599000
5439000
5190000
4921000
4720000
4625000
4600000
4530000
4473000
4389000
4261000
4388000
4625000
4790000
5035000
5095000
5004000
4907000
4775000
4617000
4439000
4271000
4120000
3966000
3849000
3766000
3692000
3602000
3479000
3349000
3225000
3113000
3002000
2889000
2775000
2674000
2647000
2604000
2579000
2560000
2512000
2450000
2397000
2371000
2416000
2435000
2455000
2452000
2410000
2355000
2336000
2313000
2350000
2368000
2364000
2348000
2308000
2259000
2212000
2163000
2118000
2064000
2009000
1963000
1920000
1882000
1846000
1811000
1775000
1739000
1701000
1665000
1628000
1593000
1559000
1539000
1637000
1733000
1819000
1894000
1909000
1883000
1860000
1840000
1818000
1782000
1747000
1713000
1678000
1652000
1632000
1613000
1595000
1573000
1540000
1508000
1478000
1604000
1909000
2150000
2370000
2509000
2510000
2466000
2440000
2494000
2509000
2498000
2493000
2564000
2596000
2642000
2684000
2677000
2630000
2576000
2511000
2454000
2393000
2338000
2277000
2220000
2172000
2123000
2084000
2052000
2018000
1973000
1934000
1898000
1864000
1830000
1795000
1751000
1704000
1763000
1808000
1851000
1893000
1898000
1872000
1848000
1822000
1791000
1746000
1703000
1664000
1628000
1599000
1574000
1550000
1526000
1502000
1467000
1435000
1405000
1377000
1346000
1316000
1289000
1262000
1238000
1217000
1203000
1215000
1226000
1235000
1242000
1236000
1223000
1208000
1190000
1173000
1153000
1134000
1116000
1100000
1086000
1073000
1059000
1060000
1089000
1148000
1199000
1242000
1266000
1265000
1255000
1247000
1237000
1224000
1208000
1193000
1180000
1169000
1162000
1156000
1150000
1141000
1128000
1121000
1210000
1283000
1352000
1412000
1427000
1415000
1408000
1402000
1394000
1375000
1358000
1342000
1328000
1320000
1315000
1308000
1299000
1286000
1264000
1244000
1225000
1289000
1340000
1388000
1433000
1442000
1428000
1419000
1410000
1400000
1381000
1364000
1347000
1331000
1321000
1310000
1296000
1284000
1269000
1247000
1228000
1209000
1191000
1171000
1150000
1129000
1109000
1091000
1075000
1060000
1045000
1031000
1017000
1004000
990900
978600
964300
947800
932200
917100
902600
889100
876100
863500
851300
838200
824800
811800
799300
787200
775500
764100
753100
742400
732000
721900
712100
702600
693300
684300
675500
667000
658700
655400
667000
713000
797800
1126000
1384000
1606000
1786000
1841000
1828000
1830000
1827000
1818000
1779000
1751000
1728000
1711000
1713000
1719000
1721000
1719000
1705000
1669000
1639000
1610000
1581000
1546000
1514000
1484000
1457000
1436000
1421000
1406000
1392000
1379000
1366000
1353000
1388000
1427000
1455000
1474000
1475000
1457000
1438000
1630000
1777000
1916000
2041000
2067000
2036000
2016000
1999000
1981000
1940000
1904000
1865000
1836000
1873000
1900000
1922000
1940000
1927000
1883000
1849000
1818000
1788000
1748000
1710000
1675000
1643000
1619000
1601000
1581000
1611000
1872000
2102000
2311000
2483000
2561000
2588000
2600000
2612000
2600000
2534000
2587000
3218000
3768000
4217000
4549000
4559000
4379000
4230000
4098000
3970000
3805000
3666000
3540000
3431000
3370000
3328000
3288000
3250000
3183000
3063000
2957000
2962000
2954000
2931000
2906000
2841000
2752000
2685000
2636000
2587000
2698000
2768000
2832000
2890000
2875000
2817000
2752000
2674000
2599000
2504000
2424000
2356000
2293000
2244000
2198000
2228000
2232000
2234000
2222000
2181000
2161000
2144000
2154000
2158000
2203000
2229000
2241000
2245000
2227000
2190000
2160000
2160000
2157000
2140000
2126000
2095000
2051000
2012000
1975000
1938000
1912000
1901000
1881000
1864000
1840000
1806000
1800000
1794000
1786000
1777000
1752000
1721000
1692000
1664000
1638000
1610000
1582000
1555000
1527000
1498000
1469000
1452000
1435000
1416000
1458000
1490000
1516000
1541000
1538000
1516000
1494000
1510000
1524000
1566000
1605000
1640000
1686000
1956000
2226000
2453000
2640000
2701000
2655000
2608000
2569000
2530000
2465000
2404000
2351000
2301000
2271000
2250000
2231000
2210000
2180000
2125000
2072000
2024000
1979000
1929000
1878000
1832000
1789000
1753000
1725000
1699000
1674000
1648000
1622000
1595000
1569000
1543000
1511000
1471000
1447000
1422000
1398000
1378000
1352000
1325000
1300000
1272000
1263000
1252000
1242000
1233000
1217000
1216000
1213000
1210000
1212000
1201000
1185000
1171000
1155000
1140000
1124000
1109000
1094000
1079000
1064000
1050000
1037000
1024000
1011000
995700
981600
967800
954300
940800
927300
937100
968700
1039000
1101000
1150000
1182000
1187000
1182000
1179000
1173000
1163000
1149000
1136000
1124000
1116000
1110000
1105000
1100000
1091000
1080000
1065000
1051000
1037000
1022000
1007000
991700
977600
964800
953400
943200
933200
923500
914100
905000
896300
887100
876700
864600
851800
855100
856200
857400
858900
854100
845000
836400
844200
883700
940600
991200
1033000
1074000
1106000
1130000
1154000
1166000
1162000
1153000
1145000
1138000
1131000
1126000
1121000
1115000
1109000
1100000
1090000
1081000
1072000
1059000
1044000
1031000
1018000
1006000
994300
983000
972100
961800
952500
943800
935300
926600
916600
904900
893000
918000
941400
963400
1032000
1086000
1127000
1202000
1338000
2151000
2738000
3228000
3610000
3627000
3471000
3386000
3373000
3339000
3229000
3149000
3063000
2982000
2958000
2950000
2936000
2910000
2856000
2741000
2652000
2578000
2510000
2428000
2353000
2343000
2341000
2358000
2386000
2442000
2862000
3493000
3973000
4363000
4856000
5251000
5442000
6054000
6534000
6622000
6592000
6404000
6050000
5717000
5469000
5267000
5037000
5686000
6061000
6332000
6583000
6454000
6080000
5791000
5551000
5292000
4959000
4708000
4507000
4384000
4823000
5148000
5415000
5619000
5556000
5282000
5072000
4891000
4727000
4488000
4276000
4091000
3924000
3823000
3749000
3784000
3813000
3838000
3799000
3725000
3711000
3708000
4136000
4805000
5609000
6160000
6611000
7431000
7744000
8478000
