833100
826600
818800
810400
802200
794100
786200
778400
770800
763300
756000
748900
741800
734900
728100
721500
4569000
2347000
1507000
1038000
1107000
2885000
1492000
2502000
10210000
3728000
2579000
1641000
1580000
3155000
2141000
1810000
2848000
2136000
3011000
11750000
11020000
5085000
3272000
2497000
3466000
2631000
2440000
6712000
3457000
4633000
2856000
2572000
2323000
2251000
2188000
2128000
2688000
2189000
2067000
1954000
1904000
1859000
1816000
1775000
1735000
3312000
2127000
1909000
1708000
1666000
1632000
1599000
1567000
1858000
3817000
4576000
3430000
2265000
1874000
1737000
1696000
1661000
1626000
1593000
2239000
1723000
1616000
1517000
1486000
1459000
1432000
2599000
1714000
1553000
1405000
1377000
1353000
1330000
1308000
1287000
1266000
1246000
1227000
1208000
1190000
1172000
1155000
1138000
1122000
1106000
1091000
1076000
1061000
1047000
1033000
1020000
1007000
994200
7671000
2855000
2080000
1372000
1327000
1305000
1284000
1263000
2123000
3687000
1983000
1621000
1368000
1338000
1316000
1294000
1273000
1253000
1233000
1214000
1196000
1178000
1160000
1143000
1127000
1111000
1096000
1081000
1066000
1052000
1038000
1024000
1011000
998400
985900
973800
961900
5548000
2247000
3189000
1651000
1451000
1280000
1255000
1235000
1216000
1198000
1180000
1162000
1145000
1129000
1113000
3641000
1818000
1517000
1239000
1212000
1194000
1176000
1158000
1142000
1125000
1109000
1094000
1079000
1064000
1050000
1036000
1023000
1010000
997100
984600
972500
960600
949100
937800
926700
916000
905500
895200
885100
875300
865700
856300
847100
1282000
958800
900700
846500
836200
827400
818800
810400
802200
794100
786200
778400
770800
763300
756000
748900
741800
734900
728100
1416000
913500
828800
750800
741600
734700
727900
721200
714700
708300
702000
695800
689700
683700
696200
4845000
1847000
1366000
928400
904700
894400
1152000
948500
908000
870700
860300
851000
841900
833100
824300
815800
807500
799300
791300
783400
775700
768200
760700
753500
746400
739400
732500
725800
719100
712700
706300
7e+05
693900
687800
681900
676000
4486000
5784000
2447000
9722000
4460000
2778000
1798000
1634000
1597000
1566000
1535000
1506000
1477000
1450000
1424000
1398000
1374000
1350000
1327000
1305000
1284000
1263000
1244000
1224000
1205000
1187000
1170000
1152000
1136000
1120000
3275000
4733000
2307000
1722000
1382000
1349000
1326000
1304000
1582000
1588000
1367000
1290000
1245000
1225000
1206000
1188000
1170000
1153000
1136000
1120000
1561000
2324000
1471000
1285000
1154000
1134000
1118000
1102000
1087000
1072000
1058000
1044000
1030000
1017000
8219000
14090000
5295000
3259000
2049000
1963000
1915000
1870000
1826000
1784000
1745000
1707000
3121000
2052000
1854000
1670000
1631000
2805000
1910000
1741000
1586000
1551000
1521000
1492000
1464000
1437000
1694000
1486000
1414000
1359000
1333000
1407000
1318000
7262000
2939000
2236000
1592000
2010000
1644000
1562000
1486000
3507000
2324000
1836000
1561000
1493000
1464000
1437000
1411000
1526000
1993000
1526000
1421000
1336000
1312000
1291000
1270000
3155000
1771000
1535000
1318000
1291000
1270000
1605000
7825000
3106000
3553000
6497000
3068000
2391000
1881000
1823000
1782000
1742000
1704000
1668000
1633000
1600000
1568000
1537000
1508000
1479000
1452000
1426000
1400000
1376000
1352000
1329000
1307000
1286000
1265000
1951000
1432000
1334000
1243000
1222000
14520000
4914000
3366000
5177000
18570000
7287000
4700000
2908000
2707000
4324000
6251000
3685000
3060000
2637000
2541000
2461000
2386000
2315000
2248000
2185000
2126000
11630000
6922000
4200000
7847000
4174000
3374000
2751000
2624000
2537000
7206000
3747000
3132000
2564000
2469000
2393000
2322000
2255000
2192000
2132000
2075000
7966000
3635000
2900000
2227000
2147000
2090000
2035000
1984000
1935000
1888000
1844000
1801000
3422000
2204000
1979000
1770000
1726000
1689000
1653000
1619000
1586000
1555000
1525000
1496000
1468000
1441000
1415000
1390000
1366000
1342000
1320000
1298000
1277000
1257000
1237000
1218000
1199000
1181000
1164000
1147000
1130000
2720000
1562000
1365000
1184000
1162000
1145000
1129000
1113000
1097000
1082000
1067000
1053000
1039000
1026000
1012000
999600
987100
974800
962900
951300
940000
928900
918100
907500
897200
887100
877200
2740000
3831000
1848000
1365000
1093000
1070000
1056000
1042000
1028000
1015000
1002000
989700
977400
965400
953700
942300
931200
920300
909700
899300
889200
879300
869600
860100
850800
841700
832800
824100
815600
807300
799100
791100
783200
775500
768000
760600
753300
746200
739200
732300
725600
719000
712500
706100
699900
693700
687700
681700
675900
670100
664500
659000
653500
648100
642900
637700
632600
627500
622600
617700
612900
608200
603600
599000
594500
590000
585700
581300
577100
572900
568800
564700
560700
556800
552900
3370000
1559000
1076000
754800
716600
709500
703200
697000
690900
684900
679000
673200
667500
661900
656400
651000
645700
2066000
1399000
973400
780000
888600
768600
744300
721700
714700
708200
701900
695800
689700
683700
677800
672100
666400
660800
655300
649900
644600
639400
634300
629200
624200
619300
817100
1327000
822300
721300
647400
640100
634900
629900
624900
620000
615100
610400
605700
601100
596600
592100
1408000
810400
712100
622700
615300
610500
605800
601200
596700
592200
587800
583400
3050000
3270000
1556000
1070000
848900
833600
824900
2437000
1266000
1074000
897600
882500
3290000
9347000
3549000
2325000
1479000
1418000
1392000
1368000
2204000
9587000
4872000
3014000
2017000
1830000
1785000
1745000
1707000
1671000
1636000
1602000
1570000
1539000
1510000
3043000
3004000
8886000
3636000
2699000
1944000
8383000
4464000
3099000
2281000
2121000
2062000
2009000
1959000
1911000
1865000
1822000
1780000
1741000
2557000
2724000
4173000
4552000
2745000
2190000
1912000
1853000
1810000
8168000
3538000
2766000
7479000
6048000
6282000
7172000
3838000
3046000
4488000
3028000
2731000
2457000
2376000
2306000
2240000
2178000
2119000
4956000
2814000
2429000
2076000
2014000
1963000
1915000
1869000
1826000
1784000
1745000
1707000
1670000
1635000
1602000
2142000
1701000
1606000
1959000
1611000
1533000
1461000
1433000
1407000
1382000
2833000
1866000
11400000
4152000
2984000
1931000
1855000
1812000
2278000
2236000
1887000
1758000
2315000
1828000
1722000
1623000
1589000
1557000
1527000
1498000
1470000
1443000
1417000
1392000
1367000
1344000
1321000
1300000
1278000
1258000
2002000
1442000
1338000
1241000
1252000
1274000
1648000
1345000
1244000
1178000
1155000
1138000
1122000
1106000
1091000
1076000
1062000
1047000
2503000
2658000
1609000
1307000
2275000
1463000
1321000
1190000
1168000
1151000
1135000
1119000
1103000
1088000
1073000
1058000
1044000
1031000
1017000
1004000
991800
979500
967400
955700
944300
933100
2881000
4084000
1976000
1465000
1174000
1148000
1132000
1116000
1100000
1085000
1070000
1056000
1042000
1028000
1015000
1002000
989500
977200
965300
953600
942200
931100
920200
909600
899200
889000
879100
869400
860000
850700
841600
832700
824000
815500
807100
799000
791000
783100
775400
767900
760500
753200
746100
739100
732200
725500
718900
712400
706000
997600
778000
738300
701600
694400
688400
682400
676600
670800
665200
659600
654200
1270000
817900
742000
672500
664900
659300
653900
648500
643200
638000
632900
627900
622900
618100
613300
608500
603900
599300
594800
590300
586000
581600
753800
621700
1388000
793100
697700
611500
604300
599700
595200
590700
586300
582000
577800
573600
569400
565400
561300
557400
553500
549600
545800
542100
538400
534700
531100
2426000
1058000
839100
639300
628200
900300
695400
658900
625500
619700
614800
610100
605400
600800
596300
591800
587400
583100
578800
1193000
2513000
1162000
891600
701500
689800
683800
677900
672200
666500
660900
655400
650000
1131000
16270000
4952000
3103000
1474000
1399000
1374000
1351000
1328000
1306000
1284000
1264000
1244000
1224000
1206000
1187000
1170000
1153000
1136000
1120000
1104000
1089000
1074000
1060000
1046000
1032000
1019000
1005000
992800
980500
968400
956700
945200
934000
923000
912400
901900
891700
881800
872000
862500
853100
844000
835100
826300
817700
809400
801100
793100
785200
777400
769900
762400
755100
748000
740900
734100
727300
720600
714100
707700
701400
695300
689200
683200
677400
671600
665900
660400
654900
649500
982000
733500
689800
649800
643400
638200
2481000
1746000
1106000
843200
4812000
1899000
1432000
1643000
3633000
8091000
3262000
2228000
3308000
1984000
1754000
1542000
5739000
2685000
2176000
1707000
1658000
1624000
1591000
1559000
1529000
1948000
5617000
2663000
5447000
11210000
19610000
11060000
17270000
6888000
4997000
3634000
3438000
3292000
3158000
3034000
2920000
2815000
2716000
2625000
2539000
15250000
5971000
4415000
2990000
2842000
2742000
2648000
2561000
3621000
2729000
2526000
8987000
4568000
7143000
3720000
3154000
2685000
2585000
2502000
2424000
2351000
2282000
5532000
5709000
3735000
2785000
10070000
6230000
4032000
2957000
2661000
2568000
2486000
2409000
2957000
2444000
2309000
2183000
2122000
2065000
8968000
3914000
3063000
2284000
2198000
2138000
2081000
2027000
1976000
1927000
1881000
1837000
7355000
4523000
2984000
2224000
2030000
1975000
1926000
3145000
2876000
2219000
1972000
1855000
1810000
1770000
1731000
1693000
1657000
1623000
1590000
8546000
3507000
2678000
1917000
1850000
1807000
1767000
1728000
4617000
2502000
2136000
1798000
1749000
1711000
1674000
1639000
6046000
15580000
5889000
3926000
2528000
2410000
2338000
9956000
9407000
4877000
3429000
2792000
2681000
2592000
2508000
2430000
2357000
2288000
2223000
2161000
2103000
2048000
1996000
1946000
1899000
1854000
1811000
1770000
1731000
1694000
1658000
1624000
1591000
1559000
1529000
1499000
1471000
1444000
1418000
4171000
2323000
2304000
1647000
11500000
7058000
3874000
2479000
2104000
2040000
1988000
2175000
2199000
1960000
1866000
1799000
1758000
1719000
1682000
1647000
1613000
1581000
1549000
1519000
1491000
1463000
1436000
2384000
8485000
12140000
17940000
10280000
5702000
4058000
5429000
3589000
3172000
2833000
3744000
6245000
3692000
3125000
7885000
3969000
3270000
2638000
4832000
3421000
2865000
2517000
2402000
5018000
2959000
2574000
2227000
2157000
2099000
2045000
1992000
1943000
1896000
1851000
2767000
5816000
4093000
4866000
13440000
6639000
4190000
2850000
2594000
2506000
2428000
5160000
12270000
6812000
4305000
9893000
4704000
4120000
3088000
2922000
2787000
2690000
2600000
2516000
2437000
2364000
2294000
2229000
2167000
2109000
2053000
2001000
1951000
1903000
1858000
1815000
1774000
1735000
1697000
1661000
1627000
1594000
1562000
1532000
1502000
1474000
1447000
1421000
1396000
3457000
3252000
2038000
1646000
1476000
1445000
1418000
1393000
1369000
1346000
1323000
1301000
3787000
1964000
1657000
1376000
1344000
1322000
1300000
1279000
1258000
1238000
1219000
1201000
1183000
1165000
1148000
1132000
1116000
1100000
1085000
1070000
1056000
1042000
1028000
1015000
1002000
989400
977100
965100
953500
942100
930900
920100
909500
899100
888900
879000
869300
859900
850600
841500
832600
823900
2544000
1295000
1090000
903200
887600
877700
868000
858600
6216000
11870000
4424000
2771000
1743000
1676000
1641000
1607000
1575000
2682000
6990000
6173000
3822000
10760000
7919000
4336000
3012000
2542000
2452000
7521000
3778000
3122000
2516000
2422000
2349000
2280000
2980000
24280000
8297000
5606000
3220000
3027000
2914000
9347000
4554000
3704000
2924000
2799000
2701000
2611000
2526000
3931000
2795000
2555000
2332000
4498000
9199000
8120000
4404000
7727000
4007000
3384000
2821000
2709000
2618000
2533000
2453000
2378000
2308000
2242000
2179000
2120000
2064000
2011000
1961000
1913000
1867000
1824000
1782000
1743000
1705000
5053000
2613000
2196000
1811000
1760000
1721000
1851000
2701000
5017000
2661000
2569000
1931000
1836000
1756000
3133000
2088000
4350000
2425000
2106000
1815000
1766000
1727000
1690000
1654000
1620000
1587000
1556000
1526000
1497000
1469000
1442000
1416000
1391000
1366000
1343000
1321000
1299000
1278000
1257000
1857000
7297000
3792000
2449000
1719000
1584000
1550000
1520000
1491000
1463000
1437000
1411000
1386000
1362000
1339000
1316000
1295000
1274000
1253000
1234000
1215000
1196000
8478000
9933000
4273000
2726000
1968000
1899000
1854000
1811000
3867000
2567000
2133000
1853000
4841000
2717000
2265000
1898000
1835000
1792000
1752000
1714000
1677000
1642000
1608000
1576000
1545000
1515000
1487000
1459000
1432000
1407000
1382000
1358000
1335000
1313000
1291000
1270000
1250000
1231000
6302000
2628000
2028000
1480000
1733000
1494000
1435000
1380000
1355000
1332000
1310000
1288000
1268000
1247000
1228000
1209000
1191000
1173000
1156000
1139000
1123000
1107000
1092000
1077000
1062000
1048000
1034000
1021000
1613000
2503000
1604000
1277000
1108000
1075000
1060000
1046000
1032000
1019000
1006000
992900
980600
968500
956800
945300
934100
2249000
2844000
3406000
1765000
1378000
1168000
1145000
1129000
1113000
1097000
1082000
1068000
1053000
1039000
1026000
1013000
999800
987300
975100
963200
1803000
5826000
2390000
1763000
1265000
1231000
1212000
1194000
1176000
1159000
1142000
1125000
1110000
1094000
1079000
1065000
1050000
1037000
1023000
1010000
997200
984700
5213000
2170000
1678000
1227000
1195000
1177000
1159000
1143000
1126000
1110000
1095000
1080000
1065000
1051000
1037000
1024000
1011000
997800
985400
973200
961300
949700
938400
927400
916600
906100
895800
885700
875900
866200
856800
847600
838600
829800
821100
812700
804400
796300
788300
780500
772900
765400
758000
750800
743700
736800
730000
723300
716700
710300
703900
697700
691600
685600
679700
673900
668200
662600
657100
651600
646300
641000
1162000
2048000
3128000
3846000
10840000
3817000
2514000
1546000
1488000
1460000
1434000
1408000
1383000
1359000
1336000
1314000
1292000
1271000
1251000
1232000
1213000
1194000
1176000
1159000
1142000
1126000
1110000
1095000
1080000
1065000
1051000
1037000
1023000
1010000
997500
985000
972900
3431000
2470000
1591000
1230000
1122000
1104000
1088000
9229000
3361000
2686000
1628000
1542000
1486000
1457000
1431000
1405000
1380000
1357000
1334000
1549000
3397000
1882000
1603000
1369000
1340000
1317000
1296000
1275000
1254000
1234000
1215000
1197000
1179000
1162000
1145000
1128000
3586000
9719000
4786000
3008000
1948000
2607000
3137000
2164000
1908000
1745000
1704000
4835000
16420000
7899000
4615000
2889000
2570000
2482000
2406000
2334000
2426000
2750000
2496000
2229000
2099000
2025000
1973000
1924000
1878000
1834000
1792000
1752000
5168000
2674000
2247000
1852000
1799000
1758000
1720000
1683000
1647000
7850000
3351000
2606000
1922000
1857000
1814000
1773000
1734000
1697000
1661000
1626000
1593000
1561000
1531000
1502000
4952000
2432000
2008000
1619000
1576000
3e+06
2070000
3042000
2014000
4398000
2350000
2007000
1702000
1658000
1623000
1724000
2852000
2149000
1790000
1602000
1542000
1512000
1483000
1456000
1429000
2207000
2273000
1674000
1490000
1393000
1367000
3029000
1788000
1572000
1467000
1372000
1338000
1307000
1285000
1264000
1244000
1225000
1206000
1188000
1170000
1153000
1667000
1273000
1197000
4585000
2094000
1686000
1311000
1279000
1259000
1239000
3183000
1762000
3125000
1966000
2181000
2778000
9943000
5925000
3350000
2227000
1941000
1888000
1843000
1801000
1760000
1722000
1685000
1649000
1615000
1583000
1551000
1521000
1493000
1465000
1438000
1412000
1387000
1363000
1340000
1317000
1296000
1275000
1254000
1235000
1216000
1197000
1179000
1162000
1145000
1128000
1112000
1097000
1082000
1821000
1267000
1168000
1076000
1060000
1045000
1032000
1018000
2389000
1384000
1214000
1059000
1040000
2158000
1334000
1193000
1311000
1115000
1074000
1034000
1020000
1007000
994500
982100
970000
958200
946700
935400
924500
913700
903300
893000
883000
873300
863700
854300
845200
2550000
2912000
3508000
1739000
1335000
1114000
1093000
1078000
1063000
1049000
1035000
1022000
1009000
996000
983500
971400
959600
948000
936800
925800
915000
904500
894300
884200
874400
864800
855400
875100
845700
833700
822100
813600
805300
797100
789100
781300
773700
766200
758800
1682000
1013000
901600
798900
788000
780200
772600
1774000
3438000
2582000
1492000
1120000
1958000
1897000
1315000
1130000
1047000
1031000
1018000
1005000
992200
979800
967800
956100
944600
933400
922500
911800
901400
891200
881200
871500
862000
852700
843500
834600
825900
817300
808900
800700
792700
784800
777100
769500
762000
780600
3157000
1466000
1157000
3499000
2098000
1515000
2834000
4560000
25320000
7829000
4612000
2102000
1958000
1910000
1864000
2998000
2123000
1950000
1789000
1746000
1708000
1671000
1637000
1603000
1571000
1540000
1511000
1482000
1455000
1428000
1403000
1378000
3672000
2820000
2277000
1662000
3815000
12730000
11400000
5199000
3329000
8931000
9268000
4839000
11840000
8688000
5085000
3695000
3177000
3042000
2927000
2821000
2723000
2631000
21680000
7790000
5481000
3371000
3175000
3050000
2935000
2828000
2729000
2637000
2551000
2470000
4476000
16300000
6634000
4597000
3070000
2888000
2784000
2688000
2598000
2514000
2436000
2362000
2293000
2227000
2943000
2324000
6261000
4050000
3960000
2620000
2336000
5151000
4488000
15870000
14370000
12800000
5967000
8569000
17490000
7696000
15310000
