52470
52440
52410
52370
52340
52310
52270
52240
52210
52170
52140
52110
52080
52040
52010
51980
17790000
4860000
380200
57360
656800
7719000
1174000
5058000
32410000
4717000
67520
67470
67410
4977000
1284000
141400
3935000
1345000
4066000
29510000
21330000
2581000
79390
79320
2868000
489900
79630
11710000
1792000
4652000
754800
82440
82360
82280
82190
82110
1727000
324300
82200
82120
82040
81960
81880
81790
81710
5662000
903600
82590
82510
82430
82340
82260
82180
1264000
7862000
9474000
4349000
534000
85800
85710
85620
85530
85440
85360
2471000
436700
85590
85500
85410
85330
85240
4195000
690400
85830
85740
85660
85570
85480
85390
85300
85220
85130
85040
84950
84870
84780
84690
84610
84520
84440
84350
84260
84180
84090
84010
83920
83840
83750
29860000
4468000
88110
88020
87930
87830
87740
87650
4352000
8773000
1275000
89940
89840
89750
89650
89550
89460
89360
89260
89170
89070
88980
88880
88790
88690
88600
88500
88410
88310
88220
88130
88030
87940
87850
87750
87660
361300
22350000
3360000
6441000
1027000
92360
92260
92160
92060
91960
91850
91750
91650
91550
91450
91350
12380000
1902000
93760
93660
93550
93450
93340
93240
93130
93030
92920
92820
92720
92610
92510
92410
92300
92200
92100
92000
91890
91790
91690
91590
91490
91390
91290
91190
91090
90990
90890
90790
90690
3485000
590500
91140
91040
90950
90850
90750
90650
90550
90450
90350
90250
90150
90060
89960
89860
89760
89670
89570
5132000
832200
90390
90290
90190
90090
89990
89900
89800
89700
89610
89510
89410
89320
737400
25130000
3763000
93020
92920
92810
92710
1564000
309200
92730
92630
92520
92420
92320
92220
92110
92010
91910
91810
91710
91610
91500
91400
91300
91200
91100
91000
90900
90800
90700
90610
90510
90410
90310
90210
90110
90020
24150000
23250000
2982000
32680000
8374000
613400
101500
101300
101200
101100
101000
100900
100700
100600
100500
100400
100200
100100
1e+05
99880
99760
99640
99520
99400
99280
99160
99050
98930
98810
98690
11200000
13750000
1871000
102400
102300
102100
102000
101900
1531000
1411000
263800
102000
101900
101800
101700
101500
101400
101300
101200
101000
2290000
5517000
851700
102300
102200
102100
102000
101800
101700
101600
101500
101300
101200
101100
31790000
42280000
5627000
108500
108300
108200
108100
107900
107800
107600
107500
107400
5416000
888900
107800
107700
107600
4487000
752300
107900
107800
107600
107500
107400
107200
107100
1083000
324600
117800
106800
106700
551900
172000
23230000
3511000
108900
108700
1757000
351400
108700
108600
7721000
2338000
272600
109300
109200
109000
108900
108700
586300
2289000
419200
108700
108600
108400
108300
108200
8321000
1317000
108900
108700
108600
108400
1785000
25780000
3851000
4812000
16970000
2492000
112900
112800
112600
112500
112300
112200
112000
111900
111700
111600
111400
111300
111100
111000
110800
110700
110500
110400
110200
110100
109900
109800
3938000
673200
109900
109700
109600
49370000
7359000
113000
10470000
44210000
7898000
340300
116900
116700
5072000
10150000
1486000
117600
117500
117300
117100
117000
116800
116600
116500
116300
28240000
10620000
1056000
13830000
2718000
205900
120300
120200
120000
13870000
2144000
121000
120900
120700
120500
120300
120200
120000
119800
119600
17780000
2719000
121100
121000
120800
120600
120400
120300
120100
119900
119700
119600
6656000
1081000
119800
119600
119400
119300
119100
118900
118800
118600
118400
118300
118100
117900
117800
117600
117400
117300
117100
116900
116800
116600
116400
116300
116100
115900
115800
115600
115500
9447000
1489000
116000
115800
115700
115500
115400
115200
115000
114900
114700
114600
114400
114200
114100
113900
113800
113600
113500
113300
113100
113000
112800
112700
112500
112400
112200
10580000
14130000
1949000
114100
113900
113800
113600
113400
113300
113100
113000
112800
112700
112500
112400
112200
112100
111900
111800
111600
111500
111300
111200
111000
110900
110700
110600
110400
110300
110100
110000
109800
109700
109600
109400
109300
109100
109000
108800
108700
108600
108400
108300
108100
108000
107800
107700
107600
107400
107300
107200
107000
106900
106700
106600
106500
106300
106200
106100
105900
105800
105600
105500
105400
105200
105100
105000
104800
104700
104600
104500
104300
104200
104100
103900
21650000
4695000
315300
106600
106400
106300
106100
106000
105900
105700
105600
105500
105300
105200
105100
104900
104800
10390000
3935000
447300
106500
1133000
257500
106300
106200
106100
105900
105800
105600
105500
105400
105200
105100
105000
104800
104700
104600
104500
104300
104200
104100
103900
103800
1707000
4635000
736600
104700
104600
104500
104300
104200
104100
103900
103800
103700
103600
103400
103300
103200
5647000
919600
104000
103900
103800
103600
103500
103400
103300
103100
103000
102900
17220000
16060000
2084000
106700
106500
106400
106200
9427000
1478000
107200
107100
106900
12250000
36670000
5602000
166700
111400
111200
111100
110900
3347000
30350000
8909000
764000
114100
113900
113800
113600
113500
113300
113200
113000
112900
112700
112600
6064000
5184000
24450000
3604000
115400
115300
20210000
5376000
455900
117100
121800
117500
116600
116400
116300
116100
115900
115800
115600
3382000
3660000
8718000
8781000
1488000
157200
116900
116800
116600
20840000
3167000
118400
15790000
9764000
9083000
12110000
1715000
122100
5652000
935800
122200
122000
121800
121700
121500
121300
121100
8492000
1353000
121600
121400
121200
121000
120900
120700
120500
120300
120200
120000
119800
119600
119500
2364000
449600
119200
1790000
364800
118900
118700
118500
118400
118200
5723000
1400000
35180000
5269000
121100
120900
120800
120600
2075000
1760000
319200
120300
2515000
472600
120000
119800
119700
119500
119300
119100
119000
118800
118600
118500
118300
118100
118000
117800
117600
117500
4334000
737800
117400
117300
337300
470800
2409000
639400
145000
116600
116400
116300
116100
116000
115800
115600
115500
115300
7994000
7479000
1029000
116200
5808000
953800
116300
116200
116000
115900
115700
115500
115400
115200
115100
114900
114700
114600
114400
114300
114100
113900
113800
113600
113500
113300
10790000
15030000
2079000
115300
115100
115000
114800
114700
114500
114300
114200
114000
113900
113700
113600
113400
113200
113100
112900
112800
112600
112500
112300
112200
112000
111900
111700
111600
111400
111300
111100
111000
110800
110700
110500
110400
110200
110100
109900
109800
109700
109500
109400
109200
109100
108900
108800
108700
108500
3149000
556100
108600
108500
108400
108200
108100
107900
107800
107700
107500
107400
4780000
795200
107800
107600
107500
107400
107200
107100
107000
106800
106700
106500
106400
106300
106100
106000
105900
105700
105600
105500
105300
105200
1914000
371500
5391000
883700
106000
105900
105800
105600
105500
105400
105200
105100
105000
104800
104700
104600
104400
104300
104200
104000
103900
103800
103600
103500
103400
15220000
2330000
105200
105000
104900
1947000
376100
105000
104900
104700
104600
104500
104300
104200
104100
103900
103800
103700
103500
4560000
12920000
1895000
105900
105800
105700
105500
105400
105300
105100
105000
104900
104700
3550000
70670000
10420000
109700
109600
109400
109300
109200
109000
108900
108700
108600
108400
108300
108200
108000
107900
107700
107600
107500
107300
107200
107000
106900
106800
106600
106500
106400
106200
106100
105900
105800
105700
105500
105400
105300
105100
105000
104900
104700
104600
104500
104300
104200
104100
104000
103800
103700
103600
103400
103300
103200
103100
102900
102800
102700
102500
102400
102300
102200
102000
101900
101800
101700
101500
101400
101300
101200
101000
100900
100800
2935000
518200
101100
101000
100900
100800
12610000
5757000
664500
103300
22750000
3437000
105900
3051000
12880000
27770000
4117000
140600
6765000
1090000
111000
110800
16070000
2460000
112100
111900
111800
111600
111500
111300
111200
1819000
15540000
2346000
12500000
27610000
42240000
13870000
27040000
3907000
122400
122200
122000
121800
121700
121500
121300
121100
121000
120800
120600
33250000
4997000
123000
122900
122700
122500
122300
122100
3423000
607800
122000
19350000
4100000
10880000
1682000
124700
124500
124300
124100
123900
123700
123600
9717000
9083000
2220000
269700
21820000
8400000
874800
127300
127100
126900
126700
126500
1948000
394300
126100
126000
125800
125600
20670000
3151000
127400
127200
127000
126800
126600
126400
126300
126100
125900
125700
18310000
6248000
634600
127500
127300
127100
126900
4982000
3367000
498700
127000
126800
126600
126400
126300
126100
125900
125700
125500
25150000
3809000
127500
127300
127100
126900
126700
126500
11290000
1770000
127300
127100
126900
126700
126500
126300
16920000
40590000
5720000
130500
130300
130100
129900
22550000
16700000
2085000
133100
132900
132700
132500
132300
132100
131800
131600
131400
131200
131000
130800
130600
130400
130200
130000
129800
129600
129400
129200
129000
128800
128600
128400
128200
128000
127800
127600
127400
11200000
2426000
1925000
378000
34780000
13270000
1314000
131300
131100
130900
130600
1244000
1190000
262000
130100
129900
129700
129500
129300
129100
128900
128700
128500
128300
128100
127900
127700
4168000
26400000
30930000
37570000
12900000
2129000
1608000
6065000
979200
135800
135600
3114000
10140000
1543000
136300
10920000
1724000
137100
136800
6802000
1997000
266400
136900
136700
5596000
940100
136700
136500
136300
136000
135800
135600
135400
135200
134900
4192000
13240000
5210000
6818000
31620000
8429000
697600
139400
139200
139000
138700
8249000
26140000
7872000
741900
17030000
2627000
1051000
276200
142300
142100
141800
141600
141300
141100
140900
140600
140400
140200
139900
139700
139400
139200
139000
138700
138500
138300
138100
137800
137600
137400
137100
136900
136700
136500
136200
136000
135800
135600
9016000
6442000
872100
136500
136200
136000
135800
135600
135400
135100
134900
134700
10650000
1682000
135400
135200
134900
134700
134500
134300
134100
133900
133600
133400
133200
133000
132800
132600
132400
132100
131900
131700
131500
131300
131100
130900
130700
130500
130300
130100
129900
129700
129500
129300
129100
128900
128700
128500
128300
128100
127900
127700
127500
127300
10680000
1680000
128000
127800
127600
127400
127200
127000
28660000
42950000
5813000
131800
131600
131400
131200
131000
130800
4442000
19830000
12650000
3148000
24730000
13890000
1634000
136900
136700
136400
15130000
2343000
137700
137400
137200
137000
136800
2350000
56690000
8411000
139200
139000
138800
138500
16750000
2584000
139700
139500
139300
139000
138800
138600
4426000
769300
138400
138200
6592000
20060000
13450000
1688000
11840000
1863000
142300
142100
141900
141600
141400
141100
140900
140700
140400
140200
139900
139700
139500
139200
139000
138800
138500
138300
138100
137900
13070000
2041000
138900
138600
138400
138200
793500
4029000
12350000
1854000
1629000
358300
138900
138600
5496000
927000
9421000
1505000
139400
139200
138900
138700
138500
138200
138000
137800
137500
137300
137100
136900
136600
136400
136200
136000
135700
135500
135300
135100
134900
3476000
24390000
6727000
592100
136900
136600
136400
136200
136000
135700
135500
135300
135100
134800
134600
134400
134200
134000
133800
133500
133300
133100
31080000
28090000
3580000
137100
136900
136600
136400
136200
8217000
2180000
262400
136400
11130000
2110000
189600
137000
136800
136600
136300
136100
135900
135700
135400
135200
135000
134800
134600
134400
134100
133900
133700
133500
133300
133100
132800
132600
132400
132200
22340000
3402000
133900
133700
1284000
302600
133200
132900
132700
132500
132300
132100
131900
131700
131500
131300
131100
130800
130600
130400
130200
130000
129800
129600
385700
166900
129000
145200
3472000
7422000
1844000
234400
129200
129000
128800
128600
128400
128200
128000
127800
127600
127400
127200
127000
126800
7402000
9143000
10680000
1509000
128800
128600
128400
128200
128000
127800
127600
127400
127200
127000
126800
126600
126400
126300
126100
125900
5273000
23920000
3518000
128200
128000
127800
127600
127400
127200
127000
126800
126600
126400
126300
126100
125900
125700
125500
125300
125100
124900
124700
22670000
3444000
126700
126500
126300
126100
125900
125700
125500
125300
125200
125000
124800
124600
124400
124200
124000
123800
123700
123500
123300
123100
122900
122700
122600
122400
122200
122000
121800
121700
121500
121300
121100
121000
120800
120600
120400
120300
120100
119900
119700
119600
119400
119200
119000
118900
118700
118500
118400
118200
118000
117900
117700
117500
117400
117200
117000
116900
116700
116500
116400
604700
3985000
9632000
15040000
14270000
42190000
6049000
122600
122400
122200
122100
121900
121700
121500
121400
121200
121000
120800
120600
120500
120300
120100
119900
119800
119600
119400
119300
119100
118900
118700
118600
118400
118200
118100
117900
117700
117600
117400
13270000
6241000
734900
118700
118500
118300
118200
35500000
5326000
1143000
271100
120500
120300
120200
120000
119800
119600
119500
119300
1384000
8349000
1303000
119700
119500
119300
119100
119000
118800
118600
118500
118300
118100
118000
117800
117600
117500
12650000
33280000
8614000
1172000
192000
3302000
5057000
779000
121600
121400
121300
12090000
42820000
11490000
912100
125600
125400
125200
125000
124800
607300
1644000
875700
203500
124200
124000
123800
123600
123400
123200
123100
122900
12880000
2001000
123800
123600
123500
123300
123100
122900
122700
21860000
3322000
124700
124500
124300
124200
124000
123800
123600
123400
123200
123100
122900
122700
122500
13350000
2069000
123500
123300
123100
5632000
1472000
4997000
1116000
10110000
1587000
124300
124100
123900
123800
638700
4940000
1735000
258200
123600
123400
123200
123000
122800
122600
3236000
3113000
495200
122600
122400
122200
6533000
1066000
122400
480900
174900
121900
121700
121600
121400
121200
121000
120900
120700
120500
120300
2899000
529100
120100
16170000
2482000
121400
121300
121100
120900
120700
9242000
1463000
6448000
1877000
2449000
5101000
30490000
11280000
1125000
125200
125000
124800
124600
124500
124300
124100
123900
123700
123500
123300
123200
123000
122800
122600
122400
122300
122100
121900
121700
121500
121400
121200
121000
120800
120700
120500
120300
120100
120000
119800
119600
119400
119300
4833000
812900
119300
119100
118900
118800
118600
225100
7221000
1162000
118700
118600
118400
6003000
984400
118500
1428000
311000
118200
118000
117900
117700
117500
117400
117200
117000
116900
116700
116500
116400
116200
116000
115900
115700
115600
115400
115200
10360000
9780000
11260000
1581000
117500
117400
117200
117000
116900
116700
116600
116400
116200
116100
115900
115700
115600
115400
115300
115100
114900
114800
114600
114500
114300
114100
114000
1132000
263500
113600
113500
113300
113200
113000
112900
112700
112600
112400
112200
7245000
1162000
112600
112400
112200
112100
111900
7440000
14270000
7038000
849600
113900
5042000
4115000
596300
114200
114000
113800
113700
113500
113400
113200
113100
112900
112800
112600
112500
112300
112100
112000
111800
111700
111500
111400
111200
111100
110900
110800
110700
110500
110400
110200
110100
109900
109800
1001000
15310000
2521000
139400
13340000
4586000
897200
8892000
15500000
59180000
9012000
192900
117800
117600
117500
117300
4621000
780000
117300
117100
117000
116800
116700
116500
116300
116200
116000
115800
115700
115500
115400
115200
115000
9149000
4629000
1916000
311800
8855000
36850000
24370000
2978000
297800
18120000
15550000
2005000
19750000
10880000
1284000
126900
126700
126500
126300
126100
125900
125700
46850000
7002000
128500
128300
128100
127900
127700
127500
127300
127100
126900
126700
6172000
35600000
5836000
220700
129400
129200
129000
128800
128600
128400
128200
128000
127800
127600
2410000
463300
11890000
4348000
3542000
577100
128600
8738000
5859000
35150000
24590000
16870000
2178000
9938000
29100000
4526000
20580000
