334700
332800
330400
327800
325100
322500
320000
317500
315000
312600
310200
307800
305500
303200
300900
298700
561700
631800
659400
657400
659000
868600
847600
1002000
3012000
2732000
2677000
2479000
2313000
2631000
2517000
2388000
2580000
2477000
2721000
6294000
8927000
7797000
6758000
5701000
5334000
4702000
4221000
5471000
4814000
5070000
4476000
4044000
3653000
3331000
3067000
2843000
2870000
2653000
2495000
2341000
2207000
2090000
1985000
1890000
1804000
2156000
2015000
1941000
1842000
1756000
1681000
1613000
1550000
1589000
2026000
2461000
2611000
2469000
2330000
2191000
2073000
1970000
1876000
1791000
1939000
1825000
1755000
1675000
1605000
1543000
1485000
1642000
1582000
1538000
1480000
1425000
1376000
1330000
1287000
1247000
1209000
1174000
1219000
1175000
1145000
1111000
1080000
1052000
1025000
999100
974800
951700
929600
908500
888400
869100
850700
833100
2591000
2394000
2373000
2220000
2086000
1981000
1887000
1801000
2198000
2677000
2520000
2402000
2252000
2125000
2016000
1918000
1830000
1749000
1675000
1607000
1545000
1573000
1540000
1492000
1440000
1389000
1342000
1299000
1258000
1219000
1183000
1149000
1117000
1087000
1058000
1031000
1212000
2363000
2210000
2667000
2476000
2353000
2216000
2093000
1988000
1892000
1806000
1727000
1655000
1589000
1528000
1471000
2416000
2255000
2198000
2072000
1959000
1867000
1783000
1706000
1636000
1571000
1511000
1456000
1405000
1357000
1312000
1270000
1231000
1194000
1160000
1127000
1096000
1067000
1039000
1013000
987800
964100
941400
919800
899200
879500
860600
892800
884700
1020000
1014000
1004000
980900
956700
934400
913200
892800
873400
854800
836900
819900
803400
787700
772500
758000
743900
730400
851000
981000
973400
961600
937700
915200
894800
875300
856600
838700
821500
805100
789200
774000
759400
899900
1942000
1829000
1814000
1721000
1640000
1575000
1777000
1685000
1631000
1562000
1500000
1446000
1395000
1348000
1304000
1262000
1224000
1187000
1153000
1121000
1090000
1275000
1211000
1184000
1145000
1111000
1081000
1052000
1025000
999700
975400
952200
930100
909000
888900
1003000
2253000
3881000
3594000
8376000
7856000
6997000
5970000
5118000
4500000
4023000
3640000
3326000
3063000
2839000
2647000
2479000
2332000
2201000
2085000
1980000
1886000
1800000
1722000
1650000
1584000
1523000
1467000
1415000
1367000
1409000
2274000
3140000
2924000
2772000
2567000
2399000
2261000
2138000
2177000
2136000
2036000
1940000
1847000
1764000
1689000
1620000
1557000
1498000
1444000
1393000
1493000
1707000
1642000
1594000
1528000
1469000
1417000
1368000
1323000
1281000
1241000
1203000
1168000
1135000
3002000
7827000
6821000
6172000
5276000
4589000
4093000
3697000
3373000
3103000
2873000
2676000
3045000
2775000
2617000
2441000
2292000
2451000
2325000
2221000
2103000
1994000
1899000
1812000
1732000
1660000
1659000
1590000
1533000
1475000
1421000
1392000
1345000
2630000
2433000
2377000
2227000
2211000
2094000
1997000
1900000
2293000
2227000
2141000
2031000
1926000
1836000
1755000
1681000
1644000
1692000
1615000
1557000
1496000
1440000
1390000
1343000
1667000
1602000
1567000
1506000
1448000
1397000
1430000
3018000
2747000
3101000
4521000
4047000
3774000
3418000
3126000
2893000
2693000
2520000
2367000
2233000
2113000
2006000
1909000
1821000
1741000
1668000
1600000
1538000
1481000
1428000
1379000
1332000
1289000
1249000
1516000
1458000
1428000
1376000
1328000
5378000
4706000
4473000
5355000
13540000
11420000
9618000
7683000
6282000
6134000
6859000
5966000
5285000
4628000
4113000
3713000
3387000
3114000
2883000
2684000
2512000
5708000
5935000
5456000
6960000
6091000
5419000
4743000
4198000
3781000
5240000
4646000
4280000
3840000
3476000
3189000
2947000
2740000
2560000
2403000
2265000
4098000
3686000
3500000
3192000
2932000
2727000
2549000
2393000
2256000
2134000
2042000
1941000
2410000
2270000
2186000
2067000
1959000
1867000
1783000
1706000
1636000
1571000
1511000
1456000
1404000
1357000
1312000
1270000
1231000
1194000
1160000
1127000
1096000
1067000
1039000
1013000
987800
964000
941400
919800
899100
1540000
1499000
1496000
1439000
1384000
1338000
1294000
1254000
1215000
1180000
1146000
1114000
1084000
1055000
1028000
1002000
977800
954500
932300
911100
890900
871500
853000
835200
818200
801900
786200
1263000
1784000
1723000
1683000
1604000
1536000
1479000
1426000
1377000
1331000
1288000
1248000
1210000
1295000
1245000
1214000
1176000
1141000
1109000
1079000
1051000
1024000
1033000
1020000
999200
976200
953000
930800
909700
889500
870200
851800
834100
817100
800800
785100
770100
755600
741600
728200
715200
702700
690700
679000
667700
656800
646300
636100
626200
616600
607300
598300
589500
581000
572700
564700
556900
549300
541900
534700
527700
520900
514200
507800
501500
495300
489300
483400
477700
472100
466600
461300
456100
451000
446000
1077000
1136000
1149000
1119000
1082000
1053000
1026000
1e+06
975900
952700
930600
909500
889300
870000
851600
833900
816900
1319000
1370000
1357000
1314000
1327000
1281000
1245000
1206000
1170000
1137000
1106000
1076000
1048000
1021000
995600
971500
948500
926600
905600
931500
915700
958100
940000
923500
902800
882600
937600
1035000
1028000
1014000
989300
964900
942300
920600
9e+05
880200
861300
843200
825900
809200
793200
777900
961200
941100
934400
912000
890100
870800
852300
834600
817600
801300
785600
770500
1337000
1972000
1887000
1837000
1741000
1662000
1595000
2102000
1956000
1893000
1797000
1713000
2416000
6130000
5417000
5023000
4411000
3923000
3558000
3258000
3316000
7011000
6883000
6152000
5337000
4640000
4126000
3724000
3395000
3121000
2889000
2690000
2517000
2365000
2231000
2559000
2770000
5175000
4573000
4258000
3808000
6028000
5602000
5131000
4545000
4047000
3658000
3341000
3075000
2850000
2656000
2487000
2339000
2208000
2329000
2394000
2958000
3416000
3186000
2979000
2755000
2567000
2409000
4220000
3778000
3573000
5078000
5467000
6121000
7263000
6296000
5549000
5565000
4898000
4408000
3953000
3579000
3275000
3020000
2802000
2614000
3254000
2950000
2786000
2586000
2417000
2277000
2153000
2041000
1941000
1850000
1767000
1692000
1623000
1559000
1500000
1580000
1530000
1486000
1502000
1450000
1405000
1357000
1312000
1270000
1242000
1437000
1399000
3767000
3407000
3292000
3014000
2777000
2593000
2647000
2578000
2418000
2278000
2305000
2180000
2079000
1974000
1879000
1794000
1716000
1645000
1580000
1519000
1463000
1411000
1363000
1318000
1276000
1236000
1199000
1164000
1454000
1387000
1360000
1310000
1307000
1276000
1328000
1288000
1252000
1213000
1177000
1143000
1111000
1081000
1053000
1026000
1e+06
975600
1408000
1595000
1572000
1528000
1764000
1675000
1625000
1557000
1496000
1442000
1391000
1344000
1301000
1259000
1221000
1185000
1151000
1118000
1088000
1059000
1032000
1006000
981300
957800
935500
914200
1499000
2188000
2078000
2013000
1900000
1805000
1727000
1655000
1588000
1527000
1471000
1418000
1370000
1324000
1282000
1242000
1204000
1169000
1136000
1104000
1075000
1134000
1092000
1066000
1036000
1009000
984300
960700
989700
970900
953000
931200
909800
889600
870300
851800
834100
817100
800800
785200
770100
755600
741700
728200
715300
702800
690700
679000
667800
957300
935300
935700
912100
889300
870100
851600
833900
816900
800600
785000
769900
983900
964700
959600
936100
912900
892600
873200
854600
836800
819700
803300
787500
772400
757800
743800
730300
717200
704700
692500
680800
669500
8e+05
860700
849900
975300
956700
945600
923700
901900
882100
863100
845000
827500
810800
794800
779300
764500
750200
736500
723200
710500
719800
704500
693300
681000
669400
713400
1112000
1087000
1088000
1056000
1025000
1094000
1064000
1043000
1016000
989600
965700
943000
921300
900600
880900
861900
843800
826400
809800
1051000
1536000
1479000
1456000
1396000
1344000
1300000
1259000
1221000
1185000
1150000
1118000
1088000
1391000
9387000
7774000
7035000
5886000
5021000
4429000
3967000
3594000
3288000
3031000
2812000
2623000
2458000
2313000
2185000
2070000
1967000
1874000
1789000
1712000
1641000
1576000
1516000
1460000
1408000
1360000
1315000
1273000
1234000
1197000
1162000
1129000
1098000
1069000
1041000
1015000
989700
965800
943100
921400
900700
880900
862000
843900
826500
809800
793800
778400
763600
749400
735700
722500
709700
697400
685500
674000
662900
652200
641800
631700
621900
612500
603300
594400
585700
577300
569200
561200
553500
546000
683300
691100
695000
684900
672800
661800
955400
1048000
1050000
1032000
2037000
1892000
1868000
1974000
2705000
5392000
4826000
4485000
4876000
4277000
3904000
3532000
5098000
4530000
4192000
3767000
3416000
3139000
2904000
2703000
2528000
2513000
3715000
3383000
4569000
8111000
17090000
16250000
20960000
15580000
11790000
8892000
7037000
5880000
5071000
4467000
3997000
3619000
3309000
3048000
2827000
6855000
5891000
5413000
4712000
4158000
3749000
3416000
3139000
3225000
2970000
2781000
4597000
4226000
5333000
4671000
4243000
3805000
3450000
3167000
2928000
2724000
2546000
3294000
3684000
3534000
3289000
5532000
5583000
5142000
4592000
4084000
3687000
3364000
3095000
3086000
2850000
2669000
2495000
2344000
2212000
3869000
3515000
3348000
3068000
2829000
2638000
2471000
2390000
2258000
2142000
2031000
1932000
3275000
3293000
3126000
2899000
2683000
2508000
2357000
2659000
2713000
2537000
2388000
2241000
2117000
2009000
1912000
1824000
1744000
1670000
1603000
3494000
3145000
3033000
2790000
2586000
2426000
2285000
2160000
3009000
2760000
2638000
2459000
2305000
2177000
2063000
1961000
3352000
8506000
7338000
6583000
5582000
4818000
4283000
7220000
8655000
7569000
6530000
5543000
4811000
4267000
3837000
3488000
3199000
2956000
2747000
2567000
2409000
2270000
2175000
2061000
1961000
2040000
1929000
1849000
1764000
1687000
1618000
1555000
1496000
1442000
1392000
1345000
1491000
1439000
1403000
2036000
1946000
1998000
1887000
4932000
5398000
5002000
4491000
3992000
3608000
3299000
3403000
3214000
2996000
2785000
2596000
2434000
2292000
2166000
2053000
1951000
1860000
1776000
1701000
1631000
1567000
1507000
1801000
3639000
7007000
13800000
13290000
11180000
9110000
8383000
6974000
5975000
5228000
5006000
5708000
5091000
4603000
5618000
4946000
4500000
4020000
4504000
4137000
3787000
3445000
3153000
3511000
3223000
3020000
2798000
2606000
2444000
2300000
2173000
2060000
1958000
1865000
2347000
3238000
3284000
3657000
7653000
7310000
6524000
5612000
4851000
4293000
3858000
4498000
7780000
7486000
6619000
8549000
7253000
6538000
5577000
4849000
4295000
3858000
3505000
3214000
2968000
2758000
2576000
2417000
2277000
2152000
2041000
1941000
1850000
1767000
1692000
1623000
1559000
1500000
1446000
1395000
1348000
1304000
1262000
1224000
1187000
1153000
1375000
1311000
1283000
1797000
2010000
1921000
1841000
1748000
1671000
1603000
1541000
1484000
1430000
1381000
1334000
2010000
1883000
1841000
1749000
1669000
1601000
1539000
1482000
1429000
1379000
1333000
1290000
1250000
1212000
1176000
1142000
1111000
1081000
1052000
1025000
999600
975300
952100
930000
908900
888800
869500
851100
833400
816500
800200
784600
769500
755100
741100
727700
714800
702300
690200
678600
667300
656400
980900
963000
966000
941600
917300
896800
877200
858400
1973000
5579000
4978000
4667000
4128000
3697000
3373000
3102000
2873000
3093000
4909000
5659000
5383000
8952000
9747000
8378000
7069000
5920000
5091000
6713000
5815000
5227000
4587000
4076000
3683000
3362000
3314000
12920000
10470000
9018000
7251000
5978000
5142000
7047000
6077000
5448000
4756000
4206000
3789000
3449000
3166000
3337000
3068000
2872000
2671000
3100000
4846000
5735000
5218000
6398000
5565000
4991000
4409000
3939000
3572000
3269000
3015000
2798000
2611000
2448000
2304000
2177000
2063000
1960000
1868000
1784000
1707000
1636000
1572000
1517000
1461000
2213000
2062000
2009000
1901000
1806000
1727000
1720000
1873000
2472000
2331000
2336000
2201000
2086000
1981000
2224000
2096000
2646000
2467000
2362000
2222000
2098000
1992000
1896000
1809000
1730000
1658000
1592000
1530000
1474000
1421000
1394000
1346000
1304000
1263000
1224000
1187000
1153000
1121000
1090000
1270000
2385000
2465000
2401000
2268000
2133000
2022000
1924000
1835000
1753000
1679000
1611000
1548000
1490000
1478000
1426000
1380000
1334000
1291000
1250000
1212000
1177000
3160000
5461000
4994000
4607000
4088000
3674000
3354000
3087000
3813000
3579000
3360000
3096000
3924000
3615000
3391000
3115000
2876000
2678000
2507000
2356000
2223000
2104000
1998000
1901000
1814000
1735000
1662000
1595000
1534000
1477000
1424000
1375000
1329000
1286000
1246000
1208000
1173000
1139000
2720000
2489000
2440000
2278000
2239000
2120000
2020000
1921000
1831000
1750000
1676000
1608000
1546000
1488000
1434000
1384000
1338000
1294000
1254000
1216000
1180000
1146000
1114000
1084000
1309000
1240000
1214000
1213000
1303000
1525000
1506000
1470000
1417000
1366000
1321000
1278000
1239000
1201000
1166000
1133000
1102000
1073000
1045000
1018000
992700
1409000
1699000
2232000
2091000
2010000
1899000
1806000
1728000
1655000
1589000
1528000
1472000
1419000
1370000
1325000
1282000
1242000
1205000
1169000
1136000
1583000
3100000
2835000
2734000
2529000
2361000
2227000
2108000
2001000
1904000
1817000
1737000
1664000
1597000
1536000
1479000
1426000
1376000
1330000
1287000
1247000
1335000
2845000
2607000
2540000
2365000
2216000
2098000
1992000
1897000
1810000
1731000
1658000
1592000
1531000
1474000
1421000
1372000
1327000
1284000
1244000
1206000
1171000
1202000
1160000
1130000
1098000
1067000
1040000
1013000
988400
964600
941900
920300
899700
879900
951100
933700
926000
905400
885300
866200
847800
830300
813500
797300
781800
766900
752500
738700
725300
712500
700100
688100
676500
665300
654500
660500
653400
645100
635300
625400
615800
663100
755100
963400
1440000
2031000
6065000
5298000
4937000
4339000
3862000
3509000
3217000
2970000
2760000
2578000
2419000
2278000
2154000
2042000
1942000
1851000
1768000
1693000
1623000
1560000
1501000
1446000
1396000
1348000
1304000
1263000
1224000
1188000
1153000
1121000
1091000
1062000
1034000
1831000
1977000
1911000
1825000
1732000
1656000
1590000
4363000
3853000
3780000
3422000
3128000
2895000
2695000
2521000
2369000
2234000
2114000
2007000
2029000
2420000
2294000
2204000
2083000
1975000
1881000
1795000
1718000
1646000
1581000
1520000
1464000
1412000
1364000
1319000
1277000
1836000
4394000
4443000
4191000
3774000
3704000
3815000
3531000
3276000
3021000
2800000
3720000
10080000
9661000
8379000
6950000
5805000
5011000
4421000
3961000
3665000
3487000
3262000
3021000
2807000
2617000
2453000
2309000
2181000
2066000
1963000
1871000
2664000
2470000
2381000
2235000
2106000
2e+06
1903000
1816000
1736000
3304000
2979000
2866000
2648000
2464000
2319000
2190000
2074000
1971000
1877000
1792000
1715000
1644000
1578000
1518000
2274000
2116000
2058000
1945000
1846000
2117000
2019000
2235000
2123000
2732000
2536000
2425000
2276000
2145000
2035000
1978000
2174000
2109000
2019000
1920000
1828000
1747000
1673000
1605000
1543000
1683000
1769000
1684000
1619000
1549000
1489000
1781000
1691000
1643000
1594000
1531000
1476000
1424000
1374000
1329000
1286000
1246000
1208000
1172000
1139000
1118000
1226000
1173000
1145000
1838000
1725000
1698000
1618000
1548000
1490000
1436000
1949000
1831000
2174000
2080000
2127000
2299000
5135000
5445000
5039000
4512000
4013000
3627000
3315000
3053000
2831000
2640000
2473000
2326000
2196000
2080000
1976000
1882000
1797000
1719000
1647000
1582000
1521000
1465000
1413000
1365000
1320000
1277000
1238000
1200000
1165000
1132000
1101000
1072000
1044000
1017000
992000
968100
945200
1324000
1268000
1254000
1211000
1171000
1138000
1106000
1159000
1398000
1334000
1304000
1257000
1215000
1484000
1423000
1394000
1423000
1372000
1332000
1288000
1247000
1210000
1174000
1140000
1109000
1079000
1051000
1024000
998200
973900
950800
928800
907800
887700
868500
850100
911000
1316000
1597000
2172000
2034000
1960000
1854000
1765000
1689000
1620000
1557000
1498000
1444000
1500000
1449000
1407000
1359000
1313000
1271000
1232000
1195000
1160000
1128000
1097000
1067000
1040000
1013000
988400
1229000
1180000
1162000
1125000
1092000
1063000
1035000
1009000
984600
960900
938400
917000
1336000
1281000
1269000
1225000
1184000
1150000
1118000
1485000
2120000
2309000
2221000
2112000
2346000
2418000
2318000
2205000
2086000
1980000
1886000
1800000
1722000
1650000
1584000
1523000
1467000
1415000
1367000
1321000
1279000
1239000
1385000
1330000
1298000
1255000
1215000
1179000
1145000
1113000
1083000
1054000
1027000
1002000
977200
954000
931800
1141000
1764000
1695000
1663000
2387000
2363000
2311000
2852000
3978000
15350000
12380000
10360000
8107000
6535000
5537000
4819000
4979000
4406000
4002000
3618000
3301000
3042000
2822000
2631000
2466000
2320000
2191000
2075000
1972000
1878000
1793000
1715000
1644000
2338000
2363000
2365000
2241000
2761000
6977000
9871000
8512000
7306000
9540000
10740000
9040000
11890000
11600000
9531000
7798000
6406000
5439000
4746000
4216000
3796000
3455000
10970000
9093000
7981000
6572000
5522000
4808000
4264000
3835000
3487000
3198000
2955000
2746000
3186000
7478000
6570000
5954000
5131000
4481000
4007000
3628000
3315000
3054000
2832000
2640000
2473000
2327000
2377000
2250000
3074000
3043000
3148000
2902000
2706000
3320000
3418000
7983000
11040000
12890000
10600000
10750000
15740000
12550000
15500000
