133100
133000
133000
132900
132800
132700
132600
132500
132500
132400
132300
132200
132100
132000
131900
131800
896800
318700
317800
211000
234100
187000
170800
158500
9003000
2253000
2193000
924600
1173000
611300
370200
201200
202600
205800
208000
3497000
2004000
1236000
768000
723300
546600
397400
308700
290500
301700
306800
314900
318500
321200
322400
323000
323000
322700
323700
323900
323800
323600
323200
322800
322300
321800
321300
326300
328200
329500
329800
330100
330000
329700
329200
329500
337400
350100
360200
365700
369100
371100
372000
372000
371600
370900
372700
373100
373200
372900
372600
372000
371400
375600
376900
377800
377800
377800
377400
376900
376200
375500
374800
374000
373300
372600
371900
371100
370400
369700
369000
368300
367600
366900
366200
365500
364800
364100
363400
9117000
2435000
2374000
1118000
1364000
806800
564300
394400
393800
397300
409000
414200
417500
418900
419900
420000
419500
418700
417800
416900
416000
415100
414200
413400
412500
411600
410700
409800
409000
408100
407200
406400
405500
404700
403800
403000
402100
3e+06
1032000
1020000
661400
740000
579200
509100
459800
459600
458900
457900
456900
455800
454700
453700
565500
493800
498500
486200
490600
484500
481400
478600
477500
476400
475200
474000
472900
471700
470600
469400
468300
467100
466000
464900
463800
462600
461500
460400
459300
458200
457100
456100
455000
453900
452800
451800
450700
449700
448600
447600
446500
445500
444500
443400
442400
441400
440400
439400
438400
437400
436400
435400
434400
433500
432500
431500
430500
432100
432200
432100
431500
430900
430100
429300
428300
427400
426400
425500
424600
423600
422700
5970000
1745000
1711000
917600
1074000
722200
568700
461400
460700
459900
458900
457900
456900
455800
454700
453600
452600
451500
450500
449400
448400
447300
446300
445300
444200
443200
442200
441200
440200
439200
438200
437200
436200
435200
434200
433200
3010000
4599000
1904000
17560000
4878000
4708000
2113000
2417000
1328000
883200
571900
570500
569000
567300
565600
564000
562300
560700
559100
557400
555800
554200
552600
551100
549500
547900
546400
544800
543300
541700
540200
552400
578800
590500
597700
601000
603300
603600
602500
603300
604700
604400
603600
602300
600900
599300
597500
595700
593900
592000
590200
592000
602000
605400
607200
607200
607000
606000
604400
602600
600800
598900
597000
595200
2222000
13930000
4114000
3815000
2022000
2288000
1427000
1040000
788600
785800
782700
779600
776400
786500
788400
789000
787600
786100
795100
796500
796600
794900
793100
790600
787800
784600
781400
780800
778800
776500
773700
771000
769300
766800
823400
843400
857600
861900
871100
873100
872500
869600
887900
895700
899300
898900
898100
895800
892600
888700
886100
888900
887500
885400
882400
879300
875800
872000
891300
895900
898400
897300
896200
893600
916100
975400
1002000
1033000
1103000
1131000
1148000
1153000
1155000
1152000
1147000
1141000
1134000
1127000
1121000
1114000
1108000
1101000
1095000
1089000
1083000
1077000
1071000
1065000
1059000
1053000
1047000
1042000
1044000
1041000
1038000
1034000
11950000
3707000
3660000
2114000
21730000
6384000
5974000
3007000
3548000
2321000
1804000
1475000
1486000
1490000
1486000
1482000
1474000
1464000
1453000
1442000
1432000
5683000
2514000
2538000
1986000
2163000
1922000
1816000
1733000
1727000
1716000
1781000
1791000
1796000
1788000
1781000
1769000
1755000
1740000
1724000
1709000
2559000
1968000
1974000
1856000
1873000
1812000
1777000
1747000
1731000
1716000
1701000
1686000
1671000
1686000
1681000
1674000
1663000
1652000
1640000
1627000
1613000
1600000
1586000
1573000
1561000
1548000
1536000
1523000
1511000
1500000
1488000
1477000
1465000
1454000
1443000
1432000
1422000
1411000
1401000
1391000
1381000
2438000
1620000
1605000
1444000
1465000
1388000
1350000
1320000
1311000
1302000
1294000
1285000
1276000
1268000
1260000
1251000
1243000
1235000
1227000
1220000
1212000
1204000
1197000
1189000
1182000
1175000
1168000
1161000
1177000
1228000
1245000
1253000
1254000
1254000
1250000
1243000
1236000
1228000
1220000
1212000
1205000
1197000
1190000
1182000
1175000
1168000
1161000
1154000
1147000
1140000
1133000
1127000
1120000
1114000
1107000
1101000
1095000
1089000
1082000
1076000
1070000
1064000
1059000
1053000
1047000
1041000
1036000
1030000
1025000
1019000
1014000
1009000
1003000
998000
992900
987800
982700
977700
972800
967900
963000
958200
953500
948700
944100
939500
934900
930400
925900
921500
917100
912700
908400
904100
899900
895700
891500
887400
883300
879300
875300
871300
7250000
2382000
2341000
1425000
1603000
1195000
1015000
888100
884300
880300
876300
872300
868400
864500
860600
856800
853000
849200
867100
878500
883400
884300
886900
886300
884300
880900
877300
873600
869700
865800
861900
858100
854300
850500
846700
843000
839300
835700
832100
828500
824900
821400
817900
814400
811100
819700
820800
820800
818900
817100
814400
811400
808000
804700
801300
798000
794700
791400
788200
785000
794600
796200
796700
795100
793500
791200
788300
785200
782000
778800
775700
772600
812300
863700
887300
900300
906900
910800
910600
935700
941800
945400
944400
943500
6884000
2467000
2462000
1637000
1811000
1442000
1279000
1160000
2081000
1493000
1543000
1443000
1480000
1430000
1405000
1382000
1374000
1364000
1354000
1345000
1336000
1326000
1317000
1333000
1737000
1557000
1590000
1558000
1574000
1662000
1695000
1710000
1711000
1711000
1705000
1693000
1679000
1665000
1650000
1636000
1623000
1609000
1612000
1621000
1662000
1712000
1729000
1733000
1730000
1723000
1713000
1822000
1846000
1862000
1962000
2043000
2130000
2237000
2271000
2285000
2324000
2324000
2314000
2293000
2272000
2248000
2223000
2197000
2173000
2209000
2203000
2193000
2175000
2158000
2137000
2115000
2092000
2070000
2048000
2026000
2005000
1984000
1964000
1944000
1936000
1921000
1905000
1898000
1884000
1869000
1853000
1836000
1819000
1803000
1819000
9588000
3786000
3760000
2665000
2879000
2382000
2154000
1999000
1991000
1977000
1960000
1959000
1945000
1931000
1913000
1896000
1879000
1861000
1843000
1825000
1808000
1791000
1775000
1758000
1743000
1727000
1711000
1696000
1681000
1681000
1672000
1661000
1648000
1636000
1625000
1624000
1616000
1606000
1595000
1583000
1571000
1559000
1546000
1534000
1522000
1510000
1498000
1516000
1546000
1553000
1552000
1576000
1579000
1577000
1568000
1559000
1548000
1537000
1525000
1513000
1501000
1489000
1478000
1466000
1455000
1444000
1434000
1423000
1412000
1402000
1392000
1382000
1372000
1395000
1460000
1480000
1490000
1490000
1489000
1482000
1473000
1462000
1451000
1440000
1429000
1419000
1408000
1398000
1388000
1378000
1368000
1358000
1349000
1339000
1330000
1321000
1312000
1303000
1294000
1286000
1277000
1269000
1260000
1252000
1244000
1236000
1228000
1220000
1212000
1205000
1197000
1190000
1183000
1175000
1168000
1161000
1154000
1147000
1140000
1134000
1127000
1121000
1114000
1108000
1101000
1095000
1089000
1083000
1077000
1071000
1065000
1059000
1053000
1047000
1048000
1045000
1041000
1036000
1031000
1026000
1021000
1015000
1010000
1005000
999700
994500
989400
984300
979300
974300
969400
964500
959700
954900
950200
945500
940900
936300
943500
943200
942000
938900
935900
932100
928000
923600
919200
914800
910500
906200
901900
897700
893500
889400
885300
881300
877200
873200
869300
865400
861500
895600
905900
912700
913400
914100
917300
915900
913200
909600
905900
902000
897900
893800
889700
885600
881500
877500
873500
869500
872600
906900
918200
925100
926300
927100
925300
922000
917800
913500
909200
904900
900600
32480000
8390000
8172000
3641000
4524000
2514000
1636000
1021000
1016000
1011000
1006000
1e+06
995200
990100
985000
980000
975000
970100
965200
960400
955600
950900
946200
941600
937000
932400
927900
923500
919100
914700
910400
906100
901800
897600
893400
889300
885200
881100
877100
873100
869200
865300
861400
857500
853700
850000
846200
842500
838800
835200
831600
828000
824400
820900
817400
814000
810500
807100
803800
800400
797100
793800
790500
787300
784100
780900
777700
774600
771500
768400
765400
762300
759300
756300
753400
750400
747500
774100
793200
802800
806600
871300
895200
911300
925500
2555000
1444000
1472000
1268000
1348000
1263000
1226000
1194000
1254000
1271000
1281000
1281000
1281000
1276000
1270000
1262000
1254000
1252000
1311000
1326000
7055000
19430000
6809000
15850000
6168000
6236000
3620000
3327000
2370000
2083000
1875000
1857000
1839000
1822000
1805000
1788000
4874000
2660000
2675000
2255000
2341000
2144000
2048000
1972000
1952000
1954000
1941000
1928000
2041000
2073000
2167000
2184000
2197000
2189000
2178000
2158000
2136000
2113000
2090000
2135000
2189000
2207000
3781000
2720000
2782000
2583000
2625000
2517000
2456000
2402000
2373000
2358000
2333000
2308000
2282000
2257000
2232000
2366000
2387000
2398000
2386000
2376000
2356000
2331000
2303000
2276000
2249000
2223000
2198000
2310000
2353000
2369000
2361000
2352000
2335000
2312000
2321000
2324000
2311000
2292000
2272000
2249000
2225000
2200000
2175000
2151000
2127000
4470000
2789000
2793000
2466000
2521000
2363000
2280000
2212000
2187000
2243000
2242000
2237000
2219000
2204000
2183000
2161000
2137000
14320000
5249000
5209000
3492000
3829000
3052000
2698000
2630000
2784000
2832000
2844000
2838000
2823000
2794000
2757000
2719000
2680000
2643000
2607000
2572000
2538000
2505000
2473000
2441000
2410000
2380000
2351000
2323000
2295000
2268000
2241000
2215000
2190000
2165000
2141000
2117000
2094000
2071000
2049000
2083000
2083000
2088000
14960000
5205000
5186000
3357000
3718000
2890000
2519000
2249000
2226000
2207000
2185000
2162000
2138000
2116000
2093000
2070000
2048000
2027000
2005000
1985000
1964000
1944000
1925000
1906000
8950000
14480000
23320000
9463000
7890000
5317000
4951000
3432000
2735000
2380000
2356000
5069000
3017000
2987000
9938000
4366000
4116000
2957000
5279000
3130000
2897000
2421000
2677000
5557000
3020000
2900000
2421000
2473000
2240000
2124000
2040000
2019000
1998000
1977000
1957000
1950000
2019000
2051000
15250000
5285000
5241000
3366000
3731000
2882000
2501000
2224000
3023000
2623000
2699000
4685000
3259000
3226000
2926000
2953000
2801000
2715000
2642000
2607000
2572000
2538000
2504000
2472000
2441000
2410000
2380000
2351000
2322000
2294000
2267000
2241000
2215000
2189000
2165000
2140000
2117000
2094000
2071000
2049000
2027000
2006000
1985000
1965000
1945000
1925000
1929000
1950000
1947000
1938000
1925000
1912000
1895000
1878000
1859000
1842000
1824000
1807000
1846000
1846000
1843000
1832000
1821000
1808000
1792000
1776000
1759000
1744000
1728000
1712000
1697000
1682000
1668000
1653000
1639000
1625000
1612000
1598000
1585000
1572000
1559000
1547000
1534000
1522000
1510000
1498000
1487000
1475000
1464000
1453000
1442000
1431000
1421000
1410000
1400000
1390000
1380000
1370000
1360000
1351000
1379000
1382000
1382000
1377000
1372000
1365000
1356000
2006000
14310000
4737000
4604000
2823000
3148000
2326000
1956000
1698000
1684000
1694000
1799000
1889000
6773000
3208000
3290000
2641000
2791000
2481000
2338000
2342000
2353000
2354000
2338000
2324000
2303000
2278000
17360000
6066000
6008000
3873000
4289000
3325000
2888000
2717000
2725000
2724000
2701000
2682000
2653000
2620000
2586000
2588000
2565000
2540000
2511000
2540000
2696000
2831000
2871000
3001000
3025000
3032000
3007000
2978000
2939000
2897000
2854000
2812000
2772000
2732000
2693000
2656000
2620000
2584000
2550000
2516000
2484000
2452000
2421000
2390000
2361000
2433000
2433000
2428000
2408000
2391000
2367000
2345000
2348000
2426000
2434000
2444000
2431000
2417000
2394000
2412000
2397000
2456000
2453000
2447000
2426000
2406000
2381000
2354000
2325000
2297000
2270000
2244000
2218000
2192000
2167000
2143000
2119000
2096000
2074000
2051000
2030000
2008000
1987000
1967000
1995000
2119000
2176000
2199000
2200000
2197000
2184000
2164000
2141000
2118000
2094000
2072000
2050000
2028000
2007000
1986000
1966000
1946000
1926000
1907000
1888000
8010000
6481000
4255000
3402000
3158000
2857000
2490000
2272000
2192000
2222000
2220000
2211000
2194000
2259000
2266000
2263000
2246000
2231000
2210000
2187000
2163000
2139000
2115000
2092000
2069000
2047000
2026000
2004000
1984000
1963000
1943000
1924000
1905000
1886000
1868000
1850000
1832000
1815000
6455000
2941000
2910000
2239000
2358000
2058000
1917000
1813000
1796000
1781000
1765000
1749000
1733000
1717000
1702000
1687000
1672000
1658000
1644000
1630000
1616000
1603000
1589000
1576000
1563000
1551000
1538000
1526000
1514000
1508000
1532000
1537000
1536000
1529000
1522000
1513000
1502000
1491000
1479000
1468000
1457000
1446000
1435000
1425000
1414000
1404000
1415000
1450000
1505000
1522000
1530000
1529000
1526000
1518000
1507000
1496000
1484000
1473000
1462000
1451000
1440000
1429000
1418000
1408000
1398000
1388000
2572000
1754000
1769000
1614000
1648000
1573000
1535000
1503000
1491000
1480000
1468000
1457000
1446000
1436000
1425000
1414000
1404000
1394000
1384000
1374000
1364000
3421000
1901000
1899000
1610000
1666000
1532000
1468000
1420000
1410000
1399000
1389000
1379000
1369000
1360000
1350000
1341000
1331000
1322000
1313000
1304000
1295000
1287000
1278000
1270000
1261000
1253000
1245000
1237000
1229000
1221000
1214000
1206000
1198000
1191000
1184000
1176000
1169000
1162000
1155000
1148000
1141000
1135000
1128000
1121000
1115000
1109000
1102000
1096000
1090000
1084000
1077000
1071000
1065000
1060000
1054000
1048000
1042000
1037000
1031000
1026000
1020000
1015000
1009000
1008000
1034000
1088000
19710000
5596000
5489000
2837000
3362000
2180000
1661000
1295000
1286000
1278000
1269000
1261000
1253000
1245000
1237000
1229000
1221000
1213000
1206000
1198000
1191000
1183000
1176000
1169000
1162000
1155000
1148000
1141000
1134000
1128000
1121000
1115000
1108000
1507000
1226000
1245000
1195000
1208000
1182000
1168000
4448000
2043000
2053000
1609000
1708000
1505000
1413000
1344000
1335000
1326000
1317000
1308000
1299000
1295000
1323000
1327000
1328000
1323000
1319000
1312000
1304000
1296000
1287000
1278000
1270000
1262000
1253000
1245000
1237000
1229000
5283000
2339000
2373000
1831000
1958000
1727000
1644000
1571000
1567000
1560000
1551000
10460000
3855000
3878000
2646000
2909000
2353000
2103000
1919000
1901000
1885000
1877000
1866000
1851000
1836000
1820000
1804000
1788000
1771000
1755000
1739000
1724000
1782000
1790000
1794000
1785000
1778000
1766000
1752000
1736000
1725000
1836000
1862000
1878000
1875000
1872000
1862000
1848000
1830000
1813000
1796000
1779000
1763000
1747000
1731000
1716000
1776000
1784000
1788000
1780000
1773000
1794000
1793000
1815000
1814000
1872000
1880000
1883000
1873000
1864000
1850000
1837000
1850000
1848000
1840000
1827000
1815000
1800000
1784000
1768000
1752000
1752000
1756000
1750000
1739000
1727000
1715000
1737000
1733000
1727000
1718000
1707000
1695000
1681000
1667000
1653000
1639000
1625000
1611000
1598000
1584000
1572000
1571000
1562000
1553000
1627000
1644000
1653000
1649000
1646000
1637000
1626000
1658000
1660000
1694000
1701000
1715000
10800000
3971000
3974000
2698000
2958000
2379000
2121000
1931000
1913000
1894000
1876000
1858000
1840000
1822000
1805000
1788000
1772000
1756000
1740000
1724000
1709000
1694000
1679000
1664000
1650000
1636000
1622000
1608000
1595000
1582000
1569000
1556000
1544000
1531000
1519000
1507000
1495000
1484000
1473000
1461000
1450000
1439000
1429000
1418000
1408000
1397000
1417000
1417000
1415000
1408000
2788000
1734000
1720000
1514000
1549000
1455000
1408000
1373000
1364000
1354000
1345000
1336000
1326000
1317000
1308000
1300000
1291000
1282000
1274000
1265000
1257000
1249000
1241000
1233000
1225000
1244000
1279000
1334000
1353000
1363000
1364000
1363000
1358000
1349000
1340000
1331000
1322000
1313000
1304000
1295000
1286000
1278000
1269000
1261000
1253000
1245000
1237000
1229000
1221000
1213000
1206000
1198000
1191000
1183000
1176000
1169000
1162000
1155000
1148000
1141000
1134000
1128000
1121000
1115000
1121000
1119000
1116000
1111000
1106000
1101000
1095000
1111000
1162000
1199000
1216000
1222000
1244000
1263000
1267000
1266000
1262000
1256000
1250000
1242000
1234000
1226000
1219000
1211000
1203000
1196000
1188000
1181000
1174000
1167000
1160000
1153000
1146000
1139000
1132000
1126000
1119000
1113000
1106000
1100000
1094000
1087000
1081000
1075000
1069000
1063000
1100000
1109000
1115000
1164000
1191000
1205000
2424000
33150000
9067000
8687000
4191000
4999000
2952000
2048000
1427000
1437000
1433000
1428000
1419000
1411000
1402000
1393000
1383000
1373000
1363000
1354000
1344000
1335000
1326000
1316000
1307000
1299000
1323000
1340000
1350000
1351000
5881000
3670000
2969000
2379000
5836000
4306000
3225000
9131000
4144000
3990000
2906000
2989000
2542000
2348000
2202000
2178000
2154000
13020000
4896000
4859000
3320000
3618000
2921000
2602000
2368000
2339000
2311000
2284000
2257000
2231000
6937000
3563000
3583000
2939000
3067000
2765000
2616000
2498000
2467000
2435000
2405000
2375000
2346000
2317000
2306000
2284000
2354000
2377000
2405000
2399000
2390000
2442000
7225000
5396000
4923000
4071000
4047000
15150000
6467000
13430000
