1940000
1886000
1831000
1780000
1731000
1685000
1641000
1600000
1561000
1523000
1487000
1453000
1421000
1390000
1360000
1331000
20850000
5048000
1531000
1345000
1928000
9662000
1886000
6675000
37100000
3812000
1413000
1382000
1353000
6354000
2203000
1350000
5270000
2318000
5203000
31370000
21100000
2644000
1429000
1398000
3943000
1532000
1332000
12740000
2114000
5569000
1613000
1303000
1277000
1252000
1228000
1204000
2456000
1254000
1148000
1128000
1108000
1089000
1071000
1053000
1036000
5825000
1354000
1017000
1001000
985400
970400
955800
941700
1352000
7352000
8708000
4239000
1181000
982100
967200
952700
938700
925100
911800
2347000
996900
888100
875900
864000
852500
841200
3858000
1049000
836100
825300
814800
804500
794500
784700
775200
765900
756800
747900
739200
730800
722500
714400
706500
698800
691200
683800
676500
669400
662500
655700
649000
642500
636100
16870000
1834000
743100
734500
726200
718000
710000
702200
2662000
7045000
1157000
734800
726500
718300
710300
702500
694800
687300
680000
672800
665800
659000
652200
645600
639200
632800
626600
620500
614600
608700
603000
597300
591800
586400
581000
575800
570600
11730000
1397000
5372000
991400
669600
662600
655800
649100
642600
636200
629900
623800
617700
611800
606000
6915000
1070000
642800
636400
630100
623900
617900
612000
606200
600500
594900
589400
584000
578700
573500
568400
563400
558500
553600
548900
544200
539600
535100
530700
526300
522000
517800
513600
509500
505500
501500
497600
493800
490000
486200
482600
479000
475400
471900
468400
465000
461700
458400
455100
451900
448700
445600
442500
439500
436500
433500
430600
427700
424900
422100
419300
416600
413900
411200
408600
406000
403400
400900
398400
395900
393500
391100
11320000
1209000
477300
473700
470200
466800
463400
460100
456800
453600
450400
447200
444100
441000
438000
435000
432100
429200
426300
423500
420700
418000
415300
412600
409900
407300
404800
402200
399700
397200
394800
392300
390000
387600
385300
383000
8735000
12610000
1322000
22690000
4869000
903100
716300
708300
700600
693000
685500
678200
671100
664100
657300
650600
644000
637600
631300
625100
619000
613100
607300
601600
595900
590400
585000
579700
574500
569400
3385000
8740000
1181000
644200
637800
631500
625300
619200
1245000
1336000
661100
610000
604300
598600
593100
587600
582200
577000
571800
566700
1514000
3781000
803400
588500
583100
577900
572700
567600
562600
557700
552900
548100
543500
538900
21320000
30740000
2785000
861500
850000
838800
828000
817300
807000
796900
787100
777500
4480000
1038000
780800
771400
762200
3914000
981100
761400
752500
743700
735100
726700
718600
710600
1399000
803800
697000
685800
678500
1010000
689400
17220000
1882000
768800
759700
1960000
832500
743200
734600
6130000
1961000
815700
750900
742200
733700
725300
717200
1076000
2293000
812800
700800
693200
685800
678500
671300
6411000
1083000
692700
685200
678000
670800
1863000
19220000
2024000
4066000
12980000
1683000
874400
862600
851100
839900
828900
818300
807900
797800
788000
778400
769000
759800
750900
742100
733600
725300
717100
709100
701400
693700
686300
679000
1521000
727600
664100
657200
650500
38120000
3361000
849600
8191000
37450000
4762000
1150000
1047000
1030000
4976000
9127000
1579000
1039000
1022000
1006000
990200
975000
960300
946000
932200
918700
21970000
7805000
1410000
12580000
2352000
1110000
1060000
1042000
1025000
12110000
1804000
1046000
1029000
1012000
996600
981300
966400
952000
937900
924300
12500000
1753000
966000
951600
937600
924000
910800
898000
885500
873300
861500
850100
3703000
1045000
843100
832100
821400
810900
800700
790800
781100
771700
762500
753400
744700
736100
727700
719500
711400
703600
695900
688400
681100
673900
666800
660000
653200
646600
640100
633700
627500
621400
615400
609600
603800
598100
592600
587100
581800
576500
571400
566300
561300
556500
551700
546900
542300
537700
533200
528800
524500
520200
516000
511900
507800
503800
499900
496000
947100
7523000
1019000
549000
544400
539800
535200
530800
526400
522100
517900
513700
509600
505600
501600
497700
493900
490100
486400
482700
479100
475500
472000
468500
465100
461800
458500
455200
452000
448800
445700
442600
439600
436600
433600
430700
427800
424900
422100
419400
416600
413900
411300
408700
406100
403500
401000
398500
396000
393600
391200
388800
386400
384100
381800
379600
377300
375100
372900
370800
368600
366500
364400
362400
360300
358300
356300
354300
352400
350500
348600
346700
344800
342900
341100
4353000
1330000
427500
379600
377400
375200
373000
370800
368700
366600
364500
362400
360400
358400
356400
354400
352400
2803000
1656000
456900
380100
787600
407200
377700
375500
373300
371100
369000
366900
364800
362700
360700
358600
356600
354700
352700
350800
348900
347000
345100
343200
341400
339600
337800
1688000
436900
345100
343200
341400
339600
337800
336000
334300
332500
330800
329100
327400
325800
324100
2308000
471000
337100
335300
333600
331900
330100
328500
326800
325100
323500
321800
7682000
7904000
915800
445100
442100
439000
436000
5720000
824900
469300
465900
462500
7344000
23230000
2430000
698200
673500
666500
659600
652800
2749000
22420000
5330000
1023000
806900
796800
787000
777400
768100
758900
750000
741300
732800
724400
716300
4576000
3923000
18720000
2051000
854900
843500
16370000
3579000
1044000
923400
910200
897400
884900
872800
861000
849500
838300
827500
816900
2860000
3094000
6666000
6465000
1442000
906000
881000
869000
857300
16960000
2024000
935600
13490000
7961000
8074000
10620000
1696000
1069000
5693000
1374000
1047000
1030000
1014000
997700
982300
967400
952900
7244000
1393000
958500
944200
930500
917100
904000
891400
879100
867100
855500
844200
833100
822400
811900
1892000
873800
791300
1921000
857700
772400
763200
754200
745300
736700
4452000
1317000
27360000
2685000
899300
886800
874600
862800
1985000
1871000
911000
837000
2455000
938600
819600
809200
799100
789200
779500
770100
760900
752000
743200
734600
726300
718100
710100
702300
694700
687200
1561000
737900
672100
665100
658200
713500
2082000
854900
653600
639900
633600
627400
621300
615300
609400
603600
598000
592400
3052000
4528000
887400
631300
4111000
881800
643300
636900
630600
624500
618400
612500
606700
601000
595400
589900
584500
579200
574000
568800
563800
558900
554000
549300
544600
540000
2587000
8713000
1152000
612400
606600
600900
595300
589800
584400
579100
573900
568800
563700
558800
554000
549200
544500
539900
535400
531000
526600
522300
518000
513900
509800
505700
501800
497900
494000
490200
486500
482800
479200
475600
472100
468700
465300
461900
458600
455300
452100
448900
445800
442700
439700
436700
433700
430800
427900
425100
422200
419500
416700
414000
411400
408800
406200
403600
401100
398600
396100
393700
391300
388900
386500
384200
381900
379600
377400
375200
373000
370800
368700
366600
364500
362400
360400
358400
356400
354400
352500
350500
348600
346700
344900
343000
341200
339400
337600
335800
334100
332300
330600
328900
327200
325600
323900
322300
320700
319100
317500
315900
314400
312800
311300
309800
308300
306800
5306000
681500
346900
345000
343200
961100
386600
343500
341700
339900
338100
336300
334500
332800
331100
329400
327700
326000
324400
548000
5825000
738800
371700
369600
367500
365400
363300
361200
359200
357200
355200
353300
642700
43850000
3528000
622100
616100
610200
604400
598800
593200
587800
582400
577100
572000
566900
561900
557000
552200
547500
542800
538200
533700
529300
525000
520700
516500
512400
508300
504300
500300
496400
492600
488800
485100
481500
477900
474300
470800
467400
464000
460700
457400
454100
450900
447800
444600
441600
438500
435600
432600
429700
426800
424000
421200
418500
415700
413100
410400
407800
405200
402700
400100
397700
395200
392800
390400
388000
385700
383400
381100
378800
376600
374400
372200
370100
367900
365800
363700
4098000
2487000
538800
414000
13020000
1357000
513300
2312000
7731000
18400000
2031000
723000
5380000
1045000
725300
717200
11880000
1536000
783000
773500
764300
755200
746400
737800
729300
1808000
11410000
1508000
9451000
21920000
35890000
10220000
24620000
2812000
1252000
1228000
1204000
1182000
1161000
1140000
1120000
1100000
1082000
1064000
1046000
29520000
3065000
1142000
1122000
1103000
1084000
1066000
1048000
3731000
1212000
1015000
17150000
3131000
10060000
1712000
1097000
1079000
1061000
1043000
1027000
1010000
994500
8568000
7884000
2293000
1082000
19080000
6599000
1407000
1102000
1083000
1065000
1047000
1030000
2301000
1092000
990200
975000
960300
946100
17230000
2115000
1012000
996300
981000
966100
951600
937600
924000
910800
898000
885500
14340000
4414000
1138000
952900
938900
925200
912000
3859000
2879000
1038000
907400
894700
882300
870200
858500
847100
836000
825200
814600
18590000
2106000
907800
895000
882600
870600
858800
847400
8105000
1375000
879000
867000
855400
844000
833000
822300
11990000
33110000
3159000
1041000
1024000
1008000
992000
19020000
13470000
1883000
1117000
1098000
1079000
1061000
1044000
1027000
1010000
994600
979300
964500
950100
936100
922600
909400
896600
884200
872100
860300
848900
837700
826800
816200
805900
795900
786100
776500
767200
758000
749100
3769000
1426000
1970000
831700
26780000
8676000
1348000
932500
919000
906000
893300
880900
1024000
869000
847300
836100
825300
814800
804500
794500
784700
775200
765900
756800
747900
739200
730800
868400
19400000
2.3e+07
30830000
9625000
2290000
2311000
6022000
1450000
1108000
1089000
3252000
9275000
1641000
1084000
9883000
1695000
1088000
1069000
6345000
2163000
1105000
1039000
1022000
5090000
1288000
999200
983800
968800
954300
940200
926600
913300
900400
887800
1020000
10300000
3818000
5809000
26800000
5998000
1313000
1081000
1063000
1046000
1029000
7653000
22450000
5985000
1379000
15270000
2149000
1901000
1215000
1146000
1126000
1106000
1087000
1069000
1052000
1034000
1018000
1002000
986400
971300
956700
942600
928800
915500
902500
889900
877700
865700
854100
842800
831800
821100
810700
800500
790600
780900
771500
762200
753200
744500
2692000
873500
734700
726300
718200
710200
702400
694700
687200
679900
672700
6213000
1070000
692600
685100
677900
670700
663800
656900
650200
643700
637300
631000
624800
618700
612800
607000
601300
595700
590200
584800
579500
574200
569100
564100
559200
554300
549500
544900
540300
535700
531300
526900
522600
518300
514200
510100
506000
502100
498100
494300
490500
486800
4001000
744700
506500
502600
498600
494800
491000
487200
17570000
29160000
2623000
785300
775700
766400
757300
748400
739700
3665000
14590000
8655000
2465000
20150000
10870000
1623000
1034000
1017000
1001000
13300000
1871000
1033000
1017000
1001000
985200
970200
2438000
50920000
4489000
1135000
1116000
1096000
1078000
14760000
2047000
1114000
1095000
1076000
1058000
1041000
1024000
4552000
1250000
998000
982600
6091000
16870000
10980000
1707000
10950000
1802000
1125000
1105000
1086000
1068000
1051000
1033000
1017000
1001000
985500
970500
955900
941800
928000
914700
901800
889200
877000
865000
853500
842200
9271000
1455000
880900
868900
857200
845800
1149000
3501000
9513000
1467000
1931000
956000
874600
862700
4556000
1121000
7546000
1356000
898100
885600
873500
861700
850200
839000
828100
817500
807100
797100
787200
777600
768300
759100
750200
741500
732900
724600
716500
708500
700800
1831000
17570000
4094000
965100
810800
800600
790700
781000
771500
762300
753300
744500
735900
727500
719300
711300
703500
695800
688300
681000
673800
666700
20430000
19600000
2075000
896400
884000
871900
860100
848700
5560000
1782000
904200
852900
8719000
1672000
905700
876900
865000
853400
842200
831200
820500
810100
799900
790000
780300
770900
761700
752700
743900
735300
727000
718800
710800
702900
695300
687800
680500
673300
9629000
1325000
719300
711300
1335000
742700
693000
685500
678300
671100
664100
657300
650600
644000
637600
631300
625100
619100
613100
607300
601600
596000
590500
585000
579700
574500
569400
564400
559400
3496000
1176000
605000
573200
568100
563100
558200
553400
548600
543900
539300
534800
530400
526000
521700
517500
1631000
5052000
6203000
962100
600900
595300
589800
584400
579100
573900
568800
563800
558900
554000
549300
544600
540000
535500
531000
526600
522300
12330000
1400000
608200
602500
596900
591300
585900
580600
575400
570200
565200
560200
555300
550600
545900
541200
536700
532200
527800
523500
519200
8595000
1124000
581400
576200
571000
566000
561000
556100
551300
546600
542000
537400
532900
528500
524200
519900
515700
511600
507500
503500
499600
495700
491900
488100
484500
480800
477200
473700
470200
466800
463400
460000
456800
453500
450300
447200
444100
441000
438000
435000
432100
429200
426300
423500
420700
418000
415200
412600
409900
407300
404700
402200
399700
397200
394700
392300
389900
387600
385200
382900
380700
378400
376200
3091000
7731000
7754000
27250000
2455000
696100
688600
681200
674000
667000
660100
653300
646700
640200
633900
627700
621500
615600
609700
603900
598300
592700
587300
581900
576700
571500
566400
561500
556600
551800
547000
542400
537800
533300
528900
524600
4861000
3196000
732800
571500
566400
561400
556600
23840000
2274000
1426000
758700
703500
695800
688300
681000
673800
666700
659900
653100
1148000
6169000
1047000
674300
667300
660400
653600
647000
640500
634200
627900
621800
615800
609900
604200
598500
592900
8310000
23680000
5015000
1327000
826400
3016000
4076000
1029000
810900
800700
790800
9133000
34980000
7774000
1339000
1022000
1006000
990000
974800
960100
1162000
1961000
1375000
946400
908300
895500
883100
871000
859300
847800
836700
825900
9788000
1479000
870200
858400
847000
835900
825100
814600
804300
17080000
1989000
890600
878300
866400
854700
843400
832400
821700
811200
801000
791100
781400
772000
762700
9503000
1402000
809500
799400
789500
4556000
1431000
4174000
1240000
7775000
1323000
849000
837900
827000
816400
1101000
4134000
1678000
855800
803000
793000
783300
773800
764500
755400
2467000
2637000
875700
748900
740200
731800
4967000
1032000
740700
931300
738800
717300
709400
701600
693900
686500
679200
672000
665000
658200
651500
1934000
735900
643600
11460000
1436000
707100
699300
691700
684300
677100
6243000
1076000
5121000
1595000
2301000
4082000
23220000
7166000
1239000
907400
894600
882200
870200
858500
847100
836000
825100
814600
804300
794300
784500
775000
765700
756600
747800
739100
730600
722400
714300
706400
698600
691100
683700
676400
669300
662400
655600
648900
642400
636000
629700
623600
617500
611600
605800
600100
594500
589100
583700
578400
573200
2296000
695600
575500
570400
565300
3268000
763000
577800
1105000
608300
567900
562900
557900
553100
548400
543700
539100
534600
530200
525800
521500
517300
513100
509100
505000
501100
497200
493300
489600
1837000
5161000
6417000
953900
577700
572500
567400
562400
557500
552700
547900
543300
538700
534200
529800
525400
521100
516900
512800
508700
504700
500700
496800
493000
489200
485500
481800
478200
474700
471200
467700
464300
461000
457700
454400
451200
448100
445000
441900
438900
435900
432900
430000
427100
424300
421500
2998000
7948000
3791000
704800
513900
3058000
2537000
664800
538000
533500
529100
524800
520500
516300
512200
508100
504100
500100
496200
492400
488700
485000
481300
477700
474200
470700
467200
463800
460500
457200
454000
450800
447600
444500
441400
438400
435400
432500
429600
4677000
849300
463200
7878000
2426000
848500
5428000
9608000
45300000
4169000
885900
850700
839500
828600
817900
3633000
1011000
812100
801900
791900
782200
772700
763500
754500
745600
737000
728600
720400
712300
704500
696800
689300
5351000
3248000
1799000
781000
6815000
28230000
18150000
2089000
1120000
1.6e+07
12840000
1839000
18100000
8954000
1659000
1194000
1172000
1151000
1131000
1111000
1092000
1074000
42940000
4025000
1204000
1181000
1160000
1139000
1119000
1100000
1081000
1063000
1045000
1029000
5795000
31530000
3704000
1184000
1128000
1109000
1090000
1071000
1054000
1036000
1020000
1004000
988200
973100
2317000
1049000
10400000
3667000
3629000
1163000
981000
7926000
5193000
31070000
19890000
14480000
2099000
9528000
26870000
3362000
20130000
