962200
961300
958800
955300
951300
947000
942500
938000
933500
928900
924400
919900
915500
911000
906700
902300
898100
942200
981100
1004000
1016000
1023000
1048000
1064000
1088000
1200000
1283000
1331000
1356000
1367000
1389000
1403000
1407000
1421000
1430000
1449000
1573000
1739000
1845000
1900000
1924000
1944000
1949000
1944000
1996000
2025000
2058000
2070000
2066000
2055000
2039000
2021000
2001000
1989000
1974000
1956000
1938000
1919000
1900000
1882000
1863000
1845000
1853000
1853000
1845000
1833000
1819000
1803000
1787000
1771000
1757000
1780000
1831000
1874000
1892000
1894000
1887000
1875000
1861000
1845000
1829000
1821000
1810000
1797000
1782000
1766000
1750000
1735000
1738000
1735000
1726000
1715000
1701000
1688000
1673000
1659000
1645000
1631000
1617000
1603000
1589000
1576000
1563000
1550000
1537000
1525000
1513000
1501000
1489000
1477000
1465000
1454000
1443000
1432000
1421000
1489000
1534000
1556000
1563000
1562000
1556000
1547000
1537000
1535000
1564000
1579000
1583000
1579000
1571000
1562000
1551000
1539000
1527000
1515000
1503000
1492000
1480000
1469000
1457000
1446000
1435000
1424000
1413000
1403000
1392000
1382000
1372000
1362000
1352000
1343000
1333000
1324000
1367000
1395000
1431000
1451000
1458000
1457000
1452000
1445000
1436000
1426000
1417000
1406000
1396000
1386000
1376000
1398000
1410000
1413000
1410000
1404000
1396000
1387000
1378000
1369000
1359000
1350000
1340000
1331000
1321000
1312000
1303000
1294000
1285000
1277000
1268000
1259000
1251000
1243000
1235000
1227000
1219000
1211000
1203000
1195000
1188000
1180000
1173000
1166000
1159000
1151000
1144000
1137000
1131000
1124000
1117000
1111000
1104000
1098000
1091000
1085000
1079000
1073000
1067000
1060000
1055000
1049000
1043000
1037000
1031000
1026000
1020000
1015000
1009000
1004000
998500
993300
988000
982900
977800
972700
967700
962900
1e+06
1027000
1041000
1048000
1049000
1047000
1044000
1040000
1035000
1030000
1025000
1020000
1014000
1009000
1004000
998400
993200
988000
982800
977700
972700
967700
962700
957800
953000
948200
943400
938700
934000
929400
924900
920300
915900
911400
907000
902700
928200
992000
1037000
1149000
1242000
1299000
1329000
1344000
1349000
1348000
1344000
1337000
1330000
1322000
1313000
1305000
1296000
1287000
1279000
1270000
1262000
1253000
1245000
1237000
1229000
1221000
1213000
1205000
1197000
1190000
1193000
1229000
1252000
1263000
1266000
1264000
1259000
1253000
1249000
1248000
1244000
1238000
1232000
1225000
1217000
1210000
1202000
1195000
1187000
1180000
1177000
1188000
1194000
1195000
1192000
1187000
1181000
1175000
1168000
1161000
1154000
1147000
1141000
1134000
1215000
1395000
1525000
1602000
1641000
1658000
1663000
1659000
1651000
1641000
1629000
1617000
1625000
1626000
1621000
1612000
1601000
1607000
1607000
1601000
1592000
1581000
1569000
1557000
1545000
1533000
1524000
1515000
1505000
1494000
1482000
1473000
1463000
1538000
1588000
1613000
1621000
1626000
1625000
1618000
1609000
1628000
1642000
1645000
1640000
1631000
1621000
1609000
1596000
1585000
1583000
1576000
1567000
1557000
1545000
1534000
1522000
1540000
1550000
1550000
1544000
1536000
1526000
1522000
1613000
1675000
1726000
1822000
1881000
1908000
1914000
1910000
1899000
1885000
1869000
1853000
1836000
1818000
1801000
1785000
1768000
1751000
1735000
1719000
1704000
1689000
1673000
1659000
1644000
1630000
1616000
1605000
1594000
1581000
1569000
1558000
1739000
1872000
1945000
2033000
2314000
2515000
2621000
2663000
2671000
2693000
2758000
2784000
2779000
2758000
2729000
2696000
2661000
2626000
2591000
2556000
2525000
2666000
2795000
2856000
2976000
3037000
3049000
3033000
3002000
2966000
3030000
3055000
3045000
3017000
2981000
2940000
2898000
2856000
2814000
2773000
2735000
2798000
2826000
2822000
2800000
2770000
2736000
2700000
2663000
2627000
2591000
2556000
2523000
2513000
2496000
2472000
2444000
2415000
2386000
2357000
2328000
2300000
2272000
2245000
2218000
2192000
2167000
2142000
2118000
2095000
2071000
2049000
2027000
2005000
1984000
1963000
1943000
1923000
1903000
1884000
1865000
1847000
1829000
1811000
1794000
1777000
1760000
1744000
1728000
1712000
1697000
1681000
1667000
1652000
1637000
1623000
1609000
1596000
1582000
1569000
1556000
1543000
1531000
1518000
1506000
1494000
1482000
1471000
1459000
1448000
1475000
1491000
1495000
1492000
1486000
1477000
1467000
1457000
1447000
1436000
1425000
1415000
1404000
1394000
1384000
1374000
1364000
1354000
1344000
1335000
1325000
1316000
1307000
1298000
1289000
1280000
1271000
1263000
1254000
1246000
1238000
1230000
1222000
1214000
1206000
1198000
1191000
1183000
1176000
1169000
1161000
1154000
1147000
1140000
1133000
1127000
1120000
1113000
1107000
1100000
1094000
1087000
1081000
1075000
1069000
1063000
1057000
1051000
1045000
1039000
1034000
1028000
1022000
1017000
1011000
1006000
1001000
995300
990100
984900
979800
974700
969700
964700
972900
981200
984600
984600
982500
979200
975300
970900
966400
961700
957000
952300
947500
942800
938100
933500
928900
934400
942700
946600
947000
947300
945900
943200
939700
935800
931600
927300
923000
918600
914200
909800
905400
901100
896800
892600
888400
884200
880100
876000
871900
867900
863900
860000
860800
860400
858600
856000
852900
849500
846000
842400
838700
835100
831400
827800
824200
820600
817100
821400
823700
823800
822400
820100
817400
814300
811100
807800
804500
801200
797900
824400
870500
902000
919900
929000
932700
933200
951900
964300
970000
971400
970300
995600
1097000
1173000
1218000
1242000
1253000
1256000
1255000
1261000
1354000
1435000
1483000
1506000
1514000
1514000
1509000
1502000
1492000
1482000
1471000
1461000
1450000
1439000
1447000
1465000
1560000
1624000
1656000
1669000
1755000
1820000
1852000
1863000
1861000
1852000
1840000
1825000
1810000
1793000
1777000
1761000
1745000
1742000
1748000
1782000
1833000
1860000
1867000
1863000
1854000
1841000
1923000
1975000
1996000
2080000
2169000
2260000
2371000
2429000
2448000
2480000
2487000
2476000
2457000
2432000
2405000
2376000
2348000
2320000
2341000
2345000
2334000
2315000
2292000
2268000
2242000
2217000
2192000
2167000
2142000
2118000
2094000
2071000
2049000
2034000
2017000
1999000
1988000
1973000
1956000
1938000
1919000
1901000
1882000
1889000
1891000
2054000
2163000
2216000
2234000
2233000
2221000
2212000
2204000
2190000
2171000
2163000
2149000
2131000
2110000
2088000
2066000
2045000
2023000
2002000
1981000
1960000
1940000
1920000
1900000
1881000
1863000
1844000
1826000
1812000
1797000
1782000
1766000
1750000
1734000
1728000
1720000
1709000
1696000
1682000
1668000
1654000
1639000
1625000
1612000
1598000
1585000
1586000
1608000
1617000
1617000
1633000
1639000
1636000
1629000
1618000
1607000
1595000
1582000
1569000
1557000
1544000
1531000
1519000
1507000
1495000
1483000
1472000
1460000
1449000
1438000
1427000
1416000
1414000
1455000
1481000
1491000
1492000
1487000
1480000
1471000
1461000
1451000
1440000
1429000
1419000
1408000
1398000
1388000
1377000
1367000
1358000
1348000
1338000
1329000
1320000
1310000
1301000
1292000
1283000
1275000
1266000
1258000
1249000
1241000
1233000
1225000
1217000
1209000
1201000
1194000
1186000
1179000
1171000
1164000
1157000
1150000
1143000
1136000
1129000
1122000
1116000
1109000
1103000
1096000
1090000
1084000
1077000
1071000
1065000
1059000
1053000
1047000
1042000
1036000
1030000
1025000
1019000
1014000
1008000
1003000
997400
992200
986900
981800
976700
971600
966700
961700
956800
952000
947200
942400
937700
933100
928500
923900
919400
914900
910500
906100
901800
897500
893200
889000
884800
880700
876600
872500
868500
864500
860500
856600
852700
848900
845000
841300
837500
833800
830100
826500
841600
852100
857100
858500
857800
858400
857600
855600
852900
849800
846400
842900
839300
835700
832100
828500
824900
821300
817700
814200
833400
847000
853900
856500
856600
855100
852700
849800
846600
843200
839600
836100
833200
968200
1081000
1153000
1195000
1217000
1228000
1231000
1230000
1226000
1221000
1214000
1208000
1200000
1193000
1186000
1179000
1171000
1164000
1157000
1150000
1143000
1136000
1129000
1123000
1116000
1109000
1103000
1096000
1090000
1084000
1078000
1071000
1065000
1059000
1053000
1048000
1042000
1036000
1030000
1025000
1019000
1014000
1008000
1003000
997600
992300
987100
981900
976800
971800
966800
961800
956900
952100
947300
942600
937900
933200
928600
924000
919500
915000
910600
906200
901900
897600
893300
889100
884900
880800
876700
872600
868600
864600
860600
856700
866200
880600
889000
892500
941000
976400
996700
1014000
1054000
1148000
1216000
1255000
1295000
1318000
1328000
1331000
1380000
1413000
1428000
1432000
1430000
1424000
1417000
1408000
1399000
1394000
1440000
1470000
1529000
1667000
1932000
2163000
2455000
2639000
2729000
2762000
2763000
2746000
2720000
2689000
2655000
2621000
2586000
2552000
2521000
2705000
2819000
2864000
2867000
2850000
2822000
2788000
2752000
2737000
2715000
2687000
2792000
2858000
2957000
2999000
3001000
2979000
2947000
2909000
2869000
2829000
2789000
2817000
2879000
2906000
2903000
3051000
3173000
3221000
3220000
3195000
3157000
3114000
3068000
3033000
2994000
2952000
2909000
2866000
2826000
2936000
2994000
3004000
2986000
2956000
2919000
2879000
2838000
2798000
2757000
2718000
2681000
2766000
2834000
2855000
2846000
2822000
2790000
2755000
2749000
2749000
2733000
2707000
2675000
2641000
2607000
2572000
2538000
2505000
2472000
2442000
2558000
2627000
2648000
2643000
2623000
2597000
2566000
2536000
2571000
2582000
2573000
2552000
2525000
2496000
2465000
2436000
2504000
2796000
2982000
3065000
3087000
3077000
3051000
3197000
3394000
3487000
3507000
3487000
3447000
3398000
3344000
3290000
3235000
3181000
3129000
3078000
3028000
2980000
2934000
2888000
2844000
2802000
2761000
2720000
2681000
2644000
2607000
2571000
2536000
2502000
2469000
2437000
2406000
2375000
2346000
2333000
2320000
2311000
2297000
2483000
2658000
2749000
2780000
2779000
2760000
2733000
2700000
2666000
2631000
2596000
2561000
2527000
2494000
2461000
2429000
2398000
2368000
2338000
2310000
2281000
2254000
2227000
2203000
2322000
2568000
2965000
3282000
3454000
3534000
3604000
3616000
3591000
3547000
3520000
3570000
3575000
3548000
3604000
3612000
3584000
3539000
3545000
3532000
3495000
3446000
3392000
3380000
3350000
3307000
3258000
3207000
3155000
3104000
3054000
3006000
2959000
2913000
2869000
2919000
2962000
3019000
3286000
3475000
3553000
3563000
3537000
3494000
3443000
3466000
3692000
3851000
3907000
4080000
4149000
4152000
4111000
4049000
3977000
3902000
3826000
3751000
3679000
3608000
3540000
3475000
3412000
3350000
3292000
3235000
3180000
3126000
3075000
3025000
2977000
2930000
2885000
2841000
2799000
2758000
2718000
2679000
2641000
2604000
2568000
2534000
2500000
2467000
2437000
2408000
2378000
2349000
2320000
2292000
2264000
2237000
2211000
2185000
2160000
2177000
2181000
2171000
2155000
2136000
2114000
2092000
2070000
2048000
2026000
2005000
1984000
1963000
1943000
1923000
1903000
1884000
1865000
1847000
1829000
1811000
1794000
1777000
1760000
1744000
1728000
1712000
1697000
1682000
1667000
1652000
1638000
1623000
1610000
1596000
1582000
1569000
1556000
1543000
1531000
1518000
1506000
1514000
1516000
1512000
1505000
1496000
1485000
1475000
1464000
1556000
1776000
1931000
2016000
2055000
2068000
2066000
2056000
2041000
2045000
2142000
2254000
2326000
2505000
2682000
2775000
2809000
2808000
2791000
2874000
2912000
2913000
2893000
2862000
2826000
2789000
2772000
3167000
3430000
3550000
3582000
3568000
3534000
3643000
3686000
3676000
3636000
3584000
3526000
3465000
3405000
3385000
3350000
3305000
3255000
3261000
3414000
3589000
3666000
3791000
3835000
3821000
3778000
3721000
3659000
3594000
3529000
3465000
3403000
3343000
3284000
3228000
3173000
3120000
3069000
3020000
2972000
2925000
2880000
2836000
2795000
2840000
2854000
2842000
2816000
2783000
2747000
2714000
2707000
2772000
2799000
2806000
2792000
2766000
2734000
2738000
2727000
2770000
2783000
2771000
2746000
2715000
2681000
2646000
2611000
2576000
2541000
2508000
2475000
2443000
2411000
2381000
2351000
2322000
2293000
2266000
2238000
2212000
2186000
2161000
2145000
2256000
2343000
2382000
2390000
2380000
2362000
2340000
2315000
2289000
2262000
2236000
2210000
2185000
2160000
2135000
2111000
2088000
2065000
2042000
2020000
2e+06
2119000
2329000
2457000
2517000
2534000
2529000
2512000
2488000
2504000
2508000
2496000
2476000
2521000
2541000
2537000
2520000
2495000
2468000
2439000
2409000
2379000
2350000
2321000
2293000
2266000
2239000
2212000
2186000
2161000
2137000
2113000
2089000
2066000
2043000
2021000
2e+06
1979000
1959000
1993000
2010000
2010000
2001000
1991000
1977000
1960000
1942000
1924000
1905000
1886000
1868000
1849000
1831000
1814000
1796000
1779000
1763000
1746000
1730000
1714000
1699000
1684000
1669000
1654000
1640000
1625000
1611000
1598000
1600000
1601000
1595000
1587000
1576000
1565000
1553000
1540000
1528000
1516000
1504000
1492000
1480000
1469000
1458000
1446000
1439000
1458000
1502000
1527000
1537000
1537000
1532000
1524000
1514000
1504000
1493000
1481000
1470000
1459000
1448000
1437000
1426000
1415000
1405000
1394000
1384000
1434000
1467000
1482000
1485000
1483000
1476000
1468000
1458000
1448000
1438000
1427000
1417000
1406000
1396000
1386000
1376000
1366000
1356000
1346000
1336000
1327000
1358000
1377000
1384000
1384000
1380000
1373000
1365000
1357000
1348000
1339000
1330000
1320000
1311000
1302000
1293000
1285000
1276000
1267000
1259000
1250000
1242000
1234000
1226000
1218000
1210000
1202000
1195000
1187000
1180000
1172000
1165000
1158000
1151000
1144000
1137000
1130000
1123000
1117000
1110000
1104000
1097000
1091000
1084000
1078000
1072000
1066000
1060000
1054000
1048000
1042000
1037000
1031000
1025000
1020000
1014000
1009000
1003000
998100
992800
987600
982400
977300
972300
976900
1010000
1063000
1203000
1306000
1369000
1402000
1417000
1422000
1421000
1416000
1409000
1401000
1391000
1382000
1372000
1363000
1353000
1344000
1334000
1325000
1316000
1306000
1297000
1289000
1280000
1271000
1263000
1254000
1246000
1238000
1230000
1222000
1214000
1206000
1198000
1210000
1228000
1238000
1240000
1237000
1233000
1227000
1325000
1397000
1440000
1461000
1469000
1468000
1464000
1456000
1448000
1438000
1428000
1418000
1411000
1430000
1440000
1442000
1438000
1431000
1423000
1413000
1404000
1394000
1384000
1374000
1364000
1354000
1345000
1335000
1326000
1356000
1481000
1584000
1644000
1674000
1698000
1727000
1739000
1739000
1733000
1723000
1763000
1974000
2149000
2247000
2290000
2303000
2298000
2284000
2264000
2243000
2228000
2213000
2194000
2172000
2149000
2126000
2103000
2080000
2057000
2035000
2014000
2056000
2079000
2081000
2072000
2057000
2040000
2020000
2e+06
1981000
2070000
2125000
2146000
2147000
2137000
2120000
2101000
2081000
2060000
2038000
2017000
1996000
1975000
1954000
1935000
1976000
1998000
2001000
1994000
1980000
1991000
1994000
2011000
2016000
2061000
2083000
2086000
2077000
2062000
2044000
2027000
2033000
2034000
2026000
2012000
1995000
1976000
1957000
1937000
1918000
1910000
1911000
1905000
1893000
1878000
1862000
1873000
1875000
1868000
1857000
1843000
1828000
1812000
1795000
1779000
1763000
1746000
1730000
1715000
1699000
1684000
1677000
1668000
1657000
1709000
1742000
1754000
1753000
1746000
1735000
1723000
1742000
1751000
1777000
1792000
1803000
1826000
1973000
2106000
2178000
2208000
2214000
2206000
2191000
2171000
2150000
2128000
2105000
2082000
2060000
2038000
2016000
1995000
1974000
1953000
1933000
1914000
1894000
1875000
1857000
1839000
1821000
1803000
1786000
1769000
1753000
1736000
1721000
1705000
1690000
1674000
1660000
1645000
1631000
1617000
1603000
1589000
1576000
1563000
1550000
1537000
1525000
1518000
1509000
1499000
1488000
1477000
1483000
1483000
1479000
1474000
1467000
1459000
1449000
1439000
1428000
1418000
1408000
1397000
1387000
1377000
1367000
1357000
1347000
1338000
1328000
1319000
1310000
1301000
1292000
1283000
1276000
1294000
1335000
1360000
1371000
1373000
1370000
1364000
1357000
1349000
1340000
1331000
1322000
1313000
1304000
1295000
1286000
1278000
1269000
1261000
1252000
1244000
1236000
1228000
1220000
1212000
1204000
1196000
1189000
1181000
1174000
1167000
1159000
1152000
1145000
1138000
1132000
1125000
1118000
1111000
1105000
1098000
1092000
1086000
1080000
1073000
1076000
1109000
1144000
1165000
1174000
1189000
1206000
1214000
1216000
1214000
1209000
1204000
1197000
1190000
1183000
1176000
1169000
1162000
1155000
1148000
1141000
1134000
1127000
1121000
1114000
1107000
1101000
1095000
1088000
1082000
1076000
1070000
1064000
1058000
1052000
1046000
1040000
1034000
1029000
1037000
1042000
1043000
1074000
1101000
1117000
1147000
1206000
1419000
1585000
1686000
1740000
1765000
1773000
1771000
1781000
1781000
1775000
1764000
1751000
1737000
1722000
1707000
1692000
1677000
1662000
1648000
1634000
1620000
1606000
1592000
1579000
1590000
1607000
1617000
1618000
1649000
1815000
2025000
2157000
2225000
2361000
2522000
2612000
2787000
2946000
3021000
3040000
3029000
3001000
2965000
2925000
2884000
2847000
3165000
3367000
3452000
3467000
3446000
3407000
3358000
3306000
3253000
3199000
3147000
3096000
3097000
3372000
3539000
3599000
3598000
3566000
3519000
3464000
3407000
3350000
3293000
3237000
3182000
3130000
3094000
3055000
3109000
3146000
3170000
3161000
3133000
3167000
3213000
3525000
3908000
4270000
4440000
4614000
5034000
5244000
