362500
361500
360500
359400
358400
357300
356300
355300
354300
353300
352200
351200
350300
349300
348300
347300
346400
433600
450800
450100
448500
450400
491000
492600
520800
731200
744100
739700
735300
731000
770400
773600
769200
798800
803300
834600
1115000
1342000
1345000
1330000
1316000
1340000
1329000
1316000
1466000
1462000
1514000
1501000
1483000
1465000
1448000
1431000
1415000
1430000
1416000
1400000
1384000
1369000
1354000
1339000
1325000
1311000
1384000
1375000
1360000
1345000
1331000
1317000
1303000
1289000
1308000
1401000
1516000
1554000
1539000
1520000
1501000
1483000
1466000
1448000
1432000
1464000
1451000
1434000
1418000
1401000
1386000
1371000
1418000
1407000
1391000
1376000
1361000
1346000
1331000
1317000
1303000
1289000
1276000
1288000
1276000
1263000
1250000
1238000
1226000
1214000
1202000
1190000
1179000
1168000
1157000
1146000
1135000
1125000
1118000
1585000
1604000
1583000
1563000
1544000
1524000
1506000
1488000
1581000
1703000
1691000
1668000
1645000
1624000
1603000
1582000
1562000
1542000
1523000
1505000
1487000
1500000
1491000
1474000
1456000
1439000
1423000
1406000
1391000
1375000
1360000
1345000
1331000
1316000
1302000
1289000
1350000
1666000
1672000
1761000
1745000
1721000
1697000
1674000
1651000
1630000
1608000
1588000
1567000
1548000
1528000
1512000
1760000
1758000
1733000
1709000
1685000
1663000
1640000
1619000
1598000
1577000
1557000
1538000
1519000
1500000
1482000
1465000
1448000
1431000
1414000
1398000
1383000
1367000
1352000
1338000
1323000
1309000
1295000
1282000
1269000
1256000
1243000
1255000
1250000
1312000
1305000
1291000
1278000
1265000
1252000
1239000
1227000
1215000
1203000
1191000
1180000
1169000
1158000
1147000
1136000
1126000
1116000
1164000
1228000
1221000
1209000
1197000
1186000
1175000
1164000
1153000
1142000
1132000
1121000
1111000
1101000
1092000
1150000
1458000
1466000
1449000
1432000
1416000
1400000
1451000
1440000
1423000
1407000
1391000
1376000
1360000
1346000
1331000
1317000
1303000
1289000
1276000
1263000
1251000
1303000
1294000
1281000
1268000
1255000
1242000
1230000
1218000
1206000
1194000
1183000
1171000
1160000
1150000
1202000
1533000
1864000
1871000
2507000
2600000
2554000
2501000
2451000
2403000
2357000
2313000
2270000
2229000
2189000
2151000
2114000
2078000
2044000
2010000
1978000
1946000
1916000
1887000
1858000
1831000
1804000
1778000
1752000
1728000
1745000
2016000
2251000
2230000
2191000
2152000
2115000
2079000
2045000
2057000
2050000
2018000
1985000
1954000
1923000
1893000
1865000
1837000
1810000
1784000
1759000
1794000
1867000
1847000
1820000
1793000
1768000
1743000
1718000
1695000
1672000
1649000
1627000
1606000
1591000
2137000
3022000
3021000
2948000
2879000
2813000
2750000
2689000
2632000
2576000
2523000
2474000
2559000
2518000
2467000
2418000
2373000
2429000
2390000
2344000
2300000
2258000
2217000
2178000
2140000
2104000
2092000
2060000
2026000
1994000
1962000
1940000
1917000
2338000
2331000
2288000
2247000
2244000
2207000
2168000
2133000
2251000
2247000
2209000
2170000
2132000
2096000
2061000
2027000
2004000
2014000
1984000
1953000
1922000
1893000
1864000
1838000
1960000
1942000
1912000
1882000
1854000
1827000
1841000
2296000
2294000
2356000
2690000
2662000
2606000
2551000
2499000
2450000
2402000
2356000
2311000
2268000
2227000
2188000
2149000
2112000
2077000
2042000
2009000
1977000
1945000
1915000
1886000
1857000
1829000
1804000
1909000
1890000
1862000
1834000
1818000
2801000
2821000
2762000
2995000
4309000
4331000
4187000
4048000
3921000
3998000
4230000
4116000
3982000
3856000
3738000
3627000
3522000
3423000
3330000
3242000
3178000
4103000
4292000
4180000
4575000
4475000
4319000
4171000
4033000
3914000
4341000
4236000
4094000
3961000
3836000
3719000
3609000
3506000
3408000
3316000
3243000
3861000
3800000
3685000
3577000
3475000
3379000
3288000
3202000
3120000
3043000
2979000
2915000
3090000
3034000
2961000
2891000
2824000
2761000
2700000
2642000
2586000
2532000
2481000
2432000
2385000
2339000
2296000
2253000
2213000
2174000
2136000
2099000
2064000
2030000
1997000
1965000
1934000
1904000
1875000
1847000
1825000
2157000
2149000
2112000
2077000
2042000
2009000
1976000
1945000
1915000
1885000
1857000
1829000
1803000
1777000
1751000
1727000
1703000
1680000
1657000
1635000
1613000
1593000
1572000
1552000
1533000
1514000
1498000
1728000
1933000
1920000
1891000
1862000
1834000
1808000
1781000
1756000
1731000
1707000
1684000
1661000
1687000
1668000
1646000
1624000
1603000
1583000
1562000
1543000
1524000
1526000
1514000
1496000
1478000
1460000
1443000
1427000
1410000
1394000
1379000
1363000
1349000
1334000
1320000
1306000
1292000
1279000
1265000
1253000
1240000
1228000
1216000
1204000
1192000
1181000
1169000
1158000
1148000
1137000
1127000
1117000
1107000
1097000
1087000
1078000
1068000
1059000
1050000
1041000
1032000
1024000
1015000
1007000
999000
991000
983100
975300
967700
960200
952700
945400
938300
932400
1241000
1273000
1261000
1249000
1236000
1224000
1212000
1200000
1188000
1177000
1166000
1155000
1144000
1134000
1123000
1113000
1104000
1280000
1312000
1301000
1287000
1292000
1280000
1267000
1254000
1241000
1229000
1217000
1205000
1193000
1182000
1171000
1160000
1149000
1138000
1128000
1138000
1131000
1146000
1137000
1127000
1117000
1107000
1128000
1170000
1163000
1152000
1141000
1131000
1121000
1110000
1101000
1091000
1081000
1072000
1063000
1054000
1045000
1036000
1107000
1104000
1094000
1085000
1075000
1066000
1057000
1048000
1039000
1030000
1022000
1014000
1202000
1369000
1367000
1352000
1338000
1323000
1310000
1419000
1413000
1397000
1382000
1368000
1524000
2086000
2105000
2070000
2036000
2002000
1970000
1940000
1978000
2558000
2660000
2612000
2558000
2506000
2455000
2407000
2361000
2316000
2273000
2232000
2192000
2154000
2119000
2216000
2279000
2791000
2773000
2712000
2663000
3132000
3162000
3088000
3012000
2940000
2871000
2805000
2742000
2682000
2625000
2570000
2517000
2468000
2507000
2536000
2685000
2831000
2789000
2727000
2668000
2611000
2565000
3041000
3011000
2949000
3324000
3502000
3684000
3968000
3873000
3758000
3835000
3733000
3623000
3518000
3420000
3327000
3239000
3155000
3082000
3258000
3194000
3112000
3035000
2962000
2892000
2825000
2761000
2701000
2642000
2587000
2533000
2482000
2433000
2386000
2415000
2374000
2330000
2323000
2283000
2242000
2201000
2163000
2125000
2096000
2175000
2165000
2916000
2912000
2844000
2780000
2718000
2660000
2666000
2647000
2594000
2541000
2548000
2500000
2451000
2403000
2356000
2312000
2269000
2228000
2188000
2150000
2113000
2077000
2043000
2009000
1977000
1946000
1916000
1888000
2004000
1984000
1952000
1922000
1911000
1889000
1900000
1877000
1849000
1822000
1795000
1769000
1744000
1720000
1696000
1673000
1651000
1630000
1813000
1909000
1889000
1861000
1937000
1916000
1887000
1858000
1830000
1804000
1778000
1752000
1728000
1704000
1680000
1658000
1636000
1614000
1593000
1573000
1553000
1534000
1515000
1497000
1479000
1463000
1702000
1921000
1910000
1881000
1852000
1825000
1798000
1772000
1747000
1723000
1699000
1676000
1653000
1631000
1610000
1589000
1569000
1549000
1530000
1511000
1493000
1508000
1492000
1474000
1457000
1440000
1423000
1407000
1419000
1405000
1389000
1374000
1359000
1344000
1329000
1315000
1301000
1288000
1274000
1261000
1249000
1236000
1224000
1212000
1200000
1188000
1177000
1166000
1156000
1292000
1291000
1278000
1264000
1252000
1239000
1227000
1215000
1203000
1191000
1180000
1169000
1263000
1258000
1246000
1233000
1221000
1209000
1197000
1186000
1174000
1163000
1152000
1142000
1131000
1121000
1111000
1101000
1091000
1082000
1072000
1063000
1054000
1111000
1140000
1133000
1183000
1176000
1165000
1154000
1144000
1133000
1123000
1113000
1103000
1093000
1083000
1074000
1065000
1056000
1047000
1038000
1029000
1030000
1022000
1014000
1006000
997600
1017000
1169000
1171000
1160000
1149000
1138000
1161000
1153000
1142000
1131000
1121000
1111000
1101000
1091000
1082000
1072000
1063000
1054000
1045000
1037000
1133000
1269000
1268000
1255000
1242000
1230000
1217000
1206000
1194000
1182000
1171000
1160000
1150000
1243000
2326000
2371000
2326000
2283000
2241000
2201000
2162000
2125000
2089000
2054000
2020000
1987000
1956000
1925000
1895000
1867000
1839000
1812000
1785000
1760000
1735000
1711000
1687000
1665000
1642000
1621000
1600000
1579000
1559000
1540000
1521000
1502000
1484000
1466000
1449000
1432000
1416000
1400000
1384000
1369000
1354000
1339000
1325000
1310000
1297000
1283000
1270000
1257000
1244000
1232000
1220000
1208000
1196000
1185000
1173000
1162000
1151000
1141000
1130000
1120000
1110000
1100000
1090000
1081000
1071000
1062000
1053000
1044000
1035000
1027000
1113000
1111000
1101000
1091000
1082000
1073000
1202000
1249000
1241000
1231000
1507000
1513000
1495000
1524000
1700000
2148000
2153000
2118000
2213000
2185000
2147000
2115000
2407000
2387000
2342000
2298000
2256000
2215000
2176000
2138000
2102000
2109000
2386000
2370000
2617000
3296000
4605000
4923000
5982000
5800000
5535000
5293000
5072000
4868000
4681000
4507000
4346000
4196000
4057000
3926000
3839000
5033000
4940000
4747000
4568000
4403000
4249000
4106000
3974000
3973000
3858000
3753000
4341000
4306000
4577000
4445000
4289000
4143000
4006000
3879000
3759000
3647000
3548000
3789000
3966000
3897000
3796000
4482000
4591000
4440000
4284000
4139000
4003000
3875000
3758000
3725000
3622000
3517000
3419000
3326000
3252000
3834000
3771000
3658000
3552000
3451000
3357000
3268000
3214000
3135000
3056000
2982000
2924000
3394000
3452000
3366000
3276000
3190000
3109000
3036000
3130000
3136000
3063000
2988000
2917000
2849000
2785000
2723000
2664000
2607000
2553000
2512000
3153000
3130000
3052000
2978000
2907000
2839000
2775000
2719000
2986000
2941000
2872000
2806000
2744000
2683000
2626000
2579000
3036000
4208000
4166000
4028000
3899000
3779000
3685000
4414000
4872000
4729000
4551000
4387000
4235000
4092000
3959000
3835000
3718000
3608000
3505000
3407000
3315000
3231000
3162000
3083000
3009000
3012000
2946000
2877000
2811000
2748000
2688000
2630000
2575000
2522000
2471000
2424000
2486000
2445000
2402000
2660000
2645000
2631000
2596000
3472000
3712000
3624000
3520000
3421000
3328000
3242000
3276000
3226000
3145000
3067000
2992000
2920000
2852000
2787000
2725000
2666000
2609000
2555000
2505000
2455000
2407000
2363000
2481000
3094000
3940000
5220000
5487000
5321000
5171000
5227000
5032000
4833000
4677000
4648000
4889000
4732000
4572000
4881000
4731000
4554000
4400000
4537000
4432000
4279000
4134000
4003000
4111000
3996000
3869000
3750000
3638000
3533000
3434000
3340000
3251000
3167000
3093000
3290000
3615000
3652000
3789000
4834000
4905000
4728000
4551000
4387000
4234000
4098000
4319000
5218000
5275000
5095000
5674000
5485000
5296000
5079000
4875000
4687000
4513000
4351000
4201000
4061000
3930000
3808000
3692000
3584000
3482000
3385000
3294000
3208000
3126000
3048000
2974000
2903000
2836000
2772000
2711000
2652000
2596000
2542000
2490000
2441000
2395000
2495000
2457000
2413000
2651000
2741000
2691000
2633000
2578000
2525000
2474000
2425000
2378000
2333000
2289000
2251000
2525000
2500000
2450000
2402000
2356000
2311000
2269000
2228000
2188000
2150000
2113000
2077000
2042000
2009000
1977000
1945000
1915000
1886000
1857000
1830000
1803000
1777000
1752000
1727000
1703000
1680000
1657000
1635000
1614000
1593000
1573000
1553000
1533000
1514000
1496000
1478000
1461000
1444000
1427000
1410000
1394000
1381000
1562000
1559000
1539000
1520000
1502000
1484000
1466000
1452000
1874000
2654000
2660000
2604000
2550000
2498000
2448000
2400000
2355000
2413000
2828000
3060000
3065000
3723000
4027000
3928000
3805000
3690000
3592000
3997000
3912000
3790000
3676000
3568000
3467000
3373000
3408000
5410000
5348000
5122000
4914000
4723000
4571000
5107000
4958000
4763000
4584000
4417000
4263000
4118000
3987000
4020000
3904000
3783000
3674000
3798000
4397000
4724000
4599000
4921000
4769000
4589000
4422000
4267000
4123000
3988000
3862000
3743000
3632000
3527000
3428000
3334000
3246000
3162000
3082000
3007000
2934000
2866000
2800000
2742000
2689000
3008000
2967000
2897000
2830000
2766000
2705000
2674000
2716000
2963000
2919000
2889000
2826000
2762000
2703000
2780000
2733000
2910000
2862000
2797000
2734000
2675000
2618000
2563000
2510000
2460000
2412000
2365000
2321000
2277000
2236000
2208000
2170000
2132000
2096000
2061000
2027000
1994000
1962000
1933000
2003000
2448000
2508000
2464000
2415000
2369000
2324000
2281000
2239000
2199000
2160000
2123000
2087000
2052000
2039000
2007000
1975000
1944000
1914000
1884000
1856000
1837000
2470000
3049000
3022000
2949000
2880000
2814000
2750000
2694000
2899000
2876000
2811000
2753000
2981000
2943000
2875000
2809000
2746000
2686000
2628000
2573000
2520000
2470000
2421000
2374000
2329000
2286000
2244000
2204000
2165000
2127000
2091000
2056000
2022000
1989000
1958000
1927000
1897000
1877000
2428000
2428000
2381000
2336000
2327000
2286000
2244000
2204000
2165000
2128000
2092000
2057000
2023000
1990000
1958000
1928000
1898000
1869000
1841000
1814000
1787000
1762000
1737000
1714000
1794000
1777000
1752000
1744000
1776000
1868000
1861000
1835000
1808000
1782000
1756000
1731000
1707000
1684000
1661000
1639000
1618000
1597000
1576000
1556000
1538000
1702000
1824000
1970000
1952000
1921000
1892000
1863000
1835000
1808000
1782000
1757000
1732000
1708000
1684000
1662000
1640000
1618000
1597000
1577000
1558000
1733000
2123000
2120000
2084000
2049000
2016000
1983000
1952000
1921000
1892000
1863000
1835000
1808000
1782000
1757000
1732000
1708000
1684000
1662000
1640000
1618000
1651000
2077000
2078000
2044000
2010000
1978000
1947000
1916000
1887000
1858000
1831000
1804000
1778000
1753000
1728000
1704000
1681000
1658000
1636000
1615000
1594000
1574000
1580000
1562000
1542000
1523000
1504000
1486000
1469000
1451000
1434000
1418000
1402000
1386000
1371000
1403000
1392000
1379000
1364000
1349000
1334000
1320000
1306000
1292000
1279000
1266000
1253000
1240000
1228000
1216000
1204000
1192000
1181000
1170000
1159000
1148000
1151000
1141000
1131000
1121000
1111000
1101000
1134000
1168000
1262000
1426000
1599000
2286000
2301000
2259000
2218000
2179000
2141000
2104000
2069000
2034000
2001000
1969000
1938000
1908000
1879000
1851000
1823000
1797000
1771000
1746000
1721000
1697000
1674000
1652000
1630000
1609000
1588000
1568000
1548000
1529000
1510000
1492000
1474000
1459000
1729000
1796000
1776000
1751000
1726000
1702000
1687000
2293000
2303000
2281000
2242000
2201000
2163000
2125000
2089000
2054000
2020000
1988000
1957000
1963000
2082000
2059000
2025000
1993000
1961000
1930000
1900000
1871000
1843000
1816000
1790000
1764000
1739000
1715000
1691000
1669000
1866000
2461000
2551000
2517000
2468000
2492000
2550000
2507000
2456000
2408000
2365000
2612000
3714000
3880000
3776000
3662000
3556000
3455000
3360000
3271000
3211000
3172000
3110000
3034000
2961000
2891000
2824000
2761000
2700000
2642000
2586000
2536000
2806000
2770000
2709000
2650000
2594000
2540000
2489000
2439000
2398000
2889000
2866000
2800000
2738000
2678000
2621000
2566000
2513000
2463000
2414000
2368000
2323000
2280000
2238000
2202000
2468000
2445000
2397000
2351000
2308000
2387000
2365000
2425000
2396000
2574000
2539000
2488000
2438000
2391000
2345000
2318000
2377000
2359000
2316000
2273000
2232000
2192000
2154000
2117000
2082000
2130000
2149000
2116000
2080000
2045000
2014000
2114000
2089000
2054000
2030000
1997000
1966000
1935000
1905000
1876000
1847000
1820000
1794000
1768000
1743000
1723000
1756000
1735000
1714000
1967000
1959000
1928000
1899000
1870000
1842000
1817000
1981000
1967000
2051000
2043000
2053000
2119000
2732000
2899000
2846000
2781000
2720000
2661000
2604000
2550000
2498000
2448000
2400000
2354000
2310000
2267000
2226000
2187000
2148000
2111000
2076000
2041000
2008000
1976000
1944000
1914000
1885000
1856000
1829000
1802000
1776000
1751000
1726000
1702000
1679000
1656000
1634000
1613000
1593000
1756000
1747000
1722000
1698000
1675000
1653000
1631000
1642000
1732000
1717000
1694000
1671000
1649000
1747000
1732000
1708000
1716000
1695000
1672000
1650000
1628000
1607000
1586000
1566000
1546000
1527000
1508000
1490000
1472000
1455000
1438000
1421000
1405000
1389000
1374000
1359000
1387000
1548000
1664000
1810000
1796000
1771000
1745000
1721000
1697000
1674000
1652000
1630000
1609000
1630000
1612000
1591000
1571000
1551000
1532000
1513000
1495000
1477000
1459000
1442000
1426000
1409000
1393000
1379000
1467000
1458000
1441000
1424000
1408000
1392000
1377000
1361000
1346000
1332000
1318000
1305000
1460000
1457000
1440000
1423000
1407000
1391000
1377000
1495000
1678000
1750000
1731000
1708000
1776000
1811000
1789000
1764000
1739000
1715000
1691000
1668000
1646000
1624000
1603000
1582000
1562000
1543000
1524000
1505000
1487000
1470000
1517000
1504000
1486000
1468000
1451000
1434000
1417000
1401000
1385000
1370000
1355000
1340000
1326000
1312000
1299000
1383000
1582000
1581000
1563000
1744000
1776000
1762000
1887000
2150000
3542000
3573000
3472000
3376000
3286000
3200000
3122000
3195000
3126000
3048000
2974000
2904000
2836000
2772000
2711000
2652000
2596000
2542000
2491000
2441000
2393000
2348000
2304000
2265000
2498000
2544000
2528000
2482000
2655000
3601000
4256000
4170000
4057000
4638000
5073000
4943000
5678000
5902000
5660000
5408000
5177000
4965000
4770000
4590000
4423000
4332000
6337000
6195000
5893000
5619000
5370000
5142000
4933000
4741000
4563000
4398000
4244000
4106000
4269000
5614000
5515000
5278000
5058000
4855000
4669000
4496000
4336000
4187000
4048000
3918000
3796000
3683000
3671000
3580000
3872000
3873000
3867000
3756000
3650000
3836000
3935000
5200000
6076000
6642000
6377000
6691000
8097000
7806000
