172100
172300
172500
172500
172400
172300
172200
172100
171900
171800
171600
171400
171200
171100
170900
170700
170600
180700
189600
195500
199300
202200
208900
213600
220100
246200
265800
278900
287300
292600
300700
306500
310000
315900
320500
327100
360100
403800
434200
453700
465600
476700
483400
487100
506400
519000
533500
542200
546800
549000
549600
549300
548500
550100
550500
550100
549100
547800
546300
544700
543000
541300
549100
553600
555500
555900
555400
554400
553100
551600
552100
564900
587600
607200
618600
624600
627300
628000
627600
626400
624800
627700
628700
628400
627200
625600
623700
621600
627600
630600
631400
630900
629600
627900
626000
623900
621800
619600
617300
615100
612800
610600
608400
606200
604000
601800
599600
597500
595300
593200
591100
589000
586900
584900
582800
635700
671900
692900
704500
710400
712800
713000
712000
720400
743500
757000
763500
765900
766000
764600
762500
759800
756800
753700
750500
747200
744000
740700
737500
734200
731000
727800
724600
721500
718400
715300
712200
709200
706200
703200
700200
699000
746200
776700
809800
829000
838800
842800
843600
842300
839900
836800
833300
829600
825800
821800
817900
847400
865000
873200
876100
875900
874000
871000
867400
863500
859400
855200
851000
846700
842500
838300
834100
829900
825800
821800
817700
813700
809800
805800
801900
798100
794300
790500
786800
783100
779400
775700
772100
768600
774700
777200
777200
775600
773300
770500
767400
764100
760800
757400
754100
750700
747300
744000
740700
737400
734200
731000
727800
737500
742600
744200
743700
742100
739900
737200
734400
731400
728300
725200
722100
719100
716000
715500
770200
805900
825600
835600
839900
840800
844300
844800
843400
840800
837600
834000
830200
826300
822400
818400
814500
810500
806600
802800
798900
795100
791300
787600
783800
780200
776500
772900
769300
765800
762300
758800
755400
751900
748600
745200
799900
887500
943400
1078000
1180000
1240000
1271000
1285000
1289000
1288000
1283000
1276000
1268000
1259000
1251000
1242000
1233000
1224000
1215000
1206000
1197000
1189000
1180000
1172000
1164000
1156000
1148000
1140000
1132000
1125000
1160000
1226000
1262000
1278000
1284000
1282000
1278000
1271000
1269000
1269000
1265000
1259000
1251000
1243000
1234000
1226000
1217000
1208000
1200000
1191000
1192000
1210000
1217000
1217000
1213000
1207000
1200000
1192000
1184000
1176000
1168000
1160000
1152000
1145000
1255000
1488000
1638000
1719000
1758000
1772000
1772000
1764000
1751000
1737000
1721000
1704000
1718000
1719000
1711000
1699000
1685000
1694000
1693000
1684000
1671000
1657000
1642000
1627000
1612000
1597000
1587000
1576000
1563000
1549000
1536000
1524000
1512000
1615000
1672000
1696000
1702000
1707000
1702000
1692000
1679000
1707000
1723000
1723000
1715000
1703000
1689000
1674000
1658000
1645000
1643000
1635000
1623000
1609000
1595000
1581000
1566000
1594000
1604000
1603000
1595000
1584000
1571000
1567000
1692000
1762000
1819000
1943000
2007000
2030000
2032000
2022000
2006000
1987000
1966000
1944000
1923000
1901000
1880000
1859000
1839000
1819000
1799000
1780000
1761000
1742000
1724000
1706000
1689000
1672000
1655000
1661000
1658000
1648000
1636000
1622000
1877000
2035000
2112000
2218000
2606000
2846000
2953000
2987000
2980000
3004000
3092000
3112000
3093000
3057000
3013000
2965000
2916000
2867000
2819000
2772000
2728000
2955000
3131000
3195000
3357000
3419000
3417000
3382000
3333000
3277000
3380000
3403000
3379000
3335000
3281000
3223000
3165000
3108000
3051000
2997000
2944000
3080000
3128000
3123000
3092000
3050000
3002000
2953000
2904000
2855000
2807000
2760000
2715000
2735000
2725000
2698000
2664000
2627000
2588000
2550000
2512000
2475000
2439000
2403000
2369000
2336000
2303000
2271000
2241000
2211000
2182000
2153000
2126000
2099000
2072000
2047000
2022000
1997000
1974000
1950000
1928000
1906000
1949000
1964000
1961000
1949000
1933000
1914000
1894000
1874000
1853000
1833000
1813000
1794000
1775000
1756000
1738000
1720000
1702000
1685000
1668000
1651000
1635000
1619000
1603000
1588000
1573000
1558000
1544000
1585000
1668000
1710000
1725000
1726000
1718000
1706000
1692000
1677000
1662000
1646000
1630000
1614000
1599000
1584000
1569000
1554000
1540000
1526000
1512000
1498000
1485000
1471000
1458000
1446000
1433000
1421000
1409000
1397000
1385000
1374000
1363000
1352000
1341000
1330000
1319000
1309000
1299000
1289000
1279000
1269000
1259000
1250000
1240000
1231000
1222000
1213000
1204000
1196000
1187000
1179000
1170000
1162000
1154000
1146000
1138000
1131000
1123000
1115000
1108000
1101000
1093000
1086000
1079000
1072000
1065000
1059000
1052000
1045000
1039000
1032000
1026000
1020000
1013000
1007000
1073000
1118000
1141000
1151000
1153000
1151000
1147000
1141000
1135000
1128000
1121000
1113000
1106000
1099000
1092000
1085000
1078000
1108000
1132000
1143000
1146000
1148000
1147000
1142000
1136000
1130000
1123000
1116000
1109000
1101000
1094000
1087000
1080000
1073000
1066000
1060000
1053000
1046000
1040000
1034000
1027000
1021000
1015000
1015000
1027000
1032000
1032000
1029000
1025000
1020000
1014000
1008000
1003000
996800
990900
985100
979300
973600
968000
980200
985600
986100
984000
980300
975800
970900
965700
960400
955000
949700
944300
990000
1060000
1102000
1122000
1131000
1133000
1131000
1161000
1176000
1181000
1180000
1176000
1216000
1376000
1478000
1532000
1557000
1564000
1562000
1555000
1562000
1713000
1827000
1882000
1903000
1905000
1897000
1883000
1867000
1848000
1829000
1810000
1791000
1772000
1754000
1770000
1795000
1946000
2027000
2060000
2066000
2201000
2285000
2315000
2317000
2304000
2282000
2257000
2230000
2202000
2174000
2147000
2120000
2093000
2090000
2098000
2148000
2219000
2246000
2247000
2233000
2213000
2189000
2319000
2380000
2396000
2519000
2637000
2756000
2906000
2965000
2970000
3006000
3e+06
2971000
2932000
2888000
2842000
2796000
2751000
2707000
2742000
2740000
2718000
2685000
2648000
2610000
2571000
2533000
2495000
2459000
2423000
2388000
2354000
2321000
2289000
2275000
2254000
2229000
2215000
2194000
2169000
2144000
2118000
2092000
2066000
2079000
2079000
2316000
2446000
2499000
2510000
2498000
2476000
2464000
2452000
2430000
2402000
2391000
2370000
2343000
2314000
2284000
2254000
2224000
2195000
2167000
2139000
2111000
2085000
2059000
2034000
2009000
1985000
1961000
1939000
1945000
1939000
1925000
1907000
1890000
1873000
1868000
1858000
1843000
1825000
1807000
1789000
1770000
1752000
1734000
1716000
1698000
1681000
1709000
1753000
1770000
1770000
1795000
1801000
1796000
1784000
1769000
1753000
1736000
1719000
1702000
1685000
1668000
1652000
1635000
1619000
1604000
1588000
1573000
1559000
1544000
1530000
1516000
1502000
1543000
1630000
1675000
1691000
1693000
1687000
1676000
1662000
1648000
1633000
1618000
1603000
1587000
1573000
1558000
1543000
1529000
1515000
1502000
1488000
1475000
1462000
1449000
1437000
1424000
1412000
1400000
1388000
1377000
1366000
1354000
1344000
1333000
1322000
1312000
1301000
1291000
1281000
1271000
1262000
1252000
1243000
1234000
1225000
1216000
1207000
1198000
1189000
1181000
1188000
1188000
1185000
1179000
1173000
1165000
1158000
1150000
1142000
1135000
1127000
1120000
1130000
1134000
1132000
1128000
1123000
1116000
1110000
1103000
1096000
1089000
1082000
1075000
1068000
1061000
1054000
1048000
1041000
1035000
1028000
1022000
1016000
1009000
1011000
1010000
1024000
1030000
1031000
1028000
1024000
1020000
1014000
1009000
1003000
997000
991100
985300
979600
973800
968200
962600
957000
951600
946200
940800
935500
930300
925600
964900
988000
998800
1002000
1002000
1006000
1006000
1003000
999100
994300
989100
983700
978100
972600
967000
961500
956000
950500
945100
954800
995400
1019000
1029000
1033000
1032000
1029000
1025000
1020000
1014000
1008000
1003000
996800
1003000
1235000
1401000
1497000
1548000
1571000
1578000
1576000
1569000
1558000
1546000
1534000
1521000
1507000
1494000
1481000
1468000
1455000
1442000
1430000
1418000
1406000
1394000
1382000
1371000
1360000
1349000
1338000
1327000
1317000
1306000
1296000
1286000
1276000
1266000
1257000
1247000
1238000
1229000
1220000
1211000
1202000
1194000
1185000
1177000
1168000
1160000
1152000
1144000
1136000
1129000
1121000
1114000
1106000
1099000
1092000
1084000
1077000
1070000
1064000
1057000
1050000
1044000
1037000
1031000
1024000
1018000
1012000
1006000
999600
993600
999000
1e+06
998000
994300
989700
984600
1019000
1051000
1067000
1074000
1153000
1201000
1225000
1247000
1306000
1452000
1541000
1586000
1640000
1664000
1671000
1667000
1746000
1785000
1798000
1796000
1787000
1773000
1758000
1741000
1724000
1717000
1791000
1827000
1913000
2126000
2544000
2870000
3313000
3543000
3627000
3634000
3601000
3549000
3487000
3422000
3356000
3292000
3229000
3167000
3110000
3421000
3565000
3598000
3577000
3531000
3472000
3409000
3345000
3319000
3276000
3223000
3390000
3462000
3595000
3628000
3606000
3557000
3497000
3432000
3367000
3302000
3239000
3287000
3372000
3394000
3372000
3592000
3743000
3777000
3753000
3700000
3635000
3565000
3495000
3447000
3390000
3328000
3266000
3204000
3145000
3316000
3379000
3375000
3341000
3292000
3237000
3179000
3122000
3066000
3011000
2957000
2906000
3044000
3131000
3148000
3127000
3089000
3043000
2994000
2995000
2997000
2973000
2935000
2892000
2846000
2800000
2755000
2710000
2667000
2625000
2584000
2770000
2855000
2875000
2861000
2832000
2795000
2754000
2712000
2776000
2790000
2774000
2744000
2708000
2669000
2629000
2589000
2704000
3121000
3342000
3424000
3433000
3404000
3359000
3574000
3833000
3926000
3925000
3881000
3816000
3743000
3667000
3590000
3516000
3444000
3374000
3307000
3242000
3180000
3120000
3062000
3006000
2952000
2900000
2850000
2802000
2755000
2710000
2666000
2624000
2583000
2543000
2505000
2467000
2431000
2396000
2456000
2479000
2488000
2476000
2751000
2975000
3072000
3095000
3080000
3047000
3004000
2970000
2938000
2897000
2853000
2807000
2762000
2718000
2674000
2632000
2591000
2551000
2512000
2475000
2438000
2403000
2368000
2370000
2566000
2916000
3469000
3870000
4057000
4125000
4199000
4185000
4127000
4050000
4010000
4083000
4072000
4016000
4101000
4095000
4041000
3967000
3982000
3956000
3897000
3824000
3746000
3741000
3699000
3637000
3569000
3498000
3428000
3360000
3294000
3230000
3168000
3109000
3100000
3206000
3271000
3347000
3726000
3952000
4021000
4007000
3955000
3885000
3807000
3840000
4163000
4348000
4384000
4616000
4673000
4649000
4574000
4476000
4371000
4265000
4161000
4061000
3964000
3872000
3783000
3698000
3617000
3540000
3465000
3394000
3326000
3260000
3197000
3136000
3077000
3021000
2967000
2914000
2864000
2815000
2768000
2722000
2678000
2636000
2594000
2554000
2515000
2561000
2613000
2622000
2606000
2580000
2547000
2513000
2477000
2442000
2407000
2373000
2340000
2393000
2408000
2398000
2377000
2351000
2322000
2292000
2262000
2232000
2203000
2174000
2146000
2119000
2092000
2066000
2041000
2016000
1992000
1968000
1945000
1922000
1900000
1879000
1858000
1837000
1817000
1797000
1778000
1759000
1741000
1722000
1705000
1687000
1670000
1654000
1637000
1621000
1606000
1590000
1575000
1560000
1546000
1586000
1604000
1606000
1600000
1591000
1579000
1566000
1552000
1682000
1983000
2167000
2257000
2294000
2300000
2289000
2269000
2245000
2252000
2388000
2534000
2611000
2857000
3084000
3180000
3201000
3184000
3147000
3267000
3302000
3287000
3249000
3200000
3146000
3091000
3063000
3648000
3964000
4078000
4087000
4044000
3977000
4138000
4171000
4134000
4066000
3985000
3900000
3814000
3731000
3707000
3655000
3590000
3522000
3533000
3745000
3964000
4031000
4190000
4221000
4182000
4113000
4030000
3943000
3856000
3770000
3687000
3608000
3531000
3457000
3386000
3318000
3253000
3190000
3129000
3071000
3015000
2961000
2909000
2859000
2941000
2961000
2946000
2913000
2873000
2829000
2791000
2786000
2876000
2902000
2905000
2883000
2849000
2809000
2818000
2801000
2861000
2870000
2851000
2818000
2779000
2738000
2696000
2654000
2613000
2573000
2534000
2495000
2458000
2423000
2388000
2354000
2321000
2289000
2257000
2227000
2197000
2169000
2141000
2138000
2296000
2400000
2439000
2444000
2430000
2406000
2378000
2348000
2318000
2287000
2256000
2226000
2197000
2168000
2140000
2113000
2087000
2061000
2035000
2011000
1987000
2171000
2451000
2600000
2662000
2675000
2663000
2637000
2605000
2643000
2653000
2638000
2611000
2677000
2698000
2687000
2661000
2628000
2592000
2555000
2517000
2481000
2444000
2409000
2375000
2341000
2309000
2277000
2246000
2216000
2187000
2158000
2130000
2103000
2077000
2051000
2026000
2002000
1978000
2106000
2170000
2190000
2188000
2183000
2167000
2146000
2123000
2098000
2073000
2048000
2024000
1999000
1976000
1952000
1930000
1908000
1886000
1865000
1844000
1824000
1804000
1784000
1765000
1751000
1736000
1719000
1703000
1705000
1736000
1750000
1750000
1741000
1728000
1714000
1698000
1682000
1665000
1649000
1633000
1617000
1602000
1587000
1572000
1557000
1581000
1630000
1702000
1737000
1747000
1745000
1736000
1723000
1708000
1692000
1676000
1660000
1644000
1628000
1612000
1597000
1582000
1567000
1552000
1538000
1552000
1672000
1739000
1767000
1774000
1770000
1759000
1745000
1730000
1714000
1697000
1680000
1664000
1648000
1631000
1616000
1600000
1585000
1570000
1555000
1541000
1527000
1627000
1683000
1705000
1710000
1705000
1695000
1682000
1667000
1652000
1636000
1621000
1605000
1590000
1575000
1560000
1546000
1532000
1518000
1504000
1490000
1477000
1464000
1451000
1439000
1426000
1414000
1402000
1391000
1379000
1368000
1356000
1345000
1335000
1324000
1313000
1303000
1293000
1283000
1273000
1263000
1254000
1245000
1235000
1226000
1217000
1208000
1200000
1191000
1182000
1174000
1166000
1158000
1150000
1142000
1134000
1126000
1119000
1111000
1104000
1097000
1089000
1085000
1093000
1125000
1190000
1274000
1494000
1635000
1711000
1747000
1760000
1759000
1750000
1738000
1723000
1708000
1692000
1675000
1659000
1643000
1627000
1611000
1596000
1580000
1565000
1551000
1536000
1522000
1509000
1495000
1482000
1468000
1456000
1443000
1430000
1418000
1406000
1394000
1383000
1432000
1476000
1495000
1500000
1497000
1490000
1480000
1640000
1735000
1786000
1806000
1808000
1801000
1789000
1774000
1758000
1741000
1723000
1706000
1696000
1728000
1738000
1736000
1726000
1713000
1698000
1683000
1667000
1651000
1635000
1619000
1603000
1588000
1573000
1558000
1544000
1592000
1783000
1918000
1988000
2017000
2043000
2077000
2085000
2077000
2062000
2042000
2103000
2428000
2662000
2773000
2810000
2808000
2786000
2753000
2715000
2680000
2656000
2628000
2595000
2559000
2522000
2485000
2449000
2414000
2379000
2346000
2313000
2382000
2406000
2401000
2382000
2357000
2329000
2299000
2269000
2240000
2378000
2443000
2460000
2452000
2431000
2405000
2375000
2344000
2313000
2282000
2251000
2221000
2192000
2163000
2136000
2204000
2231000
2230000
2216000
2195000
2212000
2212000
2234000
2236000
2298000
2318000
2314000
2297000
2274000
2247000
2224000
2233000
2232000
2218000
2196000
2172000
2146000
2120000
2094000
2068000
2065000
2069000
2060000
2043000
2023000
2001000
2022000
2023000
2011000
1997000
1979000
1958000
1937000
1915000
1894000
1873000
1852000
1832000
1812000
1792000
1773000
1771000
1762000
1748000
1825000
1863000
1873000
1869000
1858000
1843000
1826000
1863000
1876000
1912000
1928000
1941000
1968000
2172000
2336000
2413000
2438000
2435000
2418000
2393000
2365000
2335000
2304000
2273000
2243000
2214000
2185000
2156000
2129000
2102000
2075000
2050000
2025000
2e+06
1976000
1953000
1930000
1908000
1886000
1865000
1844000
1824000
1804000
1785000
1766000
1747000
1729000
1711000
1693000
1676000
1689000
1689000
1682000
1670000
1656000
1641000
1626000
1612000
1634000
1641000
1637000
1627000
1615000
1633000
1637000
1631000
1629000
1620000
1609000
1595000
1582000
1567000
1553000
1539000
1525000
1511000
1498000
1484000
1471000
1458000
1446000
1433000
1421000
1409000
1397000
1385000
1374000
1410000
1464000
1538000
1575000
1589000
1591000
1585000
1575000
1564000
1551000
1538000
1524000
1511000
1497000
1484000
1471000
1458000
1445000
1433000
1421000
1409000
1397000
1385000
1374000
1362000
1351000
1340000
1337000
1330000
1322000
1313000
1303000
1294000
1284000
1274000
1265000
1255000
1246000
1236000
1257000
1265000
1266000
1262000
1256000
1248000
1240000
1260000
1322000
1376000
1403000
1413000
1436000
1459000
1467000
1466000
1460000
1451000
1440000
1429000
1418000
1406000
1395000
1383000
1372000
1361000
1350000
1339000
1328000
1318000
1307000
1297000
1287000
1277000
1267000
1258000
1248000
1239000
1230000
1221000
1212000
1203000
1194000
1186000
1177000
1175000
1226000
1255000
1268000
1324000
1365000
1385000
1430000
1519000
1869000
2104000
2229000
2285000
2303000
2298000
2282000
2295000
2288000
2270000
2246000
2220000
2193000
2166000
2138000
2112000
2085000
2059000
2034000
2010000
1985000
1962000
1939000
1917000
1953000
1986000
2001000
1999000
2045000
2313000
2627000
2793000
2862000
3063000
3294000
3389000
3651000
3864000
3931000
3919000
3869000
3802000
3728000
3651000
3576000
3503000
4036000
4294000
4365000
4344000
4279000
4195000
4104000
4011000
3919000
3830000
3744000
3662000
3663000
4092000
4290000
4330000
4295000
4224000
4139000
4048000
3956000
3866000
3779000
3696000
3615000
3538000
3493000
3436000
3517000
3557000
3577000
3551000
3501000
3549000
3597000
4039000
4548000
5008000
5170000
5365000
5950000
6148000
