1306000
1298000
1289000
1277000
1266000
1254000
1241000
1229000
1216000
1204000
1193000
1181000
1170000
1159000
1148000
1137000
1127000
1263000
1307000
1333000
1336000
1344000
1420000
1429000
1487000
1870000
1951000
2019000
2027000
2036000
2100000
2099000
2082000
2111000
2107000
2150000
2591000
3001000
3122000
3169000
3167000
3208000
3174000
3116000
3275000
3249000
3317000
3273000
3233000
3173000
3108000
3037000
2965000
2918000
2856000
2796000
2735000
2677000
2621000
2566000
2513000
2462000
2492000
2460000
2430000
2389000
2351000
2312000
2271000
2230000
2196000
2265000
2374000
2431000
2433000
2418000
2395000
2365000
2327000
2285000
2243000
2227000
2193000
2160000
2124000
2090000
2057000
2024000
2040000
2018000
1996000
1969000
1942000
1915000
1887000
1858000
1830000
1803000
1777000
1752000
1727000
1703000
1679000
1657000
1634000
1613000
1592000
1571000
1551000
1532000
1513000
1494000
1476000
1459000
1442000
1624000
1649000
1674000
1669000
1666000
1657000
1641000
1619000
1621000
1690000
1692000
1691000
1677000
1665000
1649000
1629000
1608000
1587000
1567000
1547000
1527000
1509000
1490000
1472000
1455000
1438000
1421000
1405000
1389000
1373000
1358000
1343000
1328000
1314000
1300000
1286000
1273000
1385000
1398000
1471000
1478000
1487000
1482000
1474000
1460000
1445000
1428000
1411000
1395000
1380000
1364000
1349000
1409000
1410000
1412000
1402000
1393000
1383000
1369000
1354000
1339000
1325000
1311000
1297000
1283000
1270000
1257000
1244000
1232000
1219000
1207000
1195000
1184000
1173000
1161000
1151000
1140000
1129000
1119000
1109000
1099000
1089000
1080000
1070000
1061000
1052000
1043000
1034000
1025000
1017000
1008000
1e+06
992100
984100
976300
968500
961000
953500
946100
938900
931700
924700
917800
910900
904200
897600
891100
884600
878300
872100
865900
859800
853800
847900
842100
836400
830700
825100
819600
909200
924900
940300
941300
943700
942900
938400
931300
924300
917400
910600
903800
897200
890700
884300
877900
871700
865500
859500
853500
847600
841800
836000
830400
824800
819300
813800
808500
803200
797900
792800
787700
782700
777700
772800
768000
829400
953000
988000
1250000
1342000
1407000
1428000
1442000
1444000
1436000
1420000
1404000
1388000
1373000
1357000
1342000
1328000
1314000
1300000
1286000
1273000
1260000
1247000
1234000
1222000
1210000
1198000
1186000
1175000
1164000
1177000
1262000
1276000
1286000
1283000
1281000
1274000
1264000
1258000
1256000
1247000
1237000
1226000
1215000
1204000
1193000
1181000
1170000
1159000
1148000
1148000
1177000
1177000
1175000
1169000
1162000
1154000
1144000
1134000
1123000
1113000
1103000
1093000
1084000
1304000
1719000
1836000
1915000
1940000
1963000
1964000
1943000
1913000
1883000
1855000
1827000
1855000
1840000
1826000
1804000
1783000
1807000
1793000
1778000
1756000
1736000
1715000
1692000
1669000
1647000
1634000
1615000
1596000
1577000
1558000
1543000
1525000
1732000
1761000
1789000
1783000
1798000
1791000
1775000
1752000
1807000
1813000
1808000
1792000
1775000
1756000
1734000
1710000
1692000
1691000
1674000
1657000
1637000
1618000
1598000
1578000
1634000
1630000
1626000
1611000
1598000
1582000
1580000
1822000
1859000
1947000
2154000
2203000
2233000
2223000
2207000
2183000
2150000
2113000
2077000
2042000
2009000
1976000
1945000
1914000
1885000
1856000
1828000
1801000
1775000
1749000
1725000
1701000
1677000
1655000
1639000
1619000
1600000
1580000
1561000
2078000
2168000
2255000
2407000
3190000
3382000
3498000
3484000
3474000
3527000
3662000
3622000
3570000
3493000
3421000
3342000
3258000
3173000
3092000
3015000
2944000
3341000
3493000
3537000
3804000
3829000
3829000
3762000
3684000
3597000
3774000
3724000
3676000
3592000
3516000
3435000
3348000
3258000
3172000
3091000
3016000
3190000
3167000
3144000
3086000
3035000
2978000
2913000
2845000
2780000
2718000
2658000
2602000
2600000
2558000
2517000
2471000
2427000
2383000
2339000
2295000
2252000
2212000
2172000
2134000
2097000
2062000
2028000
1994000
1962000
1931000
1901000
1872000
1844000
1816000
1790000
1764000
1739000
1714000
1690000
1667000
1645000
1623000
1602000
1581000
1561000
1541000
1522000
1503000
1485000
1467000
1450000
1433000
1416000
1400000
1384000
1369000
1354000
1339000
1324000
1310000
1296000
1283000
1269000
1256000
1243000
1231000
1219000
1207000
1195000
1258000
1262000
1267000
1260000
1255000
1247000
1237000
1224000
1212000
1200000
1189000
1177000
1166000
1155000
1144000
1134000
1123000
1113000
1103000
1093000
1083000
1074000
1065000
1055000
1046000
1038000
1029000
1020000
1012000
1004000
995400
987400
979500
971700
964100
956600
949200
941900
934700
927600
920600
913800
907000
900300
893800
887300
880900
874600
868400
862300
856300
850400
844500
838700
833000
827400
821900
816400
811000
805700
800400
795200
790100
785000
780000
775100
770200
765400
760700
756000
751400
746800
742300
737800
757800
765800
768400
767400
765700
763300
759700
755200
750600
746000
741500
737100
732700
728300
724000
719800
715600
730700
741900
744500
744300
746500
745300
743000
739200
735200
731100
726800
722500
718300
714100
710000
705900
701900
697900
693900
690000
686200
682400
678600
674800
671200
667500
663900
669400
667900
666500
663600
661000
658100
654800
651300
647900
644500
641100
637800
634500
631200
628000
640400
640700
641000
639100
637300
635100
632300
629000
625800
622600
619500
616400
676000
747600
772000
786700
793200
798500
799200
840400
845200
849900
847900
846600
906700
1138000
1197000
1243000
1257000
1271000
1275000
1268000
1278000
1519000
1608000
1657000
1669000
1677000
1676000
1663000
1642000
1620000
1599000
1578000
1558000
1539000
1520000
1549000
1579000
1823000
1866000
1903000
1903000
2143000
2211000
2242000
2229000
2216000
2196000
2166000
2129000
2093000
2057000
2023000
1990000
1958000
1959000
1970000
2049000
2141000
2157000
2156000
2140000
2120000
2094000
2327000
2346000
2364000
2570000
2715000
2887000
3101000
3134000
3139000
3204000
3177000
3136000
3072000
3006000
2940000
2873000
2807000
2744000
2809000
2775000
2742000
2693000
2647000
2599000
2548000
2496000
2446000
2398000
2351000
2307000
2264000
2222000
2183000
2162000
2128000
2096000
2081000
2052000
2024000
1993000
1963000
1933000
1904000
1932000
1921000
2348000
2413000
2476000
2469000
2466000
2447000
2433000
2408000
2371000
2332000
2322000
2289000
2256000
2218000
2181000
2145000
2109000
2073000
2038000
2005000
1972000
1941000
1911000
1881000
1853000
1825000
1798000
1772000
1754000
1730000
1708000
1685000
1663000
1641000
1641000
1626000
1610000
1591000
1573000
1554000
1536000
1517000
1498000
1480000
1462000
1445000
1459000
1503000
1504000
1501000
1539000
1538000
1535000
1522000
1508000
1493000
1476000
1458000
1441000
1424000
1408000
1392000
1376000
1361000
1346000
1331000
1317000
1303000
1289000
1276000
1263000
1250000
1253000
1345000
1358000
1368000
1364000
1360000
1352000
1340000
1326000
1312000
1298000
1284000
1271000
1258000
1245000
1232000
1220000
1208000
1196000
1185000
1173000
1162000
1151000
1140000
1130000
1120000
1109000
1099000
1090000
1080000
1071000
1061000
1052000
1043000
1034000
1026000
1017000
1009000
1001000
992500
984600
976700
969000
961400
953900
946500
939300
932100
925100
918200
911300
904600
898000
891500
885000
878700
872400
866300
860200
854200
848300
842400
836700
831000
825400
819900
814500
809100
803800
798500
793400
788300
783200
778300
773400
768500
763700
759000
754300
749700
745200
740700
736200
731800
727500
723200
719000
714800
710600
706500
702500
698500
694500
690600
686800
682900
679200
675400
671700
668100
664400
660900
657300
653800
650400
646900
643500
640200
674700
679900
685100
684500
684600
688500
686900
684300
680900
677700
674300
670800
667100
663500
660000
656400
652900
649500
646100
642700
686800
694100
701400
701500
702300
701500
698800
694900
691000
687100
683300
679500
676400
1046000
1124000
1201000
1221000
1247000
1259000
1257000
1244000
1232000
1219000
1207000
1196000
1184000
1173000
1161000
1151000
1140000
1129000
1119000
1109000
1099000
1089000
1080000
1070000
1061000
1052000
1043000
1034000
1025000
1017000
1008000
1e+06
992100
984100
976300
968600
961000
953500
946100
938900
931800
924700
917800
911000
904300
897600
891100
884700
878300
872100
865900
859900
853900
848000
842100
836400
830700
825100
819600
814200
808800
803500
798300
793100
788000
783000
778000
773100
768300
763500
758800
754100
749500
744900
740400
736000
760800
782000
788400
790400
907400
932300
955000
976400
1062000
1274000
1330000
1370000
1436000
1458000
1469000
1462000
1593000
1610000
1624000
1615000
1608000
1597000
1580000
1560000
1540000
1535000
1660000
1675000
1816000
2154000
2864000
3206000
3944000
4087000
4191000
4168000
4118000
4027000
3914000
3791000
3676000
3567000
3465000
3368000
3280000
3857000
3893000
3926000
3860000
3807000
3736000
3643000
3536000
3497000
3414000
3336000
3636000
3652000
3878000
3853000
3830000
3761000
3684000
3591000
3495000
3397000
3304000
3389000
3487000
3484000
3444000
3840000
3975000
4e+06
3945000
3877000
3799000
3705000
3598000
3523000
3430000
3342000
3255000
3173000
3095000
3390000
3385000
3380000
3320000
3269000
3208000
3136000
3057000
2982000
2910000
2842000
2778000
2998000
3054000
3059000
3023000
2983000
2937000
2880000
2881000
2871000
2830000
2781000
2729000
2678000
2625000
2570000
2517000
2466000
2417000
2371000
2660000
2681000
2702000
2672000
2648000
2614000
2568000
2516000
2611000
2591000
2571000
2531000
2494000
2454000
2410000
2363000
2529000
3185000
3305000
3388000
3372000
3361000
3322000
3689000
3990000
4036000
4015000
3956000
3891000
3803000
3696000
3586000
3483000
3386000
3293000
3206000
3124000
3045000
2971000
2900000
2832000
2767000
2706000
2647000
2590000
2536000
2485000
2435000
2387000
2341000
2297000
2254000
2214000
2174000
2136000
2131000
2110000
2103000
2078000
2515000
2709000
2792000
2801000
2797000
2778000
2738000
2682000
2624000
2568000
2515000
2464000
2415000
2368000
2323000
2280000
2238000
2197000
2158000
2121000
2085000
2049000
2016000
1983000
2259000
2707000
3488000
3857000
4023000
4093000
4228000
4203000
4131000
4016000
3960000
4073000
4008000
3937000
4072000
4020000
3962000
3864000
3902000
3847000
3771000
3673000
3581000
3583000
3507000
3431000
3345000
3265000
3185000
3107000
3029000
2955000
2885000
2818000
2755000
2886000
2920000
3018000
3598000
3769000
3842000
3815000
3775000
3713000
3626000
3685000
4172000
4305000
4328000
4703000
4705000
4706000
4595000
4479000
4350000
4213000
4072000
3940000
3816000
3699000
3589000
3485000
3388000
3296000
3208000
3126000
3047000
2972000
2901000
2834000
2769000
2707000
2648000
2592000
2538000
2486000
2436000
2388000
2342000
2298000
2256000
2215000
2175000
2137000
2102000
2067000
2034000
2e+06
1968000
1937000
1907000
1878000
1849000
1822000
1795000
1847000
1837000
1828000
1808000
1790000
1769000
1746000
1721000
1697000
1674000
1651000
1629000
1608000
1587000
1567000
1547000
1528000
1509000
1490000
1472000
1455000
1438000
1421000
1405000
1389000
1373000
1358000
1343000
1328000
1314000
1300000
1286000
1273000
1260000
1247000
1235000
1222000
1210000
1198000
1187000
1175000
1164000
1189000
1186000
1183000
1175000
1168000
1159000
1149000
1139000
1333000
1746000
1857000
1935000
1957000
1978000
1978000
1957000
1926000
1942000
2150000
2309000
2378000
2768000
3022000
3111000
3126000
3107000
3075000
3290000
3271000
3248000
3187000
3132000
3072000
3004000
2972000
4065000
4207000
4336000
4286000
4257000
4193000
4481000
4414000
4351000
4234000
4131000
4021000
3902000
3781000
3753000
3660000
3573000
3479000
3517000
3853000
4111000
4141000
4401000
4385000
4356000
4258000
4150000
4031000
3909000
3787000
3672000
3563000
3461000
3365000
3274000
3188000
3106000
3029000
2955000
2885000
2818000
2754000
2693000
2635000
2754000
2735000
2716000
2672000
2632000
2588000
2545000
2549000
2687000
2683000
2695000
2663000
2633000
2593000
2624000
2589000
2693000
2675000
2658000
2618000
2580000
2535000
2488000
2438000
2390000
2344000
2300000
2257000
2216000
2176000
2138000
2101000
2066000
2031000
1998000
1966000
1935000
1904000
1875000
1861000
2107000
2179000
2215000
2209000
2202000
2186000
2157000
2121000
2085000
2050000
2016000
1983000
1951000
1921000
1891000
1862000
1834000
1807000
1780000
1755000
1731000
2001000
2355000
2452000
2503000
2509000
2510000
2489000
2448000
2491000
2474000
2449000
2412000
2529000
2527000
2516000
2480000
2447000
2409000
2367000
2322000
2279000
2237000
2197000
2158000
2120000
2084000
2049000
2015000
1982000
1951000
1920000
1890000
1861000
1833000
1806000
1780000
1754000
1730000
1816000
1815000
1815000
1797000
1791000
1775000
1755000
1731000
1707000
1684000
1662000
1639000
1618000
1597000
1576000
1556000
1536000
1517000
1499000
1480000
1463000
1445000
1429000
1412000
1396000
1380000
1365000
1350000
1335000
1351000
1349000
1342000
1332000
1321000
1309000
1297000
1283000
1270000
1257000
1244000
1232000
1219000
1207000
1196000
1184000
1179000
1224000
1296000
1313000
1321000
1318000
1315000
1308000
1296000
1282000
1269000
1256000
1243000
1231000
1218000
1206000
1195000
1183000
1172000
1161000
1150000
1263000
1280000
1296000
1293000
1292000
1287000
1277000
1264000
1251000
1238000
1226000
1213000
1201000
1190000
1178000
1167000
1156000
1145000
1135000
1124000
1114000
1186000
1194000
1202000
1197000
1194000
1188000
1179000
1168000
1157000
1146000
1135000
1125000
1115000
1105000
1095000
1085000
1076000
1066000
1057000
1048000
1039000
1030000
1022000
1013000
1005000
996800
988700
980800
973000
965300
957800
950400
943000
935800
928800
921800
914900
908100
901400
894800
888400
882000
875700
869500
863300
857300
851300
845500
839700
834000
828300
822800
817300
811900
806500
801300
796100
790900
785900
780900
775900
771000
766200
779700
844500
924700
1225000
1301000
1365000
1384000
1403000
1407000
1399000
1383000
1368000
1353000
1338000
1324000
1309000
1296000
1282000
1269000
1256000
1243000
1230000
1218000
1206000
1194000
1183000
1171000
1160000
1149000
1139000
1128000
1118000
1108000
1098000
1088000
1079000
1111000
1139000
1145000
1144000
1140000
1135000
1128000
1380000
1426000
1480000
1486000
1497000
1497000
1487000
1470000
1453000
1436000
1419000
1403000
1394000
1445000
1445000
1444000
1434000
1424000
1412000
1398000
1382000
1367000
1352000
1337000
1323000
1308000
1295000
1281000
1268000
1347000
1640000
1749000
1815000
1833000
1880000
1935000
1936000
1922000
1900000
1879000
1989000
2556000
2759000
2862000
2879000
2886000
2870000
2826000
2764000
2707000
2671000
2627000
2579000
2530000
2481000
2434000
2388000
2342000
2298000
2255000
2214000
2337000
2331000
2325000
2296000
2270000
2239000
2203000
2164000
2127000
2370000
2390000
2410000
2387000
2370000
2343000
2307000
2264000
2223000
2183000
2144000
2107000
2072000
2037000
2004000
2118000
2116000
2114000
2091000
2071000
2110000
2100000
2139000
2126000
2237000
2237000
2235000
2210000
2185000
2155000
2126000
2148000
2137000
2116000
2088000
2060000
2031000
2e+06
1968000
1937000
1932000
1936000
1918000
1897000
1873000
1850000
1888000
1875000
1862000
1842000
1822000
1800000
1776000
1751000
1727000
1703000
1679000
1656000
1634000
1613000
1592000
1588000
1572000
1556000
1687000
1701000
1714000
1703000
1695000
1682000
1663000
1716000
1710000
1768000
1772000
1794000
1836000
2192000
2353000
2423000
2436000
2436000
2423000
2393000
2349000
2305000
2262000
2221000
2181000
2143000
2106000
2070000
2035000
2002000
1970000
1938000
1908000
1879000
1850000
1823000
1796000
1770000
1744000
1720000
1696000
1673000
1650000
1628000
1607000
1586000
1566000
1546000
1526000
1508000
1489000
1471000
1454000
1437000
1420000
1404000
1388000
1372000
1366000
1353000
1341000
1327000
1314000
1336000
1330000
1324000
1319000
1310000
1300000
1288000
1276000
1263000
1250000
1238000
1225000
1213000
1201000
1189000
1178000
1167000
1156000
1145000
1134000
1124000
1114000
1104000
1094000
1087000
1130000
1202000
1219000
1228000
1227000
1225000
1219000
1209000
1197000
1186000
1174000
1163000
1152000
1142000
1131000
1121000
1111000
1101000
1091000
1081000
1072000
1062000
1053000
1044000
1035000
1027000
1018000
1010000
1002000
993500
985500
977600
969900
962300
954800
947400
940100
932900
925900
919000
912100
905400
898700
892200
885800
895700
964700
1008000
1025000
1031000
1060000
1087000
1092000
1091000
1086000
1080000
1073000
1064000
1055000
1046000
1037000
1028000
1020000
1011000
1003000
994900
986900
979000
971200
963600
956100
948700
941400
934200
927100
920200
913300
906500
899900
893300
886900
880500
874200
868000
890900
892300
892900
961300
988500
1006000
1062000
1171000
1731000
1867000
1977000
2005000
2034000
2039000
2022000
2034000
2011000
1989000
1961000
1935000
1908000
1880000
1851000
1823000
1797000
1771000
1745000
1721000
1697000
1673000
1651000
1629000
1666000
1689000
1700000
1692000
1769000
2201000
2586000
2711000
2771000
3103000
3418000
3494000
3929000
4155000
4212000
4179000
4107000
4021000
3917000
3799000
3684000
3581000
4562000
4647000
4727000
4640000
4577000
4482000
4352000
4200000
4059000
3927000
3803000
3687000
3698000
4427000
4503000
4544000
4464000
4396000
4301000
4177000
4037000
3907000
3784000
3669000
3561000
3459000
3399000
3315000
3460000
3470000
3503000
3452000
3400000
3500000
3552000
4313000
4955000
5560000
5642000
5977000
6960000
7025000
