734700
739000
735500
730800
726300
721700
717300
712900
708500
704200
7e+05
695800
691600
687500
683500
679500
683700
878600
922500
918400
911900
920000
994800
1002000
1084000
1486000
1525000
1505000
1486000
1477000
1551000
1551000
1539000
1584000
1590000
1691000
2242000
2655000
2650000
2590000
2542000
2556000
2510000
2494000
2722000
2714000
2766000
2718000
2655000
2595000
2538000
2483000
2442000
2476000
2436000
2386000
2337000
2291000
2246000
2203000
2162000
2149000
2279000
2258000
2215000
2173000
2133000
2094000
2057000
2037000
2124000
2274000
2437000
2480000
2437000
2386000
2338000
2291000
2247000
2204000
2181000
2259000
2232000
2189000
2149000
2109000
2071000
2052000
2117000
2093000
2055000
2019000
1985000
1951000
1919000
1887000
1857000
1827000
1812000
1933000
1923000
1891000
1861000
1831000
1803000
1775000
1748000
1722000
1697000
1672000
1648000
1625000
1603000
1582000
1665000
2375000
2430000
2380000
2331000
2285000
2241000
2198000
2194000
2427000
2598000
2566000
2510000
2457000
2406000
2356000
2315000
2312000
2273000
2229000
2187000
2167000
2262000
2246000
2205000
2163000
2123000
2085000
2048000
2012000
1978000
1944000
1912000
1881000
1856000
1885000
1875000
2047000
2464000
2495000
2604000
2569000
2513000
2459000
2408000
2358000
2315000
2297000
2256000
2213000
2171000
2131000
2162000
2598000
2608000
2550000
2495000
2442000
2391000
2342000
2296000
2251000
2209000
2177000
2138000
2099000
2064000
2039000
2005000
1971000
1938000
1906000
1875000
1845000
1816000
1788000
1764000
1776000
1757000
1754000
1733000
1722000
1699000
1683000
1759000
1762000
1835000
1820000
1792000
1765000
1738000
1712000
1687000
1663000
1639000
1616000
1594000
1572000
1556000
1584000
1570000
1549000
1528000
1522000
1647000
1735000
1722000
1697000
1672000
1648000
1625000
1603000
1581000
1559000
1539000
1520000
1514000
1497000
1492000
1652000
2064000
2087000
2050000
2014000
1979000
1973000
2133000
2121000
2083000
2046000
2010000
1976000
1943000
1910000
1879000
1849000
1820000
1792000
1764000
1738000
1731000
1923000
1923000
1891000
1861000
1831000
1803000
1775000
1748000
1722000
1697000
1672000
1648000
1625000
1618000
1820000
2331000
2790000
2945000
3782000
3904000
3792000
3671000
3557000
3449000
3349000
3254000
3164000
3079000
2999000
2922000
2850000
2781000
2715000
2652000
2593000
2535000
2481000
2428000
2378000
2330000
2284000
2239000
2197000
2184000
2374000
2746000
3036000
3e+06
2924000
2851000
2782000
2717000
2668000
2719000
2699000
2641000
2581000
2525000
2471000
2419000
2369000
2321000
2275000
2231000
2208000
2310000
2391000
2358000
2310000
2265000
2221000
2179000
2139000
2100000
2066000
2049000
2016000
1981000
2036000
2803000
3808000
3823000
3699000
3584000
3479000
3377000
3280000
3189000
3103000
3021000
2970000
3065000
3009000
2932000
2859000
2804000
2854000
2802000
2735000
2672000
2611000
2553000
2498000
2445000
2399000
2385000
2343000
2296000
2251000
2210000
2178000
2205000
2626000
2632000
2573000
2523000
2515000
2468000
2416000
2389000
2503000
2497000
2448000
2397000
2348000
2301000
2256000
2214000
2189000
2189000
2154000
2114000
2076000
2039000
2004000
1994000
2122000
2107000
2069000
2033000
1997000
1967000
2051000
2496000
2523000
2609000
2945000
2926000
2853000
2784000
2718000
2655000
2595000
2538000
2483000
2431000
2380000
2332000
2286000
2241000
2199000
2158000
2118000
2080000
2043000
2007000
1973000
1940000
1908000
1902000
2085000
2079000
2042000
2008000
2129000
3123000
3185000
3159000
3605000
4914000
4958000
4759000
4568000
4433000
4606000
4792000
4645000
4463000
4295000
4139000
3994000
3860000
3734000
3616000
3505000
3611000
4732000
4936000
4905000
5221000
5085000
4871000
4671000
4487000
4461000
4934000
4819000
4623000
4443000
4276000
4122000
3979000
3845000
3720000
3603000
3635000
4433000
4395000
4232000
4081000
3951000
3878000
3759000
3640000
3528000
3450000
3483000
3457000
3646000
3575000
3466000
3365000
3269000
3199000
3207000
3134000
3050000
2971000
2896000
2825000
2757000
2693000
2631000
2572000
2516000
2462000
2411000
2361000
2314000
2268000
2224000
2182000
2142000
2103000
2065000
2029000
2072000
2567000
2586000
2529000
2475000
2423000
2373000
2325000
2279000
2235000
2192000
2151000
2112000
2074000
2037000
2002000
1968000
1936000
1924000
1895000
1872000
1928000
1909000
1879000
1866000
1839000
1810000
1827000
2214000
2468000
2450000
2399000
2350000
2303000
2258000
2215000
2173000
2133000
2094000
2077000
2175000
2211000
2178000
2137000
2099000
2061000
2025000
1990000
1956000
1937000
2031000
2019000
1985000
1952000
1925000
1956000
1933000
1901000
1870000
1840000
1814000
1812000
1787000
1760000
1734000
1709000
1698000
1676000
1652000
1629000
1606000
1587000
1591000
1573000
1552000
1531000
1511000
1492000
1473000
1461000
1502000
1492000
1473000
1454000
1436000
1420000
1413000
1397000
1380000
1364000
1348000
1333000
1318000
1303000
1288000
1274000
1260000
1247000
1233000
1220000
1208000
1195000
1229000
1715000
1785000
1761000
1734000
1709000
1684000
1660000
1636000
1613000
1591000
1569000
1548000
1528000
1508000
1488000
1478000
1562000
1802000
1849000
1826000
1802000
1819000
1797000
1770000
1743000
1717000
1692000
1667000
1644000
1621000
1598000
1576000
1555000
1534000
1514000
1507000
1610000
1610000
1621000
1603000
1581000
1560000
1548000
1615000
1670000
1656000
1632000
1609000
1587000
1566000
1545000
1524000
1507000
1514000
1498000
1479000
1460000
1442000
1440000
1563000
1562000
1541000
1521000
1501000
1482000
1463000
1445000
1427000
1410000
1393000
1407000
1707000
1943000
1942000
1910000
1879000
1849000
1834000
1983000
1975000
1942000
1910000
1905000
2179000
2904000
2945000
2873000
2803000
2736000
2672000
2622000
2769000
3470000
3595000
3503000
3399000
3301000
3209000
3121000
3039000
2960000
2886000
2815000
2748000
2684000
2647000
2795000
2968000
3514000
3495000
3391000
3406000
3896000
3920000
3801000
3679000
3567000
3459000
3358000
3263000
3172000
3087000
3006000
2929000
2872000
2948000
3006000
3181000
3312000
3252000
3164000
3079000
2998000
3027000
3499000
3473000
3458000
3845000
4058000
4276000
4542000
4422000
4289000
4334000
4203000
4054000
3915000
3786000
3672000
3594000
3490000
3439000
3596000
3522000
3417000
3318000
3225000
3137000
3053000
2974000
2899000
2828000
2760000
2696000
2641000
2583000
2547000
2606000
2564000
2514000
2503000
2456000
2405000
2355000
2308000
2268000
2278000
2351000
2439000
3170000
3195000
3109000
3027000
2949000
2888000
2933000
2909000
2841000
2781000
2786000
2730000
2667000
2607000
2551000
2499000
2446000
2395000
2346000
2301000
2268000
2225000
2183000
2143000
2104000
2066000
2030000
2032000
2237000
2228000
2186000
2154000
2173000
2153000
2154000
2123000
2085000
2048000
2012000
1978000
1945000
1912000
1881000
1851000
1822000
1831000
2151000
2271000
2243000
2221000
2312000
2286000
2241000
2198000
2157000
2118000
2079000
2043000
2007000
1973000
1940000
1907000
1876000
1846000
1817000
1789000
1762000
1735000
1710000
1685000
1661000
1673000
2048000
2302000
2290000
2246000
2203000
2161000
2122000
2083000
2046000
2011000
1976000
1943000
1911000
1880000
1849000
1822000
1820000
1799000
1818000
1796000
1775000
1826000
1809000
1781000
1754000
1728000
1702000
1687000
1761000
1748000
1722000
1697000
1672000
1648000
1625000
1603000
1581000
1559000
1538000
1518000
1499000
1479000
1461000
1442000
1425000
1407000
1390000
1374000
1387000
1648000
1664000
1640000
1617000
1595000
1573000
1552000
1531000
1515000
1531000
1516000
1513000
1636000
1634000
1611000
1589000
1569000
1568000
1550000
1534000
1552000
1537000
1517000
1497000
1478000
1459000
1441000
1424000
1406000
1389000
1373000
1357000
1359000
1505000
1551000
1544000
1605000
1594000
1574000
1565000
1546000
1525000
1505000
1486000
1467000
1449000
1431000
1417000
1429000
1415000
1398000
1382000
1374000
1432000
1427000
1422000
1407000
1396000
1457000
1655000
1661000
1638000
1618000
1638000
1672000
1655000
1632000
1609000
1587000
1565000
1544000
1524000
1504000
1485000
1466000
1448000
1434000
1475000
1665000
1858000
1856000
1826000
1798000
1770000
1743000
1717000
1692000
1668000
1644000
1621000
1620000
2046000
3541000
3644000
3532000
3426000
3327000
3233000
3144000
3061000
2981000
2906000
2834000
2766000
2702000
2649000
2591000
2534000
2479000
2427000
2377000
2329000
2282000
2238000
2195000
2154000
2115000
2077000
2040000
2004000
1970000
1937000
1905000
1874000
1844000
1815000
1787000
1764000
1741000
1716000
1690000
1666000
1642000
1620000
1604000
1585000
1576000
1556000
1536000
1515000
1496000
1477000
1458000
1440000
1422000
1405000
1388000
1372000
1356000
1340000
1324000
1309000
1295000
1280000
1266000
1253000
1239000
1226000
1213000
1202000
1208000
1233000
1342000
1344000
1328000
1313000
1299000
1302000
1454000
1512000
1500000
1513000
1824000
1842000
1818000
1869000
2130000
2629000
2647000
2607000
2696000
2655000
2595000
2584000
2895000
2876000
2806000
2739000
2675000
2614000
2556000
2501000
2456000
2508000
2797000
2818000
3195000
4159000
5573000
6169000
7161000
6909000
6510000
6156000
5838000
5552000
5293000
5058000
4843000
4645000
4463000
4296000
4452000
5626000
5546000
5291000
5066000
4852000
4654000
4471000
4324000
4302000
4165000
4142000
4687000
4741000
4933000
4781000
4588000
4411000
4247000
4094000
3953000
3821000
3763000
4049000
4218000
4136000
4139000
4794000
4887000
4711000
4524000
4352000
4192000
4043000
3928000
3927000
3815000
3692000
3577000
3468000
3494000
4073000
4028000
3891000
3763000
3643000
3531000
3452000
3479000
3394000
3297000
3204000
3232000
3717000
3781000
3674000
3560000
3453000
3352000
3307000
3467000
3467000
3375000
3279000
3192000
3124000
3044000
2966000
2891000
2820000
2752000
2826000
3562000
3567000
3460000
3358000
3263000
3178000
3116000
3116000
3404000
3358000
3262000
3172000
3087000
3006000
2937000
3040000
3771000
4981000
4946000
4740000
4551000
4389000
4499000
5302000
5736000
5537000
5279000
5045000
4831000
4634000
4453000
4286000
4131000
3987000
3852000
3727000
3647000
3732000
3656000
3545000
3469000
3521000
3437000
3337000
3243000
3153000
3069000
2989000
2913000
2841000
2774000
2746000
2935000
2897000
2892000
3223000
3217000
3174000
3288000
4267000
4543000
4410000
4250000
4124000
3984000
3900000
4062000
3992000
3861000
3735000
3617000
3506000
3402000
3304000
3235000
3252000
3177000
3104000
3077000
3004000
2930000
2901000
3161000
3960000
5167000
6594000
6842000
6565000
6337000
6288000
5996000
5722000
5596000
5579000
5744000
5524000
5408000
5726000
5529000
5288000
5194000
5298000
5140000
4923000
4743000
4702000
4777000
4620000
4440000
4274000
4120000
3978000
3844000
3719000
3602000
3492000
3479000
3908000
4273000
4323000
4677000
5706000
5759000
5504000
5250000
5018000
4806000
4709000
5130000
5998000
6024000
5917000
6400000
6181000
5931000
5646000
5379000
5136000
4914000
4710000
4524000
4351000
4191000
4043000
3905000
3776000
3655000
3542000
3436000
3336000
3242000
3152000
3068000
2988000
2912000
2840000
2772000
2707000
2644000
2585000
2528000
2474000
2465000
2740000
2723000
2697000
2970000
3061000
2999000
2923000
2850000
2781000
2715000
2653000
2593000
2536000
2481000
2488000
2907000
2902000
2831000
2763000
2698000
2636000
2577000
2520000
2466000
2415000
2372000
2369000
2327000
2281000
2237000
2194000
2153000
2114000
2076000
2039000
2004000
1969000
1936000
1904000
1878000
1905000
1894000
1865000
1836000
1807000
1779000
1752000
1726000
1700000
1676000
1652000
1628000
1606000
1584000
1562000
1542000
1556000
1791000
1800000
1772000
1745000
1719000
1694000
1670000
1697000
2260000
3114000
3149000
3065000
2985000
2910000
2838000
2770000
2722000
2853000
3317000
3560000
3665000
4385000
4689000
4554000
4379000
4217000
4155000
4545000
4446000
4279000
4125000
3981000
3847000
3739000
4148000
6062000
6037000
5731000
5456000
5206000
5153000
5610000
5440000
5192000
4965000
4757000
4567000
4391000
4256000
4272000
4141000
3997000
3900000
4102000
4742000
5022000
4983000
5216000
5049000
4834000
4637000
4456000
4288000
4133000
3989000
3854000
3729000
3611000
3501000
3397000
3299000
3210000
3136000
3054000
2975000
2900000
2838000
2848000
2845000
3133000
3100000
3019000
2941000
2868000
2805000
2805000
2878000
3104000
3070000
3026000
2953000
2879000
2825000
2898000
2877000
3037000
2991000
2915000
2843000
2777000
2712000
2650000
2590000
2533000
2478000
2426000
2376000
2328000
2291000
2310000
2273000
2229000
2187000
2146000
2107000
2069000
2032000
2018000
2181000
2624000
2699000
2647000
2587000
2530000
2476000
2424000
2374000
2326000
2280000
2235000
2206000
2251000
2242000
2202000
2161000
2121000
2083000
2046000
2010000
2083000
2937000
3564000
3539000
3433000
3334000
3239000
3150000
3152000
3466000
3442000
3345000
3316000
3541000
3488000
3387000
3290000
3198000
3111000
3029000
2951000
2877000
2807000
2740000
2676000
2615000
2557000
2502000
2448000
2397000
2348000
2301000
2256000
2217000
2199000
2161000
2121000
2083000
2148000
2846000
2882000
2811000
2753000
2761000
2707000
2645000
2585000
2528000
2474000
2422000
2375000
2349000
2305000
2262000
2241000
2242000
2206000
2164000
2124000
2086000
2049000
2013000
2011000
2190000
2179000
2150000
2188000
2236000
2331000
2316000
2272000
2228000
2186000
2145000
2106000
2068000
2032000
1997000
1963000
1943000
2028000
2009000
1975000
1982000
2252000
2427000
2594000
2564000
2508000
2455000
2403000
2354000
2307000
2262000
2218000
2176000
2136000
2097000
2060000
2023000
1989000
1955000
1922000
1935000
2294000
2773000
2775000
2709000
2647000
2588000
2531000
2476000
2424000
2374000
2326000
2280000
2236000
2193000
2152000
2116000
2099000
2064000
2028000
1993000
1981000
2180000
2683000
2695000
2633000
2575000
2518000
2464000
2413000
2363000
2316000
2270000
2226000
2184000
2143000
2104000
2066000
2030000
1995000
1961000
1928000
1896000
1883000
2022000
2011000
1977000
1944000
1911000
1880000
1850000
1821000
1793000
1765000
1739000
1713000
1700000
1806000
1797000
1773000
1747000
1721000
1695000
1671000
1647000
1624000
1601000
1580000
1558000
1537000
1517000
1498000
1478000
1460000
1442000
1424000
1407000
1400000
1478000
1473000
1455000
1438000
1420000
1411000
1465000
1516000
1642000
1863000
2171000
2998000
3040000
2961000
2887000
2816000
2749000
2684000
2623000
2565000
2509000
2455000
2404000
2355000
2308000
2262000
2219000
2177000
2136000
2098000
2060000
2024000
1989000
1955000
1923000
1891000
1861000
1831000
1802000
1775000
1748000
1722000
1697000
1718000
2134000
2232000
2200000
2159000
2119000
2081000
2144000
2827000
2864000
2820000
2756000
2691000
2630000
2571000
2515000
2461000
2410000
2360000
2324000
2375000
2499000
2468000
2417000
2367000
2319000
2273000
2229000
2187000
2147000
2112000
2082000
2046000
2010000
1976000
1942000
1941000
2227000
2875000
2994000
2944000
2881000
2901000
2950000
2892000
2821000
2753000
2723000
3163000
4307000
4506000
4362000
4202000
4053000
3914000
3784000
3674000
3624000
3564000
3477000
3377000
3280000
3189000
3103000
3021000
2944000
2870000
2801000
2790000
3076000
3045000
2967000
2892000
2821000
2753000
2689000
2627000
2652000
3167000
3163000
3078000
2998000
2921000
2849000
2780000
2719000
2690000
2633000
2575000
2518000
2464000
2413000
2410000
2709000
2696000
2634000
2575000
2537000
2622000
2608000
2657000
2646000
2813000
2778000
2713000
2650000
2590000
2537000
2524000
2576000
2553000
2500000
2447000
2396000
2347000
2300000
2255000
2232000
2325000
2346000
2306000
2261000
2217000
2201000
2330000
2307000
2265000
2242000
2202000
2161000
2121000
2083000
2046000
2015000
2011000
1981000
1948000
1918000
1920000
1951000
1927000
1937000
2217000
2219000
2177000
2136000
2098000
2060000
2066000
2290000
2300000
2378000
2369000
2380000
2524000
3197000
3381000
3309000
3216000
3133000
3077000
3039000
2966000
2891000
2820000
2753000
2688000
2627000
2568000
2512000
2458000
2407000
2358000
2317000
2319000
2280000
2236000
2193000
2152000
2113000
2075000
2038000
2002000
1982000
2048000
2027000
1992000
1958000
1925000
1894000
1872000
1975000
2173000
2165000
2136000
2098000
2061000
2032000
2050000
2096000
2190000
2166000
2126000
2088000
2083000
2243000
2228000
2199000
2238000
2206000
2165000
2125000
2087000
2050000
2017000
2003000
1971000
1938000
1906000
1875000
1845000
1816000
1788000
1763000
1757000
1733000
1708000
1693000
1802000
2024000
2186000
2349000
2328000
2282000
2238000
2195000
2154000
2115000
2077000
2040000
2035000
2190000
2176000
2136000
2097000
2059000
2023000
1988000
1955000
1922000
1891000
1866000
1838000
1809000
1781000
1770000
1960000
1958000
1925000
1894000
1863000
1833000
1805000
1777000
1750000
1724000
1698000
1702000
1997000
2008000
1974000
1942000
1926000
1896000
1893000
2130000
2379000
2465000
2427000
2400000
2527000
2566000
2520000
2466000
2414000
2364000
2317000
2271000
2227000
2185000
2144000
2105000
2067000
2031000
1996000
1962000
1929000
1919000
2071000
2060000
2024000
1989000
1955000
1923000
1891000
1861000
1831000
1803000
1775000
1748000
1722000
1697000
1693000
1940000
2201000
2200000
2197000
2411000
2449000
2438000
2608000
3226000
4907000
4963000
4758000
4567000
4391000
4236000
4162000
4240000
4119000
3975000
3842000
3717000
3600000
3490000
3387000
3290000
3198000
3111000
3029000
2951000
2877000
2807000
2751000
2829000
3155000
3208000
3165000
3134000
3449000
4665000
5349000
5211000
5175000
5806000
6214000
6184000
6962000
7090000
6726000
6348000
6011000
5708000
5434000
5186000
4960000
5292000
7245000
7108000
6687000
6313000
5979000
5680000
5409000
5163000
4939000
4733000
4555000
4491000
4920000
6137000
6042000
5740000
5464000
5213000
4984000
4775000
4583000
4406000
4242000
4090000
3949000
3844000
3866000
3826000
4086000
4096000
4065000
3940000
3857000
4028000
4350000
5644000
6624000
7090000
6904000
7492000
8611000
8590000
