957100
950500
942200
933300
923900
914400
905200
896100
887200
878500
870000
861600
853400
845300
837400
829700
9107000
4277000
2164000
2011000
1587000
4814000
2037000
3915000
18620000
6088000
3335000
3167000
1676000
4005000
2278000
1592000
3732000
2346000
3739000
17530000
15070000
5967000
4341000
2974000
3218000
1868000
1607000
7819000
3223000
4613000
2862000
1917000
1723000
1492000
1399000
1377000
2116000
1553000
1411000
1395000
1311000
1271000
1253000
1236000
1219000
4013000
1985000
1519000
1513000
1258000
1161000
1146000
1132000
1398000
4709000
6329000
4394000
2527000
1957000
1490000
1214000
1152000
1137000
1123000
1953000
1339000
1191000
1181000
1097000
1060000
1047000
2739000
1514000
1230000
1225000
1069000
1008000
997100
986100
975400
964900
954600
944500
934600
925000
915500
906200
897100
888200
879500
871000
862600
854300
846300
838300
830600
822900
815400
10650000
3615000
2034000
2060000
1214000
920600
911200
902000
2115000
4704000
2024000
1465000
1364000
1025000
915400
906100
897000
888100
879400
870900
862500
854200
846200
838200
830500
822800
815300
808000
800800
793700
786700
779800
773100
766500
760000
753600
747300
7754000
2740000
4325000
2404000
1367000
1166000
927400
841100
833300
825600
818100
810700
803400
796200
789200
4907000
1952000
1284000
1292000
933500
807100
799900
792800
785800
779000
772300
765700
759200
752800
746500
740400
734300
728300
722400
716700
711000
705400
699900
694400
689100
683800
678700
673600
668500
663600
658700
653900
649200
644500
639900
635400
630900
626500
622100
617800
613600
609400
605300
601300
597300
593300
589400
585600
581800
578000
574300
570700
567000
563500
560000
556500
553100
549700
546300
543000
539700
536500
533300
530200
527100
524000
520900
7350000
2468000
1373000
1394000
809100
607900
603800
599800
595800
591800
588000
584100
580400
576600
572900
569300
565700
562200
558700
555200
551800
548400
545100
541800
538500
535300
532100
529000
525900
522800
519800
516800
513800
510900
508000
505200
5982000
8344000
2989000
14200000
6543000
2826000
2442000
1403000
915500
863900
855600
847500
839500
831700
824100
816600
809200
801900
794800
787800
781000
774200
767600
761100
754600
748300
742100
736000
730000
724100
2640000
5911000
2284000
1542000
1389000
932500
791500
784500
1191000
1314000
938800
866000
825900
771500
752900
746600
740400
734400
728400
722500
1271000
2587000
1273000
996300
950200
783100
727800
721900
716100
710500
704900
699400
694000
688600
12280000
19810000
6645000
4146000
3205000
1514000
1045000
1033000
1021000
1009000
998200
987100
3062000
1565000
1221000
1219000
1031000
2729000
1458000
1165000
1162000
1002000
940600
930800
921200
911800
1297000
1038000
943600
931200
889300
1056000
911700
9999000
3480000
1997000
2015000
1908000
1151000
1032000
1025000
3977000
2263000
1437000
1363000
1098000
961400
938000
928300
1124000
1842000
1176000
1028000
1005000
916100
882100
873500
4085000
1778000
1254000
1257000
975100
873600
1541000
11170000
3832000
4042000
9560000
3485000
2092000
1948000
1300000
1089000
1075000
1063000
1050000
1038000
1026000
1014000
1003000
991900
981100
970400
960000
949800
939800
930100
920500
911100
901900
892900
1541000
1063000
949700
943600
879500
21740000
6794000
3438000
8018000
24030000
8370000
4468000
4017000
2077000
3693000
6530000
2906000
2169000
1968000
1495000
1344000
1324000
1305000
1286000
1268000
1250000
13990000
7951000
3676000
9874000
4299000
2377000
2243000
1655000
1416000
7841000
3209000
2155000
2156000
1585000
1378000
1357000
1336000
1317000
1297000
1279000
8629000
3343000
2144000
2151000
1506000
1274000
1257000
1239000
1222000
1206000
1190000
1174000
3123000
1707000
1378000
1371000
1190000
1119000
1105000
1092000
1078000
1066000
1053000
1041000
1029000
1017000
1006000
994500
983500
972900
962400
952100
942100
932300
922700
913300
904000
895000
886100
877500
868900
860600
852400
844300
836500
828700
821100
813700
806300
799100
792100
785100
778300
771600
765000
758500
752200
745900
739700
733700
727700
721800
716100
710400
704800
699300
693900
688600
1654000
5074000
1980000
1322000
1249000
865500
740800
734700
728700
722900
717100
711400
705800
700300
694800
689500
684200
679000
673900
668900
663900
659100
654200
649500
644800
640200
635700
631200
626800
622400
618100
613900
609700
605600
601600
597500
593600
589700
585800
582000
578300
574600
570900
567300
563700
560200
556700
553300
549900
546600
543200
540000
536700
533500
530400
527300
524200
521100
518100
515200
512200
509300
506400
503600
500800
498000
495200
492500
489800
487200
484500
481900
479400
476800
474300
3704000
1874000
1013000
946000
670400
533500
516700
513800
510900
508000
505100
502300
499500
496700
494000
491300
488600
2175000
1748000
918500
797100
948500
619700
547100
545200
517200
505800
503000
500200
497400
494700
492000
489300
486600
484000
481400
478800
476300
473800
471300
468800
466400
464000
461600
1328000
707300
566700
567600
491600
464200
461800
459500
457100
454800
452500
450200
448000
445800
443600
1553000
759100
579900
581900
485400
451100
448900
446600
444400
442200
440100
437900
4669000
5805000
2157000
1506000
1158000
679400
556000
3439000
1375000
909700
916500
667500
4333000
13790000
4668000
2631000
2326000
1180000
809600
798200
2042000
12580000
5932000
2869000
2519000
1507000
1020000
960000
949800
939800
930000
920500
911100
901900
892900
3071000
3140000
11340000
4133000
2388000
2210000
10110000
4501000
2400000
2265000
1508000
1159000
1117000
1103000
1090000
1076000
1064000
1051000
1039000
2195000
2548000
4682000
5225000
2576000
1885000
1562000
1202000
1093000
10360000
3713000
2214000
9717000
7133000
6932000
8895000
3872000
2502000
4753000
2257000
1655000
1645000
1397000
1300000
1282000
1264000
1246000
5184000
2337000
1687000
1684000
1330000
1200000
1184000
1168000
1153000
1139000
1124000
1110000
1097000
1083000
1070000
1711000
1233000
1117000
1747000
1224000
1092000
1083000
1018000
988100
977400
3064000
1737000
16520000
5584000
2953000
2917000
1600000
1145000
1784000
1833000
1340000
1244000
2092000
1364000
1191000
1181000
1091000
1052000
1040000
1028000
1016000
1005000
993600
982700
972000
961600
951400
941300
931500
921900
1610000
1103000
982500
976000
907900
948900
1767000
1197000
994700
971700
887200
847500
837400
829700
822100
814600
807200
8e+05
2745000
3766000
1714000
1326000
3329000
1510000
1085000
1085000
893200
823100
815600
808200
801000
793900
786900
780000
773300
766700
760200
753800
747500
741300
735200
729200
723300
717600
2246000
5970000
2278000
1508000
1389000
928200
782300
775500
768800
762300
755900
749500
743300
737200
731200
725300
719400
713700
708100
702500
697100
691700
686400
681200
676000
671000
666000
661100
656200
651400
646700
642100
637500
633000
628600
624200
619900
615700
611500
607300
603200
599200
595200
591300
587400
583600
579800
576100
572400
568800
565200
561700
558200
554700
551300
547900
544600
541300
538100
534900
531700
528600
525500
522400
519400
516400
513400
510500
507600
504800
501900
499100
496400
493600
490900
488300
485600
483000
480400
477900
475300
472800
470400
467900
465500
855600
573800
509000
508100
472500
458800
456500
454200
451900
449600
447400
445200
443000
440800
438700
436500
434400
432300
430200
428200
426200
424100
422100
3282000
1242000
783500
792100
547200
815200
561700
503200
502200
469900
457400
455100
452800
450500
448300
446100
443800
441700
439500
737200
3512000
1332000
854500
838000
573400
484600
482000
479500
476900
474400
471900
469400
747100
23230000
6969000
3336000
3387000
1443000
781800
775000
768400
761800
755400
749100
742900
736800
730800
724800
719000
713300
707700
702100
696700
691300
686000
680800
675700
670600
665600
660700
655900
651100
646400
641800
637200
632700
628300
623900
619600
615300
611200
607000
602900
598900
594900
591000
587100
583300
579500
575800
572200
568500
564900
561400
557900
554500
551100
547700
544400
541100
537800
534600
531500
528300
525200
522200
519200
516200
513200
510300
507400
504600
501700
498900
496200
493500
490800
488100
485400
3232000
2552000
1193000
994100
7799000
2585000
1421000
2425000
4966000
11520000
4101000
2419000
4690000
1886000
1174000
1173000
7181000
2645000
1639000
1653000
1113000
923700
914300
905000
896000
1504000
6986000
2647000
6528000
14590000
24020000
12360000
19510000
8216000
4107000
3242000
1960000
1546000
1520000
1494000
1469000
1446000
1423000
1400000
1379000
17920000
6046000
3368000
3401000
1966000
1464000
1440000
1417000
2962000
1821000
1549000
10880000
4611000
7802000
4047000
2407000
2084000
1606000
1435000
1412000
1390000
1369000
5869000
6292000
3403000
2468000
12590000
7036000
3407000
3012000
2095000
1555000
1459000
1436000
2179000
1610000
1466000
1447000
1362000
1320000
11060000
4067000
2485000
2499000
1648000
1346000
1326000
1306000
1287000
1269000
1251000
1234000
9677000
5287000
2714000
2457000
1725000
1319000
1253000
3345000
3048000
1814000
1607000
1415000
1234000
1182000
1167000
1152000
1137000
1123000
1109000
11800000
4134000
2407000
2429000
1503000
1179000
1163000
1148000
5791000
2450000
1691000
1693000
1282000
1133000
1119000
1105000
7927000
21430000
7156000
4213000
3675000
1891000
1339000
11890000
10780000
4455000
3438000
2539000
1661000
1451000
1427000
1405000
1383000
1362000
1342000
1322000
1302000
1284000
1266000
1248000
1231000
1214000
1198000
1182000
1166000
1151000
1137000
1122000
1109000
1095000
1082000
1069000
1056000
1044000
1032000
3293000
1924000
2027000
1510000
16470000
9372000
4051000
3443000
2141000
1350000
1220000
1203000
1387000
1230000
1183000
1169000
1137000
1117000
1103000
1090000
1077000
1064000
1052000
1039000
1027000
1016000
1004000
1379000
11960000
16670000
22600000
12490000
6591000
5e+06
5465000
2541000
1927000
1844000
2854000
6483000
2931000
2168000
7167000
3059000
2083000
2077000
4705000
2758000
1936000
1855000
1571000
3831000
2077000
1670000
1657000
1431000
1341000
1321000
1302000
1283000
1265000
1248000
1662000
7425000
4558000
5462000
1.8e+07
8100000
4062000
3493000
2114000
1501000
1425000
5255000
14870000
7359000
3949000
11930000
4593000
3079000
2725000
1897000
1621000
1559000
1520000
1495000
1470000
1446000
1423000
1401000
1379000
1358000
1338000
1318000
1299000
1280000
1262000
1245000
1228000
1211000
1195000
1179000
1164000
1149000
1134000
1120000
1106000
1092000
1079000
1066000
1054000
1090000
2996000
1586000
1263000
1255000
1076000
1008000
997200
986200
975500
965000
954700
4215000
1873000
1341000
1343000
1055000
950600
940600
930800
921200
911900
902700
893700
884800
876200
867700
859300
851200
843100
835300
827600
820000
812500
805200
798100
791000
784100
777300
770600
764000
757600
751200
745000
738800
732800
726800
721000
715200
709500
704000
698500
693100
687800
2855000
1304000
952500
955500
765900
697900
692500
687200
10610000
19170000
6387000
3909000
3110000
1481000
1018000
1006000
995200
2631000
9327000
7700000
4049000
14220000
10160000
4184000
3233000
2238000
1467000
8499000
3338000
2166000
2172000
1540000
1313000
1294000
2315000
30370000
9533000
4887000
4870000
2357000
1498000
9421000
3726000
2431000
2434000
1734000
1480000
1456000
1432000
3463000
1974000
1624000
1610000
4538000
11260000
9409000
4301000
8918000
3995000
2364000
2211000
1701000
1511000
1486000
1462000
1438000
1415000
1393000
1372000
1351000
1331000
1311000
1292000
1274000
1256000
1239000
1222000
1205000
1189000
6807000
2763000
1845000
1849000
1353000
1175000
1348000
2737000
7059000
2895000
2721000
2070000
1429000
1258000
3525000
1816000
5753000
2653000
1746000
1678000
1295000
1155000
1140000
1126000
1112000
1098000
1085000
1072000
1059000
1047000
1035000
1023000
1011000
1e+06
988900
978100
967500
957200
947000
1694000
10690000
4955000
2561000
2327000
1487000
1096000
1049000
1037000
1025000
1013000
1002000
990900
980000
969400
959000
948800
938900
929100
919600
910200
901000
12260000
14410000
5238000
3622000
2678000
1462000
1150000
1136000
4034000
2278000
1562000
1505000
6095000
2645000
1747000
1727000
1301000
1135000
1117000
1103000
1090000
1077000
1064000
1051000
1039000
1027000
1015000
1004000
992800
981900
971300
960900
950600
940600
930900
921300
911900
902700
6608000
2522000
1600000
1612000
1485000
1047000
978700
970300
929600
909600
900500
891500
882700
874100
865600
857300
849200
841200
833400
825700
818200
810700
803500
796300
789300
782400
775600
769000
762400
2998000
1671000
1107000
1064000
867800
772800
758300
751900
745700
739500
733500
727500
721700
715900
710200
704600
1623000
3444000
4951000
2106000
1483000
1252000
882600
777000
770300
763700
757300
750900
744700
738600
732500
726600
720700
715000
709300
703700
698300
8136000
2818000
1622000
1643000
1004000
782400
775700
769000
762400
756000
749700
743500
737300
731300
725400
719600
713800
708200
702600
697200
691800
6001000
2205000
1351000
1365000
907700
748200
742000
735900
729900
724000
718200
712500
706900
701400
695900
690600
685300
680100
674900
669900
664900
660000
655200
650500
645800
641100
636600
632100
627700
623300
619000
614800
610600
606400
602400
598400
594400
590500
586600
582800
579000
575300
571600
568000
564500
560900
557400
554000
550600
547200
543900
540600
537400
534200
531000
527900
524800
521800
518700
515800
512800
509900
507000
2821000
5321000
5691000
16620000
5677000
2989000
2598000
1273000
854600
846500
838600
830800
823200
815700
808300
801100
794000
787000
780200
773400
766800
760300
753900
747600
741400
735300
729300
723500
717700
712000
706300
700800
695400
690000
684700
679600
3340000
2717000
1378000
1179000
952300
761400
718800
13570000
4385000
2720000
2475000
1310000
931500
889000
869000
860600
852400
844400
836500
1203000
4070000
1758000
1249000
1220000
934200
835700
828000
820400
812900
805600
798400
791400
784400
777600
770900
764400
5337000
14320000
6343000
3496000
2766000
2798000
3165000
1654000
1363000
1253000
1058000
5663000
20990000
9495000
4648000
3884000
2152000
1373000
1279000
1261000
1407000
1978000
1693000
1376000
1307000
1227000
1169000
1147000
1132000
1118000
1104000
1091000
6412000
2593000
1728000
1733000
1267000
1099000
1086000
1073000
1060000
10520000
3742000
2213000
2233000
1413000
1125000
1111000
1098000
1084000
1071000
1059000
1046000
1034000
1022000
1011000
5934000
2408000
1610000
1617000
1187000
3149000
1840000
3214000
1956000
5389000
2436000
1621000
1560000
1204000
1075000
1233000
2951000
1950000
1390000
1313000
1140000
1045000
1023000
1011000
999700
1991000
2255000
1379000
1215000
1122000
999100
3352000
1637000
1245000
1359000
1063000
965400
955800
936100
923200
913700
904500
895500
886600
877900
869400
1713000
1096000
951800
7139000
2638000
1615000
1629000
1093000
905400
896400
4075000
1791000
3744000
2306000
2263000
3323000
14370000
7993000
3663000
3021000
1885000
1241000
1137000
1123000
1109000
1095000
1082000
1069000
1056000
1044000
1032000
1020000
1009000
997300
986300
975600
965100
954800
944700
934800
925200
915700
906400
897300
888400
879700
871100
862700
854500
846400
838500
830700
823100
815600
808200
801000
793900
786900
780000
773300
766700
2353000
1211000
949900
949300
807600
2467000
1240000
960700
1268000
897900
793400
788200
756000
741000
734900
728900
723100
717300
711600
706000
700400
695000
689700
684400
679200
674100
669100
664100
659200
1917000
3505000
4836000
2079000
1448000
1206000
847500
745900
739700
733600
727700
721800
716100
710400
704800
699300
693900
688500
683300
678100
673000
668000
663100
658200
653400
648700
644000
639400
634900
630400
626000
621700
617400
613200
609000
604900
600800
596800
592900
863200
663700
616000
613200
586200
574600
570900
2353000
5070000
3460000
1737000
1352000
2369000
2119000
1133000
973800
853200
722500
688400
683100
678000
672900
667900
662900
658100
653300
648500
643900
639300
634800
630300
625900
621600
617300
613100
608900
604800
600700
596700
592800
588900
585000
581300
577500
573800
570200
3459000
1450000
942000
4982000
2623000
1462000
3921000
6686000
26430000
8668000
4470000
4006000
1811000
1089000
1070000
2665000
1508000
1240000
1234000
1085000
1027000
1016000
1004000
993100
982200
971500
961100
950900
940900
931100
921500
912100
3668000
2930000
2112000
1543000
4630000
17530000
15070000
5965000
4292000
11580000
10280000
4142000
13030000
9051000
3936000
3153000
2301000
1664000
1527000
1501000
1476000
1452000
25930000
8354000
4395000
4449000
2331000
1594000
1566000
1539000
1513000
1488000
1463000
1440000
4208000
20160000
7129000
4017000
3766000
2128000
1556000
1521000
1496000
1471000
1447000
1424000
1402000
1380000
2331000
1616000
7165000
4270000
3869000
2587000
1846000
5750000
4749000
20150000
17480000
14650000
7146000
9850000
20100000
7234000
16030000
