774900
770500
765800
761200
756600
752100
747700
743300
738900
734600
730400
726200
722100
718000
713900
709900
715700
839800
894700
908400
909500
917400
970000
985700
1058000
1335000
1419000
1433000
1426000
1423000
1470000
1476000
1472000
1503000
1514000
1599000
2009000
2346000
2403000
2384000
2356000
2364000
2332000
2331000
2492000
2505000
2551000
2521000
2476000
2430000
2384000
2340000
2307000
2312000
2280000
2242000
2203000
2166000
2129000
2094000
2059000
2051000
2122000
2112000
2083000
2051000
2018000
1987000
1956000
1934000
1981000
2096000
2225000
2273000
2253000
2219000
2182000
2145000
2109000
2075000
2056000
2086000
2067000
2037000
2006000
1975000
1944000
1926000
1965000
1951000
1925000
1897000
1870000
1842000
1816000
1790000
1765000
1741000
1726000
1773000
1765000
1745000
1723000
1700000
1677000
1655000
1634000
1613000
1593000
1573000
1553000
1534000
1516000
1498000
1558000
2009000
2123000
2126000
2102000
2071000
2038000
2006000
2007000
2137000
2259000
2258000
2227000
2191000
2155000
2119000
2084000
2050000
2017000
1985000
1954000
1936000
1974000
1966000
1941000
1913000
1884000
1857000
1830000
1804000
1778000
1753000
1729000
1706000
1684000
1671000
1663000
1780000
2069000
2143000
2230000
2222000
2191000
2155000
2120000
2085000
2054000
2032000
2002000
1972000
1941000
1912000
1941000
2187000
2222000
2201000
2168000
2133000
2098000
2064000
2030000
1998000
1967000
1937000
1907000
1879000
1851000
1824000
1798000
1773000
1748000
1724000
1701000
1678000
1656000
1635000
1614000
1594000
1574000
1554000
1536000
1517000
1499000
1488000
1515000
1522000
1571000
1570000
1555000
1538000
1520000
1502000
1484000
1467000
1450000
1434000
1417000
1402000
1388000
1385000
1374000
1360000
1345000
1343000
1407000
1469000
1473000
1462000
1448000
1432000
1416000
1400000
1385000
1370000
1355000
1341000
1327000
1313000
1313000
1412000
1673000
1734000
1734000
1717000
1696000
1687000
1761000
1761000
1743000
1721000
1698000
1676000
1654000
1632000
1612000
1591000
1571000
1552000
1533000
1515000
1512000
1600000
1608000
1595000
1578000
1559000
1540000
1522000
1503000
1486000
1468000
1452000
1435000
1419000
1417000
1527000
1874000
2211000
2380000
2958000
3119000
3095000
3032000
2964000
2897000
2832000
2769000
2709000
2652000
2597000
2545000
2494000
2445000
2399000
2354000
2311000
2269000
2229000
2190000
2152000
2116000
2081000
2047000
2014000
2004000
2110000
2371000
2599000
2610000
2572000
2525000
2476000
2429000
2393000
2406000
2392000
2354000
2312000
2271000
2231000
2192000
2154000
2118000
2083000
2049000
2032000
2082000
2138000
2124000
2094000
2062000
2029000
1997000
1966000
1936000
1907000
1883000
1856000
1830000
1888000
2423000
3174000
3308000
3271000
3200000
3124000
3048000
2976000
2907000
2842000
2779000
2738000
2798000
2761000
2707000
2651000
2611000
2642000
2605000
2556000
2506000
2457000
2410000
2365000
2321000
2283000
2264000
2230000
2192000
2155000
2120000
2092000
2131000
2429000
2468000
2441000
2406000
2393000
2356000
2314000
2297000
2378000
2379000
2345000
2304000
2264000
2224000
2185000
2150000
2128000
2124000
2096000
2063000
2030000
1998000
1967000
1962000
2045000
2040000
2014000
1985000
1954000
1928000
2004000
2322000
2387000
2489000
2745000
2755000
2711000
2658000
2604000
2552000
2501000
2452000
2405000
2360000
2317000
2275000
2234000
2195000
2158000
2121000
2086000
2052000
2019000
1987000
1956000
1926000
1897000
1892000
1999000
2e+06
1977000
1949000
2058000
2754000
2905000
2939000
3317000
4293000
4438000
4339000
4204000
4107000
4204000
4368000
4270000
4138000
4007000
3883000
3766000
3656000
3552000
3454000
3361000
3474000
4230000
4458000
4496000
4757000
4670000
4517000
4362000
4215000
4190000
4518000
4439000
4300000
4160000
4027000
3901000
3783000
3672000
3567000
3468000
3527000
4048000
4045000
3941000
3826000
3714000
3607000
3506000
3410000
3320000
3251000
3225000
3212000
3328000
3281000
3206000
3128000
3052000
2989000
2955000
2893000
2830000
2768000
2708000
2651000
2596000
2543000
2493000
2444000
2398000
2353000
2310000
2268000
2228000
2189000
2151000
2115000
2080000
2046000
2014000
1982000
2026000
2330000
2376000
2353000
2316000
2276000
2236000
2197000
2159000
2123000
2088000
2054000
2021000
1989000
1958000
1928000
1899000
1871000
1843000
1817000
1795000
1802000
1784000
1761000
1738000
1714000
1691000
1700000
1949000
2144000
2166000
2144000
2113000
2079000
2046000
2013000
1982000
1951000
1921000
1898000
1933000
1958000
1941000
1915000
1888000
1860000
1833000
1807000
1781000
1764000
1799000
1791000
1771000
1747000
1726000
1724000
1706000
1684000
1662000
1641000
1620000
1599000
1579000
1560000
1541000
1522000
1504000
1486000
1469000
1452000
1435000
1419000
1403000
1388000
1373000
1358000
1344000
1329000
1316000
1305000
1305000
1296000
1284000
1271000
1259000
1246000
1234000
1222000
1210000
1199000
1188000
1177000
1166000
1155000
1145000
1134000
1124000
1114000
1105000
1095000
1086000
1076000
1104000
1376000
1470000
1485000
1478000
1464000
1448000
1432000
1416000
1401000
1385000
1370000
1355000
1341000
1327000
1313000
1305000
1349000
1498000
1553000
1554000
1544000
1548000
1535000
1518000
1501000
1483000
1466000
1449000
1433000
1417000
1401000
1385000
1370000
1356000
1341000
1336000
1373000
1377000
1387000
1379000
1366000
1352000
1344000
1374000
1410000
1408000
1396000
1382000
1368000
1353000
1339000
1325000
1311000
1298000
1285000
1272000
1259000
1246000
1246000
1313000
1323000
1315000
1304000
1291000
1278000
1266000
1253000
1241000
1229000
1217000
1230000
1409000
1577000
1611000
1606000
1590000
1572000
1569000
1656000
1663000
1649000
1630000
1628000
1834000
2291000
2395000
2387000
2352000
2312000
2271000
2242000
2333000
2815000
2968000
2945000
2889000
2827000
2765000
2706000
2649000
2594000
2542000
2491000
2443000
2396000
2375000
2463000
2593000
2996000
3031000
2982000
3030000
3371000
3420000
3357000
3276000
3195000
3116000
3041000
2969000
2900000
2835000
2772000
2712000
2669000
2706000
2748000
2890000
3007000
2979000
2919000
2855000
2792000
2826000
3166000
3176000
3211000
3503000
3695000
3897000
4116000
4045000
3963000
3995000
3897000
3784000
3674000
3569000
3472000
3387000
3299000
3270000
3377000
3326000
3247000
3167000
3090000
3015000
2945000
2877000
2813000
2751000
2692000
2635000
2581000
2529000
2493000
2521000
2487000
2448000
2432000
2393000
2349000
2307000
2265000
2228000
2221000
2271000
2366000
2908000
2989000
2953000
2893000
2830000
2779000
2788000
2766000
2714000
2666000
2660000
2615000
2564000
2513000
2464000
2416000
2371000
2327000
2285000
2244000
2204000
2166000
2130000
2094000
2060000
2027000
1995000
1997000
2108000
2109000
2083000
2057000
2052000
2036000
2035000
2013000
1984000
1954000
1924000
1895000
1867000
1840000
1813000
1787000
1762000
1767000
1966000
2067000
2067000
2062000
2116000
2102000
2073000
2040000
2008000
1977000
1946000
1917000
1888000
1860000
1833000
1807000
1781000
1756000
1732000
1709000
1686000
1664000
1642000
1621000
1600000
1611000
1855000
2063000
2091000
2073000
2044000
2013000
1982000
1951000
1922000
1893000
1865000
1838000
1811000
1785000
1760000
1736000
1713000
1692000
1683000
1665000
1649000
1671000
1659000
1641000
1620000
1600000
1580000
1567000
1591000
1582000
1566000
1547000
1529000
1511000
1493000
1475000
1458000
1442000
1425000
1409000
1394000
1379000
1364000
1349000
1335000
1321000
1307000
1294000
1308000
1448000
1478000
1473000
1460000
1445000
1429000
1413000
1398000
1383000
1372000
1359000
1361000
1440000
1450000
1441000
1427000
1412000
1396000
1381000
1368000
1362000
1350000
1336000
1323000
1309000
1296000
1282000
1269000
1257000
1244000
1232000
1220000
1219000
1297000
1334000
1344000
1383000
1383000
1372000
1359000
1345000
1331000
1317000
1304000
1290000
1277000
1264000
1252000
1240000
1227000
1216000
1204000
1195000
1216000
1214000
1206000
1196000
1188000
1224000
1347000
1373000
1370000
1360000
1358000
1376000
1371000
1358000
1345000
1331000
1317000
1303000
1290000
1277000
1264000
1252000
1239000
1227000
1231000
1351000
1481000
1506000
1500000
1487000
1471000
1454000
1438000
1422000
1406000
1390000
1375000
1379000
1628000
2472000
2737000
2757000
2719000
2667000
2613000
2560000
2509000
2460000
2413000
2368000
2324000
2282000
2241000
2202000
2164000
2127000
2092000
2058000
2024000
1992000
1961000
1931000
1902000
1874000
1846000
1820000
1794000
1768000
1744000
1720000
1697000
1674000
1652000
1631000
1610000
1590000
1570000
1551000
1532000
1514000
1496000
1478000
1461000
1444000
1428000
1412000
1396000
1381000
1366000
1351000
1337000
1323000
1309000
1296000
1283000
1270000
1257000
1245000
1233000
1221000
1209000
1197000
1186000
1175000
1164000
1154000
1143000
1134000
1146000
1222000
1235000
1230000
1221000
1210000
1212000
1315000
1368000
1373000
1398000
1602000
1646000
1648000
1688000
1889000
2243000
2311000
2317000
2385000
2365000
2328000
2336000
2548000
2556000
2519000
2473000
2426000
2381000
2336000
2294000
2260000
2301000
2503000
2549000
2854000
3583000
4694000
5302000
6097000
5982000
5733000
5485000
5254000
5041000
4845000
4663000
4495000
4338000
4192000
4056000
4221000
5070000
5063000
4897000
4720000
4549000
4389000
4240000
4123000
4094000
3981000
3976000
4405000
4481000
4655000
4543000
4394000
4246000
4107000
3976000
3854000
3738000
3696000
3906000
4045000
3989000
4020000
4551000
4645000
4522000
4372000
4226000
4088000
3958000
3855000
3819000
3719000
3614000
3513000
3418000
3457000
3872000
3858000
3762000
3657000
3554000
3456000
3380000
3349000
3272000
3191000
3112000
3155000
3498000
3568000
3501000
3413000
3324000
3239000
3201000
3284000
3282000
3214000
3138000
3062000
2989000
2919000
2853000
2790000
2729000
2671000
2745000
3239000
3285000
3228000
3154000
3078000
3005000
2935000
2937000
3139000
3118000
3055000
2985000
2916000
2850000
2788000
2830000
3376000
4306000
4388000
4281000
4149000
4024000
4087000
4746000
5089000
4979000
4803000
4628000
4463000
4309000
4165000
4031000
3904000
3786000
3675000
3570000
3496000
3498000
3430000
3344000
3282000
3280000
3212000
3134000
3059000
2986000
2917000
2850000
2787000
2726000
2668000
2640000
2747000
2721000
2718000
2938000
2948000
2930000
3064000
3756000
4025000
3972000
3865000
3753000
3644000
3581000
3640000
3586000
3495000
3402000
3313000
3228000
3147000
3069000
3002000
2949000
2885000
2826000
2797000
2742000
2685000
2653000
2858000
3470000
4461000
5575000
5877000
5744000
5623000
5599000
5388000
5186000
5063000
5077000
5201000
5043000
4991000
5184000
5039000
4854000
4767000
4836000
4719000
4557000
4401000
4303000
4379000
4265000
4130000
3999000
3875000
3759000
3649000
3545000
3448000
3355000
3346000
3619000
3902000
3976000
4309000
5108000
5203000
5043000
4855000
4675000
4507000
4423000
4805000
5464000
5521000
5514000
5893000
5733000
5538000
5310000
5094000
4894000
4708000
4537000
4377000
4229000
4090000
3960000
3839000
3724000
3616000
3515000
3419000
3328000
3241000
3160000
3082000
3008000
2937000
2870000
2806000
2745000
2686000
2629000
2576000
2524000
2510000
2664000
2652000
2646000
2844000
2931000
2895000
2836000
2776000
2716000
2659000
2604000
2551000
2500000
2451000
2459000
2719000
2730000
2687000
2635000
2582000
2530000
2480000
2432000
2386000
2342000
2299000
2258000
2218000
2179000
2142000
2106000
2072000
2038000
2006000
1974000
1944000
1914000
1885000
1858000
1833000
1827000
1814000
1792000
1767000
1743000
1720000
1696000
1674000
1652000
1631000
1610000
1589000
1570000
1550000
1531000
1513000
1520000
1672000
1696000
1686000
1668000
1647000
1626000
1606000
1633000
2056000
2678000
2810000
2794000
2745000
2690000
2635000
2581000
2544000
2637000
3005000
3214000
3366000
3900000
4180000
4118000
4001000
3880000
3855000
4140000
4079000
3963000
3844000
3730000
3622000
3536000
3938000
5314000
5436000
5266000
5063000
4868000
4871000
5198000
5075000
4890000
4708000
4537000
4378000
4229000
4119000
4117000
4006000
3885000
3809000
3975000
4509000
4758000
4785000
4967000
4837000
4667000
4500000
4344000
4198000
4061000
3933000
3813000
3700000
3594000
3493000
3398000
3309000
3223000
3142000
3066000
2992000
2923000
2862000
2838000
2845000
3064000
3050000
2990000
2924000
2858000
2799000
2780000
2845000
3022000
3009000
2977000
2916000
2852000
2806000
2854000
2846000
2969000
2938000
2878000
2816000
2755000
2696000
2639000
2585000
2533000
2483000
2434000
2388000
2344000
2307000
2295000
2261000
2222000
2184000
2147000
2111000
2076000
2043000
2030000
2153000
2486000
2583000
2564000
2521000
2474000
2427000
2381000
2337000
2295000
2253000
2214000
2182000
2181000
2167000
2136000
2102000
2067000
2034000
2002000
1970000
2048000
2607000
3136000
3199000
3151000
3082000
3010000
2940000
2935000
3119000
3111000
3049000
3047000
3196000
3169000
3102000
3030000
2959000
2891000
2826000
2764000
2704000
2647000
2592000
2540000
2489000
2441000
2395000
2350000
2307000
2265000
2225000
2186000
2149000
2113000
2078000
2044000
2011000
2082000
2525000
2604000
2582000
2545000
2535000
2493000
2447000
2400000
2356000
2312000
2271000
2230000
2191000
2154000
2118000
2088000
2075000
2046000
2015000
1984000
1953000
1923000
1894000
1887000
1985000
1984000
1968000
1978000
2017000
2085000
2085000
2059000
2028000
1997000
1966000
1936000
1906000
1878000
1850000
1824000
1803000
1826000
1811000
1788000
1787000
1960000
2104000
2235000
2237000
2208000
2173000
2137000
2102000
2067000
2034000
2002000
1970000
1940000
1910000
1882000
1854000
1827000
1801000
1776000
1779000
2023000
2353000
2406000
2385000
2347000
2306000
2265000
2225000
2186000
2149000
2113000
2078000
2044000
2012000
1980000
1949000
1920000
1891000
1863000
1836000
1819000
1952000
2288000
2346000
2327000
2292000
2253000
2214000
2175000
2139000
2103000
2068000
2035000
2002000
1971000
1941000
1911000
1883000
1855000
1828000
1802000
1776000
1762000
1820000
1813000
1793000
1769000
1745000
1721000
1698000
1675000
1653000
1632000
1611000
1591000
1581000
1632000
1629000
1615000
1597000
1578000
1558000
1539000
1521000
1503000
1485000
1468000
1451000
1434000
1418000
1403000
1387000
1372000
1357000
1343000
1329000
1323000
1352000
1349000
1338000
1325000
1312000
1306000
1338000
1380000
1477000
1640000
1909000
2469000
2594000
2585000
2544000
2497000
2449000
2403000
2358000
2314000
2273000
2232000
2193000
2156000
2119000
2084000
2050000
2017000
1986000
1955000
1925000
1896000
1868000
1840000
1814000
1788000
1763000
1739000
1715000
1692000
1670000
1648000
1626000
1641000
1903000
2005000
2006000
1983000
1955000
1926000
1998000
2449000
2539000
2539000
2501000
2455000
2409000
2364000
2321000
2279000
2238000
2199000
2170000
2196000
2281000
2269000
2236000
2199000
2162000
2125000
2090000
2056000
2023000
1991000
1960000
1930000
1901000
1872000
1845000
1845000
2081000
2546000
2699000
2699000
2665000
2685000
2723000
2685000
2633000
2580000
2565000
2936000
3770000
4014000
3959000
3853000
3741000
3634000
3531000
3442000
3386000
3336000
3268000
3188000
3110000
3034000
2963000
2894000
2829000
2767000
2707000
2691000
2899000
2888000
2835000
2775000
2716000
2659000
2604000
2551000
2577000
2945000
2972000
2923000
2862000
2800000
2739000
2681000
2626000
2579000
2528000
2478000
2431000
2384000
2340000
2344000
2546000
2551000
2513000
2467000
2439000
2492000
2488000
2527000
2531000
2658000
2641000
2595000
2544000
2495000
2449000
2432000
2468000
2453000
2413000
2369000
2326000
2284000
2243000
2204000
2182000
2230000
2245000
2218000
2183000
2147000
2135000
2208000
2195000
2166000
2141000
2108000
2074000
2041000
2008000
1976000
1947000
1924000
1897000
1869000
1843000
1834000
1855000
1839000
1852000
2040000
2062000
2042000
2014000
1983000
1953000
1958000
2093000
2119000
2182000
2186000
2202000
2328000
2804000
3007000
2994000
2937000
2874000
2813000
2771000
2715000
2658000
2603000
2551000
2500000
2451000
2404000
2359000
2315000
2274000
2233000
2194000
2157000
2120000
2085000
2051000
2018000
1986000
1955000
1925000
1896000
1873000
1883000
1864000
1839000
1813000
1787000
1762000
1742000
1772000
1914000
1926000
1908000
1882000
1856000
1830000
1814000
1841000
1915000
1910000
1887000
1861000
1851000
1944000
1943000
1926000
1938000
1918000
1892000
1864000
1837000
1811000
1785000
1760000
1736000
1713000
1690000
1667000
1645000
1624000
1604000
1583000
1564000
1545000
1526000
1517000
1577000
1723000
1857000
1994000
2004000
1983000
1956000
1927000
1898000
1870000
1843000
1816000
1802000
1872000
1868000
1846000
1821000
1796000
1771000
1746000
1722000
1699000
1676000
1654000
1633000
1612000
1592000
1589000
1688000
1697000
1683000
1663000
1642000
1621000
1601000
1581000
1561000
1542000
1523000
1531000
1691000
1717000
1706000
1688000
1666000
1645000
1642000
1777000
1967000
2051000
2047000
2042000
2108000
2139000
2119000
2088000
2055000
2022000
1990000
1959000
1929000
1900000
1872000
1845000
1818000
1792000
1767000
1743000
1719000
1709000
1788000
1789000
1770000
1747000
1724000
1701000
1678000
1656000
1635000
1614000
1594000
1574000
1554000
1535000
1535000
1664000
1853000
1885000
1903000
2054000
2099000
2115000
2248000
2716000
3823000
4044000
3986000
3878000
3766000
3657000
3591000
3638000
3562000
3469000
3376000
3288000
3204000
3124000
3048000
2976000
2907000
2841000
2778000
2718000
2660000
2605000
2554000
2564000
2793000
2857000
2844000
2821000
3135000
3958000
4577000
4560000
4613000
5126000
5444000
5519000
6113000
6270000
6029000
5759000
5505000
5272000
5057000
4860000
4677000
4999000
6453000
6442000
6168000
5884000
5619000
5376000
5153000
4948000
4758000
4583000
4424000
4331000
4754000
5691000
5669000
5457000
5235000
5025000
4830000
4649000
4482000
4326000
4181000
4046000
3919000
3822000
3802000
3777000
3985000
4002000
3981000
3876000
3815000
3951000
4281000
5354000
6180000
6654000
6538000
7152000
8049000
8145000
