1778000
1758000
1738000
1718000
1698000
1679000
1661000
1642000
1625000
1607000
1590000
1573000
1557000
1541000
1525000
1510000
1495000
1760000
1799000
1780000
1759000
1749000
1863000
1850000
1919000
2518000
2522000
2480000
2439000
2400000
2475000
2455000
2416000
2465000
2449000
2497000
3140000
3609000
3560000
3476000
3397000
3400000
3330000
3257000
3517000
3460000
3515000
3443000
3365000
3291000
3220000
3152000
3086000
3067000
3009000
2949000
2892000
2837000
2784000
2733000
2683000
2636000
2717000
2678000
2631000
2585000
2541000
2499000
2457000
2418000
2406000
2527000
2677000
2712000
2669000
2622000
2577000
2533000
2491000
2450000
2410000
2422000
2387000
2350000
2313000
2278000
2244000
2211000
2256000
2228000
2195000
2164000
2133000
2103000
2073000
2045000
2017000
1991000
1964000
1939000
1914000
1890000
1866000
1843000
1821000
1799000
1777000
1757000
1736000
1716000
1697000
1678000
1659000
1641000
1623000
2064000
2070000
2042000
2014000
1987000
1961000
1936000
1911000
1962000
2079000
2061000
2033000
2005000
1979000
1953000
1928000
1903000
1879000
1856000
1833000
1811000
1789000
1768000
1747000
1727000
1708000
1688000
1669000
1651000
1633000
1615000
1598000
1581000
1565000
1548000
1533000
1532000
1819000
1820000
1897000
1881000
1857000
1835000
1812000
1791000
1769000
1749000
1729000
1709000
1689000
1671000
1652000
1820000
1811000
1790000
1769000
1748000
1728000
1708000
1689000
1670000
1651000
1633000
1616000
1598000
1582000
1565000
1549000
1533000
1517000
1502000
1487000
1473000
1458000
1444000
1430000
1417000
1404000
1390000
1378000
1365000
1353000
1341000
1329000
1317000
1354000
1345000
1333000
1321000
1310000
1298000
1287000
1276000
1266000
1255000
1245000
1234000
1224000
1214000
1204000
1195000
1185000
1176000
1169000
1218000
1213000
1203000
1193000
1184000
1175000
1166000
1157000
1148000
1139000
1130000
1122000
1114000
1105000
1111000
1351000
1357000
1345000
1333000
1321000
1309000
1319000
1309000
1297000
1286000
1275000
1265000
1254000
1244000
1233000
1223000
1213000
1204000
1194000
1184000
1175000
1166000
1157000
1148000
1139000
1131000
1122000
1114000
1106000
1098000
1090000
1082000
1074000
1066000
1059000
1051000
1280000
1507000
1509000
1933000
1998000
1976000
1950000
1925000
1901000
1877000
1854000
1831000
1809000
1787000
1766000
1745000
1725000
1706000
1686000
1668000
1649000
1631000
1614000
1596000
1580000
1563000
1547000
1531000
1516000
1500000
1640000
1799000
1790000
1769000
1748000
1728000
1709000
1689000
1692000
1690000
1672000
1654000
1636000
1618000
1601000
1584000
1567000
1551000
1535000
1520000
1534000
1588000
1576000
1560000
1543000
1528000
1512000
1497000
1482000
1468000
1454000
1440000
1426000
1412000
1795000
2405000
2412000
2373000
2336000
2300000
2265000
2231000
2198000
2167000
2136000
2105000
2166000
2142000
2112000
2082000
2054000
2098000
2074000
2046000
2018000
1991000
1965000
1940000
1915000
1891000
1883000
1862000
1839000
1816000
1795000
1780000
1760000
2082000
2079000
2050000
2023000
2023000
1998000
1972000
1946000
2039000
2039000
2013000
1986000
1960000
1934000
1910000
1886000
1870000
1879000
1858000
1835000
1813000
1791000
1770000
1749000
1844000
1830000
1808000
1787000
1765000
1745000
1749000
2108000
2106000
2153000
2410000
2392000
2355000
2318000
2283000
2248000
2215000
2183000
2151000
2121000
2091000
2062000
2034000
2007000
1980000
1954000
1929000
1904000
1880000
1857000
1834000
1812000
1790000
1769000
1809000
1791000
1770000
1750000
1729000
2481000
2498000
2457000
2617000
3566000
3596000
3514000
3433000
3356000
3410000
3590000
3524000
3442000
3364000
3290000
3219000
3151000
3085000
3023000
2962000
2905000
3539000
3682000
3606000
3912000
3857000
3761000
3668000
3580000
3496000
3799000
3733000
3641000
3554000
3471000
3392000
3316000
3244000
3175000
3109000
3045000
3433000
3389000
3314000
3241000
3172000
3106000
3043000
2982000
2923000
2867000
2813000
2761000
2859000
2816000
2764000
2714000
2665000
2618000
2573000
2529000
2487000
2446000
2407000
2369000
2332000
2296000
2261000
2227000
2195000
2163000
2132000
2102000
2073000
2044000
2017000
1990000
1964000
1938000
1913000
1889000
1866000
2007000
1993000
1967000
1941000
1916000
1892000
1868000
1845000
1823000
1801000
1779000
1758000
1738000
1718000
1699000
1679000
1661000
1643000
1625000
1607000
1590000
1573000
1557000
1541000
1525000
1510000
1495000
1618000
1773000
1765000
1744000
1724000
1704000
1685000
1666000
1648000
1630000
1612000
1595000
1578000
1562000
1546000
1530000
1514000
1499000
1484000
1470000
1456000
1442000
1428000
1414000
1401000
1388000
1375000
1363000
1350000
1338000
1327000
1315000
1303000
1292000
1281000
1270000
1260000
1249000
1239000
1229000
1219000
1209000
1199000
1190000
1180000
1171000
1162000
1153000
1144000
1135000
1127000
1119000
1110000
1102000
1094000
1086000
1078000
1071000
1063000
1055000
1048000
1041000
1034000
1027000
1020000
1013000
1006000
999200
992600
986000
979600
973200
967000
960800
954600
1138000
1157000
1149000
1140000
1132000
1123000
1115000
1107000
1099000
1091000
1083000
1075000
1067000
1060000
1052000
1045000
1038000
1126000
1147000
1140000
1131000
1133000
1125000
1117000
1109000
1100000
1092000
1085000
1077000
1069000
1061000
1054000
1047000
1039000
1032000
1025000
1018000
1011000
1007000
1001000
994300
987700
981200
990400
1021000
1017000
1010000
1003000
996400
989800
983300
976900
970600
964400
958200
952100
946100
940200
934300
974000
971100
964900
958700
952600
946600
940700
934800
929000
923300
917600
912000
1039000
1158000
1158000
1149000
1140000
1131000
1123000
1200000
1197000
1187000
1178000
1169000
1275000
1661000
1676000
1658000
1640000
1622000
1604000
1587000
1610000
2003000
2076000
2052000
2025000
1997000
1971000
1945000
1920000
1896000
1872000
1849000
1827000
1805000
1783000
1846000
1889000
2245000
2239000
2206000
2174000
2501000
2531000
2492000
2451000
2411000
2373000
2336000
2300000
2265000
2231000
2198000
2166000
2135000
2160000
2184000
2295000
2405000
2381000
2344000
2308000
2273000
2239000
2587000
2572000
2528000
2804000
2937000
3072000
3285000
3233000
3165000
3233000
3174000
3108000
3044000
2983000
2925000
2868000
2814000
2762000
2893000
2851000
2798000
2746000
2696000
2648000
2602000
2558000
2514000
2473000
2432000
2393000
2356000
2319000
2284000
2291000
2259000
2225000
2221000
2191000
2159000
2128000
2098000
2069000
2041000
2103000
2088000
2682000
2681000
2633000
2587000
2543000
2501000
2498000
2485000
2446000
2407000
2413000
2378000
2340000
2304000
2269000
2235000
2202000
2170000
2139000
2109000
2080000
2051000
2023000
1996000
1970000
1944000
1919000
1895000
1941000
1921000
1897000
1873000
1854000
1836000
1846000
1828000
1807000
1785000
1764000
1743000
1723000
1704000
1684000
1666000
1647000
1629000
1721000
1793000
1778000
1757000
1815000
1799000
1777000
1756000
1736000
1716000
1697000
1678000
1659000
1641000
1623000
1606000
1588000
1572000
1555000
1539000
1524000
1508000
1493000
1479000
1464000
1450000
1572000
1735000
1728000
1708000
1689000
1670000
1652000
1634000
1616000
1599000
1582000
1565000
1549000
1533000
1518000
1502000
1487000
1473000
1458000
1444000
1431000
1417000
1404000
1391000
1378000
1365000
1353000
1341000
1329000
1317000
1306000
1294000
1283000
1272000
1262000
1251000
1241000
1231000
1221000
1211000
1201000
1191000
1182000
1173000
1164000
1155000
1146000
1137000
1129000
1163000
1157000
1148000
1139000
1131000
1122000
1114000
1106000
1098000
1090000
1082000
1074000
1113000
1109000
1101000
1093000
1085000
1077000
1069000
1062000
1054000
1047000
1040000
1032000
1025000
1018000
1011000
1005000
998000
991400
984900
978400
972100
965800
983200
978500
1015000
1011000
1004000
997600
991000
984500
978100
971800
965500
959300
953200
947200
941300
935400
929600
923900
918200
912600
907100
901600
896200
890900
888800
997100
998900
992300
985800
979300
989200
983900
977500
971200
964900
958800
952700
946700
940700
934800
929100
923300
917700
912100
946700
1039000
1039000
1032000
1025000
1018000
1011000
1004000
997400
990800
984300
977900
971500
998500
1686000
1719000
1699000
1680000
1661000
1643000
1625000
1608000
1591000
1574000
1557000
1541000
1526000
1510000
1495000
1480000
1466000
1452000
1438000
1424000
1411000
1397000
1385000
1372000
1359000
1347000
1335000
1323000
1312000
1300000
1289000
1278000
1267000
1257000
1246000
1236000
1226000
1216000
1206000
1196000
1187000
1178000
1168000
1159000
1151000
1142000
1133000
1125000
1116000
1108000
1100000
1092000
1084000
1076000
1068000
1061000
1053000
1046000
1039000
1032000
1025000
1018000
1011000
1004000
997400
990800
984300
977900
971500
965300
991100
986900
980500
974100
967800
961600
1056000
1091000
1086000
1078000
1278000
1283000
1272000
1293000
1415000
1725000
1731000
1712000
1781000
1767000
1746000
1726000
1930000
1922000
1897000
1873000
1850000
1828000
1805000
1784000
1763000
1766000
1963000
1954000
2121000
2566000
3415000
3620000
4316000
4250000
4132000
4020000
3914000
3813000
3718000
3627000
3541000
3458000
3380000
3305000
3233000
4066000
4024000
3918000
3817000
3721000
3630000
3544000
3461000
3470000
3397000
3321000
3767000
3745000
3964000
3884000
3785000
3691000
3601000
3516000
3435000
3357000
3283000
3460000
3602000
3558000
3477000
4007000
4103000
4004000
3899000
3799000
3704000
3614000
3529000
3497000
3420000
3343000
3270000
3199000
3132000
3589000
3543000
3460000
3382000
3307000
3235000
3166000
3100000
3037000
2976000
2918000
2862000
3234000
3282000
3217000
3149000
3084000
3021000
2961000
3017000
3023000
2967000
2909000
2854000
2800000
2748000
2698000
2650000
2604000
2559000
2516000
2998000
2977000
2919000
2863000
2809000
2757000
2707000
2658000
2850000
2814000
2762000
2711000
2663000
2616000
2571000
2528000
2835000
3733000
3710000
3619000
3533000
3451000
3373000
3909000
4267000
4179000
4064000
3956000
3853000
3756000
3663000
3575000
3491000
3411000
3334000
3261000
3191000
3124000
3060000
2998000
2939000
2882000
2828000
2775000
2724000
2675000
2628000
2583000
2539000
2496000
2455000
2415000
2377000
2339000
2303000
2486000
2474000
2467000
2429000
3100000
3286000
3230000
3161000
3095000
3032000
2972000
2947000
2912000
2858000
2804000
2752000
2702000
2654000
2608000
2563000
2519000
2478000
2437000
2398000
2360000
2323000
2288000
2334000
2797000
3409000
4340000
4553000
4465000
4382000
4450000
4335000
4212000
4095000
4080000
4280000
4183000
4068000
4303000
4207000
4091000
3981000
4083000
4016000
3912000
3812000
3716000
3784000
3702000
3612000
3526000
3444000
3366000
3292000
3221000
3152000
3087000
3024000
3075000
3325000
3357000
3449000
4250000
4319000
4206000
4090000
3980000
3877000
3778000
3922000
4621000
4683000
4550000
5012000
4892000
4769000
4623000
4483000
4351000
4227000
4110000
3999000
3894000
3794000
3700000
3610000
3524000
3443000
3365000
3290000
3219000
3151000
3086000
3023000
2963000
2905000
2849000
2796000
2744000
2695000
2647000
2601000
2556000
2513000
2471000
2431000
2392000
2550000
2620000
2582000
2539000
2496000
2455000
2415000
2377000
2339000
2303000
2268000
2234000
2396000
2373000
2335000
2299000
2265000
2231000
2198000
2166000
2135000
2105000
2076000
2047000
2020000
1993000
1966000
1941000
1916000
1892000
1868000
1845000
1822000
1801000
1779000
1758000
1738000
1718000
1698000
1679000
1661000
1642000
1624000
1607000
1590000
1573000
1557000
1541000
1525000
1510000
1495000
1480000
1465000
1451000
1567000
1560000
1544000
1528000
1513000
1498000
1483000
1468000
1803000
2414000
2420000
2382000
2344000
2308000
2273000
2239000
2206000
2247000
2565000
2744000
2742000
3237000
3468000
3408000
3332000
3259000
3189000
3499000
3447000
3369000
3294000
3223000
3154000
3089000
3079000
4577000
4555000
4419000
4291000
4170000
4056000
4476000
4384000
4258000
4139000
4027000
3921000
3820000
3724000
3755000
3671000
3582000
3498000
3591000
4059000
4326000
4229000
4497000
4393000
4267000
4148000
4035000
3928000
3827000
3730000
3639000
3552000
3469000
3390000
3314000
3242000
3173000
3107000
3043000
2982000
2924000
2867000
2813000
2761000
3e+06
2962000
2904000
2849000
2795000
2744000
2709000
2740000
2948000
2910000
2887000
2834000
2782000
2731000
2794000
2751000
2901000
2860000
2806000
2754000
2704000
2656000
2610000
2565000
2521000
2479000
2439000
2400000
2362000
2325000
2289000
2255000
2221000
2188000
2157000
2126000
2096000
2067000
2039000
2069000
2444000
2493000
2456000
2417000
2378000
2341000
2305000
2270000
2236000
2203000
2171000
2139000
2109000
2080000
2051000
2023000
1996000
1970000
1944000
1920000
1895000
2369000
2825000
2806000
2754000
2704000
2656000
2609000
2564000
2688000
2670000
2624000
2579000
2759000
2733000
2684000
2637000
2591000
2546000
2504000
2462000
2422000
2384000
2346000
2310000
2275000
2241000
2207000
2175000
2144000
2114000
2084000
2055000
2028000
2e+06
1974000
1948000
1923000
1899000
2240000
2234000
2201000
2169000
2158000
2129000
2099000
2070000
2042000
2014000
1987000
1961000
1936000
1911000
1887000
1863000
1840000
1818000
1796000
1775000
1754000
1734000
1714000
1694000
1692000
1674000
1656000
1639000
1664000
1737000
1733000
1714000
1694000
1675000
1657000
1639000
1621000
1604000
1587000
1570000
1554000
1538000
1522000
1507000
1492000
1572000
1661000
1773000
1761000
1741000
1721000
1701000
1682000
1663000
1645000
1627000
1610000
1593000
1576000
1559000
1543000
1528000
1512000
1497000
1482000
1542000
1824000
1824000
1802000
1780000
1759000
1739000
1719000
1699000
1680000
1662000
1643000
1625000
1608000
1591000
1574000
1558000
1542000
1526000
1511000
1495000
1481000
1756000
1757000
1737000
1717000
1698000
1679000
1660000
1642000
1624000
1606000
1589000
1573000
1556000
1540000
1525000
1509000
1494000
1479000
1465000
1451000
1437000
1423000
1410000
1397000
1384000
1371000
1359000
1346000
1334000
1323000
1311000
1300000
1288000
1277000
1267000
1256000
1246000
1235000
1225000
1215000
1205000
1196000
1186000
1177000
1168000
1159000
1150000
1141000
1133000
1124000
1116000
1107000
1099000
1091000
1083000
1076000
1068000
1060000
1053000
1046000
1038000
1042000
1066000
1136000
1258000
1380000
1864000
1877000
1854000
1831000
1809000
1788000
1766000
1746000
1726000
1706000
1687000
1668000
1649000
1631000
1614000
1597000
1580000
1563000
1547000
1531000
1516000
1501000
1486000
1471000
1457000
1443000
1429000
1415000
1402000
1389000
1376000
1364000
1352000
1493000
1538000
1526000
1511000
1496000
1481000
1466000
1897000
1906000
1897000
1875000
1851000
1829000
1807000
1785000
1764000
1743000
1723000
1704000
1702000
1791000
1778000
1757000
1737000
1717000
1697000
1678000
1660000
1641000
1624000
1606000
1589000
1572000
1556000
1540000
1524000
1662000
2098000
2165000
2147000
2117000
2139000
2186000
2160000
2129000
2099000
2070000
2239000
3019000
3145000
3089000
3026000
2966000
2908000
2852000
2799000
2758000
2739000
2703000
2656000
2609000
2564000
2521000
2479000
2438000
2399000
2361000
2324000
2526000
2501000
2460000
2420000
2381000
2344000
2308000
2272000
2238000
2608000
2593000
2549000
2506000
2465000
2425000
2386000
2348000
2312000
2277000
2243000
2209000
2177000
2146000
2116000
2312000
2293000
2258000
2225000
2192000
2254000
2237000
2287000
2263000
2407000
2382000
2344000
2308000
2273000
2239000
2215000
2264000
2252000
2219000
2187000
2155000
2125000
2095000
2066000
2038000
2061000
2077000
2051000
2023000
1996000
1970000
2043000
2023000
1996000
1975000
1950000
1925000
1901000
1877000
1853000
1831000
1809000
1787000
1766000
1745000
1725000
1744000
1727000
1707000
1910000
1902000
1879000
1855000
1832000
1810000
1789000
1899000
1885000
1954000
1948000
1957000
2004000
2481000
2610000
2575000
2531000
2489000
2448000
2409000
2370000
2333000
2297000
2263000
2229000
2196000
2164000
2133000
2103000
2074000
2046000
2018000
1991000
1965000
1939000
1914000
1890000
1867000
1844000
1821000
1799000
1778000
1757000
1737000
1717000
1697000
1678000
1659000
1641000
1623000
1682000
1669000
1651000
1633000
1615000
1598000
1581000
1569000
1640000
1629000
1611000
1594000
1577000
1635000
1623000
1606000
1606000
1590000
1573000
1557000
1541000
1525000
1510000
1495000
1480000
1465000
1451000
1437000
1424000
1410000
1397000
1384000
1371000
1359000
1347000
1335000
1323000
1430000
1517000
1628000
1620000
1602000
1585000
1569000
1553000
1537000
1521000
1506000
1491000
1476000
1462000
1447000
1434000
1420000
1407000
1393000
1381000
1368000
1356000
1343000
1332000
1320000
1308000
1297000
1308000
1299000
1288000
1277000
1266000
1255000
1245000
1234000
1224000
1214000
1205000
1195000
1261000
1256000
1246000
1236000
1226000
1216000
1206000
1269000
1397000
1449000
1439000
1425000
1467000
1494000
1482000
1467000
1453000
1439000
1425000
1412000
1399000
1386000
1373000
1361000
1348000
1336000
1325000
1313000
1301000
1290000
1279000
1268000
1258000
1247000
1237000
1227000
1217000
1207000
1197000
1188000
1179000
1169000
1160000
1151000
1143000
1153000
1287000
1289000
1278000
1403000
1427000
1420000
1504000
1668000
2549000
2581000
2538000
2495000
2454000
2415000
2376000
2423000
2390000
2353000
2316000
2281000
2246000
2213000
2181000
2149000
2119000
2089000
2060000
2032000
2005000
1979000
1953000
1928000
2047000
2080000
2076000
2049000
2162000
2799000
3237000
3203000
3139000
3530000
3841000
3771000
4277000
4462000
4351000
4227000
4110000
3999000
3894000
3794000
3700000
3610000
5003000
4948000
4788000
4638000
4497000
4364000
4240000
4122000
4010000
3905000
3805000
3710000
3794000
4811000
4763000
4616000
4477000
4345000
4222000
4105000
3994000
3890000
3790000
3696000
3606000
3521000
3502000
3426000
3665000
3670000
3671000
3589000
3504000
3657000
3712000
4696000
5363000
5816000
5639000
5856000
6956000
6755000
