1254000
1050000
893800
771000
657000
569700
496700
428200
372900
328000
294100
267500
245700
227600
212000
198600
11960000
4621000
2621000
2767000
1754000
6834000
3064000
5456000
25790000
7668000
5323000
5520000
2676000
5521000
3724000
2073000
4034000
1862000
3654000
21850000
18300000
7755000
6636000
4531000
4374000
3570000
2615000
9180000
2945000
4441000
2707000
1536000
1499000
1284000
876600
780900
996000
553000
419800
400300
323700
301200
293900
254700
232700
2563000
930700
696700
741600
477200
448200
475500
353200
544100
4542000
6760000
4280000
2613000
2079000
1495000
1313000
1165000
850900
566600
1161000
560600
457800
455100
353200
329100
326000
1936000
788700
601100
622600
430500
403000
416400
325400
285500
232900
211800
198400
186700
176300
167100
158800
151300
144500
138300
132700
127500
122600
118200
114000
110200
106600
103200
15700000
4332000
2792000
3158000
1446000
1357000
1627000
880300
1912000
5612000
1900000
1431000
1393000
828800
801800
810600
540400
417600
279500
241100
223700
208700
195700
184300
174200
165200
157100
149800
143100
137000
131500
126400
121600
117200
113200
109400
105800
11390000
3201000
6211000
3474000
2419000
4043000
3385000
1935000
2932000
4128000
2825000
1563000
1248000
844700
638800
2917000
1161000
802800
763000
465700
434900
464200
344400
296500
229800
207100
194300
183000
173100
164200
156200
148900
142400
136400
130900
125800
121100
116700
112700
108900
105400
102100
99030
96120
93380
90800
88350
86030
1939000
568700
381800
423200
217200
206200
237700
147900
118900
75020
66820
65490
64220
62990
61810
60680
59580
58530
57510
2770000
767700
689500
609500
377600
303600
321400
192600
145600
73120
61130
51880
49210
46570
45620
12040000
3333000
2159000
2446000
1137000
1070000
1411000
756100
559400
279900
211300
199700
192400
177700
167600
157000
149300
142700
136600
131100
126000
121300
116900
112900
109100
105600
102300
99170
96260
93510
90910
88460
86140
83940
81850
79860
11230000
15540000
5409000
25290000
11070000
6179000
6565000
3987000
2881000
2768000
1458000
978500
441600
291700
259700
239200
222000
207300
194400
183200
173200
164300
156300
149000
142500
136400
130900
125800
121200
116800
3452000
8416000
2819000
2173000
1974000
1143000
1146000
1104000
1095000
1037000
538800
463800
411900
348100
334700
307500
268000
238200
213400
198600
711500
2850000
1073000
838900
831800
547700
525800
530500
392000
326500
250900
224600
209500
196400
19230000
28620000
9624000
7738000
6178000
3498000
3696000
3190000
1781000
978000
352400
245500
2356000
885700
671100
708200
466700
2341000
1063000
767500
762400
490800
448500
461400
355000
308400
513500
340100
289900
282100
243300
347200
264900
13840000
3918000
2546000
2852000
1956000
1470000
1640000
992600
4625000
2006000
1241000
1236000
790000
676900
715900
518800
557300
1098000
549800
464000
449900
353600
334300
325600
4278000
1420000
999900
1075000
625700
584600
1197000
16220000
4701000
5464000
13970000
4753000
3716000
3939000
2031000
1842000
1442000
833500
604100
330600
267800
248800
226100
209700
194600
183000
173100
164200
156200
148900
142400
136400
130800
125800
632800
300500
253900
265100
209300
29490000
8022000
5088000
11590000
30320000
11050000
8623000
7115000
3759000
5276000
9170000
3650000
2572000
1778000
1015000
986200
943400
622000
460200
300700
257000
16140000
7962000
4103000
13460000
4780000
3351000
3792000
2035000
1569000
8478000
2683000
1796000
1725000
884900
824300
932500
576000
451200
269700
226000
9132000
2664000
1775000
1973000
985400
922100
1066000
631100
483600
264700
216300
202300
2167000
812900
618800
656800
435700
410300
432300
329100
286300
227900
206500
193800
182600
172700
163800
155900
148700
142100
136100
130600
125600
120900
116600
112500
108800
105300
102000
98910
96010
994600
395400
315000
338100
242600
234000
246200
201200
182700
156400
146400
140000
134200
128900
123900
119400
115200
111200
107600
104100
100900
97900
95060
92380
89850
87450
85180
1961000
7780000
2492000
1839000
1802000
1004000
984400
1010000
632600
467100
279400
234300
217800
203600
191200
180300
170700
162000
154200
147200
140800
134900
129500
124500
119900
115700
111700
108000
104500
101300
98260
95390
92700
90150
87740
85450
83280
81230
79270
77400
75620
73920
72300
70750
69260
67840
66470
65160
63890
62680
61510
60390
59300
58260
57250
56270
55330
54420
53540
52690
51860
51060
50280
49530
48800
48090
47400
46730
46080
45450
44840
44240
43660
43090
42530
7737000
2617000
1577000
1723000
896400
806800
936700
576000
434300
242800
193500
181000
171300
162600
154700
147600
141200
3442000
2178000
1159000
1132000
2452000
1082000
952200
839900
543300
425800
400300
299100
258600
206800
188700
178100
168700
160200
152600
145700
139400
133700
128400
123500
119000
114800
110900
1231000
488900
387700
415100
294900
282800
296800
239800
215700
182200
168900
160500
152800
145900
139600
1754000
663300
511600
547800
371100
352700
372600
289700
255400
207800
190200
179400
9455000
10860000
4042000
3443000
2604000
1646000
1747000
6536000
2342000
1485000
1358000
746800
7634000
24290000
7650000
5462000
5046000
2588000
2552000
2580000
2666000
19610000
7916000
4349000
4376000
2380000
2016000
2240000
1366000
927200
440400
292200
259300
238900
221800
2460000
2919000
16070000
5102000
3416000
3503000
14070000
6086000
4248000
3610000
1987000
1423000
1542000
952700
693400
371900
277400
250900
231900
1174000
1766000
5472000
6382000
2826000
2260000
1822000
1271000
1214000
13400000
4030000
2588000
12040000
8075000
8689000
11910000
5101000
3812000
6212000
2926000
2302000
1948000
1074000
795400
642500
448500
376300
4331000
1433000
1020000
1096000
638500
595400
648600
442300
364800
255600
223800
208800
195800
184400
174300
605200
315500
271000
723500
384000
335300
347700
274200
256000
244800
2274000
1010000
21970000
6403000
4057000
4505000
2184000
1960000
2885000
1895000
1173000
631300
1365000
698500
600100
580600
434500
385500
366600
304600
272900
235800
216600
202600
190300
179600
170000
161400
153700
146700
803100
368200
306100
319500
246100
311600
888200
505000
396900
377100
302100
282900
280000
242200
218500
193200
179200
169500
2414000
4089000
1595000
1324000
4410000
1662000
1340000
1349000
786800
646500
598600
409300
340100
247300
218800
204500
192000
181000
171300
162600
154700
147600
141200
135300
129900
124900
2842000
8751000
2850000
2140000
2464000
1254000
1198000
1205000
729400
530000
329100
259100
235100
210000
195400
184000
174000
165000
156900
149600
143000
136900
131400
126200
121500
117100
113100
109300
105700
102400
99320
96390
93640
91040
88580
86250
84040
81950
79950
78050
76250
74520
72870
71290
69780
68340
66950
65620
64340
63110
61920
60780
59680
58620
57600
56620
55660
54740
53850
52990
52150
312400
145100
124100
132300
106200
1620000
506500
343200
2756000
824700
576600
657500
321400
285100
291400
170900
134100
78070
67880
66510
65200
63930
62720
61550
2138000
608100
400700
1916000
604700
447100
517700
256600
217600
195400
117000
94310
59830
53550
52700
51870
51070
50290
49540
48810
48100
47410
46740
5223000
1551000
1057000
1185000
625100
1089000
857100
565100
492000
311600
275300
270700
236300
217100
194700
182000
172100
163300
155400
818100
7254000
2237000
1573000
1656000
889900
849700
927400
578700
445200
268500
225900
210600
798400
43070000
11650000
7417000
8333000
3623000
3398000
4117000
2065000
1401000
404300
229400
213400
199800
187900
177400
168000
159700
152100
145200
139000
133300
128000
123100
118600
114500
110600
107000
103600
100400
97400
94590
91930
89430
87050
84810
82670
80640
78710
76870
75120
73440
71840
70310
68840
67430
66080
64780
63530
62330
61180
60070
58990
57960
56960
55990
55060
54160
53290
52440
51620
50830
50060
49320
48590
47890
47210
46540
45900
45270
44660
44070
43490
42920
42380
41840
41320
4568000
3217000
1529000
1463000
15060000
4572000
3231000
4797000
9666000
20140000
7708000
5324000
8356000
3501000
3009000
2968000
11080000
3709000
2395000
2342000
1214000
1046000
1172000
698100
533800
759900
9192000
2764000
9182000
20100000
30360000
16280000
26080000
12150000
7914000
7325000
5015000
3442000
2711000
1239000
768600
354000
268700
246800
228400
19440000
5372000
3455000
3893000
1771000
1655000
1984000
1058000
1848000
672400
485900
11890000
3937000
8723000
4421000
2490000
2479000
1941000
1341000
1233000
643000
469900
5122000
5872000
2777000
2164000
14870000
7527000
4224000
4048000
2362000
1756000
1812000
1174000
1362000
628500
437100
413900
333700
309600
12010000
3455000
2274000
2520000
1218000
1137000
1328000
757600
566800
282600
222800
207900
10040000
4478000
2415000
2479000
1424000
1182000
1327000
2813000
2382000
1153000
988100
771000
607800
606700
512200
407200
322800
267200
242300
14150000
3989000
2599000
2912000
1372000
1283000
1515000
841400
6198000
1871000
1258000
1372000
748300
698800
780500
502200
9396000
25860000
7975000
5864000
5397000
2785000
2801000
15840000
13030000
5364000
4285000
2920000
1945000
2105000
1601000
1004000
560900
305700
253500
234100
217600
203500
191100
180300
170600
162000
154200
147100
140700
134800
129500
124500
119900
115600
111700
108000
104500
101300
98240
3025000
1213000
1423000
1066000
21570000
10900000
5471000
5313000
3057000
2313000
2598000
1694000
1382000
621800
387700
347100
296300
276400
262600
234700
216100
197300
184900
174700
165700
157500
150200
2111000
14670000
20390000
27620000
15800000
9641000
8994000
10470000
5853000
5393000
7009000
4996000
9251000
4112000
2487000
7963000
2871000
2293000
5579000
8103000
5648000
3062000
2381000
5767000
8987000
3500000
3070000
2120000
1116000
1074000
927900
535600
343600
148300
113400
99730
3083000
2375000
4867000
20950000
8603000
5077000
4990000
2764000
2359000
2396000
5438000
17020000
7379000
4915000
15170000
5653000
6166000
4775000
2590000
2111000
1623000
951200
762000
379200
281400
216300
195400
184100
174000
165000
156900
149600
143000
136900
131400
126200
121500
117100
113100
109300
105700
102400
99320
96400
93640
91040
88580
86250
861100
2301000
908500
745700
708900
490100
481900
470700
358100
298100
236200
213800
4601000
1470000
1033000
1126000
637500
597800
661500
441900
361800
246600
215000
201200
189100
178500
169000
160500
152900
146000
139600
133900
128600
123700
119100
114900
111000
107400
103900
100700
97720
94890
92220
89700
87310
85050
82900
80860
78920
77070
75310
73620
72010
70470
2800000
922300
669300
737500
444900
423800
466000
333100
16730000
28100000
9250000
7287000
6012000
3329000
3479000
3098000
1720000
2650000
12350000
9499000
4955000
18830000
12850000
6201000
5897000
3889000
2624000
11120000
3987000
2535000
2263000
1079000
975000
1101000
1383000
34510000
9436000
6039000
6727000
2989000
2804000
12820000
4313000
2838000
2260000
1075000
999500
1146000
678300
2137000
809500
604100
624600
3580000
12730000
10450000
4701000
10960000
4673000
3232000
3377000
2098000
1483000
1205000
653200
494600
307400
257700
237600
220700
206100
193400
182300
172400
163600
155600
148500
141900
136000
6042000
1812000
1235000
1371000
722500
680200
911700
1975000
7718000
2504000
2431000
1999000
1161000
1131000
3647000
1490000
6408000
2417000
1547000
1606000
1036000
856400
884000
548700
434100
288900
247700
229200
213500
199900
188000
177500
168100
159700
152100
145300
139000
133300
128000
657300
13890000
5373000
3067000
3184000
1712000
1481000
1671000
1027000
727300
372100
267700
241900
224300
209200
196200
184700
174600
165500
157400
150000
143400
16660000
18550000
6727000
5722000
4226000
2594000
2797000
2246000
4975000
2122000
1147000
1125000
6932000
2506000
1839000
1779000
1006000
840400
900600
583100
460400
294200
247200
228400
212800
199300
187400
177000
167700
159300
151800
145000
138700
133000
127800
123000
118500
114300
9335000
2666000
1761000
2323000
1722000
1139000
1236000
769500
546700
326800
275100
226200
197800
171800
160800
153100
146200
139800
134000
128700
123800
119300
115100
111100
107500
104000
100800
97820
590100
3341000
1238000
837200
1202000
993500
637700
795300
3124000
1048000
710400
720200
396600
364600
386900
251600
203200
880900
4290000
6953000
2614000
2074000
1759000
1131000
1116000
1001000
645300
449200
286400
245000
227000
211500
198200
186500
176100
166900
158600
435700
13390000
3792000
2496000
2823000
1649000
1334000
1513000
875400
624600
307600
246700
216900
198800
180600
169900
161300
153600
146600
140200
134400
129000
10020000
2853000
1879000
2109000
1023000
960900
1128000
650600
492200
253700
203800
191400
180500
170800
162100
154300
147300
140800
135000
129600
124600
120000
115700
111800
108100
104600
101300
98300
95440
92740
90180
87770
85490
83320
81260
79300
77430
75650
73950
72330
70770
69280
67860
66490
65180
63910
62700
61530
60400
59320
58270
57260
56290
55350
54430
53550
52700
51870
51070
50300
49540
48810
192200
3206000
8945000
10220000
29060000
9926000
6738000
6498000
3685000
3235000
3114000
1602000
1007000
382300
264800
243100
225100
209900
196700
185200
175000
165900
157700
150300
143600
137500
131900
126800
122000
117600
113500
109700
106100
102800
99640
96700
93920
4408000
3276000
1546000
1462000
1033000
790600
839900
21860000
6165000
4298000
4458000
2062000
1935000
2250000
1219000
889600
366700
262500
235500
480000
4234000
1417000
1030000
1083000
640200
605300
647200
443700
362700
255200
223800
208800
195800
184400
174300
165200
6330000
20960000
8404000
5484000
4873000
4230000
5369000
3528000
2330000
1675000
866200
7555000
27640000
11380000
6787000
6224000
3445000
3069000
3140000
1867000
1288000
1007000
665500
482300
443500
376800
339100
323100
286800
254300
226100
206700
6750000
2031000
1380000
1524000
799000
748900
851600
529800
418000
12750000
3618000
2369000
2648000
1265000
1183000
1389000
783400
582200
281000
218900
204600
192100
181100
171400
6685000
1999000
1356000
1503000
784000
3163000
1797000
3546000
1871000
6967000
2706000
1876000
1842000
1167000
931900
1093000
2756000
1511000
917800
868500
621000
546000
549500
433000
360300
1193000
1575000
795900
703500
612800
479000
3471000
1323000
951700
1063000
625800
569700
601900
430700
364600
278400
244000
225800
208900
195600
184200
795100
385000
323200
9306000
2737000
1840000
2050000
1029000
956200
1086000
4928000
1737000
4436000
2460000
2430000
4420000
20380000
10450000
5632000
5626000
3174000
4063000
3533000
2016000
1436000
762200
480300
458200
357900
288900
229300
198000
184600
174400
165400
157300
149900
143300
137200
131600
126500
121700
117300
113300
109500
105900
102600
99470
96530
93770
91160
88690
86360
126900
97150
91720
91230
85200
83290
1125000
1084000
3016000
1067000
1464000
1002000
837800
9855000
2912000
1821000
7632000
2371000
1706000
1967000
893000
714900
602200
298000
210900
79560
56810
55710
54790
53890
53030
52190
51380
50600
49830
49090
48380
1211000
4749000
7220000
2749000
2255000
1839000
1197000
1177000
1032000
657200
451900
281900
240200
221200
206300
193600
182400
172500
163700
155700
148500
142000
136000
130500
125500
120800
116500
112500
108700
105200
101900
98860
95960
93230
90650
88210
85900
83710
81630
849800
348000
281800
302800
222700
215700
226400
2616000
8599000
5504000
3180000
2588000
5792000
3053000
2234000
1898000
1147000
798400
742300
515200
405500
284000
238200
219600
205200
192600
181600
171800
163000
155200
148000
141500
135600
130100
125100
120500
116200
112200
108400
105000
101700
98620
95740
93020
90450
88030
5548000
1718000
1153000
8822000
3934000
3213000
7695000
11740000
39720000
13080000
8712000
8340000
4252000
3879000
3962000
3709000
1789000
767400
652900
452000
420800
431900
337200
295100
240400
218100
203900
191500
180600
170900
162200
154400
3340000
2510000
1814000
1373000
5973000
24100000
19390000
8624000
7577000
16930000
15460000
8353000
1.9e+07
12530000
5782000
5275000
3507000
2266000
2015000
1233000
745800
367200
26080000
7090000
4515000
5113000
2262000
2116000
2566000
1326000
928000
322100
212000
198600
2407000
21810000
6499000
4299000
4511000
2183000
2066000
2314000
1270000
875500
361400
256400
235900
219200
776500
394200
6745000
3258000
3296000
2286000
1454000
6155000
4957000
23550000
19720000
16710000
9336000
12250000
23380000
9759000
19430000
