49050
49040
49030
49020
49000
48990
48980
48970
48950
48940
48930
48920
48900
48890
48880
48870
593400
264400
147400
77890
77650
304000
124600
316200
1601000
484800
281000
110400
78490
326300
170100
121400
282800
170100
306300
1846000
1745000
650800
312200
142600
310800
168600
145000
930400
334200
553600
230400
174500
138800
131800
131700
131600
249200
162900
148600
135300
132700
132600
132500
132400
132300
524700
237100
189500
145400
136800
136700
136600
136500
226400
773400
1169000
770600
363700
215600
161400
154400
154300
154200
154000
410500
221900
190500
161500
155800
155700
155600
584400
269200
216900
168500
159100
158900
158800
158700
158500
158400
158300
158200
158000
157900
157800
157600
157500
157400
157300
157100
157000
156900
156800
156600
156500
156400
156200
3194000
963900
595000
253200
187200
187000
186800
186700
658400
1146000
477600
323300
219200
200900
200700
200500
200300
200100
199900
199700
199500
199300
199100
198800
198600
198400
198200
198000
197800
197600
197400
197200
197000
196800
196600
196400
303100
2701000
871600
1506000
529300
360100
253200
232400
232100
231800
231500
231300
231000
230700
230400
230200
2106000
727600
499200
287700
246700
246400
246000
245700
245400
245100
244800
244500
244200
243900
243600
243300
243000
242600
242300
242000
241700
241400
241100
240800
240500
240200
239900
239600
239300
239000
238800
238500
238200
856300
401800
326300
256400
242600
242300
242000
241700
241400
241100
240800
240500
240200
239900
239600
239300
239000
238800
251300
1096000
466600
361000
264200
245400
245100
244800
244400
244100
243800
243500
243200
242900
242600
445800
3828000
1211000
758600
356600
279600
279200
547800
350100
317100
286500
280200
279800
279400
279000
278600
278200
277800
277400
277000
276600
276200
275800
275400
275100
274700
274300
273900
273500
273100
272700
272300
272000
271600
271200
270800
270400
3815000
4477000
1654000
7108000
2795000
1437000
645900
428700
412300
411400
410500
409700
408800
407900
407100
406200
405400
404500
403700
402800
402000
401200
400300
399500
398700
397900
397000
396200
395400
394600
2777000
3382000
1366000
811800
494600
442500
441500
440500
750200
748500
543500
480000
446800
440900
439900
438900
437900
436900
435900
434900
910100
1612000
782500
600400
470900
447000
446000
445000
444000
442900
441900
440900
439900
438900
7017000
11590000
3892000
2008000
805800
6e+05
598200
596300
594500
592700
590900
589100
1985000
957700
786200
627100
595000
1747000
898700
756800
625100
598300
596400
594600
592800
591000
864500
681200
630900
595700
585600
707600
614700
6493000
2153000
1433000
768400
1089000
756500
699800
647100
2591000
1458000
996800
738200
659600
650800
648700
646500
777300
1242000
810100
724600
656100
641800
639600
637500
2754000
1199000
939900
699600
651500
649300
1111000
7216000
2435000
2786000
5942000
2164000
1450000
885600
779200
776100
773000
769900
766900
763800
760800
757800
754900
751900
749000
746100
743300
740400
737600
734800
732000
729200
726500
723800
1816000
1012000
876700
751000
724600
15730000
4715000
2887000
4622000
15510000
5526000
3104000
1420000
1061000
2699000
4558000
2100000
1536000
1148000
1076000
1070000
1064000
1058000
1052000
1047000
1041000
10910000
5902000
3061000
7203000
2918000
2010000
1351000
1196000
1183000
6957000
2704000
1993000
1335000
1202000
1194000
1187000
1180000
1173000
1166000
1159000
8437000
3082000
2190000
1362000
1197000
1190000
1182000
1175000
1168000
1161000
1154000
1147000
3516000
1770000
1476000
1202000
1144000
1137000
1130000
1124000
1117000
1111000
1105000
1098000
1092000
1086000
1080000
1074000
1068000
1062000
1056000
1050000
1045000
1039000
1034000
1028000
1023000
1017000
1012000
1007000
1001000
4594000
1953000
1512000
1102000
1019000
1014000
1008000
1003000
997900
992800
987700
982700
977700
972800
967900
963100
958300
953500
948900
944200
939600
935100
930600
926100
921700
917300
913000
4699000
6041000
2552000
1621000
1070000
975700
970800
965900
961100
956400
951600
947000
942400
937800
933200
928800
924300
919900
915600
911200
907000
902700
898500
894400
890200
886200
882100
878100
874100
870200
866300
862400
858600
854800
851000
847300
843600
839900
836300
832700
829100
825600
822000
818600
815100
811700
808300
804900
801600
798300
795000
791700
788500
785300
782100
779000
775800
772700
769700
766600
763600
760600
757600
754600
751700
748800
745900
743000
740200
737300
734500
731800
729000
726300
723500
7537000
3052000
1842000
1009000
800100
785700
782500
779300
776200
773100
770000
767000
763900
760900
757900
755000
752000
4100000
2484000
1454000
971000
1187000
881300
831100
784400
772900
769900
766800
763800
760800
757800
754800
751900
749000
746100
743200
740400
737500
803000
750300
739200
728800
724600
1239000
2034000
1108000
904600
758700
730500
727800
725000
722300
719600
717000
714300
711700
709100
706500
703900
2264000
1117000
925500
747500
711000
708400
705800
703200
700700
698200
695600
693100
5157000
5970000
2430000
1429000
870300
778600
775500
3925000
1606000
1220000
861500
789800
4880000
13240000
4521000
2584000
1197000
931500
924400
920000
1995000
10930000
5123000
2747000
1448000
1067000
1030000
1025000
1019000
1014000
1009000
1003000
998200
993100
988000
2977000
2898000
9479000
3338000
2183000
1266000
8376000
3836000
2355000
1431000
1178000
1152000
1145000
1138000
1131000
1125000
1118000
1112000
1105000
2199000
2401000
4216000
4673000
2328000
1606000
1229000
1153000
1145000
9334000
3312000
2309000
8007000
6058000
6298000
7297000
3031000
2023000
3767000
1941000
1647000
1375000
1315000
1306000
1298000
1289000
1280000
4834000
2210000
1769000
1359000
1274000
1265000
1257000
1249000
1241000
1233000
1225000
1218000
1210000
1202000
1195000
2188000
1446000
1317000
1816000
1333000
1251000
1175000
1154000
1147000
1141000
3005000
1781000
15460000
4931000
3161000
1571000
1258000
1250000
2095000
2032000
1501000
1327000
2255000
1487000
1355000
1233000
1203000
1196000
1189000
1181000
1174000
1167000
1160000
1153000
1146000
1140000
1133000
1126000
1120000
1113000
2656000
1516000
1322000
1142000
1202000
1229000
1875000
1365000
1209000
1109000
1080000
1073000
1067000
1061000
1055000
1049000
1044000
1038000
3827000
3827000
1981000
1412000
3009000
1572000
1337000
1119000
1072000
1066000
1060000
1054000
1049000
1043000
1037000
1032000
1026000
1021000
1016000
1010000
1005000
999800
994600
989500
984500
979500
4822000
6413000
2708000
1735000
1150000
1049000
1043000
1038000
1032000
1027000
1021000
1016000
1010000
1005000
1e+06
994800
989700
984700
979700
974700
969800
965000
960200
955400
950700
946100
941500
936900
932400
927900
923500
919100
914700
910400
906100
901900
897700
893600
889400
885400
881300
877300
873400
869400
865500
861700
857800
854100
850300
2370000
1248000
1059000
884100
847300
843600
839900
836300
832700
829100
825600
822100
2644000
1300000
1075000
865800
822700
819200
815800
812300
808900
805600
802200
798900
795600
792300
789100
785900
782700
779600
776400
773300
770200
767200
1590000
981800
2633000
1249000
1015000
814700
773500
770400
767400
764300
761300
758300
755400
752400
749500
746600
743700
740900
738000
735200
732500
729700
726900
724200
813500
5009000
1870000
1339000
855200
759800
1297000
898700
830500
767000
752400
749500
746600
743700
740800
738000
735200
732400
729600
726900
2118000
4659000
1875000
1283000
849100
768800
765800
762800
759800
756800
753900
750900
748000
1834000
23190000
6800000
3983000
1462000
976800
971900
967000
962200
957400
952700
948000
943400
938800
934300
929800
925300
920900
916600
912200
907900
903700
899500
895300
891200
887100
883000
879000
875000
871100
867200
863300
859500
855700
851900
848100
844400
840800
837100
833500
829900
826400
822900
819400
815900
812500
809100
805700
802300
799000
795700
792500
789200
786000
782800
779700
776600
773400
770400
767300
764300
761300
758300
755300
752400
749400
746500
743700
740800
738000
735200
1768000
1007000
879200
760200
735000
732200
4295000
3005000
1597000
1032000
8426000
2796000
1865000
2079000
5282000
10700000
3831000
2237000
3377000
1557000
1282000
1028000
6264000
2384000
1738000
1139000
1019000
1013000
1008000
1003000
997600
1569000
6163000
2409000
5827000
11930000
20050000
10210000
15310000
5025000
2983000
1692000
1449000
1438000
1427000
1417000
1406000
1396000
1386000
1376000
1366000
15090000
5009000
3331000
1776000
1467000
1456000
1445000
1434000
2828000
1788000
1607000
9574000
4053000
7175000
2910000
2125000
1600000
1491000
1480000
1468000
1457000
1446000
5521000
5706000
3276000
2114000
10670000
6048000
3354000
2062000
1612000
1553000
1540000
1528000
2309000
1716000
1608000
1507000
1479000
1468000
10080000
3748000
2691000
1710000
1511000
1499000
1488000
1476000
1465000
1454000
1443000
1432000
9179000
4938000
2918000
1858000
1514000
1472000
1460000
3551000
3067000
2018000
1642000
1465000
1431000
1421000
1410000
1400000
1390000
1380000
1370000
11870000
4151000
2865000
1674000
1435000
1424000
1414000
1404000
6181000
2660000
2068000
1519000
1405000
1395000
1385000
1375000
8586000
18860000
6554000
3841000
1921000
1570000
1558000
10880000
9642000
4390000
2648000
1802000
1666000
1651000
1637000
1624000
1610000
1597000
1584000
1571000
1558000
1546000
1533000
1521000
1509000
1498000
1486000
1475000
1463000
1452000
1442000
1431000
1420000
1410000
1400000
1390000
1380000
1370000
1360000
6349000
2955000
2849000
1716000
15730000
8582000
4335000
2310000
1607000
1521000
1509000
2101000
2026000
1664000
1539000
1472000
1453000
1442000
1431000
1421000
1410000
1400000
1390000
1380000
1370000
1360000
1351000
3253000
12480000
15590000
20790000
10710000
5234000
3195000
4433000
2461000
2080000
1780000
3002000
6223000
2991000
2325000
6731000
3020000
2407000
1839000
4565000
2838000
2206000
1826000
1708000
4039000
2301000
2002000
1723000
1658000
1643000
1630000
1616000
1603000
1589000
1576000
3538000
7368000
4610000
5357000
16750000
7603000
4208000
2324000
1797000
1741000
1726000
5159000
14720000
7551000
4095000
11090000
4166000
3525000
2170000
1904000
1832000
1805000
1788000
1772000
1755000
1740000
1724000
1709000
1694000
1679000
1664000
1650000
1636000
1622000
1609000
1596000
1582000
1570000
1557000
1544000
1532000
1520000
1508000
1496000
1485000
1474000
1462000
1451000
1441000
5737000
4682000
2599000
1847000
1505000
1448000
1438000
1427000
1417000
1406000
1396000
1386000
6007000
2600000
2028000
1497000
1387000
1377000
1367000
1357000
1348000
1338000
1329000
1320000
1311000
1302000
1294000
1285000
1277000
1268000
1260000
1252000
1244000
1236000
1228000
1220000
1212000
1205000
1197000
1190000
1183000
1175000
1168000
1161000
1154000
1147000
1141000
1134000
1127000
1121000
1114000
1108000
1102000
1095000
4769000
2070000
1618000
1199000
1113000
1107000
1100000
1094000
11650000
19710000
6810000
3691000
1673000
1321000
1312000
1303000
1294000
3118000
9718000
7757000
4232000
12350000
8556000
4007000
2329000
1616000
1511000
7775000
3164000
2391000
1674000
1526000
1514000
1502000
2434000
26780000
8267000
5102000
2248000
1690000
1675000
8880000
3576000
2686000
1860000
1689000
1674000
1660000
1646000
3451000
2105000
1871000
1653000
4333000
10310000
8732000
4059000
8033000
3287000
2503000
1868000
1733000
1717000
1702000
1687000
1673000
1658000
1644000
1630000
1617000
1603000
1590000
1577000
1564000
1551000
1539000
1527000
1515000
1503000
7048000
2964000
2279000
1642000
1510000
1498000
1780000
3158000
6865000
3013000
2847000
1784000
1589000
1507000
3752000
2077000
5716000
2572000
2035000
1582000
1485000
1474000
1463000
1452000
1441000
1430000
1420000
1409000
1399000
1389000
1379000
1369000
1360000
1350000
1341000
1332000
1322000
1313000
1305000
2819000
11500000
5417000
3085000
1780000
1411000
1372000
1363000
1353000
1344000
1334000
1325000
1316000
1307000
1299000
1290000
1281000
1273000
1264000
1256000
1248000
1240000
14130000
14310000
5649000
3016000
1640000
1420000
1410000
1400000
4906000
2678000
1976000
1526000
6055000
2773000
2087000
1535000
1407000
1394000
1384000
1374000
1364000
1354000
1345000
1336000
1327000
1317000
1309000
1300000
1291000
1282000
1274000
1266000
1257000
1249000
1241000
1233000
1225000
1218000
10900000
3777000
2590000
1491000
1778000
1398000
1329000
1264000
1244000
1236000
1229000
1221000
1213000
1206000
1198000
1191000
1183000
1176000
1169000
1162000
1155000
1148000
1141000
1135000
1503000
1222000
1170000
1160000
2223000
3653000
2098000
1522000
1211000
1129000
1117000
1111000
1105000
1098000
1092000
1086000
1080000
1074000
1068000
1062000
1056000
3693000
4381000
5234000
2343000
1609000
1197000
1124000
1117000
1111000
1104000
1098000
1092000
1086000
1080000
1074000
1068000
1062000
1056000
1050000
1045000
3102000
9534000
3454000
2253000
1308000
1130000
1123000
1117000
1110000
1104000
1098000
1091000
1085000
1079000
1073000
1067000
1061000
1056000
1050000
1044000
1038000
1033000
8761000
3092000
2150000
1275000
1102000
1095000
1089000
1083000
1077000
1071000
1065000
1059000
1054000
1048000
1042000
1037000
1031000
1026000
1020000
1015000
1010000
1004000
999100
994000
988900
983900
978900
973900
969000
964200
959400
954700
950000
945300
940700
936200
931600
927200
922700
918400
914000
909700
905400
901200
897000
892900
888800
884700
880700
876700
872700
868800
864900
861000
857200
853400
849700
846000
842300
838600
835000
1235000
2191000
4179000
6304000
6506000
1.6e+07
5151000
2977000
1383000
1088000
1082000
1076000
1070000
1064000
1058000
1052000
1046000
1041000
1035000
1030000
1024000
1019000
1013000
1008000
1003000
997700
992600
987500
982500
977500
972600
967700
962900
958100
953400
948700
944100
939500
5556000
3549000
1968000
1276000
1015000
980500
975500
12650000
4086000
3003000
1438000
1138000
1094000
1080000
1074000
1068000
1062000
1057000
1051000
1486000
3818000
1811000
1433000
1119000
1056000
1050000
1045000
1039000
1033000
1028000
1022000
1017000
1012000
1006000
1001000
996000
5154000
13120000
5868000
3236000
1623000
2260000
3108000
1745000
1417000
1199000
1156000
5790000
19190000
8536000
4303000
2026000
1398000
1339000
1330000
1321000
1530000
1974000
1716000
1442000
1332000
1284000
1271000
1263000
1254000
1246000
1238000
1230000
6639000
2654000
1987000
1369000
1243000
1236000
1228000
1220000
1212000
10420000
3645000
2516000
1470000
1262000
1254000
1246000
1238000
1230000
1222000
1214000
1207000
1199000
1192000
1185000
6761000
2653000
1966000
1330000
1201000
3532000
2035000
3603000
1936000
5722000
2378000
1801000
1317000
1218000
1210000
1428000
3260000
2139000
1578000
1293000
1199000
1183000
1176000
1169000
1162000
2223000
2272000
1524000
1296000
1172000
1147000
3332000
1721000
1449000
1319000
1175000
1153000
1133000
1124000
1117000
1111000
1104000
1098000
1092000
1086000
1080000
2031000
1324000
1202000
6372000
2479000
1833000
1234000
1113000
1107000
1101000
4178000
1915000
3628000
2018000
2221000
2953000
13670000
7442000
3675000
1932000
1339000
1269000
1260000
1252000
1244000
1236000
1228000
1220000
1213000
1205000
1198000
1190000
1183000
1176000
1169000
1162000
1155000
1148000
1141000
1134000
1128000
1121000
1115000
1108000
1102000
1096000
1090000
1083000
1077000
1071000
1065000
1060000
1054000
2986000
1561000
1321000
1098000
1050000
1044000
1039000
1143000
3401000
1665000
1364000
1092000
1036000
3038000
1562000
1313000
1538000
1155000
1095000
1038000
1023000
1017000
1012000
1007000
1001000
996200
991100
986100
981100
976100
971200
966300
961500
956800
952000
947400
942800
4612000
4612000
5474000
2319000
1533000
1099000
1023000
1017000
1012000
1007000
1001000
996100
991000
986000
981000
976000
971100
966200
961400
956700
951900
947300
942700
938100
933500
929100
924600
1609000
1099000
1011000
929700
910500
906200
902000
897800
893600
889500
885400
881400
3498000
1571000
1249000
950100
889200
885100
881000
3400000
5870000
4041000
2016000
1269000
2639000
2470000
1470000
1148000
985500
957200
952500
947800
943200
938600
934100
929600
925100
920700
916400
912000
907800
903500
899300
895100
891000
886900
882900
878800
874900
870900
867000
863100
859300
855500
851700
848000
844300
1503000
6021000
2325000
1592000
5380000
2885000
1871000
4057000
6397000
23510000
7478000
4185000
1697000
1212000
1199000
1192000
3125000
1692000
1449000
1223000
1174000
1167000
1160000
1153000
1146000
1139000
1132000
1126000
1119000
1113000
1106000
1100000
1094000
4207000
2971000
2257000
1451000
4147000
16260000
13410000
5439000
2828000
9148000
8782000
3877000
10650000
7112000
3541000
2193000
1627000
1542000
1530000
1518000
1506000
1495000
22040000
6945000
4435000
2109000
1649000
1635000
1621000
1607000
1594000
1581000
1568000
1556000
4128000
17520000
6235000
3881000
2059000
1683000
1663000
1649000
1635000
1621000
1607000
1594000
1581000
1568000
2547000
1808000
6650000
3935000
3815000
2172000
1777000
5239000
4418000
18270000
15790000
13780000
5404000
8231000
17460000
6490000
14540000
