1605000
1596000
1585000
1574000
1561000
1548000
1536000
1524000
1512000
1500000
1488000
1476000
1465000
1454000
1443000
1432000
11600000
5606000
2952000
2885000
2314000
6256000
2781000
5091000
23170000
7590000
4147000
4182000
2211000
4543000
2657000
1931000
4202000
2710000
4107000
20270000
17750000
6847000
5110000
3567000
3736000
2072000
1767000
9175000
3661000
5310000
3297000
2125000
1912000
1631000
1521000
1508000
2219000
1687000
1557000
1558000
1481000
1446000
1435000
1424000
1413000
4146000
2160000
1700000
1735000
1474000
1373000
1363000
1353000
1617000
5464000
6896000
4675000
2815000
2232000
1711000
1405000
1342000
1332000
1323000
2299000
1580000
1410000
1417000
1318000
1277000
1268000
3347000
1834000
1484000
1510000
1311000
1233000
1225000
1217000
1209000
1202000
1194000
1187000
1179000
1172000
1165000
1158000
1151000
1144000
1137000
1130000
1124000
1117000
1111000
1104000
1098000
1092000
1085000
12250000
4186000
2347000
2522000
1493000
1113000
1106000
1100000
2398000
5744000
2427000
1737000
1681000
1238000
1088000
1082000
1076000
1070000
1064000
1058000
1052000
1047000
1041000
1035000
1030000
1024000
1019000
1013000
1008000
1003000
997400
992200
987100
982000
977000
972000
967100
8254000
2994000
4826000
2754000
1585000
1386000
1103000
996800
991700
986500
981500
976400
971500
966500
961700
4747000
2014000
1389000
1447000
1096000
964100
959300
954500
949700
945000
940400
935800
931200
926700
922200
917800
913400
909000
904700
900400
896200
892000
887900
883800
879700
875700
871700
867700
863800
859900
856000
852200
848400
844700
840900
837300
833600
830000
826400
822800
819300
815800
812300
808900
805500
802100
798700
795400
792100
788800
785600
782400
779200
776000
772900
769800
766700
763600
760600
757500
754500
751600
748600
745700
742800
739900
737100
8499000
2898000
1623000
1746000
1033000
769900
766800
763700
760700
757700
754700
751700
748700
745800
742900
740000
737200
734400
731500
728800
726000
723200
720500
717800
715100
712400
709800
707200
704600
702000
699400
696800
694300
691800
689300
686800
6734000
10340000
3597000
15310000
7056000
2933000
2630000
1469000
897300
843800
840100
836400
832800
829200
825600
822000
818500
815000
811600
808100
804700
801300
798000
794700
791400
788100
784900
781700
778500
775300
2539000
6137000
2331000
1558000
1472000
964100
797900
794600
1218000
1377000
965200
891900
857300
796900
778000
774900
771700
768600
765500
762500
1402000
3114000
1435000
1086000
1059000
835700
759800
756800
753800
750900
747900
745000
742100
739300
13110000
18770000
6234000
4043000
3146000
1395000
903100
898900
894700
890500
886300
882300
2933000
1449000
1108000
1138000
946300
2626000
1360000
1069000
1094000
929500
867000
863100
859200
855300
1236000
986900
897300
894700
856400
1025000
884700
9912000
3384000
1879000
2017000
1854000
1065000
951400
958300
3890000
2171000
1341000
1309000
1039000
892400
872900
868900
1068000
1786000
1123000
980800
972600
882600
849800
846100
4027000
1729000
1204000
1252000
957000
846900
1506000
10940000
3685000
3890000
8949000
3203000
1871000
1802000
1164000
949700
945000
940300
935700
931200
926700
922200
917700
913400
909000
904700
900400
896200
892000
887900
883800
879700
875600
871600
1273000
977000
906800
909600
868700
21210000
6527000
3186000
7693000
22500000
7663000
3968000
3780000
1844000
3377000
6208000
2587000
1880000
1740000
1246000
1090000
1084000
1077000
1071000
1065000
1059000
13520000
7597000
3326000
9639000
4046000
2053000
2004000
1396000
1142000
7475000
2889000
1841000
1938000
1350000
1131000
1124000
1118000
1111000
1105000
1098000
8061000
3027000
1878000
1985000
1340000
1101000
1095000
1088000
1082000
1076000
1070000
1064000
2958000
1581000
1264000
1289000
1109000
1040000
1034000
1029000
1023000
1018000
1012000
1007000
1002000
996400
991200
986100
981100
976000
971100
966200
961300
956500
951700
947000
942300
937700
933100
928600
924100
919600
915200
910800
906500
902200
898000
893800
889600
885500
881400
877300
873300
869400
865400
861500
857600
853800
850000
846200
842500
838800
835100
831500
827900
824300
820800
817300
813800
5591000
2143000
1356000
1431000
989900
826600
823000
819500
816000
812500
809100
805600
802300
798900
795600
792300
789000
785800
782500
779300
776200
773000
769900
766800
763800
760700
757700
754700
751700
748800
745900
743000
740100
737200
734400
731600
728800
726000
723300
720500
717800
715100
712500
709800
707200
704600
702000
699400
696900
694300
691800
689300
686900
684400
681900
679500
677100
674700
672300
670000
667600
665300
663000
660700
658400
656200
653900
651700
649500
647300
645100
642900
640800
638600
3053000
1786000
1048000
1008000
792500
666300
648200
646000
643900
641700
639500
637400
635300
633200
631100
629000
627000
2219000
1844000
1024000
921300
1066000
738700
665000
667500
639800
628400
626300
624300
622300
620200
618200
616200
614300
612300
610300
608400
606500
604500
602600
600700
598900
597000
595100
1454000
832300
689700
701900
621500
590900
589100
587300
585500
583700
581900
580100
578400
576600
574900
1919000
947900
725900
746200
621500
574800
573100
571400
569700
568000
566300
564600
5590000
6139000
2312000
1710000
1317000
765800
624500
3478000
1421000
951700
996500
733500
4672000
14970000
4929000
2721000
2541000
1196000
738600
730900
1966000
12480000
5763000
2675000
2464000
1404000
862200
801600
798200
794900
791600
788300
785100
781900
778700
2911000
2996000
10670000
3805000
2126000
2053000
8945000
3914000
1992000
1969000
1267000
921200
887200
883100
879100
875000
871100
867100
863200
1991000
2360000
4477000
4915000
2330000
1681000
1378000
1005000
895000
8889000
3123000
1809000
8168000
5855000
5928000
8209000
3396000
2127000
4452000
1939000
1324000
1362000
1113000
1018000
1013000
1008000
1002000
4488000
1967000
1390000
1441000
1117000
994900
989700
984600
979600
974600
969600
964700
959900
955100
950300
1534000
1106000
1005000
1641000
1128000
1001000
1007000
944500
919000
914600
2969000
1659000
16090000
5347000
2716000
2868000
1494000
991500
1608000
1680000
1196000
1115000
1964000
1241000
1071000
1081000
993900
958900
954200
949400
944700
940100
935400
930900
926400
921900
917500
913100
908700
904400
1314000
1012000
939800
942400
900500
915900
1759000
1196000
996700
991700
908300
868400
862000
858100
854300
850500
846700
843000
2459000
3695000
1692000
1321000
3347000
1528000
1094000
1125000
925800
850600
846800
843100
839300
835700
832000
828400
824800
821300
817800
814300
810800
807400
804000
800600
797300
794000
2010000
6305000
2371000
1539000
1509000
991300
814800
811400
808000
804500
801200
797800
794500
791200
787900
784700
781500
778300
775200
772000
768900
765800
762800
759700
756700
753700
750800
747800
744900
742000
739200
736300
733500
730700
727900
725100
722400
719700
717000
714300
711600
709000
706300
703700
701200
698600
696100
693500
691000
688500
686100
683600
681200
678700
676300
673900
671600
669200
666900
664600
662300
660000
657700
655400
653200
651000
648800
646600
644400
642200
640100
637900
635800
633700
631600
629500
627500
625400
623400
621300
619300
617300
615300
613400
611400
609400
607500
605600
603700
601800
599900
598000
596100
594300
592400
590600
588800
587000
585200
583400
581600
579900
578100
576400
574600
572900
571200
569500
3875000
1492000
948400
1001000
696700
1002000
699500
629400
634500
594500
578900
577100
575400
573600
571900
570200
568500
566800
565200
633100
4374000
1629000
1008000
1062000
711100
582700
580900
579200
577400
575700
573900
572200
712700
24710000
7309000
3359000
3736000
1524000
715700
713100
710400
707800
705200
702600
7e+05
697400
694900
692400
689900
687400
684900
682500
680100
677600
675200
672900
670500
668200
665800
663500
661200
658900
656700
654400
652200
650000
647800
645600
643400
641200
639100
637000
634900
632700
630700
628600
626500
624500
622400
620400
618400
616400
614400
612500
610500
608600
606600
604700
602800
600900
599000
597100
595300
593400
591600
589800
588000
586200
584400
582600
580800
579100
577300
575600
573800
572100
570400
568700
567000
2964000
2510000
1197000
1026000
7939000
2618000
1410000
2499000
5453000
12040000
4157000
2419000
4733000
1794000
1021000
1058000
7011000
2456000
1438000
1536000
966200
756200
753200
750200
747300
1344000
6798000
2451000
6294000
12830000
20060000
10210000
16920000
6971000
3289000
2653000
1447000
1043000
1037000
1032000
1026000
1021000
1015000
1010000
1005000
16010000
5177000
2709000
2947000
1566000
1058000
1053000
1047000
2586000
1466000
1206000
10510000
4217000
7353000
3716000
2030000
1745000
1252000
1075000
1069000
1063000
1057000
5502000
5933000
3041000
2165000
12090000
6593000
2951000
2694000
1779000
1201000
1113000
1106000
1830000
1297000
1171000
1177000
1104000
1073000
10720000
3750000
2160000
2311000
1421000
1092000
1086000
1079000
1073000
1067000
1061000
1056000
9339000
5018000
2450000
2306000
1568000
1132000
1070000
3093000
2844000
1624000
1451000
1279000
1094000
1047000
1042000
1036000
1030000
1025000
1019000
11960000
4058000
2256000
2428000
1420000
1048000
1042000
1036000
5956000
2396000
1582000
1657000
1200000
1030000
1024000
1019000
8129000
20800000
6778000
3966000
3598000
1723000
1121000
11570000
10440000
4089000
3200000
2340000
1397000
1175000
1168000
1161000
1154000
1147000
1140000
1133000
1126000
1120000
1113000
1107000
1100000
1094000
1088000
1082000
1076000
1070000
1064000
1058000
1052000
1046000
1040000
1035000
1029000
1024000
1018000
2657000
1726000
1958000
1438000
17180000
9443000
3937000
3530000
2122000
1225000
1089000
1083000
1132000
1086000
1071000
1066000
1055000
1047000
1041000
1036000
1030000
1025000
1019000
1014000
1008000
1003000
997900
992700
12550000
16960000
21540000
12110000
6351000
4783000
5210000
2233000
1618000
1582000
2539000
6167000
2624000
1878000
6879000
2769000
1779000
1853000
4408000
2476000
1666000
1638000
1361000
3537000
1840000
1451000
1482000
1262000
1177000
1170000
1162000
1155000
1148000
1142000
1135000
7154000
4364000
5242000
17220000
7713000
3742000
3340000
1952000
1298000
1229000
5022000
13920000
6867000
3590000
11090000
4164000
2686000
2446000
1639000
1370000
1323000
1300000
1292000
1283000
1274000
1266000
1258000
1249000
1241000
1233000
1225000
1217000
1210000
1202000
1195000
1187000
1180000
1172000
1165000
1158000
1151000
1144000
1138000
1131000
1124000
1118000
1111000
1105000
1098000
2009000
1341000
1185000
1193000
1103000
1067000
1061000
1055000
1049000
1043000
1038000
4790000
2073000
1450000
1506000
1156000
1025000
1019000
1014000
1009000
1003000
998000
992800
987700
982600
977600
972600
967600
962800
957900
953100
948400
943700
939100
934500
929900
925400
921000
916500
912200
907800
903500
899300
895000
890900
886700
882600
878600
874500
870600
866600
862700
858800
3164000
1497000
1115000
1149000
933800
852900
849100
845300
11570000
20290000
6669000
4143000
3425000
1555000
1e+06
994900
989700
2610000
10070000
8266000
4250000
14410000
10130000
3988000
3134000
2130000
1289000
8256000
3100000
1923000
2032000
1372000
1127000
1120000
2136000
27420000
8475000
4217000
4539000
2115000
1237000
9085000
3414000
2118000
2238000
1511000
1240000
1232000
1224000
3247000
1775000
1435000
1460000
4363000
11030000
9127000
4035000
8707000
3784000
2085000
1999000
1473000
1276000
1267000
1259000
1251000
1243000
1234000
1227000
1219000
1211000
1203000
1196000
1188000
1181000
1174000
1167000
1159000
1152000
6758000
2703000
1776000
1860000
1340000
1145000
1350000
3025000
7295000
2927000
2727000
2117000
1415000
1232000
3718000
1841000
5896000
2699000
1723000
1703000
1286000
1130000
1123000
1117000
1110000
1104000
1097000
1091000
1085000
1079000
1073000
1067000
1061000
1055000
1049000
1043000
1038000
1032000
1027000
1708000
12360000
5689000
2786000
2653000
1628000
1112000
1056000
1050000
1045000
1039000
1033000
1028000
1022000
1017000
1011000
1006000
1001000
995600
990500
985300
980300
13280000
15440000
5451000
3835000
2882000
1454000
1079000
1073000
4294000
2373000
1539000
1518000
6494000
2712000
1703000
1754000
1268000
1070000
1059000
1053000
1047000
1041000
1036000
1030000
1025000
1019000
1014000
1008000
1003000
997800
992700
987500
982400
977400
972400
967500
962600
957800
5725000
2285000
1499000
1572000
1476000
1064000
1002000
1003000
966900
950600
945900
941300
936600
932100
927500
923000
918600
914200
909900
905500
901300
897000
892800
888700
884600
880500
876400
872400
868500
2727000
1658000
1150000
1131000
961600
870200
857100
853300
849500
845700
842000
838300
834600
831000
827400
823800
1443000
4073000
5385000
2266000
1659000
1413000
973100
847800
844000
840300
836600
833000
829400
825800
822200
818700
815200
811700
808300
804900
801500
8076000
2828000
1633000
1748000
1079000
832000
828400
824800
821300
817700
814300
810800
807400
804000
800600
797300
793900
790700
787400
784200
781000
6015000
2237000
1376000
1458000
975500
797200
793800
790600
787300
784100
780900
777700
774500
771400
768300
765200
762200
759100
756100
753100
750200
747200
744300
741400
738600
735700
732900
730100
727300
724600
721800
719100
716400
713700
711100
708400
705800
703200
700600
698100
695500
693000
690500
688000
685600
683100
680700
678300
675900
673500
671100
668800
666400
664100
661800
659500
657300
655000
652800
650500
648300
646100
644000
2307000
6043000
6923000
17940000
6135000
3209000
2857000
1306000
794200
790900
787700
784400
781200
778000
774900
771700
768600
765500
762500
759500
756500
753500
750500
747600
744700
741800
738900
736000
733200
730400
727600
724900
722100
719400
716700
714000
3570000
3130000
1487000
1265000
1027000
780000
723000
14090000
4448000
2649000
2579000
1288000
844600
805200
788700
785400
782200
779000
775900
1113000
3985000
1677000
1168000
1184000
884500
777100
773900
770800
767700
764600
761600
758600
755600
752600
749600
746700
5483000
13970000
6118000
3341000
2717000
2693000
3001000
1480000
1206000
1118000
914600
5485000
19130000
8235000
4002000
3505000
1826000
1060000
984300
979300
1090000
1564000
1344000
1099000
1059000
1002000
959500
947800
943100
938400
933800
929300
5763000
2275000
1479000
1554000
1107000
941000
936300
931800
927300
9677000
3365000
1927000
2065000
1260000
963000
958200
953400
948600
943900
939300
934700
930100
925600
921200
5753000
2267000
1471000
1546000
1099000
3025000
1723000
3086000
1854000
5134000
2276000
1466000
1452000
1091000
957300
1114000
2832000
1832000
1273000
1226000
1054000
955400
939000
934400
929800
1865000
2166000
1301000
1151000
1077000
951200
3260000
1567000
1178000
1321000
1024000
923300
920800
906500
898600
894400
890300
886100
882000
878000
874000
1648000
1084000
952300
7091000
2601000
1567000
1664000
1099000
890300
886200
3947000
1736000
3684000
2282000
2222000
3292000
14110000
7684000
3435000
2954000
1795000
1101000
996700
991500
986400
981300
976300
971300
966400
961500
956700
951900
947200
942500
937900
933300
928800
924300
919800
915400
911100
906700
902400
898200
894000
889800
885700
881600
877600
873500
869600
865600
861700
857800
854000
850200
846400
842700
839000
835300
831700
1779000
1090000
930900
942900
852400
2664000
1330000
1024000
1410000
978400
854300
856700
820400
804900
801600
798200
794900
791600
788300
785100
781900
778700
775500
772400
769300
766200
763100
760100
757100
1427000
4103000
5567000
2275000
1630000
1378000
915800
783600
780400
777200
774100
771000
767900
764800
761700
758700
755700
752700
749800
746800
743900
741000
738200
735300
732500
729700
726900
724200
721400
718700
716000
713400
710700
708100
705500
702900
700300
697700
695200
692700
690200
687700
685200
682800
680300
677900
2367000
6217000
4218000
2012000
1619000
2881000
2537000
1266000
1083000
940800
763100
717900
715200
712600
709900
707300
704700
702100
699500
697000
694400
691900
689400
687000
684500
682000
679600
677200
674800
672400
670100
667700
665400
663100
660800
658500
656300
654000
651800
2936000
1345000
927000
5888000
3099000
1659000
4840000
7407000
24360000
8019000
4090000
3794000
1625000
877600
867000
2420000
1295000
1036000
1057000
911100
855300
851500
847700
844000
840300
836600
832900
829300
825700
822200
818600
815100
3345000
2751000
1959000
1423000
4508000
15800000
13120000
5131000
3783000
10630000
9714000
3644000
12240000
8540000
3397000
2715000
1902000
1230000
1097000
1091000
1084000
1078000
22710000
7096000
3541000
3886000
1898000
1167000
1160000
1153000
1146000
1140000
1133000
1126000
3852000
18130000
6251000
3407000
3365000
1784000
1206000
1188000
1181000
1174000
1166000
1159000
1152000
1145000
2068000
1391000
6915000
4028000
3609000
2404000
1655000
5528000
4506000
18340000
15650000
12710000
6279000
8512000
17440000
6073000
13970000
