699800
691100
687300
684000
681300
678600
675900
673300
670600
668000
665400
662800
660300
657700
655200
652700
1726000
1084000
853100
776900
800900
1213000
896600
1126000
3015000
1473000
1182000
1064000
1057000
1477000
1210000
1116000
1415000
1231000
1460000
3421000
3567000
1998000
1640000
1533000
1842000
1595000
1540000
2859000
1873000
2213000
1745000
1660000
1616000
1601000
1586000
1572000
1734000
1593000
1555000
1532000
1519000
1505000
1492000
1479000
1466000
2080000
1614000
1519000
1472000
1460000
1447000
1435000
1423000
1481000
2159000
2575000
2123000
1690000
1578000
1545000
1531000
1518000
1504000
1491000
1728000
1534000
1489000
1463000
1450000
1438000
1426000
1754000
1505000
1450000
1421000
1409000
1397000
1386000
1375000
1364000
1353000
1343000
1332000
1322000
1312000
1302000
1292000
1282000
1273000
1263000
1254000
1245000
1236000
1227000
1218000
1210000
1201000
1193000
3117000
1764000
1511000
1399000
1388000
1377000
1366000
1355000
1616000
2055000
1567000
1462000
1417000
1405000
1394000
1383000
1372000
1361000
1350000
1339000
1329000
1319000
1309000
1299000
1289000
1279000
1270000
1260000
1251000
1242000
1233000
1224000
1216000
1207000
1198000
1190000
1182000
2689000
1617000
1908000
1476000
1404000
1367000
1356000
1346000
1335000
1325000
1315000
1305000
1295000
1285000
1275000
2108000
1511000
1395000
1340000
1330000
1319000
1309000
1299000
1290000
1280000
1270000
1261000
1252000
1243000
1234000
1225000
1216000
1208000
1199000
1191000
1182000
1174000
1166000
1158000
1151000
1143000
1135000
1128000
1120000
1113000
1106000
1099000
1092000
1142000
1094000
1080000
1070000
1064000
1057000
1051000
1044000
1038000
1032000
1025000
1019000
1013000
1007000
1001000
995600
989800
984100
978500
1168000
1021000
990300
974300
968800
963300
957900
952600
947300
942100
936900
931800
926800
921800
916800
2494000
1359000
1149000
1059000
1052000
1046000
1085000
1046000
1034000
1025000
1019000
1013000
1007000
1001000
995400
989600
983900
978300
972800
967300
961800
956400
951100
945900
940700
935500
930400
925400
920400
915500
910600
905800
901000
896300
891600
887000
2146000
2698000
1493000
3573000
2202000
1646000
1466000
1436000
1424000
1412000
1400000
1389000
1378000
1367000
1356000
1345000
1335000
1324000
1314000
1304000
1294000
1285000
1275000
1265000
1256000
1247000
1238000
1229000
1220000
1212000
1835000
2270000
1561000
1406000
1349000
1338000
1328000
1318000
1404000
1412000
1331000
1305000
1291000
1281000
1271000
1262000
1253000
1244000
1235000
1226000
1364000
1649000
1342000
1275000
1245000
1236000
1227000
1219000
1210000
1202000
1193000
1185000
1177000
1169000
3391000
5680000
2625000
1992000
1769000
1751000
1733000
1716000
1699000
1682000
1665000
1649000
2204000
1780000
1690000
1643000
1628000
2091000
1732000
1655000
1614000
1599000
1584000
1569000
1555000
1541000
1637000
1553000
1519000
1499000
1485000
1524000
1474000
3917000
2126000
1790000
1643000
1812000
1664000
1624000
1599000
2400000
1926000
1714000
1639000
1616000
1601000
1586000
1572000
1613000
1795000
1603000
1556000
1529000
1516000
1502000
1489000
2351000
1706000
1578000
1517000
1504000
1491000
1664000
4210000
2236000
2355000
3546000
2258000
1994000
1883000
1862000
1842000
1823000
1803000
1784000
1766000
1748000
1730000
1713000
1696000
1679000
1663000
1647000
1631000
1616000
1600000
1586000
1571000
1557000
1543000
1815000
1595000
1544000
1515000
1501000
6547000
2929000
2258000
3057000
8087000
4002000
2994000
2616000
2564000
3259000
4108000
2969000
2708000
2593000
2555000
2517000
2480000
2445000
2410000
2376000
2344000
6391000
4399000
3146000
4840000
3364000
2990000
2822000
2772000
2727000
4728000
3238000
2931000
2777000
2733000
2689000
2648000
2607000
2568000
2530000
2492000
4929000
3126000
2767000
2595000
2556000
2519000
2482000
2446000
2412000
2378000
2345000
2313000
3117000
2483000
2343000
2268000
2238000
2209000
2181000
2153000
2126000
2100000
2074000
2050000
2025000
2001000
1978000
1956000
1933000
1912000
1891000
1870000
1850000
1830000
1810000
1791000
1773000
1754000
1737000
1719000
1702000
2162000
1805000
1726000
1684000
1668000
1652000
1636000
1620000
1605000
1590000
1576000
1561000
1547000
1533000
1519000
1506000
1493000
1480000
1467000
1455000
1442000
1430000
1419000
1407000
1395000
1384000
1373000
1865000
2705000
1770000
1576000
1499000
1486000
1473000
1460000
1448000
1436000
1424000
1412000
1400000
1389000
1378000
1367000
1356000
1345000
1335000
1324000
1314000
1304000
1294000
1285000
1275000
1266000
1256000
1247000
1238000
1229000
1220000
1212000
1203000
1195000
1186000
1178000
1170000
1162000
1154000
1147000
1139000
1132000
1124000
1117000
1109000
1102000
1095000
1088000
1081000
1075000
1068000
1061000
1055000
1048000
1042000
1036000
1029000
1023000
1017000
1011000
1005000
999300
993500
987700
982100
976400
970900
965400
960000
954600
949400
944100
938900
933800
928700
2035000
1345000
1117000
1037000
1025000
1019000
1013000
1007000
1001000
995500
989700
984000
978400
972800
967300
961900
956500
1546000
1291000
1078000
1016000
1074000
1015000
1e+06
990400
984700
979000
973500
967900
962500
957100
951800
946500
941300
936200
931100
926000
921000
916100
911200
906400
901600
896900
910300
1106000
952300
920400
904700
9e+05
895200
890600
886000
881400
876900
872400
868000
863600
859300
855000
1093000
920700
886200
869200
864900
860500
856200
851900
847700
843500
839400
835300
1611000
1952000
1217000
1057000
1004000
998500
992700
1658000
1169000
1076000
1033000
1027000
1891000
3691000
1887000
1505000
1364000
1352000
1341000
1330000
1548000
4068000
2577000
1870000
1652000
1612000
1597000
1582000
1568000
1553000
1539000
1526000
1512000
1499000
1486000
2080000
2070000
4158000
2263000
1898000
1748000
3848000
2574000
2112000
1948000
1914000
1892000
1872000
1851000
1832000
1812000
1793000
1774000
1756000
2067000
2138000
2708000
2808000
2136000
1949000
1883000
1861000
1841000
4001000
2450000
2150000
3684000
3512000
3741000
4270000
2847000
2535000
3249000
2614000
2470000
2392000
2359000
2326000
2295000
2265000
2235000
3378000
2506000
2324000
2232000
2203000
2175000
2148000
2121000
2095000
2069000
2045000
2020000
1997000
1974000
1951000
2133000
1968000
1920000
2063000
1919000
1877000
1847000
1827000
1808000
1789000
2348000
1968000
5574000
2891000
2389000
2165000
2138000
2112000
2276000
2261000
2113000
2060000
2278000
2080000
2025000
1988000
1965000
1943000
1921000
1900000
1879000
1858000
1838000
1819000
1799000
1781000
1762000
1744000
1727000
1709000
2001000
1764000
1707000
1674000
1659000
1676000
1873000
1703000
1641000
1610000
1594000
1580000
1565000
1551000
1537000
1523000
1510000
1497000
2151000
2309000
1737000
1601000
2144000
1704000
1612000
1566000
1552000
1538000
1524000
1511000
1497000
1484000
1472000
1459000
1447000
1434000
1422000
1411000
1399000
1388000
1377000
1366000
1355000
1344000
1886000
2699000
1758000
1561000
1484000
1471000
1459000
1447000
1434000
1422000
1411000
1399000
1388000
1377000
1366000
1355000
1344000
1334000
1323000
1313000
1303000
1293000
1284000
1274000
1265000
1255000
1246000
1237000
1228000
1219000
1211000
1202000
1194000
1186000
1177000
1169000
1161000
1154000
1146000
1138000
1131000
1123000
1116000
1109000
1102000
1095000
1088000
1081000
1074000
1067000
1061000
1054000
1048000
1041000
1035000
1029000
1023000
1016000
1010000
1005000
998700
1182000
1040000
1009000
993400
987700
982000
976400
970800
965400
959900
954600
949300
944100
938900
933700
928700
923700
918700
913800
908900
904100
899400
894700
890000
1096000
946300
915500
899900
895200
890500
885900
881400
876900
872400
868000
863600
859200
855000
850700
846500
842300
838200
834100
830100
826100
822100
818200
1451000
1004000
920700
883200
878700
953800
894300
879900
871400
866900
862600
858300
854000
849700
845500
841400
837300
833200
829100
960500
1432000
1016000
933900
899700
895100
890400
885800
881200
876700
872300
867800
863500
968600
5338000
2171000
1590000
1346000
1336000
1325000
1315000
1305000
1295000
1286000
1276000
1267000
1257000
1248000
1239000
1230000
1221000
1213000
1204000
1196000
1187000
1179000
1171000
1163000
1155000
1148000
1140000
1132000
1125000
1118000
1110000
1103000
1096000
1089000
1082000
1075000
1069000
1062000
1055000
1049000
1043000
1036000
1030000
1024000
1018000
1012000
1006000
999900
994100
988300
982700
977000
971500
966000
960600
955200
949900
944700
939500
934400
929300
924300
919300
914400
909500
904700
899900
895200
890600
886000
883800
877600
872900
868300
863900
859600
1448000
1246000
1021000
958700
2534000
1385000
1172000
1309000
2028000
3197000
1793000
1494000
1848000
1517000
1448000
1412000
2906000
1816000
1608000
1515000
1502000
1489000
1476000
1463000
1451000
1571000
3039000
1874000
2953000
4623000
7326000
4698000
6870000
3691000
3086000
2835000
2788000
2744000
2700000
2658000
2617000
2577000
2539000
2502000
2465000
7303000
3800000
3128000
2823000
2777000
2732000
2689000
2647000
3100000
2709000
2606000
5455000
3518000
4581000
3228000
2966000
2834000
2787000
2742000
2699000
2657000
2616000
4005000
4092000
3204000
2832000
5959000
4386000
3383000
3061000
2968000
2918000
2868000
2821000
3030000
2805000
2728000
2672000
2631000
2591000
5610000
3398000
2961000
2754000
2710000
2668000
2627000
2587000
2548000
2510000
2474000
2439000
5095000
3656000
2897000
2646000
2579000
2540000
2503000
3159000
3010000
2610000
2487000
2432000
2397000
2364000
2332000
2300000
2270000
2240000
2211000
5655000
3132000
2647000
2427000
2393000
2360000
2328000
2296000
3895000
2688000
2443000
2324000
2292000
2262000
2232000
2203000
4437000
8372000
4067000
3182000
2838000
2792000
2746000
6014000
5647000
3773000
3288000
3125000
3068000
3014000
2962000
2911000
2862000
2815000
2769000
2724000
2681000
2640000
2600000
2560000
2522000
2486000
2450000
2415000
2381000
2349000
2317000
2286000
2255000
2226000
2197000
2169000
2142000
2115000
2089000
2971000
2387000
2377000
2171000
6832000
4643000
3129000
2682000
2578000
2539000
2502000
2508000
2578000
2441000
2387000
2347000
2315000
2284000
2254000
2225000
2196000
2168000
2141000
2114000
2088000
2063000
2038000
2282000
5222000
6926000
8521000
5655000
3976000
3607000
4202000
3495000
3311000
3203000
3568000
4665000
3548000
3284000
4725000
3577000
3320000
3178000
4103000
3495000
3221000
3096000
3034000
3766000
3164000
3012000
2920000
2871000
2823000
2777000
2733000
2690000
2648000
2607000
2928000
4529000
3583000
3871000
7566000
4742000
3658000
3285000
3194000
3135000
3078000
4236000
7661000
5236000
3930000
6994000
4376000
4031000
3635000
3536000
3455000
3386000
3319000
3256000
3195000
3136000
3079000
3024000
2971000
2920000
2871000
2823000
2777000
2733000
2689000
2648000
2607000
2568000
2530000
2492000
2457000
2422000
2388000
2355000
2323000
2291000
2261000
2231000
2202000
2709000
3008000
2409000
2261000
2195000
2167000
2140000
2113000
2087000
2062000
2038000
2013000
2976000
2265000
2116000
2040000
2016000
1992000
1969000
1947000
1925000
1903000
1882000
1862000
1842000
1822000
1803000
1784000
1766000
1747000
1730000
1712000
1695000
1679000
1662000
1646000
1631000
1615000
1600000
1585000
1571000
1556000
1542000
1528000
1515000
1502000
1488000
1476000
1463000
1451000
1438000
1426000
1415000
1403000
2110000
1592000
1489000
1439000
1427000
1415000
1403000
1392000
4058000
6073000
2923000
2256000
2024000
2e+06
1977000
1954000
1932000
2359000
4005000
3826000
2853000
5986000
4806000
3188000
2756000
2633000
2593000
4798000
3162000
2831000
2670000
2629000
2589000
2550000
2841000
11240000
5001000
3812000
3290000
3227000
3167000
5765000
3842000
3443000
3241000
3180000
3122000
3066000
3011000
3603000
3100000
2968000
2884000
3811000
5891000
5433000
3792000
5522000
3839000
3495000
3315000
3252000
3191000
3132000
3075000
3021000
2968000
2917000
2868000
2820000
2774000
2730000
2687000
2645000
2605000
2565000
2527000
2490000
2454000
4295000
2916000
2636000
2499000
2462000
2427000
2478000
2959000
4268000
2886000
2816000
2524000
2459000
2412000
3186000
2572000
3839000
2752000
2534000
2424000
2390000
2357000
2325000
2293000
2263000
2233000
2204000
2176000
2149000
2122000
2096000
2071000
2046000
2021000
1998000
1975000
1952000
1930000
1908000
2162000
4367000
2950000
2380000
2186000
2142000
2116000
2090000
2064000
2040000
2016000
1992000
1969000
1947000
1925000
1903000
1882000
1862000
1842000
1822000
1803000
1784000
4803000
5717000
3116000
2529000
2334000
2303000
2272000
2242000
3291000
2615000
2351000
2247000
3810000
2683000
2404000
2281000
2248000
2219000
2190000
2163000
2135000
2109000
2083000
2058000
2034000
2010000
1986000
1963000
1941000
1919000
1898000
1877000
1857000
1837000
1817000
1798000
1779000
1761000
3666000
2287000
2021000
1898000
1987000
1889000
1855000
1829000
1810000
1791000
1772000
1754000
1736000
1719000
1702000
1685000
1668000
1652000
1636000
1621000
1606000
1591000
1576000
1562000
1547000
1534000
1520000
1507000
1670000
2246000
1767000
1596000
1534000
1516000
1503000
1490000
1477000
1464000
1452000
1439000
1427000
1416000
1404000
1393000
1381000
1733000
2154000
2602000
1768000
1589000
1522000
1509000
1495000
1482000
1470000
1457000
1445000
1433000
1421000
1409000
1398000
1386000
1375000
1364000
1353000
1470000
3387000
1925000
1646000
1526000
1512000
1499000
1486000
1473000
1460000
1448000
1436000
1424000
1412000
1401000
1389000
1378000
1367000
1356000
1345000
1335000
1325000
2819000
1750000
1547000
1456000
1443000
1431000
1419000
1408000
1396000
1385000
1374000
1363000
1352000
1341000
1331000
1321000
1311000
1301000
1291000
1281000
1272000
1262000
1253000
1244000
1235000
1226000
1217000
1209000
1200000
1192000
1184000
1175000
1167000
1159000
1152000
1144000
1136000
1129000
1121000
1114000
1107000
1100000
1093000
1086000
1079000
1072000
1066000
1059000
1052000
1046000
1040000
1033000
1027000
1021000
1015000
1009000
1003000
997200
991400
985700
980000
974400
1102000
1633000
2115000
2190000
4611000
2179000
1713000
1531000
1517000
1504000
1491000
1478000
1465000
1453000
1440000
1428000
1416000
1405000
1393000
1382000
1371000
1360000
1349000
1339000
1328000
1318000
1308000
1298000
1288000
1279000
1269000
1260000
1251000
1242000
1233000
1224000
1215000
1973000
1721000
1408000
1321000
1296000
1286000
1276000
4209000
2111000
1828000
1581000
1553000
1534000
1520000
1507000
1493000
1480000
1468000
1455000
1534000
2276000
1661000
1537000
1480000
1467000
1455000
1442000
1430000
1418000
1407000
1395000
1384000
1373000
1362000
1351000
1340000
2191000
4767000
2772000
2057000
1781000
2070000
2282000
1886000
1790000
1747000
1729000
2972000
6746000
4055000
2776000
2391000
2316000
2285000
2254000
2225000
2239000
2334000
2253000
2165000
2123000
2094000
2069000
2044000
2020000
1996000
1973000
1951000
3260000
2306000
2114000
2021000
1997000
1974000
1951000
1929000
1908000
4161000
2550000
2238000
2093000
2068000
2043000
2019000
1995000
1972000
1950000
1928000
1906000
1885000
1864000
1844000
3185000
2206000
2012000
1919000
1897000
2452000
2082000
2454000
2070000
3008000
2222000
2064000
1986000
1963000
1941000
1969000
2412000
2129000
1974000
1914000
1888000
1867000
1847000
1827000
1808000
2086000
2123000
1877000
1809000
1776000
1758000
2399000
1912000
1810000
1791000
1748000
1726000
1707000
1690000
1674000
1658000
1642000
1626000
1611000
1596000
1581000
1826000
1625000
1576000
3229000
2008000
1774000
1668000
1652000
1636000
1621000
2512000
1847000
2380000
1926000
1994000
2255000
4919000
3384000
2449000
2172000
2109000
2083000
2058000
2033000
2009000
1986000
1963000
1941000
1919000
1897000
1877000
1856000
1836000
1817000
1797000
1779000
1760000
1742000
1725000
1708000
1691000
1674000
1658000
1642000
1626000
1611000
1596000
1581000
1567000
1552000
1538000
1525000
1511000
1602000
1514000
1487000
1469000
1456000
1444000
1432000
1420000
1956000
1558000
1476000
1435000
1423000
1841000
1527000
1461000
1507000
1440000
1418000
1402000
1391000
1380000
1368000
1358000
1347000
1336000
1326000
1316000
1306000
1296000
1286000
1276000
1267000
1258000
1249000
1239000
1231000
1743000
1944000
2169000
1572000
1443000
1395000
1384000
1373000
1362000
1351000
1340000
1330000
1320000
1309000
1300000
1290000
1280000
1271000
1261000
1252000
1243000
1234000
1225000
1216000
1208000
1199000
1191000
1183000
1174000
1166000
1159000
1151000
1143000
1135000
1128000
1121000
1113000
1106000
1099000
1398000
1173000
1126000
1103000
1096000
1089000
1082000
1536000
2124000
1755000
1356000
1253000
1561000
1548000
1334000
1278000
1256000
1247000
1238000
1229000
1221000
1212000
1203000
1195000
1187000
1178000
1170000
1162000
1155000
1147000
1139000
1132000
1124000
1117000
1110000
1102000
1095000
1088000
1082000
1075000
1068000
1061000
1055000
1048000
1042000
1036000
1940000
1295000
1161000
2039000
1545000
1321000
1836000
2377000
7157000
3078000
2253000
1930000
1906000
1885000
1864000
2296000
1957000
1879000
1835000
1816000
1797000
1778000
1760000
1742000
1724000
1707000
1690000
1673000
1657000
1641000
1626000
1610000
2436000
2153000
1929000
1724000
2592000
5496000
5516000
3084000
2539000
5070000
5015000
3242000
5781000
4728000
3464000
3104000
2988000
2936000
2887000
2838000
2792000
2747000
10200000
4837000
3814000
3352000
3287000
3225000
3165000
3107000
3051000
2997000
2945000
2895000
3737000
8774000
4695000
3759000
3373000
3301000
3238000
3177000
3119000
3063000
3009000
2956000
2906000
2857000
3132000
2858000
4555000
3612000
3533000
3017000
2890000
4123000
3833000
8948000
8639000
7829000
4840000
6218000
10130000
5885000
9221000
