266400
266000
265700
265300
264900
264600
264200
263800
263400
263100
262700
262300
262000
261600
261300
260900
23800000
7262000
1236000
317500
1095000
10410000
2019000
7066000
39080000
6952000
1010000
256600
256300
6682000
2026000
497200
5188000
2044000
5284000
33750000
25470000
4291000
641500
252500
3459000
810500
315600
13560000
2570000
5740000
1160000
354300
249500
249200
248800
248500
2442000
630100
291400
247200
246900
246500
246200
245900
245600
7084000
1436000
381400
244300
244000
243700
243400
243000
2294000
9290000
11250000
5543000
1037000
310800
240900
240600
240300
240000
239600
3535000
813100
304600
238400
238100
237800
237500
5139000
1091000
334700
236300
236000
235700
235500
235200
234900
234600
234300
234000
233700
233400
233100
232800
232500
232300
232000
231700
231400
231100
230800
230600
230300
230000
229700
37450000
6713000
973300
228600
228300
228000
227800
227500
6844000
10590000
1963000
410500
226100
225900
225600
225300
225000
224800
224500
224200
224000
572200
791800
318600
233100
222600
222400
222100
221900
221600
221300
221100
220800
220600
220300
220000
4276000
25310000
4547000
8033000
1495000
365000
218300
218000
217800
217500
217300
217000
216800
216500
216300
216000
16740000
3094000
545700
215000
214800
214500
214300
214000
213800
213600
213300
213100
212800
212600
212400
212100
211900
211600
211400
211200
210900
210700
210500
210200
210000
209800
209500
209300
209100
208800
208600
475300
697000
6893000
1367000
339500
207200
207000
206800
206500
206300
206100
205900
205600
205400
205200
205000
204700
204500
204300
204100
3692000
7366000
1415000
334300
203000
202800
202500
202300
202100
201900
201700
201500
201200
201000
200800
4655000
28070000
5010000
741900
199700
199500
199300
3871000
838600
272100
198500
198300
198100
197900
197700
197400
197200
197000
196800
196600
196400
196200
2476000
593000
241200
195400
195200
195000
194800
194600
194400
194200
194000
193800
193600
193400
3194000
28500000
26390000
4458000
35220000
10190000
1576000
271300
191600
191400
191200
191000
190800
190700
190500
190300
190100
189900
189700
189500
189300
189100
188900
188700
188600
188400
188200
188000
187800
187600
187400
17040000
16150000
2793000
447200
186500
186300
186100
186000
2281000
1806000
446000
210300
185000
184900
184700
184500
184300
184100
184000
183800
3397000
6563000
1261000
299500
182900
182700
182500
182400
182200
182000
181800
181600
181500
181300
33860000
44670000
7582000
953100
180400
180300
180100
179900
179700
179600
179400
179200
6085000
1208000
296800
178600
178400
4958000
1011000
273500
177700
177500
177400
177200
177000
176900
1377000
470200
215100
177900
176000
691900
265600
24400000
4394000
659600
175100
2064000
503900
212400
174400
8225000
2820000
551600
198600
173600
173500
173300
173100
721000
2587000
587600
218900
172300
172200
172000
171900
9004000
1710000
348000
171200
171100
170900
2167000
2.7e+07
4824000
5579000
17780000
3187000
505100
169700
169600
169400
169300
169100
168900
168800
168600
168500
168300
168200
168000
167900
167700
167600
167400
167300
167100
167000
166900
166700
6483000
1267000
292600
166100
166000
50110000
8866000
1164000
10930000
45060000
9447000
1299000
196300
164700
5571000
10740000
1951000
356900
164000
163800
163700
163500
163400
163200
163100
163000
30590000
12060000
1920000
14510000
3240000
551300
174000
161800
161700
15020000
2749000
458400
161100
161000
160900
160700
160600
160500
160300
160200
21050000
3799000
577600
159600
159500
159400
159200
159100
159000
158800
158700
158600
8677000
1642000
328500
158000
157900
157800
157600
157500
157400
157200
157100
157000
156900
156700
156600
156500
156300
156200
156100
155900
155800
155700
155600
155400
155300
155200
155000
154900
154800
16810000
3056000
487600
154300
154200
154000
153900
153800
153700
153500
153400
153300
153200
153000
152900
152800
152700
152500
152400
152300
152200
152000
151900
151800
151700
151600
151400
15240000
15710000
2705000
409500
150800
150700
150600
150500
150300
150200
150100
150000
149900
1019000
301100
166900
149400
149300
149200
149000
148900
148800
148700
148600
148500
148300
148200
148100
148000
147900
147800
147600
147500
147400
147300
147200
147100
146900
146800
146700
146600
146500
146400
146300
146100
146000
145900
145800
145700
145600
145500
145400
145200
145100
145000
144900
144800
144700
144600
144500
144400
144200
144100
144000
143900
143800
143700
143600
143500
143400
143300
143200
143000
142900
142800
29260000
6835000
1007000
174800
142300
142200
142100
142000
141900
141800
141600
141500
141400
141300
141200
141100
141000
1.5e+07
5375000
898800
193500
1525000
381500
168000
140200
140100
140000
139900
139800
139700
139500
139400
139300
139200
139100
139000
138900
138800
2517000
553000
186100
138400
138300
2747000
5421000
1031000
234500
137800
137700
137600
137500
137400
137300
137200
137100
137000
136900
136800
136700
7563000
1430000
284900
136300
136200
136100
136000
135900
135800
135700
135600
135500
19200000
17700000
2998000
420100
135100
135000
134900
10210000
1890000
336100
134500
134400
13040000
38020000
6989000
914400
141700
133800
133700
133600
3567000
31210000
10090000
1540000
224700
133100
133000
132900
132800
132700
132600
132500
132400
132300
132200
6719000
5625000
25600000
4500000
623300
131700
20970000
6146000
963500
179000
144600
133500
131300
131000
130900
130800
130700
130600
130500
3850000
3952000
9201000
9397000
1928000
333800
135500
129800
129700
21690000
3885000
560700
16370000
10560000
9943000
12920000
2246000
353200
5883000
1131000
243700
128600
128500
128400
128300
128200
128100
9085000
1688000
307000
127800
127700
127600
127500
127400
127400
127300
127200
127100
127000
126900
126800
3107000
645800
186200
1901000
435600
161800
126200
126200
126100
142300
6207000
1658000
35770000
6308000
834300
125500
125400
125300
2498000
1938000
416400
153000
2677000
569500
175800
124700
124600
124500
124400
124300
124300
124200
124100
124000
123900
123900
123800
123700
123600
123500
6868000
1298000
258200
123200
805100
574800
2520000
733700
204000
126700
122600
122600
122500
122400
122300
122200
122200
122100
11250000
8487000
1464000
250300
6199000
1180000
243100
121500
121400
121300
121200
121200
121100
121000
120900
120800
120800
120700
120600
120500
120500
120400
120300
120200
120200
120100
15660000
16650000
2839000
396300
119700
119600
119600
119500
119400
119300
119200
119200
119100
119000
118900
118900
118800
118700
118600
118600
118500
658300
212400
129100
118200
118100
118100
118000
1385000
338600
143100
117700
117600
117500
117500
117400
117300
117200
117200
117100
117000
117000
116900
116800
116700
116700
116600
116500
116400
9915000
1823000
312200
116200
116100
116000
116000
115900
115800
115700
115700
115600
8166000
1518000
276400
115300
115200
115200
115100
115000
115000
114900
114800
114800
114700
114600
114500
114500
114400
114300
114300
114200
114100
3846000
4170000
781900
6010000
1129000
230300
113600
113600
113500
113400
113400
113300
113200
113200
113100
113000
113000
112900
112800
112800
112700
112600
112600
112500
112400
2326000
16740000
2986000
437100
112100
112000
2810000
582000
165800
111800
111700
111600
111600
111500
111400
111400
111300
111200
111200
111100
8538000
14530000
2535000
369900
110800
110700
110700
110600
110500
110500
110400
110300
110300
6762000
71560000
12490000
1516000
110000
109900
109800
109800
109700
109600
109600
109500
109500
109400
109300
109300
109200
109100
109100
109000
108900
108900
108800
108800
108700
108600
108600
108500
108400
108400
108300
108300
108200
108100
108100
108000
107900
107900
107800
107800
107700
107600
107600
107500
107500
107400
107300
107300
107200
107100
107100
107000
107000
106900
106800
106800
106700
106700
106600
106500
106500
106400
106400
106300
106200
106200
106100
106100
106000
105900
105900
7712000
1431000
257800
105600
105600
105500
13720000
6832000
1136000
192400
23990000
4266000
582900
3504000
13730000
29380000
5291000
684200
7035000
1311000
243200
104600
16680000
2992000
436000
104400
104300
104300
104200
104200
104100
2044000
16170000
2882000
13250000
28930000
43770000
15790000
28620000
4849000
629100
103500
103500
103400
103300
103300
103200
103200
103100
103100
103000
34170000
6037000
784100
102800
102700
102700
102600
102600
3625000
716000
172800
20060000
4767000
11670000
2036000
321400
102100
102000
102000
101900
101900
101800
10400000
9714000
2689000
435500
22340000
9234000
1462000
206600
101300
101300
101200
101200
2295000
483200
144900
100900
100900
100800
21520000
3831000
529000
100600
100600
100500
100500
541700
177200
109100
100200
100200
19480000
7045000
1109000
171400
99930
99880
99830
5759000
3701000
668500
151900
99570
99510
99460
99410
99360
99300
99250
99200
26960000
4778000
636300
99000
98950
98890
98840
98790
12520000
2262000
347000
98590
98540
98480
98430
98380
18990000
41550000
7124000
861400
98140
98090
98040
23280000
17880000
2956000
372700
97790
97740
97690
97640
97590
97540
97490
97440
97390
97340
97290
97240
97190
97140
1665000
370200
128300
96940
96890
96840
96790
96740
96690
96640
96590
2433000
503500
143200
13380000
3103000
2242000
416500
35140000
14520000
2247000
262600
96020
95970
95920
2914000
1514000
313700
114300
95680
95630
95580
95530
95480
95430
95390
95340
95290
95240
95190
95140
6374000
27240000
32080000
38980000
14620000
3052000
1806000
6292000
1157000
213400
315000
3402000
10570000
1885000
292600
11610000
2100000
324600
94270
7385000
2275000
398500
112300
94040
6332000
1181000
218700
93860
93810
93760
93720
93670
93620
93580
93530
7419000
14320000
5846000
7364000
31940000
9492000
1391000
171700
93130
93080
93040
8741000
26550000
8840000
1328000
17300000
3076000
1440000
267700
112700
92590
92550
92500
92460
92410
92370
92320
92280
92230
92190
92140
92100
92050
92010
91960
91920
91870
91830
91780
91740
91690
91650
91600
91560
91520
91470
2926000
585200
148000
12790000
7476000
1246000
194600
91130
91090
91040
91000
90950
90910
90870
90820
13280000
2389000
354500
90660
90610
90570
90530
90480
90440
90400
90350
90310
90270
90220
90180
90140
90090
90050
90010
89960
89920
89880
89830
89790
89750
89710
89660
89620
89580
89540
89490
89450
89410
89370
89320
89280
89240
89200
89150
89110
89070
89030
13680000
2456000
360600
88870
88830
88790
88750
88710
29160000
43880000
7416000
863100
88540
88500
88450
88410
88370
4655000
20350000
13610000
3862000
25180000
14920000
2412000
298400
88080
88040
15490000
2771000
396000
87890
87850
87810
87770
2469000
56030000
9807000
1198000
87600
87550
87510
17060000
3044000
426800
87370
87330
87290
87250
87210
4594000
872300
177200
87060
6793000
20450000
14430000
2363000
12400000
2194000
328700
86810
86770
86730
86690
86650
86610
86570
86530
86490
86450
86410
86370
86330
86290
86250
86210
86170
86140
86100
14550000
2606000
375400
85960
85920
85880
978900
4155000
12820000
2261000
1863000
353400
116400
85610
5675000
1059000
9782000
1755000
277100
85400
85370
85330
85290
85250
85210
85170
85130
85100
85060
85020
84980
84940
84900
84870
84830
84790
84750
84710
84680
4822000
24890000
7547000
1120000
148300
84490
84460
84420
84380
84340
84300
84270
84230
84190
92400
85550
84240
84040
84000
83970
83930
83890
33370000
29480000
4861000
555900
83770
83730
83700
83660
9698000
2640000
429400
101200
11510000
2441000
375900
90750
83370
83330
83300
83260
83220
83180
83150
83110
83070
83040
83000
82970
82930
82890
82860
82820
82780
82750
82710
82670
82640
82600
27820000
4915000
637300
82490
1527000
334100
111300
82350
82320
82280
82240
82210
82170
82140
82100
82060
82030
81990
81960
81920
81890
81850
81820
81780
4378000
830100
167600
659300
3628000
7707000
2108000
350000
96220
81460
81420
81390
81350
81320
81280
81250
81210
81180
81140
81110
81070
10870000
10150000
11400000
1930000
274500
80920
80880
80850
80810
80780
80740
80710
80680
80640
80610
80570
80540
80500
80470
80430
10320000
25290000
4366000
548900
80320
80290
80250
80220
80190
80150
80120
80080
80050
80020
79980
79950
79910
79880
79850
79810
79780
672900
27140000
4788000
618900
79660
79620
79590
79550
79520
79490
79450
79420
79390
79350
79320
79290
79250
79220
79190
79150
79120
79090
79050
79020
78990
78950
78920
78890
78860
78820
78790
78760
78720
78690
78660
1947000
408900
360100
121000
83370
78470
78430
78400
78370
78340
78300
78270
78240
78200
78170
78140
78110
78080
78040
78010
77980
77950
77910
77880
77850
77820
77790
3509000
4591000
10070000
15800000
15240000
43060000
7386000
888000
77630
77600
77560
77530
77500
77470
77440
77410
77370
77340
77310
77280
77250
77210
77180
77150
77120
77090
77060
77030
76990
76960
76930
76900
76870
76840
76810
76770
76740
76710
17660000
7458000
1181000
163000
76600
76560
76530
35930000
6323000
1853000
260900
97610
76400
76370
76340
76310
76280
76250
76220
1753000
8664000
1555000
242000
76080
76050
76020
75990
75960
75930
75900
75870
75840
75810
75780
75750
75720
13280000
34090000
9871000
1902000
241900
3370000
5255000
943800
167700
75510
75480
12450000
43320000
12990000
1857000
185700
75390
75360
75330
75300
755400
1687000
904000
201700
86260
75130
75100
75070
75040
75010
74980
74950
13510000
2416000
343600
74850
74820
74790
74760
74730
74700
22830000
4039000
529800
74620
74600
74570
74540
74510
74480
74450
74420
74390
74360
74330
74300
14380000
2566000
360300
74210
74180
5872000
1639000
5232000
1243000
10480000
1867000
279100
73990
73960
73930
704500
5073000
1881000
335800
92650
73760
73740
73710
73680
73650
3924000
3355000
605400
125800
73520
73490
7041000
1287000
212800
523700
151800
82340
73300
73270
73240
73220
73190
73160
73130
73100
73070
3520000
673500
141900
16870000
2998000
408800
72910
72880
72850
72830
10570000
1901000
6808000
2060000
2626000
5287000
30940000
12400000
1893000
212800
72620
72600
72570
72540
72510
72480
72460
72430
72400
72370
72350
72320
72290
72260
72230
72210
72180
72150
72120
72100
72070
72040
72010
71990
71960
71930
71900
71880
71850
71820
71790
71770
71740
9874000
1779000
267700
71650
71620
71590
71570
1362000
7605000
1371000
217700
71440
71420
7148000
1304000
212900
1805000
373300
105900
71240
71220
71190
71160
71140
71110
71080
71050
71030
71000
70970
70950
70920
70890
70870
70840
70810
1233000
13500000
10810000
12060000
2026000
275900
70680
70660
70630
70600
70580
70550
70530
70500
70470
70450
70420
70390
70370
70340
70310
70290
70260
70240
70210
70180
70160
70130
5793000
1067000
184500
70040
70010
69980
69960
69930
69910
69880
69850
69830
11290000
2024000
294100
69740
69720
69690
69670
9193000
15150000
7758000
1238000
172700
5560000
4405000
767900
137100
69470
69440
69420
69390
69370
69340
69320
69290
69270
69240
69210
69190
69160
69140
1912000
390100
105900
69040
69020
68990
68960
68940
68910
68890
68860
68840
68810
68790
68760
5533000
16640000
3096000
415500
13730000
5054000
1222000
9186000
16190000
59650000
10790000
1297000
79120
68590
68570
68540
5176000
958200
170600
68450
68420
68400
68380
68350
68330
68300
68280
68250
68230
68200
68180
68150
68130
11470000
5339000
2242000
373000
9121000
37400000
26110000
4261000
644400
18640000
16480000
2735000
20570000
11700000
1885000
230200
67940
67910
67890
67860
67840
67810
47060000
8254000
1008000
67790
67770
67740
67720
67690
67670
67650
67620
67600
6681000
35890000
6878000
872300
80310
67520
67500
67470
67450
67420
67400
67370
67350
67330
2770000
538200
12260000
4749000
3900000
666100
130100
8957000
6219000
35450000
25840000
18500000
2955000
10460000
29390000
5418000
21210000
