501900
500100
498000
495500
492900
490200
487400
484700
482000
479400
476700
474100
471600
469000
466500
464000
461500
542100
589200
613600
625400
636000
685800
702300
744300
1020000
1135000
1196000
1221000
1235000
1288000
1299000
1295000
1332000
1345000
1391000
1812000
2307000
2475000
2541000
2555000
2596000
2555000
2496000
2697000
2707000
2794000
2772000
2734000
2671000
2602000
2530000
2458000
2416000
2359000
2302000
2245000
2190000
2137000
2085000
2036000
1989000
2031000
2014000
1987000
1952000
1917000
1879000
1839000
1801000
1770000
1855000
2e+06
2087000
2102000
2093000
2068000
2031000
1987000
1943000
1900000
1887000
1857000
1824000
1789000
1756000
1722000
1688000
1711000
1698000
1677000
1652000
1626000
1599000
1570000
1542000
1515000
1489000
1463000
1439000
1415000
1393000
1371000
1349000
1328000
1308000
1289000
1270000
1252000
1234000
1216000
1200000
1183000
1167000
1152000
1349000
1410000
1438000
1442000
1441000
1426000
1405000
1382000
1386000
1472000
1488000
1489000
1478000
1465000
1444000
1421000
1398000
1376000
1355000
1334000
1313000
1294000
1275000
1256000
1238000
1221000
1204000
1187000
1171000
1156000
1140000
1125000
1111000
1097000
1083000
1070000
1057000
1180000
1216000
1301000
1325000
1335000
1329000
1317000
1300000
1282000
1263000
1245000
1227000
1210000
1193000
1177000
1247000
1261000
1263000
1255000
1246000
1232000
1215000
1199000
1182000
1166000
1151000
1136000
1121000
1107000
1093000
1079000
1066000
1053000
1040000
1028000
1016000
1004000
992600
981300
970400
959600
949100
938800
928800
918900
909300
899900
890600
881600
872700
864000
855500
847100
838900
830900
823000
815300
807700
800200
792900
785800
778700
771800
765000
758300
751700
745300
738900
732700
726600
720500
714600
708800
703000
697400
691800
686300
681000
675700
670500
665300
660300
751600
785900
803800
810200
813600
810700
804100
796900
789700
782600
775600
768700
762000
755300
748800
742400
736100
729900
723800
717900
712000
706200
700500
694900
689400
683900
678600
673300
668100
663000
658000
653100
648200
643400
638700
634000
697100
847500
910800
1247000
1426000
1512000
1544000
1557000
1548000
1525000
1499000
1474000
1449000
1425000
1402000
1380000
1358000
1337000
1317000
1297000
1278000
1259000
1241000
1224000
1207000
1190000
1174000
1158000
1143000
1128000
1143000
1256000
1290000
1302000
1301000
1295000
1281000
1263000
1255000
1252000
1241000
1227000
1212000
1197000
1181000
1165000
1150000
1135000
1120000
1106000
1105000
1143000
1149000
1147000
1140000
1130000
1118000
1104000
1090000
1077000
1063000
1050000
1038000
1026000
1306000
1968000
2213000
2327000
2368000
2376000
2338000
2280000
2222000
2166000
2112000
2062000
2098000
2077000
2046000
2008000
1971000
1999000
1977000
1948000
1913000
1878000
1841000
1802000
1766000
1730000
1709000
1681000
1652000
1623000
1594000
1572000
1546000
1834000
1911000
1942000
1938000
1954000
1932000
1897000
1859000
1936000
1952000
1940000
1915000
1886000
1852000
1814000
1777000
1748000
1746000
1723000
1697000
1668000
1640000
1610000
1581000
1654000
1659000
1651000
1632000
1612000
1587000
1579000
1917000
2012000
2130000
2465000
2555000
2572000
2543000
2504000
2445000
2379000
2315000
2254000
2197000
2142000
2090000
2040000
1993000
1948000
1905000
1864000
1824000
1786000
1750000
1715000
1682000
1650000
1619000
1597000
1571000
1545000
1518000
1493000
2200000
2430000
2533000
2783000
4138000
4508000
4593000
4534000
4442000
4435000
4606000
4502000
4360000
4198000
4037000
3865000
3697000
3543000
3402000
3271000
3150000
3759000
4050000
4079000
4509000
4542000
4462000
4305000
4146000
3971000
4220000
4149000
4042000
3904000
3773000
3627000
3480000
3343000
3217000
3100000
2992000
3236000
3229000
3184000
3108000
3032000
2941000
2844000
2752000
2667000
2586000
2511000
2439000
2439000
2393000
2342000
2288000
2235000
2181000
2127000
2076000
2027000
1980000
1936000
1893000
1853000
1814000
1776000
1740000
1706000
1673000
1641000
1610000
1581000
1553000
1525000
1499000
1473000
1448000
1425000
1401000
1379000
1357000
1336000
1316000
1296000
1277000
1259000
1241000
1223000
1206000
1189000
1173000
1158000
1142000
1128000
1113000
1099000
1085000
1072000
1059000
1046000
1033000
1021000
1009000
997700
986300
975200
964400
953700
1017000
1034000
1040000
1038000
1033000
1024000
1013000
1001000
989800
978700
967700
957100
946600
936400
926400
916600
907000
897600
888400
879400
870600
861900
853400
845100
837000
829000
821100
813400
805900
798500
791200
784000
777000
770100
763300
756700
750200
743700
737400
731200
725100
719100
713200
707400
701600
696000
690500
685000
679700
674400
669200
664100
659000
654100
649200
644400
639600
635000
630300
625800
621300
616900
612600
608300
604000
599900
595800
591700
587700
583800
579900
576000
572200
568500
585900
597500
601700
602300
601500
599200
595600
591600
587700
583700
579800
576000
572200
568500
564800
561100
557500
572200
586900
592200
593600
597000
596600
594200
590800
587300
583600
579700
575900
572100
568300
564600
561000
557400
553800
550300
546900
543500
540100
536700
533500
530200
527000
523800
529200
529500
528500
526600
524400
521700
518600
515600
512500
509500
506600
503600
500700
497900
495000
507300
510700
511700
510900
509700
507500
504700
501800
498900
496100
493300
490500
550000
638600
678900
700100
711300
716200
714300
760200
774600
780600
780700
779500
849400
1157000
1285000
1351000
1379000
1393000
1385000
1366000
1378000
1740000
1926000
1999000
2020000
2022000
1998000
1958000
1915000
1874000
1834000
1796000
1759000
1724000
1690000
1729000
1778000
2165000
2270000
2312000
2306000
2697000
2822000
2838000
2806000
2763000
2697000
2618000
2541000
2468000
2399000
2334000
2272000
2214000
2207000
2221000
2341000
2493000
2519000
2505000
2469000
2420000
2360000
2719000
2776000
2779000
3120000
3378000
3642000
4004000
4037000
3983000
4049000
3960000
3832000
3686000
3550000
3414000
3283000
3161000
3048000
3137000
3088000
3021000
2939000
2860000
2775000
2688000
2606000
2529000
2457000
2389000
2324000
2263000
2205000
2150000
2120000
2077000
2033000
2014000
1979000
1941000
1901000
1862000
1824000
1786000
1823000
1817000
2396000
2557000
2624000
2622000
2605000
2552000
2512000
2477000
2422000
2365000
2349000
2304000
2254000
2201000
2150000
2100000
2050000
2002000
1957000
1913000
1872000
1832000
1794000
1757000
1722000
1688000
1656000
1625000
1602000
1576000
1549000
1523000
1497000
1473000
1473000
1459000
1442000
1422000
1401000
1380000
1359000
1338000
1317000
1298000
1278000
1260000
1277000
1334000
1344000
1342000
1391000
1398000
1391000
1377000
1361000
1343000
1322000
1302000
1283000
1264000
1246000
1228000
1211000
1195000
1178000
1162000
1147000
1132000
1117000
1103000
1089000
1076000
1078000
1187000
1220000
1232000
1232000
1228000
1216000
1199000
1183000
1167000
1152000
1137000
1122000
1108000
1094000
1080000
1067000
1054000
1041000
1029000
1017000
1005000
993300
982100
971000
960300
949800
939500
929400
919600
909900
900500
891200
882100
873300
864500
856000
847700
839400
831400
823500
815800
808200
800700
793400
786200
779100
772200
765400
758700
752100
745700
739300
733100
726900
720900
715000
709100
703400
697700
692200
686700
681300
676000
670800
665600
660600
655600
650700
645800
641100
636400
631700
627200
622700
618300
613900
609600
605300
601100
597000
592900
588900
585000
581000
577200
573400
569600
565900
562200
558600
555100
551500
548100
544600
541200
537900
534600
531300
528100
524900
521700
518600
515600
512500
509500
506500
503600
536800
549000
555200
557000
557600
561100
560000
557800
555000
552100
548800
545400
542000
538700
535400
532100
528800
525600
522500
519400
563700
580600
589400
592400
593900
592300
588800
584900
581000
577200
573400
569600
566000
977700
1180000
1285000
1333000
1364000
1367000
1351000
1331000
1311000
1292000
1273000
1254000
1236000
1219000
1202000
1186000
1170000
1154000
1139000
1124000
1110000
1096000
1082000
1069000
1056000
1043000
1030000
1018000
1006000
994900
983600
972600
961800
951200
940900
930800
920900
911300
901800
892500
883400
874500
865800
857200
848800
840600
832500
824600
816900
809200
801800
794400
787200
780100
773200
766400
759700
753100
746600
740200
734000
727800
721800
715800
709900
704200
698500
693000
687500
682100
676700
671500
666400
661300
656300
651400
677800
707200
718300
722300
862800
917200
944900
978300
1094000
1406000
1522000
1578000
1686000
1718000
1717000
1696000
1899000
1942000
1950000
1934000
1915000
1882000
1843000
1805000
1768000
1752000
1947000
1986000
2206000
2816000
4254000
4972000
6513000
6689000
6631000
6364000
6055000
5690000
5329000
5011000
4729000
4478000
4252000
4049000
3864000
4842000
4934000
4892000
4748000
4604000
4405000
4190000
3992000
3910000
3767000
3627000
4090000
4137000
4462000
4426000
4343000
4196000
4037000
3866000
3699000
3544000
3403000
3521000
3682000
3678000
3608000
4208000
4446000
4432000
4326000
4201000
4045000
3868000
3700000
3587000
3455000
3329000
3208000
3096000
2989000
3401000
3436000
3410000
3336000
3260000
3158000
3047000
2942000
2845000
2753000
2667000
2587000
2882000
2996000
3e+06
2958000
2905000
2831000
2745000
2747000
2745000
2695000
2634000
2570000
2504000
2435000
2368000
2305000
2244000
2187000
2133000
2506000
2581000
2598000
2571000
2538000
2482000
2414000
2348000
2475000
2469000
2441000
2395000
2349000
2293000
2234000
2178000
2392000
3355000
3602000
3684000
3664000
3614000
3503000
4027000
4552000
4602000
4535000
4420000
4270000
4083000
3897000
3726000
3570000
3426000
3293000
3171000
3057000
2952000
2853000
2761000
2675000
2594000
2518000
2446000
2378000
2314000
2254000
2196000
2141000
2089000
2040000
1993000
1947000
1904000
1863000
1857000
1839000
1835000
1811000
2358000
2693000
2802000
2822000
2810000
2762000
2685000
2604000
2528000
2455000
2387000
2323000
2261000
2204000
2148000
2096000
2046000
1999000
1953000
1910000
1869000
1829000
1791000
1755000
2095000
2757000
4015000
4668000
4870000
4919000
5061000
4928000
4725000
4507000
4388000
4545000
4433000
4290000
4493000
4411000
4278000
4112000
4158000
4065000
3930000
3783000
3644000
3638000
3531000
3418000
3301000
3191000
3080000
2974000
2874000
2780000
2693000
2611000
2534000
2707000
2778000
2911000
3761000
4075000
4136000
4083000
3997000
3861000
3700000
3776000
4533000
4776000
4763000
5357000
5346000
5246000
5030000
4820000
4586000
4354000
4142000
3949000
3774000
3613000
3466000
3330000
3205000
3089000
2981000
2881000
2787000
2699000
2617000
2539000
2466000
2397000
2332000
2271000
2212000
2157000
2104000
2054000
2006000
1960000
1917000
1875000
1835000
1797000
1760000
1725000
1691000
1659000
1627000
1597000
1568000
1540000
1513000
1487000
1462000
1521000
1524000
1517000
1501000
1483000
1462000
1438000
1414000
1392000
1370000
1348000
1328000
1308000
1288000
1269000
1251000
1233000
1216000
1199000
1182000
1167000
1151000
1136000
1121000
1107000
1093000
1079000
1066000
1053000
1040000
1028000
1016000
1004000
992700
981500
970500
959700
949200
938900
928900
919000
909400
935600
939400
938000
932700
926600
918400
909000
899600
1105000
1641000
1850000
1952000
1992000
2006000
1983000
1942000
1900000
1920000
2214000
2478000
2584000
3196000
3652000
3756000
3739000
3674000
3574000
3882000
3850000
3773000
3661000
3552000
3425000
3293000
3224000
5046000
5397000
5468000
5350000
5215000
4980000
5377000
5253000
5078000
4860000
4658000
4436000
4216000
4016000
3964000
3827000
3688000
3549000
3598000
4106000
4534000
4560000
4952000
4918000
4797000
4603000
4410000
4207000
4009000
3828000
3663000
3511000
3372000
3244000
3125000
3015000
2912000
2816000
2727000
2643000
2564000
2489000
2419000
2353000
2508000
2510000
2485000
2440000
2394000
2337000
2284000
2294000
2481000
2501000
2516000
2486000
2447000
2391000
2429000
2396000
2533000
2532000
2507000
2460000
2410000
2351000
2289000
2230000
2173000
2120000
2069000
2020000
1974000
1930000
1887000
1847000
1808000
1771000
1735000
1701000
1668000
1637000
1606000
1592000
1891000
2024000
2070000
2073000
2064000
2034000
1991000
1946000
1903000
1862000
1823000
1785000
1749000
1714000
1681000
1649000
1618000
1588000
1559000
1532000
1505000
1833000
2356000
2524000
2589000
2600000
2581000
2524000
2454000
2512000
2498000
2460000
2409000
2572000
2582000
2555000
2508000
2458000
2398000
2334000
2272000
2214000
2158000
2106000
2055000
2007000
1962000
1918000
1876000
1836000
1798000
1761000
1726000
1692000
1660000
1628000
1598000
1569000
1541000
1644000
1659000
1657000
1642000
1635000
1613000
1587000
1560000
1533000
1507000
1481000
1456000
1432000
1409000
1386000
1364000
1343000
1322000
1302000
1283000
1264000
1246000
1228000
1211000
1195000
1178000
1162000
1147000
1132000
1149000
1152000
1147000
1138000
1127000
1114000
1101000
1087000
1074000
1060000
1048000
1035000
1023000
1011000
999200
987900
982000
1033000
1125000
1156000
1168000
1169000
1165000
1153000
1139000
1124000
1110000
1096000
1082000
1069000
1056000
1043000
1030000
1018000
1007000
995000
983700
1111000
1151000
1170000
1172000
1172000
1162000
1148000
1133000
1118000
1104000
1090000
1077000
1063000
1051000
1038000
1026000
1014000
1002000
990500
979300
968400
1049000
1072000
1082000
1080000
1077000
1068000
1055000
1043000
1030000
1018000
1006000
994900
983600
972600
961800
951200
940900
930800
920900
911200
901800
892500
883400
874500
865800
857200
848800
840600
832500
824600
816900
809200
801800
794400
787200
780100
773200
766400
759600
753100
746600
740200
734000
727800
721700
715800
709900
704200
698500
692900
687500
682100
676700
671500
666400
661300
656300
651400
646500
641700
637000
632400
627800
640500
711900
813700
1196000
1356000
1441000
1476000
1494000
1485000
1463000
1439000
1416000
1393000
1371000
1350000
1329000
1309000
1289000
1270000
1252000
1234000
1217000
1200000
1184000
1168000
1152000
1137000
1122000
1108000
1094000
1080000
1067000
1054000
1041000
1029000
1017000
1056000
1097000
1108000
1109000
1105000
1097000
1085000
1414000
1529000
1600000
1620000
1630000
1617000
1591000
1563000
1536000
1509000
1483000
1458000
1443000
1514000
1522000
1518000
1504000
1488000
1466000
1442000
1419000
1396000
1374000
1352000
1331000
1311000
1292000
1273000
1254000
1358000
1792000
2006000
2102000
2133000
2193000
2260000
2246000
2213000
2172000
2128000
2287000
3267000
3701000
3830000
3831000
3788000
3680000
3538000
3397000
3274000
3192000
3102000
3006000
2911000
2821000
2733000
2649000
2570000
2495000
2425000
2358000
2535000
2542000
2520000
2476000
2430000
2372000
2309000
2248000
2191000
2542000
2607000
2618000
2587000
2552000
2493000
2424000
2358000
2295000
2235000
2179000
2125000
2074000
2025000
1978000
2133000
2150000
2141000
2112000
2082000
2128000
2115000
2167000
2158000
2311000
2324000
2310000
2274000
2233000
2183000
2137000
2166000
2156000
2126000
2088000
2048000
2005000
1960000
1917000
1875000
1869000
1877000
1857000
1829000
1799000
1767000
1816000
1807000
1788000
1766000
1740000
1709000
1677000
1645000
1615000
1585000
1557000
1529000
1502000
1477000
1452000
1449000
1432000
1414000
1577000
1619000
1632000
1625000
1614000
1592000
1564000
1631000
1634000
1708000
1727000
1755000
1812000
2316000
2607000
2702000
2719000
2705000
2657000
2585000
2510000
2439000
2372000
2308000
2247000
2190000
2136000
2084000
2035000
1988000
1943000
1900000
1859000
1820000
1782000
1746000
1711000
1678000
1646000
1615000
1586000
1557000
1530000
1503000
1477000
1452000
1428000
1405000
1383000
1361000
1340000
1319000
1300000
1280000
1262000
1244000
1226000
1209000
1200000
1187000
1173000
1158000
1143000
1169000
1168000
1162000
1159000
1151000
1140000
1126000
1112000
1099000
1085000
1071000
1058000
1046000
1033000
1021000
1009000
997400
986100
975000
964200
953500
943200
933000
923100
914400
962300
1053000
1084000
1098000
1100000
1098000
1088000
1075000
1062000
1049000
1036000
1024000
1012000
1e+06
989100
977900
967000
956300
945900
935700
925700
915900
906300
897000
887800
878800
870000
861300
852900
844600
836400
828400
820600
812900
805400
798000
790700
783500
776500
769600
762900
756200
749700
743300
737000
746400
823700
885400
911400
922600
958500
992000
999800
998800
994000
986800
976900
966300
955600
945200
935000
925100
915300
905700
896400
887200
878200
869400
860800
852300
844000
835900
827900
820100
812400
804900
797500
790200
783100
776100
769200
762500
755800
749300
773100
779400
780500
859700
905400
927800
999600
1147000
1964000
2287000
2439000
2490000
2509000
2475000
2411000
2420000
2378000
2330000
2277000
2225000
2172000
2118000
2067000
2019000
1973000
1928000
1886000
1846000
1807000
1770000
1734000
1700000
1750000
1788000
1804000
1793000
1900000
2578000
3304000
3513000
3580000
4153000
4714000
4753000
5525000
5938000
5890000
5688000
5449000
5181000
4894000
4626000
4386000
4169000
5882000
6081000
6047000
5843000
5641000
5350000
5033000
4749000
4496000
4269000
4064000
3878000
3878000
5040000
5211000
5189000
5047000
4890000
4669000
4428000
4208000
4009000
3828000
3663000
3512000
3372000
3292000
3185000
3388000
3430000
3472000
3412000
3336000
3468000
3543000
4683000
5808000
6787000
6823000
7249000
8915000
8796000
