142200
145600
145700
145300
144900
144600
144200
143900
143500
143100
142800
142400
142100
141800
141400
141100
140700
219600
241300
241900
240900
243200
291700
296500
333000
684000
720000
711100
702500
694100
767900
777400
768200
829200
840600
906200
1665000
2457000
2449000
2348000
2255000
2298000
2225000
2142000
2635000
2590000
2725000
2631000
2515000
2408000
2311000
2221000
2137000
2118000
2049000
1978000
1912000
1850000
1792000
1738000
1687000
1638000
1772000
1742000
1690000
1642000
1596000
1553000
1512000
1473000
1450000
1660000
1956000
2058000
2002000
1934000
1871000
1812000
1756000
1704000
1655000
1669000
1630000
1585000
1542000
1502000
1463000
1427000
1510000
1487000
1449000
1413000
1380000
1347000
1316000
1287000
1259000
1232000
1206000
1181000
1157000
1134000
1113000
1091000
1071000
1052000
1033000
1015000
997000
980000
963600
947800
932400
917600
903300
1361000
1389000
1356000
1324000
1295000
1266000
1239000
1213000
1245000
1452000
1445000
1409000
1375000
1343000
1312000
1283000
1255000
1228000
1203000
1178000
1154000
1132000
1110000
1089000
1069000
1049000
1030000
1012000
994800
977900
961600
945800
930500
915700
901400
887500
874100
1172000
1188000
1327000
1318000
1289000
1260000
1233000
1207000
1183000
1159000
1136000
1114000
1093000
1072000
1053000
1236000
1235000
1209000
1184000
1160000
1138000
1115000
1094000
1074000
1054000
1035000
1017000
999300
982300
965800
949900
934500
919600
905100
891100
877600
864400
851700
839300
827200
815500
804200
793100
782400
771900
761700
751800
742100
732700
723500
714600
705900
697300
689000
680900
673000
665200
657600
650200
643000
635900
629000
622200
615600
609100
602800
596600
590500
584500
578600
572900
567300
561800
556400
551100
545900
540800
535800
530800
526000
521300
516600
732700
751500
741800
732400
723200
714300
705600
697000
688700
680600
672700
665000
657400
650000
642800
635700
628800
622000
615400
608900
602600
596300
590300
584300
578400
572700
567100
561600
556200
550900
545700
540600
535600
530700
525800
521100
676900
1025000
1050000
1973000
2177000
2117000
2041000
1971000
1905000
1843000
1786000
1732000
1681000
1633000
1588000
1545000
1504000
1466000
1429000
1395000
1362000
1330000
1300000
1271000
1244000
1217000
1192000
1168000
1145000
1122000
1180000
1483000
1486000
1449000
1413000
1379000
1347000
1316000
1312000
1316000
1290000
1262000
1235000
1209000
1184000
1160000
1137000
1115000
1094000
1073000
1086000
1190000
1181000
1157000
1135000
1113000
1092000
1071000
1052000
1033000
1015000
997000
980100
963800
1764000
3754000
3759000
3523000
3316000
3132000
2967000
2820000
2686000
2565000
2454000
2353000
2496000
2422000
2323000
2232000
2148000
2254000
2192000
2111000
2035000
1965000
1900000
1839000
1782000
1728000
1709000
1666000
1619000
1574000
1532000
1506000
1469000
2250000
2267000
2180000
2100000
2092000
2027000
1957000
1892000
2121000
2130000
2059000
1987000
1920000
1858000
1800000
1745000
1710000
1734000
1692000
1644000
1598000
1555000
1514000
1475000
1680000
1663000
1616000
1572000
1530000
1490000
1500000
2406000
2427000
2544000
3355000
3279000
3099000
2938000
2793000
2662000
2543000
2434000
2334000
2242000
2157000
2079000
2006000
1938000
1874000
1815000
1759000
1706000
1657000
1610000
1566000
1525000
1485000
1448000
1432000
1399000
1366000
1334000
1305000
3276000
3343000
3157000
3644000
7874000
7612000
6703000
5971000
5388000
5362000
5895000
5447000
4959000
4553000
4210000
3915000
3660000
3436000
3239000
3063000
2908000
4532000
4973000
4639000
5556000
5266000
4817000
4433000
4107000
3828000
4596000
4374000
4056000
3783000
3544000
3334000
3148000
2982000
2833000
2698000
2576000
3224000
3145000
2980000
2831000
2696000
2574000
2462000
2360000
2266000
2179000
2099000
2025000
2094000
2037000
1967000
1902000
1840000
1783000
1729000
1678000
1631000
1586000
1543000
1502000
1464000
1428000
1393000
1360000
1329000
1299000
1270000
1242000
1216000
1191000
1167000
1144000
1121000
1100000
1079000
1059000
1040000
1022000
1004000
986800
970200
954100
938600
923500
909000
894800
881200
867900
855000
842600
830400
818600
807200
796100
785200
774700
764400
754400
744700
735200
726000
717000
708200
699600
691200
833500
840700
828600
816900
805500
794400
783600
773100
762900
752900
743200
733800
724600
715600
706800
698300
690000
681800
673900
666100
658500
651100
643800
636700
629800
623000
616400
609900
603500
597300
591200
585200
579300
573600
567900
562400
557000
551700
546500
541300
536300
531400
526600
521800
517100
512600
508100
503600
499300
495000
490800
486700
482600
478600
474700
470900
467100
463300
459600
456000
452500
448900
445500
442100
438700
435400
432200
429000
425800
422700
419700
416600
413700
410700
453600
469600
467500
463800
460100
456500
452900
449400
445900
442500
439200
435900
432600
429400
426200
423100
420000
455400
479300
478300
474300
478600
475700
471800
468000
464200
460500
456900
453300
449800
446300
442900
439600
436200
433000
429800
426600
423500
420400
417400
414400
411400
408500
405700
421400
420700
417700
414700
411700
408800
405900
403100
400300
397600
394900
392200
389600
387000
384400
414100
415300
412300
409400
406500
403700
400900
398100
395400
392700
390100
387500
528300
705000
717200
708400
699800
691500
683300
807900
813500
802200
791200
780500
973800
1924000
1993000
1927000
1864000
1806000
1750000
1698000
1753000
3032000
3307000
3157000
2990000
2840000
2705000
2582000
2470000
2367000
2272000
2185000
2105000
2030000
1960000
2102000
2223000
3415000
3377000
3186000
3018000
4212000
4267000
3987000
3723000
3492000
3288000
3107000
2945000
2800000
2668000
2548000
2439000
2339000
2372000
2430000
2741000
3069000
2978000
2831000
2696000
2574000
2463000
3509000
3448000
3250000
4145000
4589000
5011000
5749000
5342000
4873000
4970000
4625000
4271000
3968000
3706000
3477000
3275000
3095000
2935000
3249000
3130000
2966000
2819000
2685000
2564000
2453000
2352000
2258000
2172000
2093000
2019000
1950000
1885000
1825000
1818000
1768000
1715000
1717000
1673000
1626000
1581000
1539000
1498000
1460000
1574000
1565000
2970000
3001000
2850000
2714000
2590000
2477000
2445000
2414000
2323000
2232000
2244000
2171000
2092000
2018000
1949000
1885000
1824000
1768000
1715000
1665000
1618000
1574000
1532000
1492000
1454000
1418000
1384000
1351000
1338000
1310000
1281000
1253000
1226000
1201000
1228000
1213000
1189000
1165000
1141000
1119000
1098000
1077000
1058000
1038000
1020000
1002000
1058000
1179000
1172000
1149000
1250000
1239000
1213000
1188000
1164000
1141000
1119000
1097000
1077000
1057000
1038000
1020000
1002000
984900
968300
952300
936800
921900
907300
893300
879700
866400
889400
1137000
1147000
1125000
1103000
1083000
1063000
1043000
1025000
1007000
989600
972800
956700
941100
926000
911300
897100
883400
870100
857100
844600
832400
820600
809100
797900
787000
776400
766100
756100
746300
736800
727500
718400
709600
701000
692600
684400
676400
668500
660900
653400
646100
639000
632000
625200
618500
611900
605500
599200
593100
587100
581200
575400
569700
564100
558700
553400
548100
543000
537900
533000
528100
523300
518600
514000
509500
505000
500700
496400
492200
488000
483900
479900
476000
472100
468300
464500
460800
457200
453600
450100
446600
443200
439800
436500
433200
430000
426800
423700
420600
417600
414600
411700
408800
405900
403100
400300
397500
394800
392100
389500
386900
384300
381800
379300
376800
374400
372000
446300
452700
449200
445700
442300
449900
447900
444400
441000
437700
434400
431200
428000
424900
421800
418700
415700
412700
409800
406900
510500
519600
514900
510400
505900
501500
497200
493000
488800
484700
480700
476800
474000
1821000
1933000
1869000
1810000
1755000
1702000
1653000
1607000
1563000
1522000
1482000
1445000
1409000
1376000
1343000
1313000
1283000
1255000
1229000
1203000
1178000
1155000
1132000
1110000
1089000
1069000
1049000
1031000
1012000
995000
978100
961700
946000
930700
915900
901600
887700
874200
861200
848500
836200
824300
812700
801400
790400
779700
769300
759200
749400
739800
730400
721300
712400
703700
695200
687000
678900
671000
663300
655800
648400
641200
634200
627300
620600
614000
607500
601200
595000
588900
583000
577200
571500
565900
560400
555000
624800
679800
678500
670600
1035000
1064000
1044000
1090000
1371000
2277000
2312000
2224000
2429000
2367000
2272000
2185000
2857000
2815000
2682000
2561000
2450000
2349000
2256000
2170000
2091000
2076000
2689000
2653000
3211000
5138000
10230000
10740000
14750000
12130000
9832000
8296000
7189000
6351000
5693000
5161000
4722000
4353000
4039000
3767000
3535000
6154000
5882000
5315000
4850000
4462000
4132000
3848000
3602000
3594000
3405000
3213000
4392000
4334000
4931000
4643000
4286000
3981000
3717000
3487000
3284000
3103000
2942000
3329000
3704000
3604000
3397000
4835000
5119000
4747000
4374000
4057000
3783000
3544000
3335000
3237000
3073000
2915000
2772000
2643000
2526000
3547000
3479000
3276000
3097000
2936000
2791000
2660000
2541000
2433000
2333000
2241000
2157000
2881000
3033000
2903000
2762000
2633000
2517000
2410000
2500000
2536000
2443000
2343000
2250000
2165000
2085000
2012000
1943000
1879000
1820000
1764000
2656000
2656000
2537000
2429000
2330000
2238000
2153000
2075000
2426000
2381000
2285000
2197000
2115000
2040000
1969000
1904000
2452000
4975000
4879000
4486000
4152000
3866000
3619000
5150000
6340000
5862000
5299000
4837000
4450000
4122000
3839000
3594000
3378000
3187000
3017000
2865000
2727000
2602000
2488000
2383000
2288000
2199000
2118000
2042000
1971000
1906000
1844000
1787000
1732000
1682000
1634000
1588000
1545000
1505000
1466000
1502000
1492000
1504000
1472000
2758000
3254000
3135000
2971000
2823000
2689000
2567000
2456000
2355000
2261000
2175000
2095000
2021000
1952000
1887000
1827000
1770000
1717000
1667000
1620000
1575000
1533000
1493000
1456000
2281000
3837000
7089000
7736000
7015000
6390000
6396000
5813000
5259000
4804000
4637000
5164000
4833000
4448000
5018000
4716000
4348000
4035000
4233000
4061000
3795000
3555000
3344000
3453000
3291000
3110000
2948000
2802000
2670000
2550000
2441000
2340000
2248000
2163000
2084000
2529000
2643000
2865000
4909000
5128000
4740000
4368000
4052000
3779000
3541000
3868000
5859000
6008000
5478000
6826000
6300000
5741000
5212000
4765000
4389000
4070000
3794000
3554000
3343000
3156000
2989000
2840000
2704000
2581000
2469000
2366000
2272000
2185000
2104000
2029000
1960000
1895000
1834000
1777000
1723000
1673000
1625000
1581000
1538000
1498000
1460000
1424000
1389000
1356000
1329000
1299000
1271000
1243000
1217000
1192000
1167000
1144000
1122000
1100000
1080000
1222000
1217000
1192000
1168000
1145000
1122000
1101000
1080000
1060000
1041000
1023000
1005000
987500
970900
954800
939200
924200
909600
895500
881800
868500
855600
843100
831000
819200
807700
796500
785700
775100
764900
754900
745100
735600
726400
717400
708600
7e+05
691600
683400
675400
667600
660000
722300
722200
713300
704600
696100
687800
679700
671900
1136000
2439000
2496000
2391000
2295000
2206000
2124000
2048000
1977000
2068000
2893000
3443000
3421000
5118000
5963000
5513000
5013000
4599000
4250000
5232000
4943000
4539000
4198000
3905000
3651000
3429000
3375000
9189000
8545000
7374000
6493000
5806000
5257000
6540000
6062000
5460000
4970000
4562000
4218000
3922000
3667000
3725000
3530000
3322000
3137000
3356000
4590000
5386000
5034000
5760000
5361000
4888000
4493000
4159000
3871000
3622000
3403000
3209000
3037000
2882000
2743000
2616000
2501000
2396000
2299000
2210000
2127000
2051000
1980000
1913000
1851000
2232000
2203000
2121000
2045000
1974000
1909000
1861000
1939000
2364000
2329000
2301000
2220000
2137000
2060000
2197000
2142000
2463000
2411000
2313000
2223000
2139000
2062000
1990000
1923000
1860000
1802000
1747000
1695000
1646000
1600000
1557000
1516000
1477000
1440000
1404000
1371000
1339000
1308000
1279000
1283000
1970000
2114000
2053000
1982000
1916000
1853000
1795000
1741000
1689000
1641000
1595000
1552000
1511000
1472000
1435000
1400000
1367000
1335000
1305000
1276000
1248000
2048000
3230000
3199000
3028000
2874000
2735000
2610000
2495000
2705000
2664000
2550000
2441000
2880000
2828000
2696000
2574000
2462000
2360000
2266000
2179000
2099000
2025000
1955000
1891000
1830000
1773000
1720000
1670000
1623000
1578000
1536000
1496000
1458000
1421000
1387000
1354000
1323000
1293000
1555000
1550000
1510000
1471000
1458000
1425000
1390000
1357000
1326000
1296000
1267000
1240000
1214000
1189000
1165000
1142000
1119000
1098000
1077000
1058000
1039000
1020000
1002000
985300
968700
952700
937200
922200
907700
962700
968700
954300
938800
923700
909100
895000
881300
868100
855200
842700
830600
818800
807300
796200
785400
787700
905900
1086000
1088000
1068000
1049000
1030000
1012000
994400
977500
961200
945400
930200
915400
901100
887200
873800
860700
848100
835800
823900
1138000
1157000
1134000
1112000
1091000
1071000
1051000
1033000
1014000
996800
979900
963500
947600
932300
917500
903100
889200
875700
862600
849900
837500
1044000
1053000
1035000
1016000
998700
981700
965200
949300
933900
919000
904600
890600
877100
864000
851200
838800
826800
815100
803800
792700
782000
771500
761400
751500
741800
732400
723200
714300
705600
697000
688700
680600
672700
664900
657400
650000
642800
635700
628800
622000
615400
608900
602600
596300
590200
584300
578400
572700
567100
561600
556200
550900
545700
540600
535600
530700
525800
521100
516500
511900
507400
503000
498700
534000
693200
889900
1939000
2005000
1937000
1874000
1814000
1758000
1706000
1657000
1610000
1566000
1524000
1485000
1448000
1412000
1378000
1346000
1315000
1285000
1257000
1230000
1205000
1180000
1156000
1133000
1112000
1091000
1070000
1051000
1032000
1014000
996200
979200
962900
1075000
1160000
1149000
1126000
1105000
1084000
1064000
2046000
2100000
2065000
1998000
1930000
1867000
1808000
1753000
1701000
1652000
1605000
1562000
1545000
1756000
1736000
1684000
1636000
1591000
1548000
1507000
1469000
1432000
1397000
1364000
1332000
1302000
1273000
1246000
1219000
1508000
2740000
2978000
2882000
2746000
2781000
2906000
2795000
2663000
2544000
2435000
2937000
6228000
6635000
6e+06
5410000
4929000
4528000
4188000
3897000
3663000
3537000
3374000
3188000
3018000
2865000
2727000
2602000
2488000
2384000
2288000
2200000
2686000
2636000
2519000
2412000
2314000
2224000
2140000
2063000
1992000
2902000
2884000
2744000
2617000
2502000
2397000
2300000
2210000
2128000
2051000
1980000
1914000
1852000
1794000
1739000
2139000
2118000
2043000
1972000
1906000
2043000
2018000
2137000
2095000
2443000
2396000
2299000
2210000
2127000
2051000
1995000
2111000
2094000
2025000
1955000
1891000
1830000
1773000
1720000
1670000
1696000
1738000
1697000
1648000
1602000
1559000
1701000
1675000
1627000
1591000
1549000
1508000
1469000
1433000
1398000
1365000
1333000
1303000
1274000
1246000
1220000
1239000
1218000
1193000
1582000
1591000
1548000
1508000
1469000
1432000
1398000
1582000
1567000
1720000
1721000
1745000
1860000
3202000
3641000
3475000
3274000
3094000
2934000
2789000
2659000
2540000
2431000
2331000
2240000
2155000
2077000
2004000
1936000
1872000
1813000
1757000
1705000
1656000
1609000
1565000
1524000
1484000
1447000
1411000
1377000
1345000
1314000
1285000
1257000
1230000
1204000
1179000
1156000
1133000
1111000
1090000
1070000
1050000
1031000
1013000
995800
978900
984100
970300
954200
938700
923600
992800
986700
970000
970200
956200
940600
925500
910800
896700
882900
869600
856700
844200
832000
820200
808700
797500
786600
776100
765800
755700
746000
736500
727200
723900
836000
1015000
1019000
1002000
984600
968000
952000
936600
921600
907100
893000
879400
866200
853400
840900
828900
817100
805700
794600
783800
773300
763100
753200
743500
734000
724800
715800
707000
698500
690100
682000
674000
666300
658700
651200
644000
636900
630000
623200
616500
610000
603600
597400
591300
585300
615100
787700
878800
875700
862600
925300
979200
970300
954200
938700
923600
909100
895000
881300
868000
855200
842700
830500
818700
807300
796200
785300
774800
764500
754500
744800
735300
726100
717000
708300
699700
691300
683100
675100
667300
659700
652300
645000
637900
703000
706300
698100
888700
944500
942300
1096000
1439000
4294000
4375000
4063000
3789000
3549000
3339000
3153000
3218000
3074000
2916000
2773000
2644000
2526000
2419000
2320000
2229000
2145000
2068000
1995000
1928000
1865000
1806000
1751000
1699000
1858000
1939000
1938000
1881000
2151000
4157000
5930000
5586000
5094000
6580000
7784000
7027000
9046000
9371000
8138000
7072000
6260000
5620000
5101000
4672000
4311000
4014000
8971000
8307000
7198000
6358000
5698000
5165000
4725000
4356000
4041000
3770000
3533000
3325000
3496000
6404000
6181000
5565000
5057000
4635000
4279000
3975000
3712000
3482000
3280000
3100000
2939000
2794000
2759000
2644000
3160000
3220000
3247000
3093000
2933000
3283000
3448000
6279000
8638000
10090000
8782000
9091000
13260000
11290000
