1089000
1109000
1091000
1061000
1031000
998100
962700
928200
895800
864100
831700
801000
771800
744200
718600
694700
696800
1479000
1813000
1832000
1835000
1890000
2392000
2418000
3492000
11480000
8306000
6363000
5898000
5405000
4933000
4446000
4317000
4403000
3855000
4317000
1.1e+07
13820000
9577000
7741000
7055000
6208000
5096000
4740000
5732000
5199000
4844000
4352000
3808000
3343000
2995000
2729000
2512000
2370000
2203000
2009000
1842000
1698000
1568000
1456000
1364000
1290000
1416000
1401000
1347000
1301000
1257000
1201000
1146000
1104000
1109000
1361000
1843000
2106000
2099000
2055000
1993000
1896000
1796000
1720000
1650000
1659000
1588000
1499000
1415000
1339000
1264000
1199000
1276000
1260000
1214000
1174000
1134000
1086000
1039000
1001000
966200
926800
890400
855100
821200
790000
761100
734300
709300
686000
664300
643900
624700
606600
589600
573600
558300
543900
567400
1730000
1968000
1945000
1956000
1950000
1852000
1749000
1707000
1896000
2345000
2343000
2232000
2135000
2028000
1892000
1775000
1690000
1606000
1503000
1411000
1322000
1240000
1167000
1103000
1046000
995400
949300
907400
869200
834200
801900
772100
744500
718900
695000
673000
697400
1481000
1672000
2090000
2168000
2138000
2059000
1973000
1890000
1814000
1720000
1637000
1531000
1430000
1338000
1272000
1753000
1813000
1755000
1714000
1670000
1585000
1501000
1444000
1394000
1319000
1251000
1184000
1118000
1059000
1007000
959900
917000
878000
842200
809400
779000
750900
724800
700500
677800
656600
636600
617900
600200
583600
567800
552900
539800
594800
604000
598900
594800
589700
579000
567300
558200
549500
537500
525800
513800
501600
490000
478900
468300
458100
448500
442800
516000
534400
535400
537300
537400
530400
522100
516500
511000
501300
491700
481400
470700
460700
486900
1195000
1373000
1392000
1421000
1436000
1393000
1411000
1404000
1384000
1329000
1276000
1214000
1150000
1095000
1045000
996600
952200
910900
872400
837100
804600
774600
746800
721000
697000
674500
653500
633700
615100
597600
581100
565500
550700
536700
523400
529900
1374000
3427000
5311000
11940000
9367000
7311000
6536000
5833000
4860000
4282000
4065000
3740000
3066000
2656000
2277000
1960000
1757000
1602000
1477000
1372000
1283000
1205000
1137000
1076000
1022000
973600
929500
889400
852700
827800
1173000
1890000
1999000
1970000
1956000
1906000
1803000
1718000
1730000
1727000
1645000
1560000
1474000
1386000
1305000
1234000
1173000
1115000
1060000
1011000
1028000
1163000
1172000
1147000
1126000
1099000
1060000
1023000
993200
963000
926200
891100
856100
890700
3623000
14280000
8932000
6542000
6254000
5647000
4390000
3856000
3927000
3673000
2878000
2565000
2440000
2173000
1992000
1855000
1746000
1812000
1748000
1665000
1596000
1518000
1433000
1352000
1284000
1224000
1189000
1141000
1089000
1040000
995400
963200
962200
1942000
2113000
2059000
2041000
2097000
2003000
1888000
1840000
2157000
2185000
2089000
1992000
1894000
1774000
1659000
1570000
1513000
1504000
1442000
1368000
1299000
1235000
1171000
1122000
1333000
1355000
1318000
1289000
1257000
1206000
1283000
2882000
3070000
3495000
5634000
5254000
4572000
4193000
3903000
3502000
3126000
2919000
2695000
2375000
2135000
1916000
1724000
1577000
1456000
1354000
1267000
1191000
1125000
1066000
1013000
964900
921600
884500
946600
942200
918400
897800
1194000
6154000
5573000
4789000
10220000
20770000
11980000
8635000
8244000
7254000
5876000
6222000
6170000
5404000
4277000
3764000
3138000
2673000
2449000
2248000
2032000
1980000
4261000
5106000
4748000
6339000
5913000
5093000
4530000
4177000
3864000
4653000
4420000
3995000
3573000
3242000
2870000
2553000
2351000
2187000
1985000
1871000
2803000
2826000
2642000
2522000
2408000
2226000
2058000
1954000
1864000
1728000
1611000
1506000
1651000
1621000
1545000
1483000
1425000
1352000
1283000
1229000
1181000
1124000
1071000
1020000
972000
928000
888000
851400
817800
786900
758200
731600
706800
683700
662100
641800
622800
604800
587900
571900
560400
748900
797500
801600
808200
810700
795700
777500
766400
756200
735400
715400
694000
671700
650800
631200
612800
595500
579100
563600
548900
534900
521700
509100
497100
485700
474800
467100
650200
1072000
1179000
1202000
1227000
1228000
1195000
1162000
1146000
1121000
1077000
1035000
988900
943400
902000
864300
829600
797700
768300
740900
715500
691800
669700
649000
629500
611200
593900
577600
562200
547600
533700
520500
508000
496100
484700
473800
463400
453500
444000
434900
426100
417700
409700
401900
394400
387200
380300
373600
367100
360900
354900
349000
343400
337900
332700
327500
322600
317800
313100
308500
304100
299800
295700
291600
287700
283900
280100
276500
273000
269500
266100
262900
259700
256500
257500
567400
701600
740700
774200
801000
799300
788100
786200
786100
769200
750400
728700
704500
681600
660100
639900
625900
844200
969800
991200
1e+06
1036000
1028000
1003000
985500
971500
943200
911800
880400
848100
815700
785700
757500
730900
706200
683100
661500
641400
627700
611600
595200
579800
565500
581900
655200
669700
667900
666400
660900
648500
635800
626100
615400
600800
586300
571300
556200
541900
529800
610100
627600
625200
624100
621300
610700
598600
589900
581600
568600
556000
550400
956400
1737000
1880000
1875000
1883000
1849000
1779000
2198000
2247000
2171000
2079000
2020000
3228000
10180000
7777000
6111000
5657000
5155000
4233000
3702000
4145000
8466000
7889000
6465000
5666000
5061000
4297000
3707000
3453000
3242000
2815000
2487000
2195000
1930000
1744000
1838000
2125000
4455000
4349000
3899000
3864000
6302000
6038000
5196000
4785000
4460000
3867000
3394000
3107000
2861000
2519000
2252000
2015000
1808000
1771000
1815000
2193000
2717000
2709000
2581000
2469000
2334000
2274000
3845000
3848000
3664000
5406000
6373000
7062000
8164000
7071000
6127000
5982000
5386000
4719000
4194000
3810000
3364000
2893000
2562000
2299000
2462000
2350000
2177000
2039000
1919000
1785000
1663000
1572000
1493000
1400000
1319000
1241000
1169000
1105000
1049000
1056000
1026000
988900
994400
973600
941700
911700
885000
857000
830000
929200
1083000
3586000
3714000
3401000
3267000
3137000
2849000
2719000
2699000
2608000
2384000
2317000
2153000
1967000
1823000
1704000
1588000
1482000
1393000
1312000
1235000
1166000
1104000
1047000
995900
949700
907800
869500
836700
906500
906900
886700
869600
858400
842600
867300
865800
852200
832900
813100
789200
764700
742800
722100
699900
678700
661200
812400
1020000
1063000
1075000
1271000
1307000
1283000
1265000
1251000
1213000
1166000
1126000
1085000
1036000
991100
947600
905900
867800
832900
800700
771000
743500
717900
694100
671800
656300
909400
1520000
1642000
1642000
1651000
1629000
1559000
1496000
1459000
1413000
1341000
1273000
1203000
1135000
1075000
1021000
972200
928300
888300
851600
818000
787000
758300
731700
706900
683800
662200
641900
622900
604900
588000
572000
556900
542600
528900
516000
503700
492000
480800
470100
459900
450100
440700
431700
423100
414800
406900
399200
392500
437900
448700
448300
448500
447800
442600
436400
432000
427700
420800
413900
407300
464400
478600
479000
480100
480000
474300
467500
462800
458300
450400
442600
434300
425500
417200
409100
401400
393900
386700
379800
373100
366700
360800
384800
389900
454300
474800
480400
484000
485500
482100
477500
473300
469200
461200
453000
444300
435100
426400
418000
409900
402100
394600
387400
380500
373800
367400
368300
591600
658800
676100
695400
710100
745800
747900
748000
748800
736300
720100
701100
682000
664100
644900
626700
609000
591900
577200
659100
1e+06
1085000
1098000
1113000
1114000
1086000
1056000
1039000
1019000
981900
946100
910700
3133000
18610000
10020000
6766000
6655000
6048000
4438000
3842000
4083000
3871000
2834000
2538000
2124000
1772000
1615000
1487000
1381000
1290000
1212000
1143000
1082000
1027000
977800
933300
892800
855900
821900
790600
761700
734800
709800
686500
664700
644300
625100
607000
590000
573900
558700
544200
530500
517500
505100
493300
482100
471300
461100
451200
441800
432800
424100
415800
407800
400100
392700
385600
378700
372100
365700
359500
353500
347700
342100
336700
331400
326400
321400
316600
312000
307500
303300
334900
343000
343600
344600
345000
344300
508700
644000
684900
739600
1698000
1897000
1884000
2127000
3621000
8640000
7034000
5832000
6234000
5700000
4784000
4363000
5853000
5492000
4653000
4207000
3788000
3262000
2879000
2639000
2439000
2309000
3132000
3166000
4761000
14370000
26550000
21110000
15870000
13150000
10940000
8482000
7212000
6843000
6035000
4709000
3800000
2993000
2396000
2044000
2004000
4938000
4749000
4157000
3890000
3655000
3232000
2891000
2750000
2788000
2538000
2403000
3690000
3830000
4743000
4481000
4079000
3722000
3396000
3091000
2848000
2617000
2443000
2759000
3227000
3158000
3127000
5601000
6040000
5241000
4717000
4381000
3891000
3418000
3152000
3045000
2740000
2450000
2203000
1977000
1853000
3016000
3063000
2856000
2724000
2599000
2389000
2198000
2084000
1987000
1831000
1700000
1617000
2506000
2849000
2737000
2618000
2517000
2348000
2182000
2320000
2419000
2304000
2168000
2040000
1897000
1757000
1645000
1553000
1460000
1370000
1353000
2725000
2859000
2698000
2611000
2522000
2332000
2156000
2085000
2640000
2598000
2439000
2305000
2170000
2006000
1858000
1801000
3550000
12350000
8499000
6418000
6010000
5445000
4545000
7048000
9447000
7945000
6424000
5767000
4933000
4077000
3642000
3418000
3055000
2639000
2331000
2044000
1814000
1648000
1514000
1404000
1310000
1229000
1158000
1095000
1039000
988600
943100
901800
864000
829400
797500
768100
740800
715400
697600
947200
1026000
1082000
1260000
4246000
5551000
4916000
4461000
4209000
3776000
3332000
3188000
3114000
2836000
2544000
2295000
2052000
1849000
1694000
1568000
1458000
1361000
1276000
1199000
1132000
1072000
1022000
1154000
3145000
18240000
15740000
11850000
10110000
11390000
8223000
6476000
7800000
7138000
9979000
6069000
4471000
12290000
6343000
3962000
5774000
8670000
6098000
3675000
3492000
5933000
8155000
4163000
3107000
2902000
2269000
1604000
1445000
1488000
1289000
969300
887900
764800
736000
1060000
1266000
1831000
5638000
5885000
5053000
4631000
4327000
3809000
3402000
4109000
7873000
7496000
6495000
8598000
7460000
6202000
5446000
5003000
4429000
3799000
3426000
3078000
2622000
2317000
2051000
1826000
1659000
1523000
1411000
1316000
1234000
1163000
1099000
1043000
992100
946300
904700
866700
831900
799800
770200
742700
717200
693400
671100
650300
634900
826900
1018000
1056000
1065000
1072000
1058000
1028000
1004000
987100
960200
926700
900600
1169000
1218000
1200000
1189000
1173000
1134000
1091000
1062000
1035000
994400
956000
917000
877900
842200
809300
779000
750900
724800
700500
677800
656500
636600
617800
600200
583500
567800
552900
538800
525300
512600
500400
488900
477800
467200
457200
447500
438200
429300
420800
412600
404700
399200
542300
584000
593000
603600
610900
604900
596100
623800
2229000
9820000
7341000
5727000
5399000
4967000
4072000
3582000
3550000
3734000
5264000
6484000
6419000
11410000
11220000
8597000
7240000
6500000
5665000
6422000
5967000
5370000
4627000
4027000
3444000
2957000
4194000
19280000
10650000
7233000
6951000
6258000
4702000
5626000
5833000
5375000
4233000
3844000
3243000
2739000
2530000
2567000
2376000
2184000
2027000
2277000
3986000
5454000
5100000
6285000
5767000
5019000
4457000
4078000
3701000
3313000
2993000
2720000
2378000
2116000
1896000
1710000
1565000
1446000
1346000
1260000
1185000
1119000
1061000
1008000
973000
1342000
1409000
1386000
1372000
1352000
1300000
1270000
1385000
1939000
2006000
2030000
1999000
1932000
1838000
1989000
1991000
2454000
2453000
2339000
2223000
2106000
1969000
1844000
1741000
1651000
1540000
1441000
1348000
1262000
1187000
1121000
1062000
1010000
962100
919100
879900
843900
810900
781400
859800
1873000
2279000
2267000
2237000
2201000
2086000
1957000
1878000
1816000
1708000
1600000
1494000
1389000
1297000
1218000
1148000
1086000
1031000
981700
936900
965200
2911000
7127000
6068000
5106000
4781000
4373000
3735000
3389000
3865000
3783000
3333000
3073000
3591000
3402000
3088000
2882000
2708000
2467000
2254000
2099000
1962000
1802000
1666000
1541000
1427000
1329000
1246000
1173000
1108000
1051000
999200
952800
910600
872100
836800
804400
774400
772700
1557000
1721000
1705000
1708000
1751000
1687000
1607000
1564000
1526000
1444000
1369000
1295000
1221000
1152000
1092000
1037000
986500
941300
900100
862500
828000
796200
766900
740000
737000
720300
700200
685000
730800
887100
939000
944200
946100
938900
917400
894000
876300
857400
830900
804000
776300
748600
722700
698500
679000
824500
1107000
1590000
1685000
1684000
1675000
1638000
1571000
1512000
1467000
1413000
1339000
1268000
1197000
1130000
1070000
1017000
968700
925100
889100
1059000
2303000
2478000
2391000
2354000
2295000
2144000
2006000
1932000
1860000
1731000
1618000
1505000
1396000
1303000
1223000
1153000
1090000
1035000
985000
939900
933200
1869000
2036000
1989000
1970000
1941000
1836000
1731000
1672000
1621000
1524000
1437000
1350000
1263000
1188000
1122000
1063000
1010000
962700
919600
880300
844400
811300
780800
752600
726400
702000
679200
657800
637800
619000
601300
584600
568800
553800
539600
526200
513400
501200
489600
478500
467900
457800
448100
438800
429900
421400
413100
405200
397600
390300
383300
376500
369900
363600
357500
351600
345800
340300
334900
329800
324800
331200
367500
504000
909500
2850000
10040000
7464000
5856000
5495000
5019000
4130000
3658000
3596000
3375000
2796000
2483000
2156000
1873000
1693000
1551000
1434000
1336000
1251000
1178000
1113000
1055000
1003000
956100
913600
874800
839300
806700
776500
748600
722700
698500
676000
661200
974900
1199000
1238000
1248000
1254000
1230000
1355000
4256000
4282000
3941000
3750000
3556000
3177000
2862000
2714000
2586000
2323000
2122000
1923000
1798000
2021000
1975000
1870000
1786000
1705000
1604000
1511000
1441000
1377000
1300000
1230000
1163000
1100000
1043000
992500
957700
1502000
4805000
5268000
4699000
4372000
4421000
4395000
3979000
3720000
3528000
3215000
4862000
16160000
11010000
7987000
7305000
6533000
5076000
4327000
4290000
4048000
3255000
2901000
2481000
2117000
1909000
1744000
1608000
1496000
1400000
1313000
1250000
1666000
1716000
1663000
1625000
1583000
1506000
1429000
1376000
1382000
2511000
2638000
2509000
2429000
2347000
2182000
2026000
1935000
1858000
1725000
1611000
1499000
1391000
1299000
1236000
1676000
1732000
1680000
1643000
1610000
1765000
1774000
1958000
2007000
2550000
2560000
2432000
2322000
2216000
2072000
1969000
2084000
2075000
1959000
1852000
1749000
1634000
1530000
1445000
1374000
1401000
1443000
1402000
1347000
1297000
1250000
1406000
1410000
1374000
1350000
1312000
1256000
1199000
1154000
1112000
1061000
1015000
971000
927500
887900
852500
879200
866300
857400
1361000
1471000
1459000
1456000
1446000
1393000
1346000
1678000
1745000
2011000
2078000
2154000
2695000
7087000
7546000
6229000
5533000
5090000
4392000
3801000
3537000
3336000
2916000
2559000
2254000
1976000
1768000
1611000
1484000
1379000
1288000
1210000
1141000
1080000
1026000
976600
932300
891900
855000
821100
789900
761000
734200
709200
686000
664200
643800
624600
606600
591300
674300
690200
685100
681500
676300
662900
648200
645300
771300
797600
794400
791800
788600
909300
930500
926700
957600
954700
932900
908400
887800
865900
837200
811100
785100
757600
731900
707500
684300
662700
642400
623300
605300
588400
572400
557200
546300
740400
1048000
1575000
1686000
1694000
1690000
1656000
1591000
1534000
1489000
1436000
1360000
1287000
1214000
1145000
1084000
1029000
979500
934900
894300
857200
823100
791700
762700
735700
710700
688000
704000
695400
679700
665400
651200
634700
618200
603800
590100
575100
560800
548800
666300
694400
694200
695700
694700
682500
671200
829500
1343000
1712000
1766000
1778000
2030000
2211000
2157000
2090000
2035000
1937000
1817000
1710000
1616000
1518000
1421000
1333000
1251000
1178000
1113000
1055000
1003000
956100
913600
874800
839300
806700
776500
748600
722700
698500
676000
654800
635000
616300
598800
582200
566900
589900
937700
1034000
1070000
1667000
1946000
1994000
2654000
19100000
18360000
11370000
9431000
8697000
6793000
5342000
5205000
5433000
4376000
3590000
3043000
2507000
2168000
1955000
1798000
1669000
1544000
1438000
1343000
1257000
1183000
1117000
1059000
1014000
1247000
1401000
1456000
1466000
2267000
8730000
12570000
8784000
7457000
10410000
11550000
10610000
12050000
11890000
9567000
7748000
6715000
5745000
4821000
4205000
3716000
3849000
12200000
8664000
6489000
5959000
5417000
4346000
3741000
3664000
3469000
2813000
2503000
2180000
2491000
6982000
6213000
5165000
4767000
4409000
3778000
3329000
3173000
3003000
2605000
2336000
2075000
1840000
1754000
1661000
2122000
2305000
2430000
2372000
2306000
2758000
3687000
11740000
15020000
13700000
10560000
14290000
16130000
16870000
