467100
466400
465300
464000
462500
461000
459400
457900
456400
454800
453300
451800
450300
448800
447300
445800
444400
479500
510900
532100
543300
549300
570100
583700
604800
703000
775900
822200
845000
853300
873300
885800
891400
907000
917300
936900
1065000
1241000
1357000
1418000
1440000
1459000
1462000
1457000
1519000
1553000
1597000
1614000
1613000
1603000
1588000
1571000
1554000
1546000
1535000
1522000
1507000
1491000
1475000
1459000
1443000
1428000
1445000
1451000
1448000
1439000
1427000
1413000
1399000
1385000
1376000
1409000
1477000
1534000
1560000
1565000
1558000
1544000
1529000
1513000
1496000
1493000
1485000
1474000
1461000
1446000
1432000
1417000
1426000
1426000
1421000
1411000
1398000
1385000
1371000
1357000
1344000
1331000
1318000
1305000
1292000
1280000
1268000
1256000
1245000
1233000
1222000
1211000
1200000
1190000
1179000
1169000
1159000
1149000
1139000
1254000
1330000
1373000
1387000
1386000
1378000
1366000
1354000
1360000
1406000
1430000
1438000
1434000
1424000
1411000
1398000
1384000
1370000
1356000
1343000
1329000
1316000
1304000
1291000
1279000
1267000
1255000
1244000
1232000
1221000
1210000
1199000
1189000
1178000
1168000
1158000
1148000
1232000
1285000
1349000
1380000
1391000
1388000
1379000
1367000
1355000
1342000
1329000
1316000
1303000
1291000
1279000
1323000
1348000
1359000
1357000
1349000
1338000
1326000
1313000
1301000
1289000
1276000
1264000
1253000
1241000
1230000
1219000
1208000
1197000
1186000
1176000
1166000
1156000
1146000
1136000
1127000
1118000
1108000
1099000
1090000
1082000
1073000
1065000
1056000
1048000
1040000
1032000
1024000
1016000
1009000
1001000
994000
986700
979600
972500
965500
958700
951900
945200
938700
932200
925800
919500
920000
918300
915000
910300
904900
899200
893400
887600
881800
876100
870500
864900
859400
853900
848600
920900
970600
1e+06
1012000
1014000
1010000
1006000
1001000
994800
988100
981200
974200
967300
960500
953700
947000
940400
933900
927500
921100
914900
908700
902600
896600
890700
884900
879100
873400
867800
862200
856800
851400
846000
840800
835500
830400
890900
1007000
1086000
1286000
1437000
1524000
1561000
1569000
1562000
1549000
1534000
1518000
1501000
1485000
1469000
1453000
1438000
1422000
1408000
1393000
1379000
1365000
1351000
1338000
1325000
1312000
1299000
1287000
1274000
1262000
1291000
1369000
1416000
1437000
1439000
1431000
1420000
1407000
1400000
1397000
1389000
1379000
1367000
1354000
1341000
1328000
1315000
1302000
1290000
1278000
1275000
1297000
1306000
1307000
1301000
1291000
1280000
1269000
1257000
1246000
1234000
1223000
1212000
1201000
1346000
1678000
1905000
2028000
2072000
2073000
2056000
2031000
2004000
1976000
1948000
1920000
1934000
1932000
1920000
1900000
1877000
1886000
1881000
1868000
1849000
1826000
1803000
1779000
1756000
1734000
1719000
1702000
1683000
1664000
1644000
1628000
1610000
1746000
1826000
1866000
1871000
1872000
1860000
1842000
1820000
1853000
1872000
1874000
1862000
1843000
1820000
1797000
1774000
1754000
1749000
1738000
1722000
1703000
1683000
1663000
1643000
1677000
1690000
1690000
1679000
1663000
1644000
1636000
1797000
1893000
1979000
2147000
2230000
2261000
2255000
2231000
2200000
2167000
2134000
2101000
2069000
2037000
2007000
1978000
1949000
1921000
1894000
1868000
1842000
1817000
1793000
1769000
1746000
1724000
1702000
1697000
1686000
1671000
1654000
1635000
1960000
2175000
2294000
2434000
2970000
3303000
3458000
3481000
3437000
3439000
3537000
3552000
3518000
3452000
3375000
3295000
3217000
3142000
3070000
3002000
2936000
3219000
3449000
3545000
3760000
3829000
3815000
3750000
3663000
3572000
3687000
3707000
3677000
3609000
3525000
3439000
3354000
3273000
3195000
3120000
3049000
3190000
3239000
3236000
3192000
3130000
3063000
2997000
2932000
2869000
2809000
2752000
2696000
2701000
2682000
2650000
2608000
2561000
2515000
2469000
2425000
2382000
2340000
2300000
2261000
2224000
2188000
2153000
2119000
2086000
2054000
2023000
1993000
1964000
1935000
1908000
1881000
1855000
1830000
1805000
1781000
1758000
1758000
1750000
1736000
1718000
1698000
1678000
1657000
1637000
1618000
1599000
1580000
1561000
1544000
1526000
1509000
1492000
1476000
1460000
1444000
1429000
1414000
1399000
1385000
1371000
1357000
1343000
1330000
1349000
1423000
1465000
1484000
1485000
1476000
1463000
1449000
1434000
1419000
1405000
1390000
1376000
1362000
1348000
1335000
1322000
1309000
1297000
1284000
1272000
1260000
1248000
1237000
1226000
1215000
1204000
1193000
1183000
1172000
1162000
1152000
1143000
1133000
1124000
1114000
1105000
1096000
1087000
1079000
1070000
1062000
1053000
1045000
1037000
1029000
1021000
1014000
1006000
998700
991300
984100
977000
969900
963000
956200
949500
942800
936300
929800
923500
917200
911000
904900
898800
892900
887000
881200
875500
869900
864300
858800
853400
848000
842700
887800
922900
943600
951600
951700
948300
943200
937400
931300
925100
918900
912700
906600
900600
894600
888700
882900
902800
923000
934000
937300
938900
936900
933000
927900
922100
916100
910100
904100
898100
892200
886300
880500
874800
869200
863600
858100
852700
847300
842100
836800
831700
826600
821700
830600
835100
836100
834200
830500
826100
821400
816600
811800
807000
802200
797500
792800
788200
783600
793600
799000
800800
799500
796300
792400
788100
783800
779300
774900
770500
766100
809700
882700
931400
957900
967800
968700
965600
994400
1011000
1019000
1019000
1015000
1056000
1234000
1358000
1431000
1460000
1464000
1458000
1446000
1451000
1624000
1766000
1845000
1873000
1871000
1855000
1835000
1812000
1789000
1766000
1743000
1721000
1699000
1678000
1695000
1725000
1909000
2016000
2066000
2073000
2233000
2337000
2382000
2383000
2359000
2325000
2289000
2252000
2215000
2180000
2145000
2111000
2079000
2072000
2082000
2144000
2234000
2274000
2278000
2259000
2229000
2196000
2353000
2433000
2463000
2617000
2767000
2925000
3123000
3198000
3200000
3232000
3212000
3167000
3107000
3041000
2976000
2912000
2850000
2791000
2829000
2826000
2801000
2759000
2709000
2657000
2607000
2557000
2510000
2464000
2419000
2376000
2335000
2295000
2256000
2236000
2209000
2180000
2162000
2137000
2109000
2079000
2049000
2018000
1989000
2003000
2004000
2292000
2462000
2544000
2557000
2534000
2497000
2474000
2455000
2426000
2391000
2375000
2349000
2317000
2282000
2245000
2209000
2173000
2139000
2105000
2073000
2041000
2011000
1981000
1952000
1924000
1897000
1871000
1845000
1839000
1826000
1809000
1788000
1766000
1746000
1740000
1730000
1715000
1696000
1677000
1657000
1637000
1617000
1598000
1579000
1561000
1543000
1561000
1605000
1625000
1628000
1654000
1661000
1657000
1644000
1628000
1610000
1591000
1573000
1555000
1537000
1520000
1503000
1487000
1470000
1454000
1439000
1424000
1409000
1394000
1380000
1366000
1352000
1376000
1459000
1508000
1530000
1531000
1522000
1509000
1493000
1478000
1462000
1447000
1431000
1416000
1402000
1387000
1373000
1359000
1346000
1332000
1319000
1306000
1294000
1282000
1269000
1258000
1246000
1235000
1223000
1212000
1202000
1191000
1180000
1170000
1160000
1150000
1140000
1131000
1122000
1112000
1103000
1094000
1085000
1077000
1068000
1060000
1052000
1043000
1035000
1027000
1020000
1012000
1005000
997100
989800
982500
975400
968400
961500
954700
948000
941400
941500
939500
935900
930900
925200
919200
913100
907000
901000
895000
889200
883300
877600
871900
866300
860800
855300
849900
844600
839400
834200
829100
824000
819000
825700
828600
828700
826400
822600
818200
813500
808800
804000
799300
794600
790000
785400
780800
776400
771900
767500
763200
758900
754600
750400
746300
742200
774600
796200
808600
812800
812200
814200
813700
811400
807900
803800
799300
794800
790200
785600
781100
776600
772200
767800
763400
766000
801600
824900
837900
842100
841200
838100
833900
829300
824500
819600
814700
809900
811100
1045000
1232000
1353000
1412000
1431000
1432000
1424000
1413000
1400000
1386000
1372000
1359000
1345000
1332000
1319000
1306000
1294000
1281000
1269000
1257000
1246000
1234000
1223000
1212000
1201000
1191000
1180000
1170000
1160000
1150000
1140000
1131000
1121000
1112000
1103000
1094000
1085000
1077000
1068000
1060000
1051000
1043000
1035000
1027000
1020000
1012000
1004000
997000
989700
982500
975400
968400
961500
954700
948000
941300
934800
928400
922000
915800
909600
903500
897500
891600
885700
879900
874200
868600
863000
857600
852100
846800
841500
836300
831100
826000
858400
892800
913600
922600
1006000
1060000
1092000
1117000
1181000
1348000
1457000
1517000
1578000
1603000
1609000
1601000
1690000
1738000
1758000
1757000
1743000
1724000
1704000
1684000
1663000
1653000
1741000
1788000
1899000
2170000
2735000
3189000
3826000
4125000
4216000
4180000
4088000
3980000
3871000
3764000
3661000
3564000
3472000
3384000
3301000
3701000
3892000
3954000
3917000
3834000
3738000
3640000
3545000
3502000
3440000
3370000
3577000
3671000
3856000
3896000
3863000
3786000
3694000
3599000
3507000
3418000
3333000
3384000
3488000
3523000
3499000
3773000
3965000
4021000
3985000
3901000
3802000
3702000
3604000
3535000
3458000
3379000
3299000
3221000
3146000
3349000
3430000
3441000
3398000
3330000
3255000
3181000
3108000
3038000
2970000
2906000
2844000
2999000
3108000
3141000
3120000
3069000
3008000
2945000
2938000
2938000
2912000
2869000
2816000
2762000
2707000
2654000
2603000
2553000
2505000
2460000
2665000
2769000
2807000
2793000
2754000
2705000
2654000
2604000
2670000
2687000
2675000
2642000
2598000
2552000
2505000
2460000
2580000
3084000
3372000
3497000
3502000
3450000
3379000
3626000
3950000
4084000
4090000
4021000
3923000
3819000
3715000
3616000
3521000
3431000
3345000
3263000
3186000
3111000
3041000
2973000
2909000
2847000
2787000
2731000
2676000
2624000
2573000
2525000
2478000
2433000
2390000
2348000
2308000
2269000
2231000
2266000
2278000
2286000
2272000
2582000
2854000
2991000
3026000
3002000
2953000
2896000
2839000
2792000
2742000
2691000
2640000
2590000
2541000
2494000
2448000
2404000
2362000
2321000
2282000
2244000
2207000
2171000
2155000
2364000
2776000
3480000
4006000
4250000
4320000
4379000
4336000
4248000
4137000
4068000
4146000
4131000
4069000
4162000
4150000
4089000
3995000
3998000
3961000
3892000
3802000
3704000
3687000
3634000
3564000
3483000
3398000
3316000
3236000
3160000
3087000
3017000
2951000
2911000
3018000
3093000
3190000
3647000
3933000
4039000
4023000
3944000
3846000
3745000
3773000
4161000
4404000
4471000
4760000
4820000
4792000
4687000
4551000
4409000
4271000
4140000
4015000
3898000
3788000
3683000
3584000
3490000
3401000
3317000
3237000
3160000
3087000
3018000
2951000
2887000
2826000
2768000
2712000
2658000
2606000
2557000
2509000
2463000
2418000
2375000
2334000
2294000
2289000
2317000
2318000
2301000
2273000
2239000
2204000
2169000
2135000
2101000
2069000
2038000
2082000
2096000
2092000
2073000
2047000
2019000
1990000
1961000
1933000
1906000
1879000
1853000
1828000
1804000
1780000
1756000
1734000
1712000
1690000
1669000
1649000
1629000
1609000
1590000
1572000
1554000
1536000
1518000
1502000
1485000
1469000
1453000
1437000
1422000
1407000
1393000
1379000
1365000
1351000
1337000
1324000
1311000
1341000
1355000
1359000
1354000
1344000
1333000
1321000
1308000
1442000
1780000
2006000
2127000
2168000
2166000
2146000
2118000
2088000
2093000
2249000
2427000
2532000
2837000
3121000
3251000
3277000
3243000
3183000
3318000
3359000
3348000
3298000
3230000
3159000
3088000
3048000
3788000
4210000
4393000
4395000
4309000
4195000
4376000
4410000
4368000
4271000
4153000
4033000
3917000
3806000
3769000
3703000
3625000
3539000
3547000
3806000
4093000
4195000
4402000
4430000
4376000
4274000
4154000
4034000
3917000
3806000
3701000
3601000
3507000
3417000
3332000
3251000
3173000
3100000
3030000
2963000
2898000
2837000
2778000
2722000
2807000
2832000
2823000
2788000
2739000
2688000
2643000
2636000
2742000
2780000
2795000
2772000
2731000
2683000
2691000
2674000
2746000
2762000
2747000
2710000
2664000
2615000
2566000
2518000
2472000
2427000
2384000
2343000
2302000
2264000
2226000
2190000
2155000
2121000
2088000
2056000
2025000
1995000
1965000
1956000
2130000
2256000
2316000
2326000
2307000
2277000
2242000
2207000
2172000
2138000
2104000
2072000
2041000
2010000
1980000
1952000
1924000
1897000
1870000
1845000
1820000
2013000
2342000
2536000
2621000
2632000
2606000
2567000
2523000
2554000
2562000
2547000
2515000
2589000
2615000
2610000
2581000
2540000
2496000
2452000
2409000
2367000
2326000
2286000
2248000
2211000
2175000
2140000
2107000
2074000
2043000
2012000
1982000
1954000
1926000
1898000
1872000
1846000
1821000
1925000
1981000
2003000
1998000
1987000
1967000
1944000
1918000
1892000
1866000
1841000
1816000
1792000
1768000
1745000
1723000
1701000
1680000
1659000
1639000
1619000
1600000
1581000
1563000
1545000
1527000
1510000
1493000
1484000
1511000
1526000
1529000
1522000
1509000
1494000
1478000
1463000
1447000
1432000
1417000
1402000
1388000
1374000
1360000
1346000
1356000
1400000
1476000
1517000
1533000
1531000
1521000
1507000
1491000
1476000
1460000
1445000
1429000
1414000
1400000
1385000
1371000
1357000
1344000
1330000
1322000
1432000
1501000
1537000
1546000
1540000
1528000
1513000
1497000
1481000
1465000
1449000
1434000
1419000
1404000
1390000
1376000
1362000
1348000
1335000
1322000
1309000
1390000
1439000
1464000
1468000
1461000
1449000
1436000
1421000
1407000
1392000
1378000
1364000
1351000
1337000
1324000
1311000
1299000
1286000
1274000
1262000
1250000
1239000
1228000
1217000
1206000
1195000
1184000
1174000
1164000
1154000
1144000
1135000
1125000
1116000
1107000
1098000
1089000
1080000
1071000
1063000
1055000
1046000
1038000
1030000
1023000
1015000
1007000
999900
992600
985300
978200
971100
964200
957300
950600
943900
937400
930900
924500
918200
912000
905900
903800
930300
995200
1085000
1330000
1498000
1594000
1633000
1640000
1632000
1617000
1601000
1583000
1565000
1547000
1530000
1513000
1496000
1480000
1464000
1448000
1432000
1417000
1403000
1388000
1374000
1360000
1346000
1333000
1320000
1307000
1295000
1282000
1270000
1258000
1247000
1235000
1273000
1314000
1336000
1341000
1337000
1328000
1317000
1492000
1607000
1679000
1705000
1705000
1693000
1676000
1657000
1638000
1619000
1600000
1581000
1569000
1604000
1620000
1621000
1612000
1597000
1580000
1563000
1545000
1528000
1511000
1494000
1478000
1462000
1446000
1431000
1416000
1469000
1693000
1866000
1964000
2e+06
2025000
2060000
2067000
2056000
2034000
2008000
2078000
2489000
2806000
2968000
3012000
2992000
2945000
2890000
2832000
2779000
2742000
2704000
2661000
2614000
2566000
2519000
2472000
2428000
2385000
2343000
2303000
2383000
2415000
2416000
2394000
2360000
2323000
2285000
2247000
2211000
2375000
2460000
2493000
2483000
2452000
2414000
2374000
2334000
2295000
2256000
2219000
2183000
2148000
2114000
2082000
2158000
2192000
2198000
2182000
2155000
2171000
2172000
2200000
2203000
2279000
2306000
2305000
2284000
2252000
2218000
2188000
2197000
2197000
2182000
2158000
2128000
2096000
2065000
2034000
2004000
1996000
2e+06
1991000
1974000
1950000
1924000
1945000
1947000
1938000
1921000
1899000
1875000
1850000
1826000
1801000
1778000
1754000
1732000
1710000
1688000
1667000
1662000
1652000
1638000
1725000
1772000
1792000
1789000
1775000
1755000
1734000
1771000
1785000
1830000
1850000
1867000
1900000
2146000
2357000
2466000
2499000
2487000
2456000
2417000
2377000
2337000
2297000
2259000
2222000
2186000
2151000
2117000
2084000
2052000
2021000
1991000
1962000
1934000
1906000
1880000
1854000
1829000
1804000
1780000
1757000
1734000
1712000
1691000
1670000
1649000
1629000
1610000
1591000
1572000
1554000
1536000
1519000
1502000
1486000
1470000
1454000
1438000
1459000
1466000
1465000
1456000
1444000
1459000
1463000
1459000
1456000
1446000
1435000
1421000
1407000
1393000
1379000
1365000
1351000
1338000
1325000
1312000
1299000
1287000
1275000
1263000
1251000
1239000
1228000
1217000
1206000
1225000
1273000
1350000
1394000
1413000
1414000
1406000
1395000
1382000
1368000
1355000
1342000
1328000
1316000
1303000
1290000
1278000
1266000
1254000
1243000
1231000
1220000
1209000
1199000
1188000
1178000
1167000
1157000
1147000
1138000
1128000
1119000
1110000
1101000
1092000
1083000
1074000
1066000
1057000
1063000
1064000
1062000
1056000
1049000
1042000
1034000
1051000
1112000
1172000
1206000
1220000
1242000
1266000
1276000
1276000
1270000
1261000
1250000
1239000
1228000
1217000
1206000
1196000
1185000
1175000
1165000
1155000
1145000
1135000
1126000
1116000
1107000
1098000
1089000
1081000
1072000
1064000
1055000
1047000
1039000
1031000
1023000
1015000
1008000
1e+06
1038000
1062000
1074000
1131000
1175000
1200000
1249000
1345000
1752000
2044000
2211000
2275000
2282000
2263000
2234000
2239000
2227000
2205000
2176000
2144000
2111000
2079000
2048000
2017000
1987000
1958000
1930000
1903000
1876000
1851000
1825000
1801000
1832000
1866000
1886000
1885000
1938000
2258000
2662000
2889000
2983000
3226000
3512000
3634000
3977000
4247000
4330000
4299000
4206000
4093000
3977000
3864000
3756000
3655000
4341000
4687000
4810000
4767000
4647000
4507000
4366000
4230000
4101000
3979000
3864000
3755000
3746000
4289000
4555000
4633000
4578000
4462000
4331000
4199000
4073000
3953000
3840000
3732000
3631000
3535000
3474000
3404000
3501000
3552000
3588000
3559000
3498000
3549000
3604000
4166000
4840000
5476000
5689000
5923000
6674000
6901000
