1839000
1832000
1820000
1806000
1791000
1775000
1759000
1742000
1725000
1706000
1688000
1670000
1652000
1634000
1616000
1597000
1772000
1857000
1803000
1792000
1779000
1851000
1889000
1949000
2470000
2603000
2432000
2434000
2405000
2483000
2556000
2554000
2586000
2580000
2602000
3167000
3738000
3680000
3535000
3495000
3506000
3518000
3522000
3769000
3786000
3724000
3702000
3604000
3567000
3542000
3514000
3461000
3419000
3347000
3268000
3213000
3144000
3075000
3022000
2967000
2898000
2921000
2895000
2818000
2763000
2709000
2656000
2614000
2573000
2538000
2613000
2734000
2752000
2697000
2647000
2607000
2580000
2562000
2531000
2492000
2485000
2457000
2408000
2378000
2347000
2318000
2289000
2318000
2299000
2243000
2213000
2175000
2141000
2114000
2088000
2056000
2025000
1994000
1964000
1938000
1912000
1886000
1861000
1836000
1809000
1785000
1761000
1739000
1715000
1692000
1671000
1650000
1629000
1609000
1844000
1932000
1854000
1851000
1829000
1815000
1822000
1826000
1842000
1919000
1928000
1891000
1882000
1870000
1862000
1860000
1852000
1823000
1803000
1785000
1766000
1744000
1726000
1709000
1691000
1671000
1649000
1630000
1611000
1592000
1572000
1553000
1535000
1517000
1500000
1483000
1466000
1641000
1697000
1689000
1709000
1675000
1667000
1669000
1671000
1659000
1647000
1631000
1614000
1602000
1592000
1581000
1679000
1708000
1660000
1651000
1633000
1620000
1611000
1604000
1585000
1567000
1550000
1533000
1519000
1507000
1494000
1481000
1466000
1448000
1433000
1419000
1405000
1389000
1374000
1360000
1346000
1332000
1319000
1306000
1293000
1280000
1268000
1256000
1244000
1242000
1235000
1222000
1212000
1202000
1191000
1182000
1172000
1162000
1153000
1143000
1133000
1124000
1115000
1106000
1097000
1088000
1079000
1070000
1081000
1081000
1068000
1062000
1054000
1046000
1040000
1034000
1027000
1019000
1012000
1004000
997300
990800
984100
1107000
1157000
1123000
1128000
1121000
1119000
1130000
1138000
1131000
1124000
1118000
1111000
1107000
1105000
1101000
1097000
1092000
1080000
1073000
1067000
1060000
1050000
1042000
1034000
1026000
1018000
1010000
1002000
994700
987200
979900
972600
965500
958500
951500
944700
1055000
1217000
1238000
1503000
1648000
1581000
1599000
1611000
1619000
1639000
1658000
1649000
1637000
1632000
1626000
1625000
1627000
1620000
1611000
1602000
1581000
1564000
1548000
1534000
1512000
1495000
1478000
1461000
1445000
1429000
1499000
1621000
1622000
1582000
1570000
1555000
1550000
1553000
1560000
1558000
1543000
1526000
1513000
1503000
1496000
1488000
1478000
1462000
1444000
1431000
1437000
1477000
1473000
1445000
1432000
1417000
1406000
1398000
1389000
1374000
1360000
1347000
1334000
1323000
1586000
2098000
2164000
2042000
2039000
2016000
2032000
2078000
2091000
2064000
2038000
2016000
2073000
2092000
2063000
2058000
2045000
2077000
2066000
2031000
2012000
1980000
1947000
1925000
1905000
1881000
1865000
1847000
1821000
1796000
1775000
1759000
1741000
1937000
2004000
1929000
1921000
1911000
1901000
1898000
1898000
1949000
1974000
1942000
1920000
1902000
1889000
1880000
1872000
1860000
1852000
1839000
1815000
1798000
1775000
1756000
1740000
1793000
1800000
1762000
1747000
1726000
1707000
1710000
1957000
2034000
2014000
2252000
2279000
2194000
2205000
2198000
2182000
2182000
2172000
2141000
2118000
2100000
2079000
2066000
2051000
2023000
2003000
1979000
1947000
1917000
1893000
1867000
1837000
1812000
1787000
1789000
1777000
1748000
1727000
1705000
2238000
2422000
2243000
2389000
3169000
3408000
3204000
3223000
3152000
3226000
3500000
3543000
3426000
3377000
3324000
3289000
3284000
3251000
3209000
3171000
3118000
3560000
3823000
3645000
3852000
3873000
3708000
3682000
3653000
3584000
3817000
3859000
3680000
3617000
3549000
3490000
3464000
3433000
3346000
3274000
3213000
3473000
3510000
3335000
3283000
3203000
3141000
3097000
3060000
2994000
2929000
2864000
2804000
2837000
2826000
2758000
2718000
2669000
2609000
2570000
2534000
2490000
2439000
2395000
2353000
2314000
2277000
2241000
2206000
2171000
2134000
2100000
2068000
2037000
2004000
1974000
1944000
1916000
1888000
1861000
1835000
1809000
1838000
1837000
1801000
1782000
1758000
1738000
1721000
1705000
1685000
1664000
1644000
1624000
1607000
1590000
1573000
1556000
1539000
1520000
1503000
1487000
1471000
1454000
1438000
1422000
1407000
1392000
1378000
1435000
1552000
1554000
1512000
1502000
1486000
1482000
1484000
1479000
1463000
1449000
1435000
1422000
1414000
1406000
1397000
1387000
1373000
1356000
1344000
1333000
1320000
1305000
1292000
1279000
1267000
1255000
1243000
1231000
1220000
1209000
1198000
1187000
1176000
1166000
1155000
1145000
1135000
1126000
1116000
1107000
1097000
1088000
1079000
1071000
1062000
1053000
1045000
1037000
1029000
1021000
1013000
1005000
997400
989900
982500
975200
968000
961000
954000
947100
940300
933700
927100
920600
914200
907900
901700
895500
889500
883500
877600
871800
866000
860400
951200
989500
961300
960700
954600
951600
956500
960700
955600
949500
944600
938900
935600
933700
930700
927800
923700
961900
987200
975600
970700
968900
966100
963900
964000
959100
952900
947800
942300
937500
933500
929200
924900
920200
913300
907400
902200
896900
890200
884100
878300
872500
866700
865400
885000
886500
874400
870400
864700
860400
858000
854800
849400
844100
839200
834200
829900
825900
821600
836100
840800
832900
830500
826400
822600
819700
817100
812800
808400
804000
799500
867900
964300
972300
957800
959100
955900
961300
1020000
1043000
1027000
1026000
1022000
1082000
1367000
1460000
1399000
1411000
1401000
1404000
1431000
1477000
1725000
1868000
1823000
1809000
1804000
1808000
1831000
1851000
1841000
1815000
1799000
1784000
1773000
1760000
1800000
1846000
2116000
2185000
2080000
2074000
2330000
2444000
2372000
2369000
2330000
2300000
2300000
2298000
2276000
2254000
2231000
2206000
2184000
2200000
2235000
2326000
2428000
2385000
2324000
2297000
2273000
2249000
2521000
2598000
2474000
2668000
2812000
2922000
3190000
3202000
3080000
3174000
3181000
3109000
3098000
3067000
3012000
2975000
2943000
2890000
2970000
2986000
2910000
2866000
2814000
2762000
2725000
2687000
2632000
2578000
2532000
2486000
2441000
2402000
2363000
2353000
2325000
2273000
2260000
2231000
2189000
2155000
2123000
2089000
2059000
2098000
2096000
2522000
2657000
2476000
2463000
2422000
2401000
2439000
2472000
2430000
2384000
2385000
2362000
2332000
2322000
2300000
2275000
2250000
2205000
2174000
2146000
2118000
2078000
2048000
2018000
1988000
1959000
1932000
1902000
1904000
1891000
1859000
1835000
1811000
1791000
1790000
1780000
1754000
1732000
1711000
1691000
1673000
1656000
1637000
1618000
1600000
1580000
1621000
1680000
1668000
1640000
1673000
1675000
1653000
1650000
1636000
1619000
1607000
1594000
1579000
1565000
1552000
1538000
1525000
1510000
1494000
1480000
1466000
1449000
1433000
1418000
1403000
1388000
1449000
1575000
1579000
1536000
1525000
1510000
1505000
1509000
1504000
1488000
1473000
1459000
1446000
1438000
1429000
1420000
1410000
1396000
1379000
1367000
1355000
1341000
1326000
1313000
1300000
1287000
1274000
1262000
1250000
1238000
1227000
1215000
1204000
1193000
1182000
1172000
1161000
1151000
1141000
1131000
1122000
1112000
1103000
1094000
1085000
1076000
1067000
1058000
1050000
1043000
1036000
1027000
1019000
1012000
1004000
996400
989100
981700
974500
967400
960300
971700
972000
960600
955300
948500
942400
937900
933300
927000
920600
914600
908500
902900
897600
892100
886800
881200
875000
869400
863900
858500
852700
847200
841800
861100
865500
854100
850900
845600
841200
838900
836300
831300
826400
821700
816900
812700
808900
804800
800800
796500
791200
786800
782500
778100
773200
768700
811100
830800
820900
822500
819500
826900
831500
829900
827400
823600
820300
817200
815100
812700
809800
807300
804000
798900
795100
801700
856600
872800
857800
858300
854500
853100
855500
856500
852500
848100
844100
839800
851400
1266000
1420000
1319000
1347000
1337000
1344000
1382000
1414000
1405000
1395000
1389000
1379000
1380000
1386000
1386000
1388000
1383000
1360000
1351000
1344000
1334000
1315000
1302000
1289000
1277000
1265000
1252000
1241000
1229000
1218000
1206000
1195000
1185000
1174000
1164000
1153000
1143000
1133000
1124000
1114000
1105000
1096000
1087000
1078000
1069000
1060000
1052000
1043000
1035000
1027000
1019000
1011000
1004000
996000
988500
981100
973800
966700
959600
952700
945800
939000
932400
925800
919300
913000
906700
900500
894300
888300
888100
884300
876800
871400
865700
860200
921500
961900
946400
940000
1052000
1100000
1078000
1107000
1186000
1438000
1514000
1461000
1525000
1543000
1538000
1564000
1715000
1766000
1731000
1739000
1728000
1721000
1732000
1739000
1732000
1730000
1846000
1886000
1997000
2399000
3132000
3423000
3827000
3965000
3755000
3767000
3782000
3786000
3775000
3745000
3670000
3603000
3561000
3521000
3493000
4156000
4338000
4033000
3978000
3857000
3779000
3752000
3723000
3687000
3614000
3507000
3839000
3934000
3977000
4003000
3857000
3789000
3713000
3670000
3612000
3549000
3455000
3576000
3736000
3676000
3569000
3961000
4161000
3988000
3920000
3832000
3747000
3700000
3664000
3621000
3554000
3471000
3400000
3339000
3279000
3652000
3733000
3519000
3439000
3342000
3278000
3253000
3210000
3132000
3059000
2994000
2928000
3170000
3308000
3193000
3127000
3064000
2991000
2963000
3008000
3019000
2950000
2888000
2833000
2787000
2754000
2722000
2684000
2640000
2584000
2536000
2830000
2923000
2785000
2756000
2703000
2662000
2649000
2634000
2740000
2751000
2667000
2629000
2589000
2560000
2541000
2522000
2711000
3441000
3575000
3317000
3286000
3210000
3187000
3692000
4134000
4004000
3855000
3775000
3697000
3690000
3708000
3670000
3603000
3523000
3424000
3363000
3321000
3270000
3204000
3145000
3065000
2992000
2933000
2877000
2809000
2745000
2688000
2633000
2580000
2530000
2481000
2434000
2390000
2346000
2305000
2396000
2411000
2356000
2328000
2741000
3046000
2945000
2884000
2835000
2793000
2795000
2814000
2797000
2753000
2707000
2666000
2633000
2606000
2582000
2556000
2525000
2468000
2423000
2387000
2352000
2305000
2263000
2268000
2594000
3116000
3833000
4081000
3904000
3852000
3942000
3989000
3984000
3976000
3957000
4100000
4097000
3985000
4174000
4214000
4103000
4063000
4127000
4096000
3995000
3928000
3828000
3839000
3805000
3698000
3624000
3538000
3455000
3391000
3330000
3250000
3176000
3110000
3085000
3246000
3321000
3349000
3948000
4128000
3886000
3825000
3754000
3695000
3682000
3832000
4322000
4472000
4293000
4655000
4727000
4552000
4545000
4477000
4382000
4291000
4217000
4113000
4023000
3932000
3847000
3777000
3702000
3607000
3530000
3456000
3359000
3271000
3194000
3121000
3040000
2969000
2902000
2838000
2777000
2718000
2662000
2608000
2556000
2507000
2459000
2413000
2369000
2413000
2470000
2426000
2368000
2329000
2290000
2263000
2241000
2210000
2174000
2139000
2106000
2212000
2227000
2153000
2130000
2097000
2067000
2048000
2031000
2001000
1970000
1941000
1913000
1890000
1868000
1846000
1824000
1801000
1773000
1750000
1729000
1708000
1683000
1662000
1641000
1621000
1601000
1581000
1563000
1544000
1526000
1508000
1491000
1474000
1458000
1442000
1426000
1411000
1396000
1381000
1367000
1353000
1339000
1406000
1419000
1380000
1370000
1355000
1343000
1339000
1333000
1558000
2040000
2110000
1992000
1993000
1973000
1988000
2033000
2048000
2078000
2334000
2517000
2489000
2847000
3192000
3134000
3079000
3063000
3013000
3328000
3436000
3283000
3226000
3166000
3122000
3113000
3139000
4278000
4621000
4188000
4134000
4005000
3948000
4339000
4486000
4278000
4167000
4062000
3968000
3936000
3909000
3934000
3898000
3791000
3665000
3725000
4111000
4369000
4240000
4344000
4334000
4180000
4147000
4098000
4013000
3934000
3860000
3768000
3684000
3618000
3553000
3492000
3424000
3342000
3268000
3203000
3125000
3049000
2979000
2915000
2846000
2959000
2971000
2869000
2822000
2763000
2713000
2687000
2709000
2840000
2842000
2775000
2742000
2692000
2662000
2715000
2719000
2786000
2792000
2713000
2678000
2645000
2614000
2588000
2561000
2519000
2472000
2434000
2397000
2362000
2327000
2293000
2256000
2221000
2182000
2148000
2114000
2082000
2047000
2016000
2009000
2297000
2408000
2297000
2264000
2226000
2200000
2203000
2202000
2171000
2137000
2107000
2077000
2056000
2040000
2021000
2002000
1978000
1942000
1915000
1892000
1869000
2175000
2588000
2581000
2477000
2451000
2417000
2424000
2451000
2550000
2562000
2499000
2465000
2586000
2634000
2587000
2582000
2554000
2510000
2479000
2459000
2428000
2389000
2348000
2312000
2280000
2246000
2214000
2184000
2153000
2113000
2081000
2050000
2020000
1987000
1957000
1928000
1900000
1873000
2051000
2104000
2022000
2006000
1991000
1974000
1964000
1958000
1931000
1905000
1883000
1860000
1840000
1824000
1806000
1789000
1770000
1742000
1722000
1703000
1683000
1658000
1638000
1618000
1598000
1579000
1560000
1541000
1544000
1592000
1597000
1567000
1551000
1534000
1521000
1512000
1502000
1486000
1470000
1455000
1441000
1428000
1416000
1404000
1392000
1428000
1498000
1573000
1572000
1538000
1526000
1517000
1515000
1514000
1506000
1490000
1475000
1462000
1451000
1443000
1435000
1425000
1412000
1398000
1383000
1396000
1586000
1634000
1564000
1559000
1541000
1533000
1540000
1542000
1526000
1509000
1496000
1481000
1472000
1465000
1456000
1447000
1435000
1415000
1402000
1390000
1377000
1533000
1580000
1514000
1508000
1490000
1479000
1482000
1483000
1468000
1452000
1439000
1424000
1415000
1407000
1398000
1389000
1377000
1359000
1346000
1335000
1324000
1307000
1295000
1282000
1270000
1257000
1245000
1234000
1222000
1211000
1200000
1189000
1178000
1168000
1158000
1147000
1137000
1128000
1118000
1109000
1099000
1090000
1081000
1072000
1064000
1055000
1047000
1039000
1030000
1022000
1014000
1007000
999100
991500
984100
976800
969600
962500
955500
948600
941800
935100
942500
986900
1064000
1139000
1475000
1588000
1502000
1522000
1522000
1534000
1564000
1584000
1573000
1561000
1554000
1547000
1548000
1551000
1547000
1542000
1532000
1509000
1496000
1484000
1470000
1449000
1433000
1418000
1403000
1388000
1373000
1359000
1345000
1331000
1318000
1305000
1292000
1366000
1421000
1397000
1378000
1366000
1355000
1352000
1648000
1751000
1666000
1674000
1653000
1648000
1667000
1683000
1671000
1656000
1639000
1622000
1624000
1692000
1707000
1681000
1673000
1647000
1633000
1627000
1618000
1595000
1577000
1560000
1542000
1527000
1513000
1499000
1485000
1576000
1887000
2012000
1952000
1933000
1954000
2026000
2050000
2040000
2022000
1996000
2145000
2766000
3030000
2886000
2842000
2805000
2790000
2818000
2839000
2810000
2783000
2747000
2699000
2672000
2656000
2634000
2610000
2574000
2515000
2472000
2437000
2574000
2586000
2489000
2456000
2410000
2373000
2351000
2328000
2289000
2551000
2622000
2493000
2471000
2431000
2403000
2400000
2391000
2347000
2308000
2275000
2240000
2209000
2186000
2160000
2315000
2345000
2242000
2216000
2181000
2229000
2241000
2268000
2259000
2339000
2356000
2285000
2269000
2245000
2224000
2216000
2264000
2259000
2212000
2184000
2156000
2128000
2109000
2089000
2061000
2068000
2081000
2052000
2015000
1990000
1961000
1997000
2003000
1964000
1944000
1919000
1895000
1875000
1858000
1836000
1814000
1793000
1769000
1747000
1728000
1708000
1710000
1699000
1671000
1790000
1828000
1777000
1768000
1748000
1732000
1726000
1795000
1809000
1826000
1845000
1836000
1873000
2273000
2485000
2387000
2359000
2325000
2307000
2326000
2343000
2317000
2286000
2258000
2227000
2209000
2195000
2179000
2160000
2136000
2094000
2062000
2037000
2010000
1974000
1943000
1915000
1887000
1860000
1834000
1809000
1784000
1760000
1736000
1714000
1691000
1670000
1649000
1628000
1608000
1609000
1597000
1573000
1556000
1537000
1520000
1505000
1490000
1532000
1537000
1504000
1491000
1475000
1509000
1517000
1494000
1492000
1478000
1462000
1453000
1444000
1431000
1419000
1407000
1394000
1379000
1368000
1356000
1345000
1332000
1318000
1305000
1293000
1281000
1268000
1256000
1244000
1276000
1355000
1445000
1446000
1413000
1405000
1397000
1398000
1402000
1397000
1383000
1371000
1360000
1351000
1345000
1339000
1332000
1322000
1309000
1295000
1285000
1274000
1261000
1248000
1236000
1225000
1213000
1202000
1191000
1181000
1170000
1160000
1150000
1140000
1130000
1120000
1111000
1101000
1092000
1111000
1114000
1100000
1094000
1085000
1078000
1072000
1102000
1176000
1220000
1218000
1213000
1245000
1285000
1289000
1284000
1281000
1272000
1268000
1266000
1262000
1256000
1250000
1244000
1237000
1228000
1220000
1212000
1204000
1192000
1181000
1171000
1161000
1151000
1140000
1131000
1121000
1111000
1102000
1093000
1084000
1075000
1066000
1058000
1049000
1041000
1104000
1128000
1107000
1172000
1209000
1203000
1280000
1426000
2055000
2255000
2087000
2103000
2085000
2100000
2154000
2251000
2250000
2203000
2188000
2167000
2162000
2167000
2166000
2154000
2130000
2085000
2060000
2039000
2015000
1977000
1950000
1922000
1964000
2002000
1990000
1968000
2046000
2541000
2994000
2953000
2842000
3194000
3556000
3532000
3900000
4195000
4068000
4006000
3985000
3934000
3913000
3907000
3857000
3785000
4835000
5143000
4712000
4672000
4519000
4420000
4429000
4404000
4267000
4138000
4036000
3918000
3965000
4753000
4941000
4620000
4534000
4358000
4269000
4257000
4223000
4084000
3965000
3861000
3760000
3687000
3673000
3621000
3793000
3849000
3734000
3663000
3563000
3676000
3757000
4426000
5210000
5513000
5354000
5402000
6283000
6446000
6939000
