1356000
1356000
1354000
1350000
1343000
1334000
1326000
1318000
1310000
1301000
1292000
1283000
1274000
1266000
1257000
1248000
1390000
1432000
1459000
1485000
1460000
1474000
1483000
1551000
1939000
1991000
2050000
2105000
2018000
1987000
2014000
2036000
2097000
2062000
2083000
2531000
2897000
3048000
3175000
3121000
2996000
2924000
2896000
3096000
3066000
3118000
3146000
3095000
3062000
3063000
3046000
3052000
3030000
2968000
2907000
2882000
2860000
2826000
2786000
2756000
2708000
2723000
2716000
2699000
2684000
2637000
2587000
2561000
2530000
2501000
2550000
2616000
2661000
2674000
2657000
2601000
2539000
2502000
2479000
2424000
2393000
2348000
2318000
2294000
2267000
2241000
2218000
2237000
2208000
2175000
2147000
2110000
2069000
2041000
2013000
1987000
1956000
1928000
1904000
1882000
1861000
1842000
1821000
1801000
1782000
1756000
1729000
1703000
1678000
1656000
1635000
1615000
1596000
1577000
1746000
1765000
1781000
1799000
1748000
1685000
1674000
1664000
1677000
1733000
1737000
1741000
1736000
1705000
1678000
1671000
1664000
1653000
1608000
1594000
1579000
1567000
1555000
1543000
1530000
1518000
1503000
1485000
1472000
1460000
1447000
1433000
1419000
1407000
1395000
1384000
1364000
1464000
1477000
1535000
1559000
1541000
1514000
1501000
1483000
1467000
1445000
1435000
1419000
1408000
1403000
1399000
1457000
1466000
1471000
1464000
1444000
1413000
1405000
1394000
1383000
1364000
1352000
1341000
1334000
1327000
1323000
1315000
1307000
1300000
1285000
1276000
1266000
1251000
1239000
1225000
1214000
1204000
1194000
1186000
1177000
1167000
1155000
1146000
1135000
1126000
1117000
1107000
1094000
1085000
1075000
1066000
1057000
1048000
1039000
1030000
1022000
1012000
1003000
994900
986600
978400
970300
962400
954700
947000
939500
932100
924800
917600
910600
903600
896800
890100
883400
876900
870400
864100
857800
933500
947800
961800
975600
959000
935500
934000
932600
931000
918100
913800
909600
905500
905300
905900
903800
901800
899400
886900
882200
877600
873100
866900
860600
855500
850500
845600
843300
839200
835100
831000
827100
823200
819400
815600
811500
867000
970700
1003000
1251000
1330000
1350000
1379000
1351000
1298000
1293000
1290000
1295000
1271000
1270000
1277000
1282000
1295000
1310000
1309000
1302000
1303000
1277000
1268000
1259000
1252000
1241000
1229000
1223000
1219000
1213000
1245000
1329000
1349000
1368000
1375000
1350000
1323000
1317000
1322000
1311000
1296000
1292000
1284000
1276000
1273000
1270000
1263000
1257000
1241000
1222000
1223000
1253000
1253000
1251000
1245000
1227000
1208000
1200000
1196000
1187000
1175000
1167000
1159000
1153000
1355000
1742000
1847000
1946000
1968000
1841000
1752000
1763000
1773000
1752000
1705000
1696000
1741000
1754000
1786000
1812000
1805000
1840000
1826000
1789000
1787000
1761000
1733000
1710000
1691000
1680000
1674000
1671000
1673000
1666000
1651000
1645000
1637000
1841000
1874000
1897000
1913000
1857000
1791000
1786000
1781000
1849000
1835000
1839000
1843000
1812000
1775000
1771000
1760000
1756000
1761000
1727000
1717000
1702000
1685000
1663000
1646000
1698000
1698000
1685000
1688000
1662000
1631000
1630000
1866000
1905000
1981000
2183000
2166000
2123000
2144000
2102000
2055000
2021000
2015000
1994000
1963000
1957000
1951000
1942000
1941000
1939000
1901000
1890000
1874000
1840000
1815000
1792000
1773000
1752000
1731000
1731000
1716000
1700000
1691000
1675000
2113000
2196000
2277000
2475000
3006000
3048000
3189000
3273000
3124000
2963000
3108000
3151000
3174000
3112000
3065000
3013000
3003000
3026000
2983000
2953000
2938000
3296000
3368000
3430000
3721000
3691000
3574000
3564000
3483000
3395000
3519000
3539000
3550000
3529000
3479000
3421000
3381000
3374000
3365000
3263000
3182000
3359000
3334000
3332000
3332000
3234000
3122000
3079000
3025000
2974000
2904000
2868000
2824000
2835000
2815000
2796000
2771000
2711000
2655000
2594000
2543000
2505000
2462000
2421000
2382000
2347000
2293000
2257000
2228000
2189000
2156000
2118000
2087000
2056000
2026000
1992000
1961000
1919000
1889000
1860000
1834000
1808000
1783000
1758000
1734000
1710000
1682000
1659000
1636000
1610000
1589000
1567000
1547000
1527000
1507000
1488000
1470000
1451000
1433000
1415000
1398000
1382000
1365000
1350000
1334000
1319000
1304000
1290000
1276000
1265000
1333000
1337000
1340000
1343000
1316000
1284000
1275000
1267000
1258000
1238000
1228000
1218000
1208000
1202000
1197000
1189000
1181000
1173000
1155000
1146000
1137000
1127000
1117000
1106000
1097000
1088000
1079000
1073000
1065000
1057000
1049000
1041000
1034000
1026000
1019000
1011000
999400
991400
983500
975800
968500
961300
954100
946900
939700
930700
923400
916300
909300
902300
895500
888800
882200
875600
869200
862900
856600
850500
844400
838500
832600
826800
821100
815400
809800
804400
798900
793600
788300
783100
778000
772900
767900
763000
792700
801500
805300
809000
799900
786100
781700
779100
776500
769000
764600
760900
757300
755300
753900
751400
748700
767800
775400
777600
780500
779000
768500
763400
761600
758600
752300
749200
746600
743800
741600
740500
738700
736600
734600
729800
723700
720100
716700
712500
708500
705000
701500
698000
704200
702600
701400
700300
696000
690900
688200
685600
682900
677700
673800
670600
667300
664400
661800
669600
670000
670300
669000
664800
659600
657100
654400
651700
647700
644800
641900
690700
756200
778700
800700
803400
781200
767400
807800
819200
822700
823900
817100
856600
1077000
1141000
1202000
1236000
1193000
1140000
1143000
1174000
1404000
1479000
1536000
1585000
1548000
1497000
1508000
1524000
1534000
1509000
1481000
1479000
1478000
1488000
1531000
1575000
1827000
1885000
1904000
1927000
2069000
2071000
2117000
2156000
2119000
2029000
2022000
2026000
2018000
2001000
2004000
1999000
1992000
2022000
2035000
2122000
2204000
2221000
2197000
2167000
2118000
2087000
2283000
2318000
2339000
2566000
2663000
2779000
3019000
3049000
3016000
3038000
2966000
2921000
2890000
2853000
2797000
2755000
2742000
2735000
2813000
2823000
2834000
2813000
2752000
2676000
2632000
2602000
2569000
2516000
2478000
2440000
2412000
2390000
2372000
2369000
2350000
2332000
2304000
2278000
2250000
2214000
2176000
2136000
2097000
2123000
2111000
2461000
2524000
2564000
2591000
2495000
2374000
2371000
2367000
2357000
2285000
2282000
2257000
2237000
2238000
2232000
2211000
2189000
2172000
2107000
2080000
2056000
2032000
2002000
1972000
1946000
1923000
1900000
1889000
1878000
1861000
1843000
1827000
1807000
1786000
1784000
1770000
1734000
1716000
1693000
1670000
1652000
1636000
1618000
1597000
1579000
1552000
1558000
1588000
1587000
1585000
1609000
1589000
1571000
1566000
1547000
1522000
1504000
1490000
1477000
1461000
1450000
1440000
1429000
1419000
1406000
1390000
1378000
1366000
1350000
1336000
1321000
1309000
1318000
1397000
1410000
1421000
1425000
1395000
1365000
1359000
1352000
1343000
1323000
1311000
1301000
1293000
1286000
1282000
1275000
1268000
1258000
1238000
1227000
1217000
1207000
1194000
1182000
1172000
1162000
1152000
1146000
1137000
1128000
1120000
1111000
1103000
1095000
1087000
1078000
1064000
1055000
1047000
1038000
1030000
1022000
1014000
1006000
997300
987300
979200
971100
963200
955400
947800
940200
932800
925500
918300
911300
904300
897400
890700
884100
877500
871100
864700
858400
852300
846200
840200
834300
828400
822700
817000
811400
805900
800500
795100
789800
784600
779500
774400
769400
764400
759500
754700
749900
745200
740600
736000
731500
727000
722600
718200
713900
709600
705400
701300
697100
693100
689100
685100
681200
677300
673500
669700
665900
662200
658500
654900
681300
686100
690900
695600
689100
685500
685000
684600
684100
677400
673400
671000
668700
667800
666500
664800
663200
661500
656300
654800
691600
698900
705500
710800
702600
691400
690800
690900
690200
684300
682500
680700
680600
1009000
1083000
1154000
1222000
1168000
1085000
1097000
1109000
1120000
1085000
1085000
1085000
1085000
1101000
1121000
1128000
1136000
1142000
1106000
1104000
1101000
1099000
1089000
1077000
1071000
1066000
1060000
1066000
1063000
1060000
1058000
1055000
1052000
1049000
1047000
1043000
1020000
1013000
1006000
998500
993000
987600
981500
975500
969100
955000
947300
939800
932400
925100
917900
910900
903900
897100
890300
883700
877100
870700
864300
858100
851900
845800
839800
833900
828100
822400
816700
811100
805600
800200
794800
789500
784300
779200
774100
769100
797200
816200
822000
827800
913600
921700
937600
970800
1036000
1197000
1252000
1303000
1366000
1321000
1295000
1314000
1445000
1463000
1474000
1501000
1482000
1451000
1456000
1469000
1476000
1475000
1608000
1615000
1765000
2078000
2687000
2956000
3622000
3765000
3688000
3590000
3467000
3322000
3298000
3232000
3209000
3135000
3133000
3158000
3161000
3717000
3833000
3902000
3917000
3769000
3532000
3495000
3443000
3449000
3335000
3292000
3553000
3601000
3827000
3939000
3908000
3842000
3773000
3640000
3605000
3521000
3449000
3502000
3554000
3582000
3603000
3915000
4032000
4055000
4063000
3958000
3753000
3652000
3600000
3573000
3488000
3403000
3358000
3313000
3279000
3550000
3568000
3588000
3605000
3460000
3304000
3258000
3199000
3148000
3048000
2997000
2949000
3159000
3238000
3273000
3293000
3209000
3094000
3002000
3023000
3036000
2982000
2925000
2862000
2792000
2753000
2731000
2709000
2668000
2631000
2566000
2807000
2828000
2852000
2868000
2772000
2642000
2605000
2571000
2678000
2638000
2629000
2619000
2563000
2513000
2495000
2476000
2628000
3165000
3243000
3348000
3385000
3208000
3036000
3336000
3645000
3719000
3710000
3668000
3497000
3406000
3416000
3423000
3369000
3312000
3263000
3166000
3123000
3112000
3088000
3046000
3006000
2935000
2864000
2827000
2797000
2747000
2699000
2656000
2620000
2586000
2563000
2540000
2500000
2434000
2398000
2406000
2389000
2388000
2372000
2719000
2863000
2920000
2966000
2879000
2714000
2659000
2637000
2620000
2540000
2489000
2458000
2427000
2415000
2409000
2393000
2372000
2352000
2282000
2237000
2207000
2177000
2141000
2105000
2327000
2733000
3369000
3754000
3906000
3902000
3836000
3674000
3643000
3615000
3556000
3608000
3573000
3580000
3784000
3776000
3780000
3812000
3830000
3751000
3666000
3620000
3555000
3519000
3462000
3424000
3389000
3335000
3286000
3243000
3213000
3184000
3125000
3092000
3058000
3213000
3235000
3309000
3764000
3869000
3885000
3910000
3766000
3593000
3519000
3597000
4019000
4097000
4164000
4554000
4462000
4380000
4410000
4291000
4139000
4028000
3905000
3837000
3734000
3691000
3648000
3595000
3569000
3528000
3435000
3391000
3349000
3259000
3197000
3136000
3085000
3019000
2966000
2926000
2857000
2807000
2774000
2734000
2697000
2662000
2622000
2577000
2511000
2453000
2432000
2375000
2339000
2303000
2260000
2217000
2179000
2134000
2096000
2058000
2015000
2059000
2040000
2024000
2008000
1963000
1913000
1888000
1860000
1836000
1801000
1777000
1752000
1728000
1709000
1691000
1671000
1652000
1633000
1605000
1585000
1566000
1547000
1527000
1507000
1489000
1471000
1453000
1439000
1423000
1408000
1392000
1378000
1363000
1349000
1335000
1321000
1302000
1288000
1275000
1261000
1249000
1236000
1263000
1259000
1254000
1248000
1229000
1207000
1197000
1188000
1358000
1722000
1819000
1912000
1937000
1823000
1737000
1745000
1753000
1778000
1926000
2068000
2148000
2555000
2771000
2819000
2888000
2850000
2707000
2830000
2861000
2897000
2883000
2806000
2738000
2733000
2775000
3749000
3899000
4058000
4202000
3942000
3649000
3987000
4038000
4074000
3965000
3804000
3664000
3627000
3650000
3734000
3685000
3678000
3664000
3600000
3864000
4140000
4218000
4469000
4388000
4210000
4138000
4043000
3950000
3852000
3769000
3719000
3635000
3593000
3584000
3557000
3531000
3439000
3352000
3275000
3223000
3143000
3087000
3006000
2948000
3057000
3012000
2998000
2986000
2905000
2824000
2787000
2782000
2920000
2901000
2916000
2884000
2791000
2718000
2740000
2714000
2824000
2806000
2760000
2722000
2654000
2587000
2561000
2516000
2486000
2433000
2381000
2355000
2323000
2299000
2272000
2242000
2206000
2178000
2136000
2112000
2074000
2045000
2015000
2002000
2214000
2273000
2305000
2332000
2258000
2166000
2141000
2125000
2109000
2062000
2033000
2010000
1980000
1966000
1958000
1942000
1927000
1909000
1864000
1837000
1815000
2063000
2355000
2435000
2515000
2492000
2352000
2279000
2276000
2339000
2322000
2292000
2292000
2392000
2403000
2439000
2455000
2425000
2374000
2330000
2284000
2265000
2233000
2209000
2178000
2146000
2127000
2104000
2090000
2080000
2062000
2028000
2007000
1988000
1969000
1948000
1929000
1894000
1857000
1960000
1964000
1966000
1970000
1935000
1884000
1867000
1845000
1820000
1782000
1755000
1734000
1714000
1699000
1687000
1669000
1652000
1636000
1605000
1583000
1565000
1547000
1526000
1506000
1488000
1471000
1454000
1442000
1427000
1445000
1442000
1436000
1430000
1413000
1391000
1378000
1359000
1346000
1330000
1316000
1303000
1291000
1281000
1271000
1260000
1258000
1301000
1360000
1373000
1382000
1372000
1338000
1314000
1308000
1300000
1286000
1271000
1262000
1254000
1248000
1246000
1242000
1236000
1229000
1216000
1199000
1314000
1330000
1345000
1359000
1327000
1287000
1283000
1280000
1278000
1256000
1249000
1242000
1236000
1235000
1235000
1230000
1223000
1214000
1192000
1183000
1175000
1257000
1264000
1271000
1279000
1252000
1220000
1218000
1213000
1208000
1191000
1184000
1178000
1171000
1169000
1167000
1154000
1148000
1142000
1124000
1116000
1109000
1101000
1091000
1082000
1070000
1062000
1053000
1048000
1040000
1033000
1026000
1019000
1012000
1005000
997800
990700
978600
970900
963400
956000
949000
942200
935300
928500
921600
912700
905800
898900
892100
885400
878900
872400
866000
859700
853600
847400
841400
835500
829700
823900
818200
812600
807100
825200
879600
941100
1218000
1289000
1336000
1366000
1312000
1253000
1260000
1263000
1264000
1235000
1235000
1237000
1242000
1257000
1272000
1275000
1274000
1271000
1240000
1235000
1229000
1221000
1210000
1198000
1192000
1186000
1181000
1183000
1179000
1175000
1171000
1167000
1164000
1208000
1237000
1242000
1236000
1222000
1197000
1184000
1399000
1445000
1489000
1528000
1486000
1423000
1425000
1427000
1430000
1401000
1395000
1383000
1379000
1436000
1455000
1466000
1474000
1461000
1419000
1412000
1406000
1400000
1382000
1369000
1360000
1351000
1345000
1346000
1340000
1411000
1683000
1780000
1853000
1892000
1859000
1831000
1825000
1840000
1831000
1776000
1874000
2395000
2596000
2737000
2826000
2707000
2560000
2541000
2521000
2506000
2458000
2443000
2422000
2402000
2409000
2416000
2414000
2417000
2396000
2322000
2292000
2399000
2408000
2406000
2404000
2355000
2286000
2267000
2260000
2245000
2438000
2466000
2496000
2523000
2471000
2397000
2378000
2336000
2313000
2247000
2219000
2195000
2172000
2156000
2142000
2245000
2238000
2239000
2218000
2169000
2167000
2163000
2199000
2199000
2263000
2256000
2247000
2234000
2204000
2160000
2149000
2178000
2183000
2154000
2148000
2124000
2078000
2059000
2036000
2017000
2012000
2022000
2002000
1990000
1970000
1935000
1969000
1962000
1955000
1943000
1908000
1869000
1852000
1834000
1818000
1795000
1775000
1758000
1736000
1719000
1695000
1691000
1677000
1662000
1776000
1783000
1789000
1794000
1751000
1696000
1682000
1748000
1749000
1797000
1815000
1820000
1845000
2123000
2261000
2331000
2373000
2319000
2195000
2166000
2164000
2157000
2113000
2090000
2078000
2058000
2060000
2061000
2057000
2046000
2031000
1985000
1956000
1937000
1920000
1896000
1865000
1843000
1824000
1807000
1798000
1786000
1771000
1752000
1737000
1716000
1700000
1684000
1665000
1633000
1609000
1590000
1570000
1552000
1534000
1517000
1500000
1482000
1476000
1461000
1447000
1434000
1414000
1425000
1416000
1408000
1406000
1386000
1365000
1354000
1340000
1327000
1312000
1300000
1288000
1275000
1263000
1253000
1242000
1232000
1221000
1206000
1195000
1185000
1173000
1163000
1152000
1155000
1201000
1268000
1284000
1295000
1285000
1251000
1228000
1224000
1218000
1206000
1191000
1182000
1175000
1171000
1169000
1166000
1161000
1154000
1142000
1128000
1119000
1111000
1102000
1091000
1082000
1073000
1066000
1059000
1054000
1047000
1040000
1033000
1027000
1020000
1014000
1007000
996900
986000
978400
971000
963900
957100
950400
943500
936300
947000
995700
1037000
1054000
1064000
1082000
1087000
1086000
1093000
1087000
1065000
1053000
1050000
1047000
1044000
1042000
1041000
1039000
1036000
1029000
1022000
1018000
1014000
1004000
994700
988200
982300
976500
971500
966700
961600
956600
952600
948700
944200
939700
934000
926100
918800
942800
945300
945600
997100
1016000
1024000
1093000
1188000
1675000
1799000
1901000
1963000
1850000
1731000
1747000
1796000
1808000
1765000
1768000
1761000
1757000
1778000
1802000
1811000
1806000
1798000
1738000
1728000
1719000
1709000
1690000
1671000
1725000
1753000
1775000
1798000
1870000
2226000
2587000
2718000
2819000
3033000
3114000
3126000
3559000
3776000
3718000
3716000
3660000
3517000
3439000
3427000
3427000
3359000
4187000
4309000
4416000
4556000
4375000
4080000
4025000
3994000
3922000
3745000
3690000
3643000
3672000
4333000
4493000
4609000
4682000
4509000
4190000
4127000
4072000
4020000
3870000
3777000
3706000
3649000
3636000
3637000
3774000
3809000
3843000
3766000
3690000
3719000
3746000
4337000
4794000
5196000
5339000
5477000
6045000
6038000
6680000
