1822000
1802000
1777000
1750000
1722000
1693000
1665000
1638000
1611000
1586000
1561000
1537000
1514000
1491000
1469000
1448000
19270000
8211000
4707000
3645000
3357000
9394000
3382000
7410000
31360000
9813000
6245000
4604000
3169000
6412000
2892000
2025000
5387000
3154000
5539000
26780000
22700000
9100000
6201000
4322000
4846000
1943000
1407000
11140000
3747000
6452000
3084000
2244000
1590000
1229000
1036000
952800
2335000
1298000
1141000
1070000
1002000
928000
893500
885600
877900
5596000
2095000
1586000
1363000
1155000
924200
827300
820500
1808000
7514000
9646000
6309000
3313000
2392000
1646000
1075000
813500
758600
752900
2764000
1267000
1048000
950600
859700
758900
715400
4192000
1613000
1238000
1075000
922100
752400
681400
676900
672300
667900
663500
659100
654800
650600
646400
642300
638200
634200
630200
626300
622400
618600
614800
611100
607400
603700
600100
24620000
6855000
4302000
3203000
2178000
1037000
576100
572800
4164000
8333000
2899000
2007000
1540000
1076000
681000
547800
544900
541900
539000
536200
533300
530500
527700
525000
522200
519600
516900
514200
511600
509000
506500
503900
501400
498900
496500
494000
670700
18620000
5229000
8681000
3867000
2517000
1408000
832900
575700
470900
468700
466600
464400
462300
460200
458100
10700000
3125000
2035000
1566000
1128000
641100
443900
442000
440100
438100
436200
434400
432500
430600
428800
427000
425200
423400
421600
419900
418100
416400
414700
413000
411300
409600
408000
406300
404700
403100
401500
399900
398300
3218000
1131000
829700
699400
578000
442800
387600
386100
384600
383100
381700
380200
378800
377400
376000
374600
373200
371800
370400
4586000
1467000
1018000
824400
643900
442800
361200
359900
358600
357300
356100
354800
353600
352300
850600
20580000
5666000
3508000
2569000
1690000
726900
1567000
660600
529600
472600
419400
360300
335900
334800
333700
332600
331500
330400
329300
328200
327200
326100
325100
324000
323000
321900
320900
319900
318900
317900
316900
315900
314900
313900
312900
312000
19630000
21140000
7412000
30490000
12940000
6454000
3854000
2328000
987800
358900
301800
300900
3e+05
299100
298200
297300
296500
295600
294700
293900
293000
292200
291300
290500
289700
288800
288000
287200
286400
285500
9256000
12280000
4187000
2752000
1929000
1093000
464000
279300
1485000
1523000
706100
551500
457000
359500
291700
273200
272500
271700
271000
270300
2116000
5065000
1678000
1135000
859400
587800
347500
264600
263900
263200
262500
261800
261200
260500
25010000
35350000
11550000
7380000
5021000
2631000
801600
255300
254700
254000
253400
252800
4472000
1351000
903100
709900
530000
3827000
1160000
788400
628200
479000
312700
245500
244900
244300
1066000
519900
385900
341200
302800
636200
339300
18230000
4956000
3036000
2199000
2787000
932600
446200
383700
6253000
2724000
1390000
1021000
727000
406600
249600
231600
633900
2048000
738600
538000
442300
349900
260600
227500
6628000
1895000
1215000
922800
650200
346400
1614000
20190000
5549000
7001000
15780000
5338000
2902000
1810000
1112000
456100
219500
219000
218500
218000
217600
217100
216600
216200
215700
215300
214800
214300
213900
213400
213000
212500
212100
211600
3171000
982300
667700
532300
406100
37140000
9822000
5908000
12150000
36570000
11600000
6295000
4382000
2599000
4678000
8331000
2645000
1717000
1231000
748600
338900
203000
202600
202100
201700
201300
21440000
10610000
4752000
13750000
5319000
2664000
1503000
943600
427500
10720000
2939000
1822000
1342000
895000
396300
195600
195200
194800
194500
194100
13670000
3707000
2276000
1661000
1088000
448800
191700
191300
190900
190600
190200
189900
5168000
1487000
958300
730800
518900
282600
187400
187100
186700
186400
186100
185700
185400
185000
184700
184400
184000
183700
183400
183000
182700
182400
182000
181700
181400
181000
180700
180400
180100
7222000
2015000
1268000
946000
646400
312400
177900
177600
177300
177000
176700
176400
176100
175800
175500
175100
174800
174500
174200
173900
173600
173300
173000
172700
172400
172200
171900
8111000
11780000
3885000
2510000
1737000
955400
351800
169700
169500
169200
168900
168600
168300
168000
167800
167500
167200
166900
166700
166400
166100
165800
165600
165300
165000
164800
164500
164200
163900
163700
163400
163200
162900
162600
162400
162100
161800
161600
161300
161100
160800
160600
160300
160000
159800
159500
159300
159000
158800
158500
158300
158000
157800
157500
157300
157100
156800
156600
156300
156100
155800
155600
155400
155100
154900
154600
154400
154200
153900
153700
153500
153200
153000
152800
152500
16730000
5646000
3020000
2139000
1381000
545400
173800
151200
151000
150700
150500
150300
150100
149900
149600
149400
149200
8068000
4130000
1872000
1307000
1731000
647400
315600
240200
204000
163600
147300
147100
146900
146600
146400
146200
146000
145800
145600
145400
145200
145000
144700
144500
144300
144100
1443000
3980000
1256000
825600
610600
400200
209500
142700
142500
142300
142100
141900
141700
141500
141300
141100
4597000
1303000
829400
625900
436300
225000
139900
139700
139500
139400
139200
139000
13300000
13890000
4862000
3167000
2137000
1075000
335200
7322000
2011000
1249000
920600
615200
9550000
28670000
8661000
5258000
3642000
2080000
654000
143000
2578000
23080000
9645000
4715000
3242000
2027000
782400
200200
136800
136600
136500
136300
136100
135900
135700
4598000
4448000
19580000
5783000
3547000
2383000
16550000
6158000
2930000
2054000
1335000
539800
168500
135200
134900
134600
134300
134100
133900
2582000
3072000
7230000
7954000
3157000
1919000
1226000
644300
253400
15690000
4187000
2536000
13590000
9740000
9600000
11930000
4547000
2623000
5666000
1867000
929200
584900
408400
211600
132400
132200
132000
6411000
1769000
1102000
815600
548600
250900
131100
130900
130700
130600
130400
130200
130100
129900
129700
1807000
566800
388600
1565000
567200
354500
265200
211800
152200
128200
4332000
1567000
26770000
7392000
4448000
3053000
1855000
621400
1591000
1524000
618100
443500
2132000
690800
424000
322500
246000
160700
126300
126100
126000
125800
125600
125500
125300
125200
125000
124900
124700
124600
3261000
942000
609000
465700
492900
466700
1896000
761800
458300
348200
255300
164600
125500
122600
122500
122300
122200
122000
6001000
6311000
2245000
1482000
5290000
1656000
870200
586500
404900
202500
121000
120900
120700
120600
120400
120300
120100
120000
119800
119700
119600
119400
119300
119100
119000
118900
8072000
12210000
3960000
2534000
1738000
935700
309400
118400
118300
118100
118000
117900
117700
117600
117400
117300
117200
117000
116900
116800
116600
116500
116400
116200
116100
116000
115800
115700
115600
115400
115300
115200
115000
114900
114800
114600
114500
114400
114200
114100
114000
113900
113700
113600
113500
113300
113200
113100
113000
2410000
711600
467700
362800
265000
156100
112200
112000
111900
111800
111700
111500
3695000
1046000
665200
501600
349200
179300
110900
110800
110600
110500
110400
110300
110100
110000
109900
109800
109700
109500
109400
109300
109200
109100
1472000
464300
4423000
1327000
833600
581700
381300
186800
108500
108400
108300
108100
108000
107900
107800
107700
107600
107500
107300
107200
107100
107000
106900
106800
106700
11590000
3099000
1881000
1357000
869300
1767000
482300
329300
263400
202100
133700
106100
106000
105900
105800
105700
105600
105500
105400
3523000
10220000
3037000
1903000
1337000
783200
281200
105500
105400
105300
105200
105000
104900
2782000
52070000
13880000
8321000
5869000
3563000
1083000
105800
105700
105600
105500
105400
105300
105200
105000
104900
104800
104700
104600
104500
104400
104300
104200
104100
104000
103900
103800
103600
103500
103400
103300
103200
103100
103000
102900
102800
102700
102600
102500
102400
102300
102200
102100
102000
101900
101800
101700
101600
101500
101400
101300
101100
101000
100900
100800
100700
100600
100500
100400
100300
100200
100100
1e+05
99950
99850
99750
99650
99550
99450
99360
99260
2268000
664700
434400
335400
243100
140200
9564000
5563000
2343000
1594000
18050000
4909000
2783000
4264000
10990000
22430000
6949000
4271000
7641000
2815000
1216000
624300
12170000
3258000
1919000
1383000
883500
326500
102400
102300
102200
1321000
11570000
3198000
11020000
22810000
35140000
17440000
27520000
10420000
5886000
3088000
1474000
466000
106100
106000
105900
105800
105700
105600
105500
24240000
6397000
3836000
2735000
1709000
565700
105800
105700
2457000
718700
469100
14630000
4800000
10360000
3819000
2348000
1282000
639600
254700
106100
105900
105800
7143000
7456000
3333000
1908000
17230000
8525000
3684000
2427000
1568000
655600
177100
106800
1402000
444300
306700
247500
192400
130900
15210000
4045000
2441000
1752000
1110000
394200
106200
106100
106000
105900
105800
105700
13580000
6074000
2829000
1953000
1269000
525900
152700
3560000
2806000
1109000
760400
531400
291200
140100
105700
105600
105500
105300
105200
18370000
4866000
2928000
2095000
1319000
453400
105400
105300
8302000
2242000
1372000
998200
649800
261400
105100
105000
12510000
30830000
9189000
5706000
3925000
2169000
629900
16470000
14200000
5197000
3408000
2264000
1071000
294000
106700
106600
106500
106400
106300
106200
106100
105900
105800
105700
105600
105500
105400
105300
105200
105100
105000
104800
104700
104600
104500
104400
104300
104200
104100
8165000
2682000
2685000
1372000
25960000
12830000
5600000
3767000
2410000
973000
217200
881000
945600
391400
288200
226100
162100
117000
104700
104600
104500
104400
104300
104200
104100
104000
103800
2955000
19520000
25030000
32610000
17420000
9373000
6406000
7229000
2251000
1006000
636800
2521000
7788000
2272000
1428000
8982000
2693000
1473000
975100
5512000
2156000
1024000
735200
499400
4208000
1153000
720200
539200
370600
182600
106900
106800
106700
106600
106400
2963000
10100000
5263000
6980000
24940000
10240000
5063000
3285000
1962000
711700
160400
6084000
19650000
8696000
4314000
15250000
4954000
3201000
1677000
1028000
414200
151900
121100
108700
108600
108400
108300
108200
108100
108000
107900
107700
107600
107500
107400
107300
107200
107100
106900
106800
106700
106600
106500
106400
106300
106200
106000
105900
105800
6529000
5382000
2038000
1363000
925200
467700
174600
105900
105700
105600
105500
105400
7803000
2112000
1295000
943900
616700
252000
105200
105100
105000
104900
104800
104700
104600
104500
104400
104200
104100
104000
103900
103800
103700
103600
103500
103400
103300
103200
103100
103000
102900
102800
102700
102500
102400
102300
102200
102100
102000
101900
101800
101700
101600
101500
7722000
2088000
1280000
931900
607900
246800
101500
101400
20760000
33320000
10550000
6656000
4508000
2346000
633500
103100
103000
3175000
14800000
11290000
5564000
20870000
14100000
5638000
3392000
2113000
937600
11210000
2963000
1799000
1299000
833500
314200
105300
1682000
40920000
10880000
6522000
4612000
2820000
875800
12210000
3261000
1977000
1424000
910100
336700
106000
105900
3160000
902100
577900
438500
4991000
15160000
12180000
4768000
11770000
4211000
2221000
1197000
681500
271700
106800
106700
106600
106500
106400
106300
106200
106100
105900
105800
105700
105600
105500
105400
105300
105200
9622000
2586000
1576000
1142000
737400
286500
570100
2930000
9459000
2810000
2818000
1505000
890800
384400
3993000
1121000
7497000
2294000
1410000
919200
557400
235000
105400
105300
105100
105000
104900
104800
104700
104600
104500
104400
104300
104200
104100
104000
103800
103700
103600
2470000
17920000
7157000
3595000
2476000
1532000
578400
146200
104100
104000
103900
103800
103700
103600
103500
103400
103300
103200
103100
103000
102900
102800
22400000
22840000
7963000
5149000
3429000
1653000
426600
104000
5952000
2238000
1167000
835300
8611000
2609000
1427000
1021000
666800
274500
109000
104000
103900
103800
103700
103600
103500
103400
103300
103200
103100
103000
102900
102800
102600
102500
102400
102300
102200
102100
16120000
4279000
2579000
1848000
1984000
620800
228700
191400
156500
117700
102000
101900
101800
101700
101600
101500
101400
101300
101200
101100
101000
100900
100800
100700
232000
134800
120700
120800
2492000
5571000
2241000
1242000
865500
523300
226600
110100
100300
100200
100100
99990
99890
99790
99690
99590
99500
5243000
7103000
9057000
3279000
2092000
1303000
652700
228000
100500
100400
100300
100200
100100
1e+05
99920
99820
99720
99620
99520
99420
3704000
17750000
5015000
3076000
2160000
1279000
418700
100100
1e+05
99910
99810
99710
99610
99510
99410
99320
99220
99120
99020
98930
98830
98730
16400000
4349000
2619000
1875000
1182000
409900
99150
99060
98960
98860
98770
98670
98570
98480
98380
98280
98190
98090
98000
97900
97810
97710
97620
97520
97430
97340
97240
97150
97050
96960
96870
96780
96680
96590
96500
96410
96310
96220
96130
96040
95950
95860
95760
95670
95580
95490
95400
95310
95220
95130
95040
94950
94860
94770
94690
94600
94510
94420
94330
94240
94160
398000
2879000
7230000
11910000
12580000
33770000
10540000
6294000
4020000
2191000
650700
97510
97420
97320
97230
97140
97040
96950
96860
96760
96670
96580
96490
96390
96300
96210
96120
96030
95930
95840
95750
95660
95570
95480
95390
95300
95210
95120
9423000
5512000
2315000
1573000
1041000
471800
152600
25640000
6756000
4774000
3070000
1907000
662800
145100
110500
96500
96410
96320
96220
994200
6063000
1730000
1080000
780500
494300
205500
96190
96100
96000
95910
95820
95730
95640
95550
95460
95370
9024000
25080000
10150000
5634000
3675000
4394000
4525000
1353000
843100
595000
352200
8780000
31850000
12930000
6591000
4475000
2639000
914800
172200
99540
441700
1221000
804800
396100
293700
216000
144200
106300
98860
98760
98660
98570
9336000
2507000
1527000
1105000
712600
274800
98780
98680
98580
16070000
4263000
2568000
1839000
1160000
403400
99000
98900
98810
98710
98610
98520
98420
98330
98230
9674000
2595000
1579000
1142000
734700
4206000
1505000
4222000
1681000
8070000
2451000
1451000
950100
574100
234300
465300
3573000
1688000
831200
592300
401600
206700
111400
98910
98820
2311000
2480000
911200
618700
442300
260700
4698000
1289000
804300
850800
468400
225000
126300
115300
103200
98230
98130
98040
97940
97850
97750
2071000
612200
402700
1.2e+07
3275000
1941000
1371000
874200
320700
98010
6587000
1790000
5610000
2568000
2952000
4531000
23080000
11360000
5163000
3441000
2119000
831600
192500
100200
100100
1e+05
99900
99800
99700
99600
99500
99410
99310
99210
99110
99010
98920
98820
98720
98630
98530
98430
98340
98240
98150
98050
97960
97860
97770
97670
97580
97480
97390
3389000
955400
606100
455900
315900
159900
97080
160200
5164000
1424000
884700
651500
433800
4377000
1188000
743700
1482000
617300
320400
198200
158600
114500
96680
96580
96490
96400
96310
96210
96120
96030
95940
95850
95760
95670
95580
95490
95390
7345000
7798000
9820000
3632000
2307000
1393000
678400
231800
96690
96590
96500
96410
96320
96220
96130
96040
95950
95860
95770
95680
95590
95500
95400
95310
95220
95130
95050
757300
267600
197200
166900
138700
107200
94490
94400
94310
94230
94140
94050
5132000
1408000
872900
643000
428800
190000
93950
5300000
10770000
6892000
3031000
2007000
4710000
3759000
1314000
838500
582900
317400
139800
95270
95180
95090
95000
94910
94820
94730
94640
94560
94470
94380
94290
94200
94110
94030
93940
93850
93760
93680
93590
93500
93420
93330
93240
93160
93070
720700
11050000
3140000
1865000
10760000
5098000
2531000
7693000
12750000
45200000
13490000
8079000
5431000
3065000
905800
104400
3302000
933000
592800
446500
310300
158300
97190
97100
97010
96910
96820
96730
96640
96540
96450
96360
96270
6512000
4039000
2629000
1394000
7145000
27760000
21820000
8441000
5597000
16660000
14280000
4845000
17440000
11370000
4666000
2720000
1673000
749700
208700
101800
101700
101600
33910000
8914000
5327000
3785000
2348000
746500
102400
102300
102200
102100
102000
101900
4406000
26220000
7724000
4549000
3179000
1893000
608400
111300
102800
102700
102600
102400
102300
102200
1726000
525400
8935000
4291000
4171000
1909000
1202000
6853000
5087000
26760000
21890000
18640000
7999000
12140000
24420000
7600000
19040000
