1330000
1317000
1302000
1287000
1272000
1257000
1243000
1229000
1216000
1202000
1189000
1177000
1164000
1152000
1140000
1128000
1122000
1283000
1367000
1386000
1379000
1375000
1459000
1482000
1563000
2046000
2214000
2236000
2208000
2174000
2229000
2228000
2201000
2238000
2240000
2323000
2943000
3576000
3689000
3626000
3529000
3500000
3415000
3345000
3574000
3576000
3623000
3551000
3451000
3347000
3248000
3154000
3067000
3018000
2947000
2872000
2799000
2729000
2663000
2599000
2539000
2489000
2538000
2514000
2468000
2415000
2364000
2314000
2266000
2220000
2195000
2303000
2467000
2544000
2526000
2479000
2426000
2374000
2324000
2276000
2231000
2221000
2188000
2148000
2107000
2068000
2030000
1995000
2023000
2008000
1979000
1945000
1912000
1879000
1847000
1817000
1787000
1758000
1731000
1704000
1678000
1652000
1628000
1604000
1581000
1558000
1537000
1515000
1495000
1475000
1455000
1436000
1418000
1399000
1394000
1632000
1712000
1720000
1702000
1679000
1654000
1630000
1608000
1623000
1717000
1733000
1720000
1697000
1672000
1647000
1623000
1599000
1576000
1554000
1532000
1511000
1491000
1471000
1451000
1432000
1414000
1396000
1378000
1361000
1345000
1328000
1312000
1297000
1282000
1267000
1253000
1243000
1395000
1448000
1525000
1538000
1528000
1510000
1491000
1471000
1452000
1433000
1414000
1396000
1379000
1362000
1348000
1431000
1451000
1445000
1430000
1412000
1395000
1377000
1360000
1344000
1327000
1312000
1296000
1281000
1266000
1252000
1238000
1224000
1210000
1197000
1184000
1172000
1159000
1147000
1135000
1124000
1112000
1101000
1090000
1080000
1069000
1059000
1049000
1039000
1029000
1020000
1010000
1001000
992000
983100
974400
965900
957500
949200
941100
933100
925300
917500
910000
902500
895100
887900
880800
873800
866900
860200
853500
846900
840500
834100
827800
821600
815600
809600
803700
797800
792100
788500
903300
950600
962800
960800
954600
947200
939400
931500
923700
916100
908500
901100
893700
886500
879500
872500
865600
858900
852200
845700
839200
832900
826600
820500
814400
808400
802500
796700
791000
785300
779800
774300
768900
763600
758300
754800
842600
1010000
1086000
1397000
1561000
1605000
1602000
1584000
1564000
1542000
1521000
1500000
1480000
1460000
1441000
1423000
1404000
1387000
1369000
1352000
1336000
1320000
1304000
1289000
1274000
1259000
1245000
1231000
1218000
1206000
1241000
1361000
1396000
1396000
1384000
1368000
1352000
1336000
1331000
1330000
1320000
1306000
1291000
1276000
1262000
1247000
1233000
1220000
1206000
1194000
1197000
1237000
1244000
1237000
1225000
1212000
1199000
1186000
1173000
1161000
1149000
1137000
1125000
1123000
1412000
1991000
2207000
2244000
2221000
2182000
2142000
2101000
2062000
2024000
1987000
1955000
1997000
1987000
1960000
1927000
1897000
1928000
1916000
1890000
1860000
1829000
1799000
1770000
1742000
1715000
1701000
1680000
1657000
1633000
1609000
1591000
1584000
1848000
1929000
1932000
1908000
1902000
1879000
1850000
1824000
1899000
1921000
1905000
1877000
1846000
1816000
1787000
1758000
1739000
1742000
1725000
1701000
1676000
1651000
1627000
1608000
1680000
1690000
1676000
1654000
1630000
1607000
1619000
1928000
2027000
2120000
2381000
2436000
2414000
2369000
2321000
2273000
2227000
2183000
2140000
2099000
2060000
2022000
1985000
1950000
1915000
1883000
1851000
1820000
1790000
1761000
1734000
1707000
1680000
1656000
1647000
1628000
1606000
1583000
1596000
2224000
2456000
2504000
2742000
3762000
4067000
4040000
3920000
3801000
3831000
4013000
3962000
3845000
3718000
3595000
3481000
3373000
3271000
3176000
3086000
3049000
3625000
3905000
3920000
4230000
4220000
4101000
3959000
3821000
3726000
3980000
3953000
3844000
3717000
3596000
3481000
3373000
3271000
3176000
3086000
3020000
3288000
3303000
3236000
3149000
3062000
2978000
2899000
2824000
2753000
2685000
2621000
2565000
2585000
2551000
2500000
2445000
2392000
2341000
2292000
2245000
2200000
2157000
2115000
2075000
2036000
1999000
1963000
1929000
1895000
1863000
1832000
1802000
1773000
1744000
1717000
1691000
1665000
1640000
1616000
1592000
1570000
1547000
1526000
1505000
1485000
1465000
1446000
1427000
1408000
1391000
1373000
1356000
1340000
1324000
1308000
1292000
1277000
1263000
1248000
1234000
1221000
1207000
1194000
1181000
1169000
1156000
1144000
1133000
1135000
1230000
1260000
1261000
1250000
1238000
1224000
1211000
1198000
1185000
1172000
1160000
1148000
1136000
1124000
1113000
1102000
1091000
1080000
1070000
1059000
1049000
1039000
1030000
1020000
1011000
1002000
992500
983600
974900
966300
957900
949700
941500
933500
925700
918000
910400
902900
895600
888300
881200
874200
867300
860500
853900
847300
840800
834500
828200
822000
815900
809900
804000
798200
792400
786700
781200
775700
770200
764900
759600
754400
749300
744200
739200
734300
729400
724600
719900
715200
710600
706000
701500
698100
740400
764300
770400
768900
764900
760100
755100
750000
745000
740000
735000
730200
725400
720600
715900
711300
707300
730400
750300
755300
753800
754600
751900
747700
742900
738000
733200
728300
723600
718800
714200
709600
705000
700600
696100
691800
687400
683200
679000
674800
670700
666600
662600
659000
669000
671200
669400
666200
662400
658600
654700
650900
647000
643300
639500
635800
632200
628600
625400
640700
645400
644900
642200
638900
635400
631800
628200
624600
621100
617700
615700
684000
781700
821600
832200
831600
827300
822800
870700
887200
888700
884200
879600
957900
1248000
1374000
1407000
1404000
1391000
1375000
1359000
1389000
1708000
1879000
1915000
1902000
1874000
1844000
1814000
1785000
1756000
1729000
1702000
1676000
1651000
1629000
1673000
1735000
2065000
2161000
2161000
2151000
2450000
2560000
2552000
2506000
2453000
2400000
2349000
2300000
2252000
2207000
2163000
2121000
2083000
2091000
2120000
2241000
2373000
2385000
2352000
2307000
2260000
2240000
2553000
2622000
2618000
2894000
3106000
3323000
3588000
3582000
3510000
3548000
3481000
3384000
3284000
3189000
3098000
3013000
2932000
2865000
2967000
2944000
2883000
2811000
2742000
2675000
2611000
2550000
2492000
2436000
2383000
2332000
2283000
2237000
2193000
2175000
2141000
2104000
2089000
2059000
2024000
1987000
1952000
1918000
1888000
1930000
1962000
2490000
2649000
2651000
2604000
2547000
2492000
2468000
2447000
2404000
2359000
2349000
2313000
2269000
2223000
2179000
2137000
2096000
2057000
2019000
1982000
1947000
1913000
1880000
1848000
1818000
1788000
1759000
1732000
1722000
1702000
1678000
1653000
1628000
1607000
1610000
1599000
1579000
1558000
1537000
1515000
1495000
1475000
1455000
1436000
1418000
1401000
1431000
1494000
1504000
1497000
1538000
1539000
1525000
1506000
1487000
1467000
1448000
1429000
1410000
1393000
1375000
1358000
1342000
1325000
1310000
1294000
1279000
1264000
1250000
1236000
1222000
1210000
1234000
1355000
1392000
1393000
1380000
1365000
1348000
1332000
1316000
1301000
1286000
1271000
1256000
1242000
1228000
1214000
1201000
1188000
1176000
1163000
1151000
1139000
1127000
1116000
1105000
1094000
1083000
1072000
1062000
1052000
1042000
1032000
1022000
1013000
1004000
994700
985800
977100
968400
960000
951700
943500
935500
927600
919900
912200
904700
897400
890100
883000
875900
869000
862200
855500
848900
842400
836000
829700
823500
817400
811400
805400
799600
793800
788100
782500
777000
771600
766200
760900
755700
750500
745500
740400
735500
730600
725800
721100
716400
711700
707200
702700
698200
693800
689500
686700
683100
679100
675000
671000
666900
662900
658900
655000
651100
647300
643500
639800
636100
632500
628800
625300
621800
618300
614800
611400
608000
605600
649500
667700
672300
671000
668100
670700
669600
666600
663000
659200
655300
651400
647600
643800
640100
636400
632700
629100
625600
626000
676700
697700
703000
701800
698500
694500
690300
686100
681900
677700
673500
669500
680400
1070000
1282000
1354000
1366000
1358000
1344000
1329000
1313000
1298000
1283000
1268000
1254000
1240000
1226000
1212000
1199000
1186000
1173000
1161000
1149000
1137000
1125000
1114000
1103000
1092000
1081000
1071000
1060000
1050000
1040000
1030000
1021000
1011000
1002000
993200
984300
975600
967000
958600
950300
942200
934200
926300
918600
911000
903500
896100
888900
881800
874800
867900
861100
854400
847800
841300
834900
828700
822500
816400
810400
804400
798600
792800
787200
781600
776100
770700
765300
760000
754800
749700
744600
739600
734700
729800
725900
765300
801800
813000
816100
949500
1005000
1020000
1044000
1147000
1419000
1522000
1547000
1612000
1620000
1606000
1595000
1764000
1809000
1803000
1780000
1753000
1726000
1699000
1673000
1649000
1652000
1823000
1873000
2070000
2602000
3648000
4245000
5204000
5287000
5118000
4899000
4689000
4495000
4316000
4151000
3998000
3855000
3723000
3600000
3568000
4400000
4532000
4429000
4269000
4110000
3961000
3821000
3700000
3665000
3571000
3515000
3937000
4027000
4270000
4216000
4085000
3942000
3805000
3676000
3556000
3443000
3356000
3510000
3678000
3665000
3630000
4151000
4360000
4291000
4149000
4e+06
3858000
3726000
3607000
3531000
3432000
3330000
3232000
3139000
3086000
3491000
3540000
3472000
3373000
3273000
3178000
3088000
3003000
2923000
2846000
2774000
2727000
3034000
3156000
3128000
3054000
2974000
2896000
2827000
2848000
2858000
2809000
2745000
2679000
2615000
2554000
2496000
2440000
2387000
2336000
2317000
2689000
2773000
2748000
2690000
2628000
2567000
2508000
2465000
2600000
2603000
2561000
2506000
2451000
2398000
2346000
2317000
2593000
3469000
3693000
3664000
3563000
3455000
3401000
3918000
4396000
4402000
4272000
4118000
3969000
3829000
3699000
3577000
3463000
3356000
3256000
3161000
3072000
2988000
2908000
2832000
2761000
2693000
2628000
2566000
2507000
2451000
2397000
2346000
2296000
2249000
2204000
2160000
2118000
2078000
2042000
2076000
2072000
2070000
2080000
2626000
2956000
3002000
2953000
2882000
2810000
2740000
2673000
2615000
2556000
2498000
2442000
2389000
2338000
2289000
2242000
2197000
2153000
2112000
2072000
2033000
1996000
1961000
1953000
2343000
3047000
4130000
4637000
4661000
4580000
4618000
4490000
4326000
4169000
4121000
4297000
4227000
4120000
4305000
4238000
4103000
3974000
4025000
3962000
3844000
3717000
3608000
3621000
3543000
3441000
3338000
3239000
3145000
3057000
2974000
2895000
2820000
2749000
2705000
2906000
2996000
3171000
3936000
4196000
4149000
4019000
3880000
3747000
3644000
3803000
4510000
4731000
4690000
5136000
5084000
4933000
4733000
4538000
4356000
4188000
4032000
3887000
3753000
3628000
3510000
3401000
3297000
3201000
3109000
3023000
2941000
2864000
2791000
2721000
2655000
2592000
2532000
2474000
2420000
2367000
2317000
2269000
2223000
2179000
2136000
2095000
2056000
2020000
2033000
2012000
1981000
1947000
1913000
1881000
1849000
1818000
1789000
1760000
1737000
1812000
1819000
1801000
1775000
1747000
1720000
1694000
1668000
1643000
1619000
1595000
1572000
1550000
1529000
1508000
1487000
1467000
1448000
1429000
1411000
1393000
1375000
1358000
1342000
1326000
1310000
1294000
1279000
1265000
1250000
1236000
1222000
1209000
1196000
1183000
1170000
1158000
1146000
1134000
1122000
1111000
1102000
1140000
1149000
1144000
1134000
1123000
1112000
1101000
1096000
1338000
1865000
2066000
2104000
2085000
2052000
2016000
1980000
1947000
1988000
2279000
2521000
2620000
3121000
3480000
3507000
3431000
3333000
3265000
3544000
3549000
3469000
3368000
3268000
3173000
3086000
3173000
4661000
5024000
4949000
4759000
4564000
4423000
4824000
4782000
4621000
4438000
4264000
4103000
3954000
3826000
3815000
3720000
3606000
3509000
3614000
4112000
4494000
4495000
4765000
4687000
4523000
4347000
4180000
4025000
3881000
3747000
3622000
3505000
3396000
3293000
3196000
3105000
3019000
2938000
2861000
2787000
2718000
2652000
2589000
2544000
2712000
2722000
2677000
2618000
2557000
2500000
2457000
2489000
2678000
2697000
2684000
2634000
2576000
2525000
2566000
2551000
2680000
2677000
2630000
2572000
2514000
2458000
2404000
2352000
2302000
2255000
2209000
2166000
2124000
2083000
2044000
2007000
1971000
1936000
1902000
1870000
1838000
1808000
1780000
1786000
2095000
2233000
2245000
2215000
2174000
2133000
2093000
2054000
2016000
1979000
1944000
1910000
1878000
1846000
1815000
1786000
1757000
1729000
1703000
1677000
1667000
2026000
2524000
2660000
2653000
2603000
2546000
2489000
2443000
2513000
2513000
2473000
2437000
2584000
2599000
2560000
2506000
2451000
2398000
2347000
2297000
2250000
2205000
2161000
2119000
2079000
2040000
2003000
1967000
1932000
1899000
1866000
1835000
1805000
1776000
1747000
1720000
1693000
1675000
1815000
1847000
1836000
1811000
1795000
1770000
1744000
1717000
1690000
1665000
1640000
1616000
1592000
1569000
1547000
1526000
1505000
1485000
1465000
1445000
1427000
1408000
1390000
1373000
1356000
1340000
1323000
1308000
1294000
1330000
1340000
1333000
1319000
1305000
1290000
1275000
1260000
1246000
1232000
1218000
1205000
1192000
1179000
1166000
1155000
1163000
1226000
1326000
1354000
1352000
1340000
1325000
1309000
1294000
1279000
1264000
1250000
1236000
1222000
1209000
1196000
1183000
1170000
1158000
1146000
1139000
1295000
1350000
1358000
1348000
1334000
1318000
1303000
1288000
1273000
1258000
1244000
1230000
1217000
1203000
1190000
1177000
1165000
1153000
1141000
1129000
1121000
1228000
1263000
1265000
1256000
1243000
1230000
1216000
1203000
1190000
1177000
1165000
1153000
1141000
1129000
1117000
1106000
1095000
1084000
1074000
1063000
1053000
1043000
1033000
1024000
1014000
1005000
996000
987000
978300
969600
961200
952800
944700
936600
928700
920900
913300
905800
898400
891100
884000
876900
870000
863200
856400
849800
843300
836900
830600
824400
818200
812200
806300
800400
794600
788900
783300
777800
772300
767000
761600
756400
751900
781700
868900
990000
1358000
1514000
1555000
1552000
1536000
1516000
1496000
1476000
1457000
1438000
1419000
1401000
1383000
1366000
1349000
1333000
1317000
1301000
1286000
1271000
1257000
1242000
1229000
1215000
1202000
1189000
1176000
1164000
1151000
1139000
1128000
1116000
1107000
1159000
1207000
1216000
1210000
1199000
1187000
1187000
1497000
1618000
1655000
1648000
1629000
1607000
1584000
1562000
1540000
1519000
1498000
1478000
1473000
1542000
1554000
1543000
1524000
1504000
1484000
1464000
1445000
1426000
1408000
1390000
1373000
1356000
1339000
1323000
1310000
1430000
1820000
2014000
2060000
2047000
2066000
2115000
2104000
2073000
2036000
2006000
2202000
2996000
3366000
3400000
3329000
3238000
3146000
3058000
2975000
2905000
2863000
2812000
2747000
2682000
2618000
2556000
2498000
2442000
2389000
2338000
2305000
2473000
2492000
2458000
2409000
2358000
2309000
2261000
2215000
2196000
2518000
2592000
2571000
2521000
2466000
2412000
2360000
2311000
2263000
2217000
2173000
2131000
2090000
2051000
2021000
2177000
2202000
2179000
2142000
2105000
2150000
2149000
2196000
2198000
2327000
2338000
2306000
2262000
2218000
2174000
2141000
2178000
2177000
2147000
2109000
2070000
2032000
1995000
1959000
1926000
1929000
1943000
1926000
1897000
1866000
1838000
1890000
1887000
1864000
1839000
1810000
1782000
1753000
1726000
1699000
1673000
1648000
1624000
1600000
1577000
1556000
1557000
1543000
1534000
1694000
1738000
1733000
1712000
1687000
1662000
1642000
1713000
1726000
1791000
1806000
1822000
1893000
2344000
2603000
2642000
2605000
2551000
2494000
2439000
2386000
2335000
2286000
2240000
2195000
2151000
2110000
2070000
2032000
1995000
1959000
1924000
1891000
1859000
1828000
1798000
1769000
1741000
1714000
1687000
1662000
1637000
1613000
1590000
1567000
1545000
1523000
1503000
1482000
1462000
1443000
1425000
1406000
1388000
1371000
1354000
1338000
1323000
1339000
1335000
1323000
1309000
1295000
1324000
1326000
1316000
1311000
1299000
1285000
1271000
1256000
1242000
1228000
1215000
1202000
1189000
1176000
1163000
1151000
1139000
1128000
1116000
1105000
1094000
1083000
1073000
1063000
1075000
1138000
1238000
1268000
1268000
1258000
1245000
1231000
1218000
1204000
1191000
1179000
1166000
1154000
1142000
1130000
1119000
1107000
1096000
1086000
1075000
1064000
1054000
1044000
1034000
1025000
1015000
1006000
996900
988000
979200
970600
962100
953700
945500
937500
929600
921800
914100
906600
899200
891900
884700
877700
870700
864400
891100
982200
1050000
1070000
1070000
1098000
1127000
1131000
1124000
1114000
1104000
1093000
1082000
1072000
1061000
1051000
1041000
1031000
1022000
1012000
1003000
994100
985200
976400
967800
959400
951100
943000
934900
927100
919300
911700
904200
896800
889600
882500
875400
868500
862500
904400
918800
921700
1004000
1051000
1067000
1134000
1301000
2004000
2305000
2371000
2351000
2310000
2264000
2223000
2244000
2222000
2184000
2143000
2102000
2062000
2024000
1988000
1952000
1918000
1885000
1853000
1822000
1792000
1764000
1736000
1713000
1772000
1817000
1829000
1817000
1943000
2544000
3148000
3281000
3287000
3704000
4117000
4175000
4746000
5056000
4967000
4777000
4580000
4395000
4224000
4065000
3918000
3927000
5337000
5583000
5435000
5195000
4960000
4743000
4544000
4361000
4192000
4036000
3891000
3771000
3896000
4940000
5115000
4983000
4780000
4581000
4395000
4224000
4066000
3919000
3782000
3655000
3536000
3428000
3373000
3310000
3521000
3578000
3589000
3509000
3428000
3557000
3711000
4800000
5817000
6511000
6439000
6791000
8049000
8114000
