557900
556500
554900
553300
551800
550200
548700
547200
545700
544200
542700
541200
539700
538200
536800
535300
2347000
965100
629200
610900
670000
1416000
699500
1170000
4083000
1053000
811800
808500
805200
1545000
956400
831000
1408000
993600
1419000
4802000
3619000
1292000
1123000
1116000
1489000
1149000
1117000
2704000
1297000
1942000
1258000
1197000
1190000
1183000
1176000
1169000
1359000
1179000
1159000
1152000
1145000
1138000
1132000
1125000
1119000
1833000
1193000
1137000
1130000
1124000
1117000
1111000
1105000
1195000
2143000
2428000
1879000
1253000
1203000
1196000
1189000
1181000
1174000
1167000
1435000
1187000
1161000
1154000
1148000
1141000
1134000
1671000
1187000
1143000
1136000
1130000
1123000
1117000
1111000
1104000
1098000
1092000
1086000
1080000
1074000
1068000
1063000
1057000
1051000
1046000
1040000
1035000
1029000
1024000
1019000
1013000
1008000
1003000
4218000
1374000
1142000
1136000
1129000
1123000
1116000
1110000
1513000
2247000
1246000
1162000
1155000
1148000
1142000
1135000
1129000
1122000
1116000
1110000
1103000
1097000
1091000
1085000
1079000
1073000
1067000
1062000
1056000
1050000
1045000
1039000
1034000
1028000
1023000
1018000
1013000
3431000
1288000
1974000
1210000
1143000
1137000
1130000
1124000
1118000
1111000
1105000
1099000
1093000
1087000
1081000
2429000
1231000
1130000
1124000
1117000
1111000
1105000
1099000
1093000
1086000
1081000
1075000
1069000
1063000
1057000
1052000
1046000
1041000
1035000
1030000
1024000
1019000
1014000
1009000
1003000
998400
993300
988300
983400
978500
973700
968900
964100
959400
954800
950200
945600
941100
936600
932200
927800
923500
919200
914900
910700
906500
902300
898200
894100
890100
886100
882100
909400
877700
871600
867800
864000
860200
856500
852800
849100
845500
841800
838300
834700
831200
827700
3685000
1136000
930000
925700
921300
917100
917600
909100
904600
900500
896400
892300
888300
884300
880400
876400
872600
868700
864900
861100
857400
853700
850000
846300
842700
839100
835600
832000
828500
825100
821600
818200
814800
811500
808100
804800
3191000
3605000
1173000
5174000
2079000
1246000
1196000
1189000
1182000
1175000
1168000
1161000
1154000
1147000
1141000
1134000
1127000
1121000
1115000
1108000
1102000
1096000
1090000
1084000
1078000
1072000
1066000
1061000
1055000
1049000
1907000
2697000
1261000
1146000
1139000
1132000
1126000
1120000
1267000
1276000
1126000
1110000
1103000
1097000
1091000
1085000
1079000
1073000
1068000
1062000
1289000
1774000
1138000
1084000
1078000
1072000
1066000
1060000
1055000
1049000
1044000
1038000
1033000
1027000
5271000
8153000
1940000
1461000
1450000
1439000
1429000
1419000
1409000
1398000
1389000
1379000
2324000
1466000
1389000
1380000
1370000
2168000
1441000
1374000
1365000
1356000
1346000
1337000
1328000
1319000
1491000
1336000
1302000
1292000
1284000
1362000
1277000
5426000
1714000
1410000
1400000
1701000
1415000
1384000
1374000
2742000
1723000
1426000
1401000
1391000
1381000
1372000
1362000
1446000
1753000
1382000
1345000
1336000
1327000
1318000
1309000
2772000
1454000
1341000
1332000
1323000
1314000
1615000
5884000
1810000
2315000
4445000
1829000
1614000
1601000
1588000
1575000
1563000
1550000
1538000
1526000
1514000
1503000
1491000
1480000
1469000
1458000
1448000
1437000
1427000
1416000
1406000
1396000
1386000
1377000
1712000
1396000
1362000
1353000
1344000
9879000
2311000
1696000
3522000
11760000
3220000
2168000
2118000
2096000
3251000
4483000
2338000
2153000
2130000
2107000
2084000
2062000
2041000
2020000
1999000
1979000
8479000
4243000
2367000
5617000
2741000
2349000
2312000
2285000
2258000
5523000
2589000
2330000
2303000
2276000
2250000
2224000
2200000
2175000
2151000
2128000
5918000
2516000
2223000
2198000
2174000
2150000
2126000
2104000
2081000
2060000
2038000
2017000
3180000
2108000
2003000
1983000
1963000
1944000
1925000
1906000
1888000
1870000
1852000
1835000
1818000
1801000
1785000
1769000
1753000
1738000
1722000
1708000
1693000
1678000
1664000
1650000
1636000
1623000
1610000
1597000
1584000
1713000
1575000
1553000
1541000
1529000
1517000
1505000
1494000
1483000
1472000
1461000
1450000
1439000
1429000
1418000
1408000
1398000
1388000
1379000
1369000
1360000
1350000
1341000
1332000
1323000
1314000
1306000
2059000
3595000
1556000
1389000
1380000
1370000
1361000
1351000
1342000
1333000
1324000
1315000
1306000
1298000
1289000
1281000
1273000
1264000
1256000
1248000
1241000
1233000
1225000
1217000
1210000
1203000
1195000
1188000
1181000
1174000
1167000
1160000
1153000
1147000
1140000
1133000
1127000
1120000
1114000
1108000
1102000
1096000
1089000
1083000
1078000
1072000
1066000
1060000
1054000
1049000
1043000
1038000
1032000
1027000
1022000
1016000
1011000
1006000
1001000
995800
990800
985800
980900
976100
971300
966500
961800
957100
952500
947900
943300
938900
934400
930000
925600
2596000
1301000
1007000
988100
983100
978200
973400
968600
963900
959200
954500
949900
945400
940900
936400
932000
927600
1788000
1333000
987000
960100
1077000
964600
951500
946900
942400
937900
933400
929000
924700
920300
916100
911800
907600
903500
899300
895200
891200
887200
883200
879300
875400
871500
867600
1368000
915500
876000
872100
868300
864500
860700
857000
853300
849600
845900
842300
838700
835200
831700
1436000
890700
844100
840500
836900
833400
829900
826400
822900
819500
816100
812700
2898000
2737000
1073000
948400
943900
939400
934900
2103000
1059000
971800
967000
962300
2481000
5798000
1623000
1229000
1216000
1209000
1201000
1194000
1686000
6478000
2553000
1474000
1409000
1399000
1389000
1379000
1369000
1360000
1351000
1341000
1332000
1323000
1314000
2310000
2155000
5637000
1827000
1518000
1506000
5075000
2312000
1686000
1644000
1630000
1617000
1604000
1591000
1578000
1565000
1553000
1541000
1529000
2055000
2114000
3034000
3031000
1792000
1642000
1625000
1612000
1599000
5267000
2013000
1741000
4970000
3896000
3982000
4775000
2238000
2028000
3370000
2138000
2021000
2001000
1980000
1961000
1941000
1922000
1904000
3900000
2087000
1925000
1907000
1888000
1870000
1853000
1835000
1818000
1802000
1785000
1769000
1754000
1738000
1723000
2017000
1730000
1694000
1972000
1700000
1666000
1652000
1638000
1624000
1611000
2559000
1780000
8733000
2418000
1900000
1882000
1864000
1847000
2251000
2192000
1847000
1806000
2208000
1825000
1780000
1764000
1748000
1733000
1718000
1703000
1688000
1674000
1660000
1646000
1632000
1619000
1605000
1592000
1580000
1567000
1924000
1585000
1547000
1535000
1523000
1550000
1905000
1571000
1501000
1487000
1476000
1465000
1454000
1443000
1433000
1423000
1412000
1402000
2342000
2595000
1537000
1449000
2430000
1540000
1460000
1449000
1438000
1428000
1418000
1408000
1398000
1388000
1378000
1368000
1359000
1350000
1340000
1331000
1322000
1314000
1305000
1296000
1288000
1279000
2294000
3753000
1557000
1379000
1370000
1360000
1351000
1342000
1333000
1324000
1315000
1306000
1297000
1289000
1280000
1272000
1264000
1256000
1248000
1240000
1232000
1225000
1217000
1210000
1202000
1195000
1188000
1181000
1174000
1167000
1160000
1153000
1146000
1140000
1133000
1127000
1120000
1114000
1108000
1101000
1095000
1089000
1083000
1077000
1071000
1066000
1060000
1054000
1049000
1043000
1038000
1032000
1027000
1021000
1016000
1011000
1006000
1001000
995600
990600
985600
1018000
980100
972700
967900
963100
958500
953800
949200
944700
940200
935700
931300
926900
922500
918200
914000
909800
905600
901400
897300
893300
889200
885200
881300
1189000
907900
881900
878000
874100
870200
866400
862600
858900
855100
851400
847800
844100
840500
837000
833400
829900
826400
823000
819600
816200
812800
809500
2383000
973800
858600
854900
851200
1042000
865100
847700
844100
840500
836900
833300
829800
826300
822900
819500
816100
812700
809400
1018000
2375000
975400
862100
858400
854600
850900
847300
843700
840100
836500
833000
829500
1012000
9558000
1818000
1198000
1191000
1184000
1177000
1170000
1163000
1156000
1149000
1143000
1136000
1130000
1123000
1117000
1111000
1104000
1098000
1092000
1086000
1080000
1074000
1068000
1063000
1057000
1051000
1046000
1040000
1035000
1029000
1024000
1019000
1013000
1008000
1003000
997900
992900
987900
983000
978100
973300
968500
963800
959100
954400
949800
945300
940700
936300
931800
927500
923100
918800
914500
910300
906100
902000
897900
893800
889700
885700
881800
877900
874000
870100
866300
862500
858700
855000
851300
847600
844000
840400
836800
833300
829800
2174000
1491000
928400
887600
3738000
1202000
996100
1390000
2591000
4807000
1525000
1228000
2409000
1338000
1246000
1238000
4077000
1532000
1322000
1313000
1305000
1296000
1287000
1279000
1271000
1547000
3991000
1554000
3560000
6166000
9951000
4530000
8435000
2712000
2245000
2220000
2195000
2171000
2147000
2124000
2101000
2079000
2057000
2036000
2015000
9902000
2869000
2287000
2260000
2235000
2209000
2185000
2161000
2935000
2204000
2125000
6850000
2905000
4910000
2552000
2341000
2313000
2286000
2260000
2234000
2209000
2184000
4464000
4265000
2671000
2298000
7552000
4106000
2598000
2479000
2448000
2418000
2388000
2360000
2727000
2350000
2295000
2269000
2243000
2218000
7155000
2743000
2367000
2338000
2311000
2284000
2258000
2232000
2207000
2182000
2158000
2135000
6430000
3433000
2351000
2264000
2239000
2213000
2189000
3250000
2888000
2235000
2167000
2143000
2120000
2098000
2075000
2054000
2032000
2012000
1991000
7769000
2600000
2168000
2144000
2121000
2098000
2076000
2054000
4624000
2302000
2097000
2075000
2053000
2032000
2011000
1991000
5821000
11480000
3141000
2471000
2440000
2410000
2381000
7726000
6385000
2965000
2689000
2652000
2617000
2582000
2549000
2516000
2484000
2453000
2423000
2393000
2365000
2336000
2309000
2282000
2256000
2230000
2205000
2181000
2157000
2133000
2110000
2088000
2066000
2044000
2023000
2003000
1983000
1963000
1943000
3548000
2249000
2387000
1982000
10230000
4832000
2465000
2299000
2272000
2246000
2221000
2196000
2337000
2167000
2131000
2109000
2086000
2064000
2043000
2022000
2001000
1981000
1961000
1942000
1923000
1904000
1886000
2212000
8103000
9048000
11270000
5677000
3235000
3154000
4490000
2897000
2737000
2699000
3326000
5292000
2931000
2712000
5654000
2983000
2735000
2698000
4237000
3037000
2700000
2648000
2613000
3815000
2695000
2575000
2541000
2509000
2477000
2446000
2416000
2387000
2358000
2330000
2613000
5403000
3424000
4008000
10710000
4636000
2900000
2771000
2732000
2695000
2658000
4584000
10410000
4857000
3071000
8432000
3497000
3349000
3046000
2980000
2935000
2892000
2850000
2809000
2769000
2731000
2693000
2657000
2621000
2587000
2553000
2520000
2488000
2457000
2427000
2397000
2368000
2340000
2312000
2285000
2259000
2233000
2208000
2184000
2160000
2136000
2113000
2091000
2069000
2378000
3298000
2156000
2048000
2026000
2006000
1985000
1966000
1946000
1927000
1908000
1890000
4001000
2085000
1916000
1898000
1880000
1862000
1844000
1827000
1810000
1794000
1778000
1762000
1746000
1731000
1715000
1701000
1686000
1672000
1658000
1644000
1630000
1617000
1604000
1591000
1578000
1565000
1553000
1541000
1529000
1517000
1505000
1494000
1483000
1472000
1461000
1450000
1439000
1429000
1418000
1408000
1398000
1388000
2725000
1520000
1415000
1405000
1395000
1385000
1376000
1366000
6299000
9366000
2405000
1864000
1846000
1829000
1812000
1796000
1780000
2516000
6273000
4660000
2584000
7921000
5174000
2512000
2309000
2282000
2255000
5884000
2628000
2344000
2316000
2289000
2263000
2237000
2742000
16840000
3853000
2788000
2749000
2711000
2674000
7327000
3140000
2771000
2732000
2695000
2658000
2623000
2588000
3599000
2648000
2541000
2509000
4064000
7463000
6325000
3055000
6676000
3169000
2852000
2811000
2771000
2733000
2695000
2658000
2623000
2588000
2555000
2522000
2490000
2459000
2428000
2398000
2369000
2341000
2314000
2287000
2260000
2235000
5179000
2527000
2292000
2265000
2239000
2214000
2313000
3117000
5135000
2494000
2634000
2282000
2231000
2206000
3494000
2307000
4482000
2429000
2242000
2216000
2192000
2168000
2144000
2121000
2098000
2076000
2054000
2033000
2012000
1992000
1972000
1952000
1933000
1914000
1896000
1877000
1860000
1842000
1825000
2248000
7512000
3179000
2078000
2004000
1983000
1964000
1944000
1925000
1906000
1888000
1870000
1852000
1835000
1818000
1802000
1785000
1769000
1753000
1738000
1723000
1708000
7759000
8006000
2544000
2124000
2101000
2079000
2057000
2036000
3768000
2400000
2068000
2031000
4712000
2379000
2089000
2061000
2039000
2018000
1998000
1978000
1958000
1939000
1920000
1901000
1883000
1865000
1847000
1830000
1813000
1797000
1780000
1764000
1749000
1733000
1718000
1703000
1689000
1674000
4433000
1981000
1772000
1756000
1912000
1746000
1719000
1704000
1689000
1675000
1661000
1647000
1633000
1620000
1607000
1594000
1581000
1568000
1556000
1544000
1532000
1520000
1508000
1497000
1485000
1474000
1463000
1452000
1459000
2645000
1686000
1478000
1458000
1447000
1436000
1426000
1416000
1406000
1396000
1386000
1376000
1367000
1357000
1348000
1339000
1965000
2807000
3166000
1573000
1445000
1435000
1424000
1414000
1404000
1394000
1384000
1374000
1365000
1356000
1346000
1337000
1328000
1319000
1310000
1302000
1293000
5199000
1711000
1424000
1414000
1404000
1394000
1384000
1375000
1365000
1356000
1346000
1337000
1328000
1319000
1311000
1302000
1293000
1285000
1277000
1268000
1260000
4220000
1569000
1350000
1341000
1332000
1323000
1314000
1305000
1297000
1288000
1280000
1272000
1264000
1256000
1248000
1240000
1232000
1224000
1217000
1209000
1202000
1195000
1187000
1180000
1173000
1166000
1159000
1153000
1146000
1139000
1133000
1126000
1120000
1113000
1107000
1101000
1095000
1089000
1083000
1077000
1071000
1065000
1060000
1054000
1048000
1043000
1037000
1032000
1026000
1021000
1016000
1011000
1005000
1e+06
995300
990300
985300
980400
975600
970800
966000
961300
956600
2030000
2757000
2692000
7766000
1857000
1387000
1377000
1368000
1358000
1349000
1340000
1331000
1322000
1313000
1304000
1296000
1287000
1279000
1271000
1263000
1254000
1247000
1239000
1231000
1223000
1216000
1208000
1201000
1194000
1186000
1179000
1172000
1165000
1158000
1152000
1145000
2332000
1987000
1262000
1204000
1197000
1190000
1182000
7160000
1827000
1577000
1406000
1383000
1373000
1364000
1355000
1345000
1336000
1327000
1318000
1486000
2754000
1457000
1347000
1337000
1328000
1320000
1311000
1302000
1293000
1285000
1277000
1268000
1260000
1252000
1244000
1237000
3423000
6931000
2603000
1679000
1543000
2092000
2375000
1620000
1552000
1540000
1528000
3645000
10100000
3859000
2077000
1964000
1944000
1925000
1907000
1888000
1957000
2220000
2010000
1849000
1822000
1806000
1789000
1773000
1757000
1742000
1726000
1711000
3976000
1957000
1781000
1765000
1750000
1734000
1719000
1704000
1689000
6012000
2161000
1839000
1822000
1805000
1789000
1773000
1757000
1741000
1726000
1711000
1696000
1682000
1667000
1653000
3902000
1898000
1725000
1710000
1695000
2647000
1878000
2566000
1845000
3529000
1925000
1782000
1766000
1751000
1735000
1799000
2560000
1960000
1742000
1716000
1701000
1686000
1672000
1658000
1644000
2098000
2124000
1680000
1635000
1621000
1608000
2691000
1711000
1621000
1662000
1601000
1585000
1572000
1560000
1547000
1535000
1523000
1512000
1500000
1489000
1477000
1868000
1501000
1462000
4280000
1766000
1555000
1543000
1531000
1519000
1508000
2969000
1655000
2667000
1806000
1978000
2437000
7398000
3936000
2019000
1882000
1864000
1847000
1829000
1813000
1796000
1780000
1764000
1748000
1733000
1718000
1703000
1688000
1674000
1660000
1646000
1632000
1619000
1605000
1592000
1580000
1567000
1555000
1542000
1530000
1519000
1507000
1495000
1484000
1473000
1462000
1451000
1441000
1430000
1420000
1410000
1400000
1390000
1380000
1370000
1361000
1352000
2287000
1438000
1362000
1353000
1343000
2243000
1426000
1352000
1528000
1354000
1332000
1323000
1315000
1306000
1297000
1289000
1280000
1272000
1264000
1256000
1248000
1240000
1232000
1225000
1217000
1210000
1202000
1195000
1188000
1950000
2714000
3127000
1437000
1303000
1294000
1286000
1277000
1269000
1261000
1253000
1245000
1237000
1230000
1222000
1214000
1207000
1200000
1192000
1185000
1178000
1171000
1164000
1157000
1151000
1144000
1137000
1131000
1124000
1118000
1112000
1105000
1099000
1093000
1087000
1081000
1075000
1069000
1064000
1286000
1079000
1057000
1052000
1046000
1041000
1035000
1775000
2732000
1867000
1203000
1153000
1721000
1616000
1213000
1177000
1170000
1163000
1157000
1150000
1143000
1137000
1130000
1124000
1117000
1111000
1105000
1099000
1092000
1086000
1080000
1075000
1069000
1063000
1057000
1052000
1046000
1040000
1035000
1030000
1024000
1019000
1014000
1009000
1003000
998300
2278000
1161000
1045000
2677000
1540000
1194000
2201000
3528000
11220000
2448000
1665000
1645000
1631000
1617000
1604000
2332000
1666000
1601000
1588000
1575000
1563000
1550000
1538000
1526000
1514000
1503000
1491000
1480000
1469000
1458000
1448000
1437000
2727000
2131000
1764000
1502000
3031000
8213000
6992000
2333000
2010000
6395000
5583000
2446000
7050000
4681000
2598000
2432000
2402000
2373000
2345000
2317000
2290000
2263000
14090000
3581000
2712000
2675000
2639000
2604000
2570000
2536000
2504000
2472000
2442000
2412000
3808000
11760000
3664000
2793000
2739000
2702000
2665000
2629000
2594000
2561000
2528000
2495000
2464000
2434000
2905000
2434000
5276000
3300000
3277000
2540000
2456000
4552000
3752000
12350000
9956000
8199000
3603000
6487000
12440000
4410000
10250000
