1249000
1242000
1234000
1226000
1218000
1210000
1202000
1194000
1186000
1178000
1171000
1163000
1156000
1149000
1141000
1134000
1127000
1172000
1217000
1249000
1267000
1279000
1308000
1328000
1356000
1469000
1564000
1630000
1671000
1693000
1723000
1744000
1754000
1771000
1782000
1800000
1920000
2091000
2221000
2303000
2347000
2381000
2396000
2395000
2444000
2476000
2512000
2528000
2527000
2514000
2494000
2470000
2443000
2427000
2409000
2386000
2361000
2335000
2307000
2280000
2253000
2226000
2231000
2231000
2222000
2208000
2189000
2168000
2146000
2123000
2113000
2134000
2184000
2230000
2255000
2262000
2257000
2244000
2227000
2206000
2184000
2179000
2169000
2155000
2137000
2117000
2096000
2074000
2072000
2067000
2056000
2041000
2023000
2005000
1985000
1965000
1945000
1925000
1906000
1900000
1893000
1882000
1868000
1853000
1836000
1820000
1803000
1786000
1769000
1752000
1736000
1719000
1704000
1688000
1672000
1788000
1888000
1954000
1992000
2010000
2014000
2010000
1999000
2020000
2067000
2098000
2111000
2111000
2103000
2090000
2073000
2054000
2035000
2014000
1994000
1973000
1967000
1960000
1949000
1935000
1918000
1901000
1884000
1866000
1847000
1829000
1812000
1794000
1777000
1760000
1743000
1750000
1833000
1898000
1965000
2008000
2030000
2036000
2033000
2024000
2010000
1995000
1979000
1961000
1942000
1923000
1904000
1956000
1996000
2018000
2025000
2022000
2012000
1999000
1982000
1965000
1946000
1928000
1908000
1889000
1871000
1852000
1833000
1815000
1798000
1780000
1763000
1746000
1729000
1713000
1697000
1682000
1666000
1651000
1636000
1622000
1607000
1593000
1589000
1585000
1597000
1604000
1604000
1600000
1592000
1583000
1572000
1560000
1548000
1536000
1524000
1512000
1500000
1488000
1476000
1464000
1452000
1441000
1448000
1469000
1483000
1489000
1489000
1485000
1478000
1470000
1461000
1451000
1440000
1430000
1419000
1409000
1398000
1408000
1484000
1546000
1587000
1610000
1621000
1624000
1641000
1651000
1654000
1651000
1644000
1634000
1623000
1611000
1599000
1586000
1573000
1560000
1547000
1535000
1522000
1532000
1539000
1540000
1536000
1529000
1521000
1511000
1500000
1489000
1478000
1467000
1456000
1444000
1433000
1442000
1521000
1648000
1748000
1932000
2094000
2207000
2275000
2311000
2326000
2325000
2315000
2299000
2279000
2256000
2233000
2208000
2183000
2159000
2134000
2110000
2086000
2063000
2040000
2017000
1995000
1974000
1953000
1932000
1912000
1909000
1965000
2055000
2120000
2156000
2171000
2172000
2164000
2150000
2145000
2140000
2129000
2114000
2096000
2077000
2056000
2035000
2014000
1992000
1971000
1951000
1946000
1960000
1966000
1963000
1954000
1941000
1926000
1909000
1892000
1874000
1856000
1838000
1820000
1803000
1899000
2127000
2314000
2440000
2514000
2551000
2563000
2559000
2545000
2524000
2498000
2471000
2470000
2464000
2449000
2429000
2404000
2400000
2390000
2373000
2352000
2328000
2303000
2277000
2250000
2224000
2203000
2182000
2160000
2137000
2114000
2093000
2072000
2143000
2200000
2231000
2242000
2248000
2245000
2233000
2216000
2230000
2240000
2239000
2230000
2214000
2195000
2174000
2152000
2131000
2119000
2104000
2087000
2067000
2047000
2026000
2005000
2017000
2024000
2022000
2012000
1999000
1983000
1973000
2059000
2127000
2187000
2292000
2366000
2407000
2423000
2422000
2411000
2393000
2371000
2347000
2321000
2294000
2267000
2241000
2214000
2188000
2163000
2137000
2113000
2089000
2065000
2042000
2019000
1997000
1976000
1989000
1996000
1995000
1986000
1973000
2147000
2297000
2397000
2503000
2791000
3030000
3186000
3269000
3303000
3343000
3417000
3454000
3457000
3435000
3399000
3355000
3305000
3254000
3201000
3149000
3098000
3247000
3405000
3500000
3638000
3723000
3754000
3746000
3713000
3667000
3727000
3758000
3753000
3722000
3676000
3621000
3562000
3501000
3440000
3379000
3319000
3420000
3490000
3516000
3508000
3479000
3437000
3389000
3337000
3283000
3229000
3185000
3139000
3150000
3147000
3128000
3097000
3060000
3018000
2978000
2936000
2894000
2851000
2809000
2768000
2727000
2687000
2648000
2610000
2574000
2538000
2503000
2469000
2436000
2404000
2372000
2342000
2312000
2283000
2255000
2227000
2200000
2270000
2324000
2353000
2361000
2356000
2343000
2324000
2301000
2277000
2252000
2227000
2202000
2176000
2151000
2126000
2102000
2078000
2055000
2032000
2010000
1992000
1975000
1956000
1937000
1918000
1899000
1880000
1926000
2009000
2068000
2101000
2115000
2115000
2108000
2095000
2078000
2059000
2040000
2019000
2007000
2005000
1999000
1988000
1973000
1956000
1939000
1920000
1902000
1883000
1875000
1867000
1856000
1843000
1828000
1814000
1799000
1784000
1768000
1752000
1736000
1720000
1704000
1689000
1673000
1658000
1643000
1629000
1614000
1600000
1586000
1573000
1559000
1546000
1533000
1520000
1508000
1495000
1483000
1471000
1459000
1448000
1436000
1425000
1414000
1403000
1392000
1382000
1371000
1361000
1351000
1341000
1331000
1322000
1312000
1303000
1294000
1284000
1276000
1267000
1258000
1249000
1241000
1311000
1376000
1422000
1450000
1465000
1471000
1471000
1468000
1462000
1454000
1445000
1435000
1425000
1415000
1405000
1395000
1389000
1427000
1464000
1488000
1500000
1509000
1512000
1510000
1505000
1497000
1488000
1478000
1468000
1457000
1446000
1435000
1425000
1414000
1403000
1392000
1392000
1390000
1392000
1391000
1387000
1381000
1373000
1374000
1384000
1390000
1391000
1388000
1383000
1376000
1368000
1360000
1351000
1341000
1332000
1323000
1314000
1304000
1295000
1307000
1316000
1320000
1319000
1315000
1310000
1303000
1296000
1288000
1280000
1271000
1263000
1300000
1366000
1416000
1447000
1465000
1473000
1475000
1500000
1517000
1526000
1527000
1524000
1554000
1680000
1787000
1859000
1901000
1923000
1931000
1930000
1935000
2045000
2151000
2222000
2261000
2277000
2278000
2269000
2254000
2235000
2213000
2190000
2167000
2143000
2119000
2124000
2141000
2248000
2329000
2376000
2396000
2494000
2577000
2624000
2642000
2640000
2627000
2605000
2579000
2549000
2519000
2487000
2456000
2424000
2413000
2412000
2442000
2493000
2524000
2533000
2527000
2511000
2489000
2565000
2622000
2650000
2737000
2835000
2940000
3067000
3145000
3178000
3216000
3227000
3215000
3187000
3151000
3109000
3065000
3019000
2973000
2981000
2978000
2961000
2933000
2899000
2861000
2822000
2782000
2743000
2703000
2665000
2627000
2590000
2554000
2519000
2503000
2485000
2462000
2445000
2424000
2400000
2373000
2346000
2318000
2293000
2293000
2290000
2435000
2552000
2622000
2656000
2664000
2656000
2653000
2647000
2632000
2610000
2596000
2577000
2553000
2525000
2495000
2465000
2434000
2403000
2373000
2343000
2313000
2285000
2256000
2229000
2202000
2176000
2150000
2125000
2139000
2147000
2145000
2135000
2126000
2114000
2108000
2097000
2083000
2066000
2047000
2027000
2006000
1986000
1965000
1945000
1925000
1905000
1939000
1987000
2018000
2032000
2057000
2070000
2072000
2065000
2052000
2037000
2019000
2e+06
1980000
1960000
1941000
1921000
1901000
1882000
1863000
1844000
1826000
1808000
1790000
1773000
1755000
1739000
1786000
1870000
1931000
1967000
1984000
1987000
1983000
1973000
1959000
1943000
1926000
1908000
1890000
1871000
1853000
1835000
1817000
1799000
1782000
1765000
1748000
1742000
1735000
1725000
1713000
1700000
1686000
1672000
1667000
1661000
1652000
1641000
1629000
1616000
1603000
1590000
1577000
1564000
1551000
1538000
1525000
1512000
1500000
1488000
1476000
1464000
1452000
1441000
1429000
1460000
1484000
1498000
1503000
1503000
1498000
1491000
1483000
1473000
1463000
1452000
1442000
1458000
1470000
1476000
1475000
1471000
1464000
1456000
1447000
1437000
1427000
1416000
1406000
1396000
1385000
1375000
1365000
1355000
1345000
1335000
1325000
1316000
1327000
1343000
1353000
1371000
1382000
1387000
1386000
1383000
1377000
1370000
1361000
1353000
1344000
1335000
1326000
1316000
1307000
1298000
1289000
1280000
1277000
1273000
1268000
1261000
1254000
1254000
1289000
1316000
1333000
1342000
1344000
1351000
1354000
1353000
1350000
1344000
1337000
1329000
1321000
1312000
1303000
1295000
1286000
1277000
1268000
1288000
1333000
1368000
1389000
1400000
1404000
1403000
1399000
1393000
1385000
1377000
1368000
1359000
1375000
1572000
1754000
1888000
1975000
2027000
2055000
2066000
2066000
2058000
2045000
2029000
2012000
1993000
1973000
1954000
1934000
1914000
1895000
1876000
1857000
1838000
1820000
1802000
1784000
1767000
1750000
1733000
1717000
1701000
1685000
1670000
1655000
1640000
1625000
1611000
1597000
1583000
1569000
1556000
1543000
1530000
1517000
1504000
1492000
1480000
1468000
1456000
1445000
1434000
1422000
1411000
1400000
1390000
1379000
1369000
1359000
1349000
1339000
1329000
1319000
1310000
1301000
1291000
1282000
1273000
1265000
1256000
1247000
1239000
1232000
1248000
1261000
1267000
1269000
1267000
1263000
1288000
1318000
1338000
1349000
1411000
1462000
1495000
1522000
1575000
1693000
1788000
1851000
1911000
1950000
1969000
1975000
2033000
2075000
2097000
2104000
2100000
2089000
2074000
2057000
2038000
2026000
2072000
2105000
2171000
2328000
2635000
2927000
3293000
3561000
3722000
3801000
3823000
3810000
3774000
3725000
3668000
3606000
3544000
3481000
3418000
3594000
3726000
3792000
3804000
3784000
3743000
3691000
3633000
3597000
3554000
3504000
3586000
3646000
3743000
3791000
3795000
3770000
3726000
3672000
3613000
3551000
3489000
3500000
3550000
3576000
3569000
3698000
3821000
3882000
3893000
3869000
3826000
3770000
3709000
3664000
3614000
3558000
3499000
3439000
3378000
3464000
3522000
3538000
3524000
3491000
3447000
3396000
3355000
3310000
3261000
3210000
3158000
3228000
3298000
3329000
3327000
3305000
3270000
3227000
3223000
3224000
3208000
3179000
3141000
3099000
3054000
3008000
2962000
2916000
2871000
2827000
2943000
3032000
3077000
3087000
3075000
3049000
3016000
2977000
3015000
3035000
3033000
3013000
2984000
2948000
2909000
2869000
2944000
3227000
3446000
3577000
3636000
3648000
3633000
3769000
3965000
4085000
4131000
4126000
4090000
4035000
3970000
3899000
3826000
3753000
3681000
3610000
3542000
3490000
3441000
3388000
3333000
3299000
3260000
3216000
3169000
3120000
3071000
3022000
2974000
2927000
2881000
2836000
2832000
2820000
2799000
2846000
2878000
2896000
2893000
3076000
3270000
3394000
3453000
3468000
3455000
3423000
3417000
3403000
3374000
3334000
3288000
3238000
3187000
3136000
3085000
3035000
2986000
2938000
2899000
2859000
2818000
2777000
2777000
2909000
3170000
3592000
3972000
4226000
4372000
4483000
4523000
4509000
4470000
4437000
4472000
4469000
4430000
4475000
4481000
4448000
4389000
4384000
4362000
4314000
4248000
4173000
4151000
4113000
4059000
3993000
3921000
3847000
3773000
3699000
3628000
3558000
3491000
3503000
3590000
3662000
3735000
3997000
4215000
4333000
4371000
4357000
4311000
4247000
4249000
4444000
4608000
4683000
4851000
4937000
4958000
4923000
4854000
4765000
4667000
4565000
4462000
4361000
4263000
4167000
4075000
3986000
3901000
3819000
3741000
3665000
3593000
3523000
3456000
3391000
3329000
3269000
3211000
3155000
3101000
3049000
2999000
2950000
2903000
2910000
2908000
2892000
2937000
2992000
3017000
3017000
2999000
2971000
2936000
2898000
2858000
2817000
2777000
2737000
2784000
2815000
2823000
2812000
2790000
2762000
2729000
2695000
2659000
2623000
2588000
2552000
2518000
2484000
2451000
2418000
2387000
2356000
2326000
2297000
2268000
2240000
2213000
2186000
2160000
2136000
2115000
2094000
2072000
2050000
2028000
2006000
1985000
1964000
1943000
1922000
1902000
1883000
1863000
1845000
1826000
1808000
1843000
1870000
1884000
1886000
1880000
1871000
1858000
1843000
1928000
2146000
2326000
2445000
2514000
2548000
2559000
2553000
2538000
2539000
2627000
2741000
2823000
3003000
3196000
3321000
3383000
3401000
3390000
3465000
3508000
3514000
3494000
3458000
3413000
3362000
3325000
3660000
3933000
4096000
4167000
4177000
4150000
4242000
4289000
4286000
4248000
4189000
4118000
4042000
3964000
3921000
3871000
3812000
3747000
3729000
3842000
3996000
4082000
4206000
4266000
4271000
4238000
4182000
4114000
4039000
3962000
3884000
3807000
3732000
3658000
3587000
3518000
3452000
3388000
3326000
3266000
3208000
3153000
3105000
3058000
3100000
3124000
3123000
3103000
3072000
3035000
3001000
2987000
3034000
3059000
3068000
3057000
3033000
3e+06
2994000
2980000
3009000
3021000
3012000
2989000
2957000
2920000
2881000
2841000
2800000
2760000
2720000
2680000
2642000
2605000
2574000
2544000
2512000
2480000
2448000
2417000
2386000
2355000
2325000
2322000
2421000
2511000
2565000
2588000
2590000
2579000
2560000
2535000
2507000
2478000
2448000
2418000
2392000
2371000
2348000
2323000
2297000
2271000
2244000
2218000
2192000
2315000
2527000
2687000
2785000
2835000
2852000
2848000
2830000
2868000
2893000
2896000
2882000
2921000
2944000
2944000
2928000
2901000
2868000
2832000
2794000
2755000
2716000
2678000
2640000
2603000
2567000
2531000
2497000
2463000
2430000
2398000
2367000
2337000
2307000
2278000
2250000
2222000
2196000
2305000
2395000
2448000
2472000
2485000
2483000
2471000
2452000
2428000
2402000
2375000
2347000
2319000
2291000
2263000
2236000
2212000
2188000
2163000
2139000
2115000
2091000
2067000
2044000
2054000
2058000
2053000
2049000
2052000
2076000
2091000
2095000
2089000
2077000
2061000
2043000
2024000
2004000
1984000
1963000
1943000
1930000
1916000
1900000
1883000
1912000
1963000
2032000
2078000
2102000
2109000
2106000
2096000
2081000
2064000
2045000
2025000
2004000
1984000
1963000
1943000
1923000
1903000
1883000
1864000
1896000
2005000
2089000
2140000
2166000
2174000
2171000
2160000
2144000
2126000
2106000
2085000
2063000
2041000
2020000
1998000
1977000
1956000
1935000
1915000
1895000
1894000
1986000
2059000
2104000
2125000
2130000
2126000
2114000
2099000
2081000
2061000
2041000
2020000
1999000
1978000
1957000
1937000
1917000
1897000
1878000
1859000
1840000
1837000
1831000
1822000
1809000
1795000
1780000
1765000
1749000
1733000
1717000
1702000
1686000
1671000
1672000
1671000
1666000
1658000
1647000
1636000
1623000
1610000
1597000
1584000
1571000
1558000
1545000
1532000
1519000
1507000
1494000
1482000
1470000
1458000
1447000
1444000
1440000
1434000
1426000
1417000
1408000
1410000
1419000
1448000
1505000
1583000
1766000
1917000
2022000
2086000
2122000
2137000
2139000
2132000
2120000
2103000
2085000
2065000
2044000
2023000
2002000
1981000
1960000
1940000
1919000
1900000
1880000
1861000
1842000
1824000
1806000
1788000
1771000
1754000
1737000
1720000
1704000
1689000
1673000
1726000
1784000
1821000
1841000
1847000
1846000
1838000
1952000
2047000
2112000
2148000
2163000
2165000
2157000
2144000
2127000
2108000
2087000
2066000
2053000
2070000
2080000
2078000
2070000
2056000
2039000
2021000
2002000
1982000
1962000
1941000
1922000
1902000
1882000
1863000
1845000
1872000
2006000
2130000
2215000
2264000
2301000
2338000
2356000
2358000
2349000
2333000
2367000
2582000
2785000
2920000
2994000
3026000
3029000
3013000
2987000
2959000
2935000
2907000
2875000
2839000
2801000
2762000
2723000
2685000
2647000
2609000
2573000
2605000
2625000
2627000
2615000
2594000
2568000
2540000
2509000
2478000
2557000
2617000
2646000
2652000
2642000
2623000
2598000
2569000
2538000
2507000
2475000
2443000
2412000
2381000
2351000
2389000
2415000
2423000
2417000
2403000
2409000
2410000
2423000
2426000
2465000
2487000
2491000
2482000
2465000
2442000
2421000
2419000
2415000
2402000
2384000
2361000
2337000
2311000
2284000
2257000
2251000
2253000
2246000
2233000
2216000
2195000
2204000
2206000
2200000
2189000
2173000
2155000
2134000
2112000
2090000
2068000
2045000
2023000
2001000
1980000
1961000
1956000
1947000
1935000
1982000
2018000
2036000
2040000
2034000
2024000
2009000
2038000
2057000
2089000
2109000
2124000
2147000
2280000
2417000
2509000
2559000
2579000
2580000
2570000
2552000
2528000
2501000
2472000
2442000
2412000
2382000
2352000
2323000
2294000
2266000
2238000
2211000
2185000
2159000
2134000
2109000
2085000
2061000
2038000
2016000
1994000
1974000
1955000
1936000
1917000
1897000
1878000
1859000
1844000
1873000
1894000
1903000
1902000
1894000
1883000
1869000
1864000
1880000
1890000
1890000
1884000
1873000
1890000
1900000
1901000
1903000
1900000
1891000
1879000
1865000
1849000
1832000
1816000
1799000
1782000
1765000
1748000
1732000
1716000
1700000
1684000
1669000
1654000
1639000
1624000
1624000
1661000
1714000
1784000
1832000
1859000
1871000
1872000
1867000
1857000
1845000
1830000
1815000
1817000
1816000
1809000
1799000
1786000
1772000
1758000
1742000
1727000
1711000
1696000
1680000
1665000
1650000
1636000
1650000
1661000
1663000
1660000
1653000
1643000
1632000
1620000
1607000
1594000
1581000
1568000
1600000
1624000
1638000
1642000
1639000
1633000
1624000
1647000
1704000
1763000
1801000
1822000
1850000
1878000
1893000
1897000
1893000
1884000
1871000
1857000
1841000
1825000
1808000
1792000
1775000
1758000
1742000
1725000
1709000
1693000
1700000
1702000
1700000
1692000
1683000
1671000
1658000
1645000
1631000
1618000
1604000
1590000
1577000
1563000
1550000
1566000
1622000
1666000
1691000
1746000
1793000
1824000
1869000
1950000
2232000
2478000
2648000
2752000
2806000
2827000
2826000
2843000
2844000
2831000
2807000
2778000
2744000
2709000
2673000
2636000
2600000
2565000
2530000
2496000
2462000
2429000
2398000
2366000
2401000
2439000
2464000
2469000
2504000
2700000
2964000
3156000
3269000
3446000
3654000
3786000
4004000
4210000
4325000
4362000
4348000
4303000
4239000
4165000
4086000
4006000
4317000
4558000
4683000
4717000
4693000
4635000
4558000
4470000
4378000
4284000
4192000
4102000
4072000
4320000
4503000
4589000
4600000
4564000
4501000
4423000
4337000
4249000
4159000
4071000
3985000
3901000
3846000
3787000
3814000
3836000
3852000
3836000
3798000
3813000
3840000
4107000
4473000
4854000
5085000
5293000
5701000
5959000
