369500
368500
367500
366400
365400
364400
363400
362300
361300
360300
359300
358300
357400
356400
355400
354400
21280000
5020000
613800
358400
1041000
10020000
1278000
6559000
38590000
3973000
368100
367000
366000
6281000
1530000
422800
4986000
1663000
4956000
33490000
23020000
2246000
375700
374600
3464000
669400
372500
13600000
1641000
5519000
866000
372100
371100
370000
369000
367900
1765000
500400
365600
364600
363500
362500
361500
360500
359500
5790000
880400
359400
358400
357400
356400
355400
354500
839600
8561000
10140000
4410000
664600
358300
357300
356300
355300
354400
353400
2248000
534000
351500
350600
349600
348700
347800
4433000
739200
347100
346200
345200
344300
343400
342500
341600
340700
339800
338900
338100
337200
336300
335400
334600
333700
332900
332000
331200
330300
329500
328700
327800
327000
326200
22350000
2442000
332300
331500
330600
329800
329000
328100
2746000
8994000
1139000
330100
329300
328500
327600
326800
326000
325200
324400
323500
322700
321900
321100
320400
319600
318800
318000
317200
316500
315700
314900
314200
313400
312600
311900
311200
310400
15810000
1800000
6894000
947500
316900
316200
315400
314600
313900
313100
312400
311600
310900
310100
309400
9299000
1173000
311300
310600
309800
309100
308400
307600
306900
306200
305500
304800
304000
303300
302600
301900
301200
300500
299800
299100
298500
297800
297100
296400
295700
295100
294400
293700
293100
292400
291800
291100
290500
289800
289200
288500
287900
287200
286600
286000
285300
284700
284100
283500
282900
282200
281600
281000
280400
279800
279200
278600
278000
277400
276800
276300
275700
275100
274500
273900
273300
272800
272200
271600
271100
270500
269900
18320000
2004000
275600
275000
274400
273800
273200
272700
272100
271500
271000
270400
269800
269300
268700
268200
267600
267100
266500
266000
265400
264900
264300
263800
263300
262700
262200
261700
261200
260600
260100
259600
259100
258600
258100
257500
14050000
21100000
2138000
31900000
6952000
630500
281100
280500
279900
279300
278700
278100
277500
276900
276400
275800
275200
274600
274000
273500
272900
272300
271700
271200
270600
270000
269500
268900
268400
267800
3981000
12560000
1415000
271900
271300
270700
270200
269600
1281000
1516000
379000
268300
267700
267200
266600
266100
265500
265000
264400
263900
1783000
5742000
775600
264400
263900
263400
262800
262300
261800
261300
260700
260200
259700
259200
30530000
39170000
3731000
283000
282400
281800
281200
280600
280000
279400
278800
278200
5293000
759300
278400
277900
277300
4564000
688300
277300
276700
276100
275500
274900
274300
273800
1209000
440000
279900
271900
271300
729900
314300
22460000
2403000
277700
277100
1913000
433300
276000
275400
7611000
2119000
386200
276600
276000
275400
274800
274200
771500
2446000
477000
273000
272400
271900
271300
270700
8056000
1018000
272200
271600
271000
270500
1885000
24690000
2603000
4736000
16060000
1756000
285200
284600
284000
283400
282800
282100
281500
280900
280300
279700
279100
278500
277900
277300
276700
276100
275600
275000
274400
273800
273200
272700
1046000
346000
271300
270700
270100
47380000
4796000
284400
10080000
42220000
5668000
438800
300100
299500
4729000
9556000
1149000
302600
301900
301200
300500
299800
299100
298400
297800
297100
24970000
8713000
887300
13320000
2110000
365500
312000
311200
310500
12740000
1505000
314000
313300
312500
311800
311000
310300
309500
308800
308100
13750000
1600000
312100
311300
310600
309800
309100
308300
307600
306900
306200
305400
3821000
642300
304900
304200
303500
302800
302100
301400
300700
3e+05
299300
298600
297900
297200
296500
295900
295200
294500
293900
293200
292500
291900
291200
290600
289900
289300
288600
288000
287400
286700
286100
285500
284800
284200
283600
283000
282400
281800
281200
280500
279900
279300
278700
278100
277500
277000
276400
275800
275200
274600
274000
273500
272900
272300
271700
271200
270600
10680000
1270000
273100
272600
272000
271400
270800
270300
269700
269200
268600
268100
267500
267000
266400
265900
265300
264800
264200
263700
263200
262600
262100
261600
261100
260500
260000
259500
259000
258500
257900
257400
256900
256400
255900
255400
254900
254400
253900
253400
252900
252400
251900
251500
251000
250500
250000
249500
249100
248600
248100
247600
247200
246700
246200
245800
245300
244800
244400
243900
243500
243000
242500
242100
241600
241200
240700
240300
239900
239400
239000
238500
238100
237700
5640000
2041000
363500
240200
239700
239300
238900
238400
238000
237500
237100
236700
236300
235800
235400
235000
234500
4178000
2710000
438300
237300
982100
308300
236500
236100
235600
235200
234800
234400
233900
233500
233100
232700
232300
231900
231400
231000
230600
230200
229800
229400
229000
228600
228200
2280000
425300
228400
228000
227600
227200
226900
226500
226100
225700
225300
224900
224500
224100
223700
3767000
564600
225000
224600
224300
223900
223500
223100
222700
222300
222000
221600
14450000
13650000
1390000
234900
234500
234000
233600
8397000
1019000
237100
236700
236300
11260000
33600000
3703000
287000
252400
251900
251400
251000
3276000
28480000
7131000
664000
261900
261300
260800
260300
259800
259300
258700
258200
257700
257200
256700
5454000
4740000
23160000
2424000
266400
265900
19340000
4285000
482100
272200
271600
271000
270500
269900
269400
268800
268200
267700
267100
3013000
3440000
8287000
8101000
1210000
296900
271600
271000
270400
19860000
2153000
276700
15150000
8676000
8437000
11280000
1275000
289700
5515000
791000
290000
289400
288700
288100
287400
286800
286200
7917000
1019000
287500
286900
286300
285600
285000
284400
283800
283200
282500
281900
281300
280700
280100
1669000
412600
278900
1821000
426000
277700
277100
276600
276000
275400
5296000
1191000
33300000
3447000
288000
287400
286800
286100
1783000
1712000
408300
284800
2488000
495500
283900
283200
282600
282000
281400
280800
280200
279600
279000
278400
277800
277200
276600
276000
275400
274900
1040000
347300
273400
272900
272300
322000
2408000
658100
288500
270400
269900
269300
268700
268200
267600
267100
266500
266000
3950000
6511000
832300
267600
5490000
768700
268000
267500
266900
266400
265800
265300
264800
264200
263700
263100
262600
262100
261600
261000
260500
260000
259500
259000
258400
257900
2572000
13160000
1476000
261700
261100
260600
260100
259600
259000
258500
258000
257500
257000
256500
256000
255500
255000
254500
254000
253500
253000
252500
252000
251500
251000
250600
250100
249600
249100
248600
248200
247700
247200
246800
246300
245800
245400
244900
244400
244000
243500
243100
242600
242200
241700
241300
240800
240400
239900
239500
239000
238600
238200
237700
237300
236900
236400
236000
235600
235100
234700
234300
233900
233500
233000
232600
232200
231800
231400
231000
230600
230200
229700
229300
228900
228500
228100
227700
227300
226900
226500
226100
225800
225400
225000
224600
224200
223800
223400
223000
222700
222300
221900
221500
221100
220800
220400
220000
219700
219300
218900
218500
218200
217800
217400
217100
216700
216400
8566000
1021000
220900
220500
220200
1309000
324400
219800
219400
219000
218700
218300
217900
217600
217200
216900
216500
216100
215800
215400
10360000
1192000
221200
220800
220400
220100
219700
219300
218900
218600
218200
217800
386400
64460000
6390000
240100
239700
239200
238800
238300
237900
237500
237000
236600
236200
235700
235300
234900
234500
234000
233600
233200
232800
232400
232000
231500
231100
230700
230300
229900
229500
229100
228700
228300
227900
227500
227100
226700
226300
225900
225500
225100
224700
224300
224000
223600
223200
222800
222400
222000
221700
221300
220900
220500
220200
219800
219400
219100
218700
218300
218000
217600
217200
216900
216500
216100
215800
215400
215100
214700
214400
214000
213700
213300
213000
212600
212300
211900
211600
6002000
4221000
547100
216300
20340000
2153000
225900
2860000
11320000
25200000
2718000
260400
6317000
826400
244300
243900
15190000
1680000
248500
248100
247600
247100
246600
246200
245700
1580000
14690000
1621000
1.2e+07
25760000
38150000
11380000
25110000
2596000
288300
287600
287000
286400
285700
285100
284500
283900
283300
282600
282000
30920000
3227000
292900
292200
291500
290900
290200
289600
3317000
579600
289000
18520000
3131000
10450000
1262000
298500
297800
297100
296500
295800
295100
294400
9009000
8299000
1920000
388700
20650000
7080000
770400
307700
307000
306300
305500
304800
1717000
439400
303300
302600
301900
301200
19240000
2122000
307700
307000
306200
305500
304800
304100
303400
302700
302000
301300
16510000
5131000
621300
307200
306500
305800
305100
4245000
3081000
535400
305100
304400
303700
303000
302300
301600
300900
300200
299500
21990000
2385000
307200
306400
305700
305000
304300
303600
9908000
1226000
305800
305100
304300
303600
302900
302200
14460000
38380000
3835000
318200
317400
316700
315900
21300000
14930000
1535000
327900
327100
326300
325500
324700
323800
323000
322200
321400
320600
319900
319100
318300
317500
316700
316000
315200
314400
313700
312900
312200
311400
310700
309900
309200
308500
307700
307000
306300
3086000
1207000
1979000
460100
33480000
11130000
1050000
318300
317500
316700
315900
315200
314400
313700
312900
312200
311400
310700
309900
309200
308400
307700
307000
306300
305500
304800
304100
303400
24140000
28500000
35330000
10890000
1845000
1692000
5899000
857000
335000
334200
2739000
9645000
1207000
336500
10230000
1287000
338800
337900
6250000
1740000
418600
337800
336900
4855000
770100
336600
335700
334800
334000
333100
332300
331400
330600
329700
328900
11860000
4508000
6521000
30830000
6812000
690100
344300
343400
342500
341600
7792000
25420000
6559000
722700
16980000
1948000
1156000
430700
353000
352100
351100
350200
349200
348300
347400
346400
345500
344600
343700
342800
341900
341000
340100
339200
338300
337500
336600
335700
334800
334000
333100
332300
331400
330600
329700
328900
328100
327300
326400
930200
383000
324300
323500
322700
321900
321100
320300
319500
318700
317900
7498000
1007000
319000
318200
317400
316700
315900
315100
314400
313600
312900
312100
311400
310600
309900
309100
308400
307700
306900
306200
305500
304800
304100
303400
302700
302000
301300
300600
299900
299200
298500
297800
297100
296400
295800
295100
294400
293800
293100
292400
291800
291100
5527000
793400
291400
290800
290100
289500
288900
288200
26550000
39860000
3858000
309900
309200
308500
307700
307000
306300
4276000
18550000
11250000
2707000
23800000
12220000
1255000
329400
328500
327700
14350000
1675000
332100
331200
330400
329600
328700
2330000
55390000
5597000
341200
340300
339400
338500
16330000
1875000
342500
341600
340700
339800
338900
338000
4319000
719500
337400
336500
6415000
19350000
12270000
1321000
11820000
1450000
350300
349300
348400
347400
346500
345600
344700
343800
342900
342000
341100
340200
339300
338400
337500
336600
335800
334900
334000
333200
11260000
1383000
336100
335200
334300
333500
733100
3974000
11750000
1397000
1752000
472000
335700
334800
5357000
816500
9137000
1181000
337400
336500
335600
334800
333900
333100
332200
331400
330500
329700
328800
328000
327200
326400
325500
324700
323900
323100
322300
321500
320700
1608000
23220000
5447000
610000
327900
327100
326200
325400
324600
323800
323000
322200
321400
320600
319800
319000
318300
317500
316700
315900
315200
314400
26620000
25340000
2485000
330300
329500
328600
327800
327000
6566000
1737000
405600
327100
10680000
1659000
362200
329000
328200
327400
326500
325700
324900
324100
323300
322500
321700
320900
320100
319300
318500
317800
317000
316200
315400
314700
313900
313200
312400
311700
10920000
1331000
314300
313600
1140000
391600
311700
311000
310200
309500
308800
308000
307300
306600
305800
305100
304400
303700
303000
302300
301600
300900
300200
299500
298800
298100
297400
296800
296100
4258000
1354000
361000
295400
294800
294100
293400
292800
292100
291500
290800
290200
289500
288900
288200
287600
1305000
7930000
9921000
1146000
291900
291300
290600
290000
289300
288700
288000
287400
286800
286100
285500
284900
284300
283600
283000
282400
281800
17250000
1913000
287100
286500
285900
285200
284600
284000
283400
282700
282100
281500
280900
280300
279700
279100
278500
277900
277300
276700
276100
12260000
1428000
279300
278700
278100
277500
276900
276300
275800
275200
274600
274000
273400
272900
272300
271700
271200
270600
270000
269500
268900
268400
267800
267300
266700
266200
265600
265100
264500
264000
263500
262900
262400
261900
261300
260800
260300
259800
259300
258700
258200
257700
257200
256700
256200
255700
255200
254700
254200
253700
253200
252700
252200
251700
251200
250800
250300
249800
249300
248800
248400
247900
247400
4455000
13570000
13030000
38580000
3834000
269800
269300
268700
268200
267600
267100
266500
266000
265400
264900
264300
263800
263300
262700
262200
261700
261200
260600
260100
259600
259100
258600
258100
257500
257000
256500
256000
255500
255000
254500
254000
6779000
4857000
637300
256000
255500
255000
254500
32970000
3399000
1232000
358000
264900
264400
263800
263300
262800
262200
261700
261200
1068000
7977000
994300
262400
261800
261300
260800
260300
259800
259200
258700
258200
257700
257200
256700
256200
255700
11840000
30530000
6752000
1079000
314200
3287000
4802000
678000
271300
270700
270100
11610000
40090000
9072000
775100
288400
287700
287100
286500
285800
556900
1686000
927400
333200
283600
283000
282400
281800
281200
280600
280000
279400
12110000
1415000
282500
281900
281300
280700
280100
279400
278800
20550000
2228000
285500
284900
284300
283700
283100
282400
281800
281200
280600
280000
279400
278800
278200
12060000
1410000
281300
280700
280100
5393000
1282000
4883000
990500
9752000
1189000
284200
283600
282900
282300
670000
4821000
1582000
365400
281700
281100
280500
279900
279300
278700
2529000
2898000
509000
278200
277600
277000
5997000
825900
277600
538400
301600
276000
275400
274800
274200
273600
273100
272500
271900
271400
270800
2116000
447100
269800
15260000
1710000
274200
273600
273100
272500
271900
7688000
983900
6281000
1633000
2445000
4896000
28310000
9382000
907100
288800
288200
287500
286900
286300
285600
285000
284400
283800
283200
282500
281900
281300
280700
280100
279500
278900
278300
277700
277100
276500
275900
275400
274800
274200
273600
273000
272500
271900
271300
270800
270200
269600
269100
268500
268000
267400
266900
266300
265800
265200
264700
1722000
403800
263700
263100
262600
4705000
688700
262700
1117000
343900
261500
261000
260400
259900
259400
258900
258400
257900
257300
256800
256300
255800
255300
254800
254300
253800
253300
252800
252400
1e+06
8069000
10440000
1162000
256700
256200
255700
255200
254700
254200
253700
253200
252700
252200
251700
251200
250700
250200
249800
249300
248800
248300
247900
247400
246900
246500
246000
245500
245100
244600
244100
243700
243200
242800
242300
241900
241400
241000
240500
240100
239600
239200
238800
238300
237900
237400
3110000
12470000
5938000
681100
245000
4353000
3670000
537000
246400
245900
245500
245000
244500
244100
243600
243200
242700
242300
241800
241400
240900
240500
240000
239600
239100
238700
238300
237800
237400
237000
236500
236100
235700
235200
234800
234400
234000
233600
233100
5209000
870100
250700
12140000
3456000
779400
8239000
14260000
55420000
5912000
312700
265900
265400
264800
264300
4041000
626300
264200
263600
263100
262600
262000
261500
261000
260400
259900
259400
258900
258400
257900
257400
256800
6274000
3859000
1813000
379800
8546000
33990000
21510000
2065000
444700
17360000
14060000
1453000
18930000
9549000
1015000
299200
298500
297800
297100
296500
295800
295100
44880000
4578000
307600
306800
306100
305400
304700
304000
303300
302600
301900
301200
5641000
34010000
4080000
369400
312300
311600
310800
310100
309400
308600
307900
307200
306400
305700
2107000
477600
11470000
3742000
3430000
586800
309000
8474000
5332000
33940000
22100000
15300000
1599000
9643000
28240000
3254000
20430000
