1286000
1283000
1248000
1210000
1175000
1142000
1110000
1080000
1052000
1025000
999900
975700
952700
930700
909700
889600
870500
1627000
1801000
1741000
1669000
1633000
2040000
2007000
2267000
6025000
5704000
4958000
4390000
3942000
4197000
3939000
3586000
3722000
3543000
3687000
8173000
12050000
9624000
7582000
6290000
5838000
5124000
4519000
5699000
5188000
5216000
4683000
4174000
3768000
3435000
3157000
2922000
2841000
2667000
2498000
2350000
2218000
2101000
1995000
1900000
1814000
2030000
1974000
1881000
1796000
1719000
1648000
1582000
1522000
1502000
1820000
2289000
2443000
2330000
2201000
2085000
1981000
1887000
1802000
1724000
1758000
1698000
1629000
1565000
1506000
1452000
1401000
1523000
1491000
1438000
1388000
1341000
1298000
1257000
1219000
1183000
1150000
1118000
1087000
1059000
1032000
1006000
981500
958100
935900
914700
894400
875000
856400
838700
821600
805200
789500
774400
1624000
1682000
1614000
1551000
1493000
1440000
1390000
1343000
1433000
1780000
1758000
1683000
1615000
1553000
1495000
1441000
1391000
1344000
1301000
1260000
1222000
1186000
1152000
1120000
1089000
1061000
1033000
1008000
983000
959600
937300
916000
895700
876200
857600
839800
822700
1426000
1464000
1702000
1674000
1606000
1544000
1487000
1434000
1384000
1338000
1295000
1255000
1217000
1181000
1147000
1525000
1527000
1470000
1418000
1370000
1325000
1282000
1243000
1205000
1170000
1137000
1106000
1076000
1048000
1022000
996500
972500
949600
927800
906900
887000
867900
849600
832100
815300
799200
783700
768800
754400
740600
727300
714400
702000
690100
678500
667300
656500
646000
635900
626000
616500
607300
598300
589600
581100
572900
564900
557200
549600
542200
535100
528100
549900
546700
539400
532300
525400
518700
512100
505700
499500
493400
487500
481700
476100
470500
465100
893900
935900
914600
894400
875000
856400
848400
832400
815600
799400
783900
769000
754700
740800
727500
714600
702200
690300
678700
667500
656700
646200
636000
626200
616600
607400
598400
589700
581300
573000
565000
557300
549700
542400
535200
528200
929100
1695000
1729000
4177000
4549000
4131000
3733000
3406000
3133000
2902000
2702000
2529000
2377000
2242000
2122000
2015000
1918000
1830000
1749000
1676000
1609000
1546000
1489000
1436000
1386000
1340000
1296000
1256000
1218000
1182000
1434000
2001000
1987000
1892000
1806000
1728000
1657000
1591000
1584000
1582000
1529000
1472000
1420000
1372000
1326000
1284000
1244000
1207000
1172000
1138000
1168000
1329000
1312000
1271000
1232000
1195000
1161000
1128000
1097000
1068000
1041000
1015000
989600
966100
2299000
6649000
6212000
5332000
4677000
4170000
3764000
3432000
3155000
2920000
2718000
2543000
2758000
2630000
2466000
2321000
2193000
2345000
2252000
2131000
2022000
1925000
1836000
1755000
1681000
1613000
1594000
1542000
1485000
1432000
1383000
1354000
1312000
2413000
2433000
2293000
2167000
2152000
2056000
1955000
1863000
2190000
2202000
2096000
1991000
1896000
1810000
1732000
1660000
1616000
1651000
1599000
1538000
1481000
1428000
1379000
1333000
1612000
1595000
1534000
1477000
1425000
1376000
1394000
2739000
2753000
2916000
4279000
4064000
3678000
3361000
3095000
2869000
2674000
2504000
2355000
2223000
2105000
1999000
1904000
1817000
1738000
1665000
1599000
1537000
1480000
1428000
1379000
1333000
1290000
1250000
1293000
1265000
1226000
1190000
1157000
4341000
4330000
3895000
4683000
13710000
11380000
8641000
6980000
5878000
5775000
6539000
5773000
5009000
4430000
3973000
3604000
3299000
3043000
2824000
2635000
2472000
4848000
5498000
4928000
6303000
5757000
5010000
4430000
3974000
3606000
4734000
4416000
3962000
3595000
3292000
3037000
2819000
2630000
2466000
2321000
2193000
3207000
3122000
2892000
2694000
2522000
2371000
2237000
2117000
2010000
1914000
1826000
1746000
1925000
1872000
1788000
1711000
1641000
1576000
1517000
1461000
1410000
1362000
1317000
1275000
1236000
1199000
1165000
1132000
1101000
1072000
1044000
1017000
992400
968500
945800
924100
903400
883700
864700
846600
829200
887200
878800
860100
842100
824900
808400
792600
777300
762600
748500
734900
721800
709100
696900
685100
673700
662700
652000
641700
631700
622000
612600
603400
594600
586000
577600
569500
663400
935200
952000
930100
909100
889100
869900
851600
834000
817100
800900
785300
770400
756000
742100
728700
715800
703400
691300
679700
668500
657600
647100
636900
627100
617500
608200
599200
590500
582000
573800
565800
558000
550400
543000
535800
528900
522000
515400
508900
502600
496500
490500
484600
478900
473300
467800
462500
457300
452200
447200
442300
437600
432900
428300
423900
419500
415200
411000
406900
402800
398900
395000
391200
387500
383800
380200
376700
373200
369800
366500
363200
360000
356800
353700
543800
587900
582900
574700
566600
558800
551200
543800
536600
529600
522800
516100
509600
503300
497100
491100
485200
593800
643800
639700
629800
637100
629700
620100
610700
601600
592800
584300
576000
567900
560100
552400
545000
537800
530700
523900
517200
510700
504300
498100
492100
486200
480400
475600
532500
534500
527600
520800
514200
507700
501500
495300
489400
483500
477800
472300
466800
461500
456300
518300
521300
514700
508200
501900
495800
489800
484000
478300
472700
467200
461900
726600
1092000
1111000
1081000
1053000
1026000
1001000
1260000
1262000
1224000
1188000
1154000
1565000
4077000
4068000
3687000
3369000
3101000
2874000
2679000
2734000
5821000
6153000
5388000
4720000
4203000
3791000
3455000
3174000
2936000
2732000
2555000
2400000
2263000
2141000
2366000
2550000
4656000
4458000
3996000
3625000
5723000
5633000
4953000
4386000
3938000
3575000
3275000
3022000
2806000
2620000
2457000
2313000
2186000
2248000
2335000
2775000
3258000
3113000
2888000
2690000
2518000
2368000
3927000
3800000
3463000
4855000
5519000
6112000
7231000
6311000
5404000
5473000
4892000
4338000
3900000
3544000
3249000
3e+06
2787000
2604000
3041000
2908000
2708000
2534000
2381000
2246000
2126000
2018000
1920000
1832000
1752000
1678000
1610000
1548000
1490000
1510000
1465000
1414000
1426000
1386000
1340000
1297000
1256000
1218000
1182000
1328000
1328000
3330000
3348000
3084000
2859000
2666000
2497000
2461000
2418000
2291000
2166000
2186000
2091000
1986000
1892000
1806000
1728000
1656000
1591000
1530000
1473000
1421000
1373000
1327000
1285000
1245000
1207000
1172000
1139000
1188000
1165000
1133000
1102000
1072000
1053000
1090000
1076000
1049000
1022000
996800
972700
949800
927900
907100
887100
868100
849800
977000
1150000
1144000
1112000
1257000
1243000
1206000
1171000
1138000
1106000
1077000
1049000
1022000
996900
972800
949900
928100
907200
887300
868200
849900
832400
815600
799400
783900
769000
913700
1315000
1330000
1287000
1247000
1210000
1174000
1141000
1110000
1080000
1052000
1025000
999400
975200
952200
930200
909200
889200
870000
851700
834100
817200
801000
785400
770500
756100
742200
728800
715900
703400
691400
679800
668600
657700
647200
637000
627100
617600
608300
599300
590600
582100
573800
565800
558000
550500
543100
535900
528900
522100
515500
509000
502700
496500
490500
484700
478900
473300
467900
462600
457300
476200
474000
468600
463200
458000
452900
447900
443000
438200
433500
428900
424500
420100
415800
411500
407400
403400
399400
395500
391700
388000
384300
380700
377100
415200
416900
412700
408500
404500
400500
396600
392700
389000
385300
381700
378100
374600
371200
367800
364500
361300
358100
355000
351900
348900
345900
343000
491400
507000
500800
494600
488700
505000
502000
495800
489800
484000
478300
472700
467300
461900
456700
451700
446700
441800
437100
462700
647900
664100
653400
643000
632900
623200
613800
604600
595700
587100
578700
570500
595800
4114000
4184000
3776000
3442000
3163000
2927000
2724000
2548000
2394000
2257000
2136000
2027000
1929000
1840000
1758000
1684000
1616000
1553000
1495000
1442000
1392000
1345000
1301000
1260000
1222000
1186000
1152000
1120000
1090000
1061000
1034000
1008000
983300
959900
937500
916200
895900
876400
857800
840000
822900
806400
790600
775500
760900
746800
733300
720200
707600
695500
683700
672300
661400
650700
640400
630500
620800
611400
602300
593500
584900
576600
568500
560600
553000
545600
538300
531300
524400
517700
511200
504800
498600
492500
486600
480900
663900
760700
758200
744200
1376000
1421000
1372000
1446000
1985000
4029000
3955000
3593000
3929000
3659000
3345000
3083000
4402000
4166000
3761000
3430000
3153000
2918000
2717000
2542000
2388000
2352000
3369000
3261000
4202000
8017000
19860000
16920000
22580000
14490000
10010000
7810000
6442000
5498000
4803000
4269000
3844000
3498000
3210000
2967000
2762000
6263000
5861000
5075000
4480000
4014000
3637000
3327000
3066000
3099000
2909000
2709000
4274000
4216000
5067000
4651000
4149000
3747000
3418000
3143000
2910000
2710000
2536000
3064000
3594000
3472000
3203000
5309000
5695000
5055000
4465000
4001000
3627000
3318000
3059000
2965000
2775000
2592000
2433000
2292000
2167000
3558000
3469000
3186000
2947000
2741000
2563000
2407000
2269000
2146000
2036000
1937000
1848000
2854000
3081000
2896000
2697000
2525000
2373000
2239000
2389000
2450000
2330000
2200000
2085000
1981000
1887000
1802000
1724000
1653000
1587000
1527000
2821000
2820000
2632000
2467000
2323000
2194000
2079000
1976000
2507000
2446000
2303000
2177000
2064000
1962000
1870000
1786000
2635000
7228000
6659000
5652000
4919000
4359000
3920000
6446000
8392000
7181000
6017000
5190000
4569000
4084000
3694000
3374000
3106000
2878000
2682000
2512000
2362000
2229000
2110000
2004000
1908000
1821000
1741000
1668000
1602000
1540000
1483000
1430000
1381000
1335000
1292000
1252000
1214000
1178000
1145000
1377000
1394000
1413000
1374000
3377000
4197000
3902000
3545000
3250000
3001000
2788000
2611000
2508000
2367000
2234000
2115000
2008000
1911000
1824000
1744000
1671000
1604000
1542000
1485000
1432000
1383000
1336000
1370000
2669000
5549000
12730000
12570000
9770000
7977000
7661000
6501000
5540000
4836000
4618000
5379000
4885000
4334000
5171000
4735000
4215000
3802000
4110000
3896000
3554000
3257000
3007000
3200000
3017000
2801000
2615000
2453000
2310000
2183000
2069000
1967000
1874000
1790000
1806000
2440000
2612000
2929000
6302000
6481000
5616000
4892000
4338000
3900000
3545000
4023000
7240000
7266000
6189000
8279000
7169000
6147000
5305000
4657000
4154000
3751000
3421000
3146000
2912000
2712000
2537000
2384000
2249000
2128000
2020000
1922000
1834000
1753000
1680000
1612000
1549000
1492000
1438000
1388000
1342000
1298000
1258000
1220000
1184000
1150000
1118000
1088000
1059000
1136000
1279000
1262000
1224000
1188000
1154000
1121000
1091000
1062000
1035000
1009000
984300
1227000
1229000
1192000
1158000
1126000
1095000
1066000
1039000
1012000
987600
964000
941500
920000
899500
879900
861100
843100
825900
809300
793400
778200
763500
749300
735700
722500
709900
697600
685800
674400
663300
652600
642300
632200
622500
613100
603900
595100
586500
578100
570000
562000
554400
685600
693900
682200
670900
659900
649300
639100
629200
1336000
3951000
3932000
3570000
3271000
3019000
2803000
2617000
2455000
2588000
4116000
5116000
4880000
8325000
9564000
7885000
6491000
5533000
4832000
6384000
5750000
4992000
4416000
3963000
3595000
3292000
3232000
13600000
1.1e+07
8366000
6805000
5755000
4999000
6851000
6128000
5271000
4631000
4133000
3735000
3408000
3135000
3248000
3048000
2829000
2640000
2937000
4633000
5808000
5240000
6293000
5630000
4903000
4346000
3907000
3550000
3254000
3004000
2791000
2606000
2445000
2303000
2176000
2063000
1961000
1869000
1786000
1709000
1639000
1574000
1515000
1460000
1960000
1946000
1856000
1773000
1698000
1629000
1587000
1693000
2255000
2219000
2186000
2084000
1980000
1887000
2076000
2012000
2456000
2389000
2253000
2132000
2024000
1926000
1837000
1756000
1682000
1614000
1552000
1494000
1440000
1390000
1344000
1300000
1259000
1221000
1185000
1151000
1119000
1089000
1060000
1102000
2046000
2259000
2162000
2051000
1950000
1859000
1776000
1701000
1631000
1567000
1508000
1453000
1403000
1355000
1311000
1269000
1231000
1194000
1160000
1127000
1097000
2349000
4471000
4291000
3862000
3513000
3223000
2978000
2769000
3146000
3060000
2849000
2657000
3340000
3227000
2986000
2775000
2592000
2433000
2292000
2167000
2055000
1954000
1862000
1779000
1703000
1634000
1570000
1510000
1455000
1404000
1357000
1313000
1271000
1232000
1195000
1161000
1128000
1098000
1714000
1734000
1662000
1596000
1576000
1522000
1467000
1415000
1367000
1322000
1280000
1240000
1203000
1168000
1135000
1104000
1074000
1047000
1020000
994800
970900
948000
926300
905500
885600
866600
848400
830900
839900
991700
1010000
988300
964700
942200
920600
900100
880500
861700
843700
826400
809800
793900
778600
763900
749700
832600
1027000
1325000
1325000
1282000
1243000
1205000
1170000
1137000
1106000
1076000
1048000
1022000
996500
972400
949500
927700
906800
886900
867800
871600
1596000
1638000
1574000
1514000
1459000
1408000
1360000
1316000
1274000
1235000
1198000
1163000
1131000
1100000
1070000
1043000
1016000
991400
967600
944900
923300
1486000
1515000
1460000
1409000
1361000
1316000
1275000
1235000
1199000
1164000
1131000
1100000
1071000
1043000
1017000
991800
968000
945300
923700
903000
883200
864300
846200
828900
812200
796200
780800
766000
751800
738000
724800
712000
699700
687800
676300
665200
654500
644000
634000
624200
614700
605500
596600
587900
579500
571400
563400
555700
548200
540900
533700
526800
520000
513500
507000
500800
494700
488700
482900
477200
471700
466200
476000
601500
883800
1256000
3788000
3792000
3455000
3174000
2937000
2733000
2556000
2400000
2263000
2141000
2032000
1933000
1843000
1762000
1688000
1619000
1556000
1498000
1444000
1394000
1347000
1303000
1262000
1224000
1188000
1154000
1121000
1091000
1062000
1035000
1009000
984300
960900
1239000
1392000
1366000
1321000
1279000
1239000
1203000
3049000
3087000
2940000
2747000
2568000
2411000
2273000
2150000
2039000
1940000
1850000
1768000
1741000
2078000
2032000
1933000
1844000
1762000
1688000
1619000
1556000
1498000
1444000
1394000
1347000
1303000
1262000
1224000
1188000
1612000
3775000
4139000
3846000
3506000
3499000
3660000
3404000
3132000
2900000
2702000
3496000
10090000
10030000
8025000
6584000
5599000
4879000
4328000
3892000
3573000
3406000
3196000
2962000
2754000
2574000
2417000
2278000
2154000
2043000
1944000
1853000
2489000
2442000
2300000
2174000
2061000
1960000
1868000
1784000
1708000
2953000
2929000
2726000
2550000
2395000
2259000
2137000
2028000
1930000
1840000
1759000
1685000
1617000
1554000
1496000
2040000
2025000
1927000
1838000
1757000
1946000
1920000
2085000
2032000
2528000
2460000
2316000
2188000
2074000
1971000
1901000
2063000
2045000
1952000
1860000
1777000
1702000
1632000
1568000
1509000
1564000
1627000
1578000
1519000
1463000
1412000
1610000
1583000
1523000
1479000
1428000
1379000
1333000
1290000
1250000
1213000
1177000
1144000
1112000
1082000
1054000
1094000
1075000
1047000
1573000
1591000
1530000
1474000
1422000
1373000
1328000
1614000
1598000
1819000
1819000
1851000
2020000
4363000
5084000
4607000
4115000
3719000
3395000
3124000
2893000
2695000
2523000
2372000
2238000
2118000
2011000
1914000
1827000
1747000
1673000
1606000
1544000
1487000
1434000
1384000
1338000
1295000
1254000
1216000
1181000
1147000
1115000
1085000
1057000
1030000
1004000
979600
956300
934200
913200
893000
873700
855200
837400
820400
804100
788400
920500
920900
900300
880700
861900
972200
967600
944900
950700
932700
911600
891500
872200
853800
836100
819100
802900
787200
772200
757700
743800
730300
717400
704900
692800
681100
669900
659000
648400
761900
953000
1252000
1256000
1218000
1182000
1148000
1116000
1086000
1058000
1031000
1005000
980400
957200
935000
913800
893600
874200
855700
837900
820900
804500
788800
773700
759200
745200
731700
718700
706200
694000
682300
671000
660100
649500
639200
629300
619700
610300
601300
651200
649200
639000
629000
619400
610100
601000
702100
1006000
1170000
1158000
1125000
1241000
1337000
1310000
1268000
1229000
1193000
1158000
1126000
1095000
1066000
1039000
1013000
987900
964300
941800
920300
899800
880200
861400
843400
826100
809600
793700
778400
763700
749500
735900
722700
710000
697800
686000
674500
663500
652800
890300
910900
891500
1248000
1352000
1335000
1635000
2383000
11110000
9647000
7617000
6313000
5405000
4733000
4214000
4250000
3894000
3539000
3245000
2997000
2784000
2601000
2440000
2298000
2172000
2060000
1958000
1867000
1783000
1707000
1637000
1573000
1862000
1990000
1987000
1902000
2297000
5864000
9274000
7909000
6543000
9038000
10810000
8740000
11910000
11710000
9097000
7264000
6074000
5231000
4600000
4109000
3715000
3402000
10980000
9365000
7427000
6185000
5312000
4662000
4158000
3755000
3424000
3148000
2914000
2714000
2970000
7149000
6675000
5680000
4940000
4376000
3930000
3569000
3270000
3018000
2802000
2616000
2454000
2311000
2307000
2199000
2859000
2964000
3016000
2835000
2645000
3120000
3360000
7919000
11910000
13730000
10400000
10410000
17220000
12590000
