981400
981600
981100
979900
978000
975600
973000
970300
967400
964400
961400
958300
955200
951900
948500
945000
941400
958000
976900
995500
1007000
1011000
1022000
1033000
1048000
1098000
1144000
1189000
1218000
1229000
1248000
1264000
1274000
1288000
1299000
1317000
1377000
1464000
1545000
1604000
1633000
1656000
1676000
1690000
1718000
1743000
1779000
1810000
1833000
1851000
1861000
1863000
1864000
1864000
1862000
1861000
1859000
1858000
1855000
1851000
1845000
1839000
1841000
1843000
1843000
1838000
1829000
1820000
1812000
1802000
1794000
1798000
1814000
1835000
1851000
1856000
1853000
1847000
1839000
1830000
1819000
1812000
1806000
1802000
1797000
1789000
1779000
1769000
1764000
1759000
1753000
1745000
1735000
1726000
1717000
1707000
1697000
1687000
1677000
1667000
1656000
1645000
1634000
1622000
1611000
1600000
1589000
1578000
1566000
1555000
1544000
1533000
1522000
1511000
1500000
1528000
1554000
1580000
1592000
1590000
1588000
1586000
1579000
1577000
1588000
1600000
1611000
1617000
1617000
1613000
1608000
1601000
1594000
1586000
1578000
1572000
1567000
1561000
1554000
1547000
1540000
1533000
1525000
1516000
1507000
1498000
1489000
1481000
1472000
1464000
1456000
1447000
1464000
1481000
1507000
1523000
1529000
1532000
1530000
1525000
1520000
1514000
1508000
1504000
1500000
1498000
1492000
1501000
1508000
1516000
1517000
1512000
1506000
1502000
1496000
1490000
1484000
1479000
1475000
1470000
1465000
1458000
1449000
1441000
1433000
1425000
1417000
1408000
1400000
1391000
1383000
1375000
1367000
1359000
1352000
1343000
1335000
1326000
1318000
1310000
1302000
1295000
1288000
1280000
1272000
1264000
1257000
1249000
1241000
1234000
1226000
1219000
1212000
1205000
1198000
1191000
1184000
1177000
1171000
1166000
1162000
1158000
1153000
1147000
1142000
1136000
1130000
1124000
1118000
1113000
1107000
1102000
1096000
1091000
1109000
1127000
1145000
1155000
1155000
1155000
1156000
1153000
1151000
1148000
1146000
1145000
1144000
1143000
1140000
1136000
1132000
1127000
1122000
1118000
1113000
1109000
1105000
1101000
1097000
1093000
1089000
1085000
1081000
1075000
1070000
1065000
1060000
1056000
1051000
1046000
1060000
1097000
1133000
1202000
1261000
1310000
1345000
1359000
1368000
1376000
1380000
1385000
1390000
1397000
1404000
1409000
1413000
1412000
1409000
1405000
1401000
1396000
1392000
1388000
1386000
1383000
1381000
1379000
1376000
1372000
1378000
1397000
1416000
1430000
1435000
1434000
1433000
1429000
1425000
1422000
1419000
1416000
1414000
1410000
1406000
1400000
1393000
1386000
1379000
1371000
1366000
1369000
1371000
1372000
1371000
1366000
1362000
1357000
1351000
1345000
1338000
1331000
1326000
1320000
1353000
1440000
1526000
1596000
1631000
1644000
1657000
1664000
1664000
1663000
1664000
1668000
1684000
1700000
1711000
1712000
1708000
1711000
1712000
1711000
1707000
1701000
1698000
1695000
1692000
1688000
1685000
1683000
1679000
1671000
1662000
1652000
1643000
1669000
1694000
1717000
1727000
1726000
1725000
1724000
1717000
1721000
1726000
1733000
1736000
1735000
1732000
1725000
1717000
1709000
1704000
1698000
1693000
1687000
1680000
1672000
1663000
1667000
1670000
1672000
1671000
1663000
1656000
1651000
1683000
1714000
1752000
1803000
1837000
1868000
1885000
1885000
1884000
1882000
1878000
1876000
1874000
1872000
1868000
1864000
1858000
1849000
1839000
1828000
1818000
1807000
1796000
1786000
1777000
1768000
1759000
1755000
1748000
1741000
1732000
1720000
1787000
1853000
1917000
1972000
2086000
2201000
2306000
2360000
2375000
2399000
2446000
2484000
2515000
2534000
2540000
2549000
2557000
2558000
2546000
2533000
2522000
2576000
2642000
2706000
2780000
2826000
2865000
2890000
2887000
2880000
2908000
2933000
2957000
2967000
2965000
2956000
2945000
2928000
2905000
2878000
2851000
2867000
2883000
2900000
2898000
2881000
2864000
2847000
2825000
2800000
2773000
2750000
2728000
2718000
2709000
2695000
2676000
2652000
2626000
2599000
2570000
2542000
2516000
2491000
2468000
2444000
2421000
2397000
2373000
2348000
2323000
2298000
2273000
2249000
2227000
2204000
2182000
2159000
2138000
2116000
2095000
2074000
2060000
2046000
2033000
2017000
2e+06
1982000
1965000
1947000
1929000
1912000
1895000
1879000
1863000
1848000
1832000
1816000
1800000
1785000
1770000
1755000
1740000
1726000
1712000
1698000
1684000
1671000
1658000
1654000
1669000
1682000
1693000
1694000
1687000
1681000
1674000
1664000
1654000
1644000
1636000
1629000
1622000
1614000
1604000
1594000
1584000
1574000
1563000
1552000
1542000
1533000
1523000
1514000
1505000
1497000
1488000
1479000
1469000
1459000
1449000
1439000
1430000
1421000
1411000
1402000
1392000
1383000
1373000
1364000
1355000
1346000
1337000
1328000
1320000
1311000
1303000
1294000
1286000
1278000
1270000
1262000
1254000
1247000
1239000
1232000
1224000
1217000
1210000
1202000
1195000
1188000
1181000
1175000
1168000
1161000
1155000
1148000
1142000
1135000
1129000
1123000
1117000
1110000
1121000
1133000
1145000
1151000
1150000
1148000
1146000
1143000
1139000
1135000
1131000
1129000
1127000
1124000
1120000
1116000
1111000
1115000
1120000
1125000
1128000
1128000
1127000
1126000
1124000
1121000
1118000
1115000
1112000
1109000
1106000
1102000
1097000
1093000
1089000
1084000
1079000
1074000
1069000
1064000
1060000
1055000
1050000
1046000
1046000
1046000
1045000
1043000
1039000
1035000
1032000
1027000
1023000
1018000
1014000
1010000
1006000
1002000
997500
997500
997600
997500
995800
992400
989000
985800
982000
978200
974500
971000
967700
979200
1003000
1027000
1045000
1052000
1055000
1057000
1067000
1074000
1082000
1087000
1089000
1105000
1160000
1213000
1259000
1285000
1295000
1305000
1313000
1319000
1364000
1416000
1468000
1506000
1525000
1540000
1550000
1553000
1553000
1553000
1553000
1556000
1560000
1564000
1571000
1582000
1629000
1672000
1708000
1728000
1766000
1806000
1845000
1867000
1874000
1880000
1887000
1891000
1890000
1888000
1883000
1879000
1876000
1877000
1878000
1891000
1915000
1935000
1948000
1951000
1948000
1945000
1978000
2007000
2035000
2080000
2126000
2188000
2260000
2306000
2337000
2364000
2378000
2391000
2397000
2395000
2391000
2388000
2386000
2381000
2390000
2398000
2401000
2398000
2387000
2374000
2361000
2347000
2333000
2320000
2307000
2293000
2280000
2266000
2249000
2235000
2220000
2204000
2189000
2173000
2157000
2140000
2121000
2102000
2083000
2074000
2066000
2123000
2175000
2221000
2244000
2241000
2236000
2235000
2228000
2220000
2212000
2209000
2208000
2207000
2203000
2190000
2176000
2161000
2146000
2129000
2113000
2097000
2083000
2070000
2057000
2044000
2030000
2017000
2003000
1991000
1979000
1967000
1953000
1939000
1925000
1914000
1902000
1890000
1876000
1861000
1847000
1833000
1818000
1803000
1788000
1774000
1760000
1755000
1759000
1763000
1764000
1767000
1766000
1765000
1760000
1750000
1740000
1731000
1722000
1713000
1704000
1695000
1685000
1675000
1665000
1653000
1642000
1630000
1619000
1608000
1598000
1587000
1577000
1577000
1596000
1614000
1628000
1631000
1627000
1623000
1617000
1609000
1600000
1592000
1585000
1580000
1574000
1567000
1558000
1549000
1539000
1530000
1520000
1510000
1500000
1492000
1483000
1475000
1466000
1458000
1450000
1442000
1433000
1423000
1414000
1405000
1396000
1387000
1378000
1369000
1360000
1351000
1342000
1333000
1324000
1316000
1307000
1299000
1291000
1283000
1274000
1267000
1259000
1251000
1243000
1236000
1228000
1221000
1214000
1206000
1199000
1192000
1185000
1178000
1174000
1170000
1165000
1160000
1154000
1148000
1143000
1136000
1130000
1125000
1119000
1113000
1108000
1102000
1096000
1091000
1085000
1080000
1074000
1068000
1063000
1058000
1052000
1047000
1046000
1045000
1043000
1041000
1037000
1032000
1028000
1024000
1019000
1015000
1010000
1006000
1002000
998100
993700
989200
984700
980300
975800
971300
966900
962600
958400
965800
973200
980500
983800
982500
982600
982500
981000
978800
976100
973900
972300
970500
968600
965500
962200
959000
955700
952200
950700
960000
969400
978000
982000
981800
981600
981200
979300
976900
974300
972300
970800
971400
1042000
1111000
1178000
1219000
1232000
1245000
1257000
1260000
1262000
1264000
1270000
1279000
1287000
1296000
1296000
1295000
1293000
1291000
1286000
1282000
1278000
1276000
1274000
1272000
1270000
1268000
1266000
1264000
1259000
1253000
1246000
1240000
1235000
1229000
1224000
1217000
1210000
1203000
1195000
1188000
1182000
1175000
1168000
1161000
1155000
1148000
1142000
1135000
1129000
1123000
1117000
1110000
1104000
1098000
1093000
1087000
1081000
1075000
1070000
1064000
1058000
1053000
1048000
1042000
1037000
1032000
1026000
1021000
1016000
1011000
1006000
1001000
996200
991300
986500
981800
988000
997900
1008000
1014000
1036000
1057000
1078000
1092000
1111000
1160000
1209000
1248000
1280000
1300000
1318000
1332000
1359000
1386000
1410000
1427000
1437000
1446000
1454000
1456000
1456000
1459000
1482000
1505000
1545000
1618000
1754000
1898000
2079000
2211000
2305000
2365000
2395000
2414000
2430000
2439000
2450000
2465000
2481000
2494000
2496000
2572000
2637000
2698000
2729000
2728000
2727000
2727000
2719000
2719000
2719000
2722000
2773000
2820000
2890000
2931000
2946000
2948000
2939000
2922000
2904000
2882000
2863000
2869000
2894000
2923000
2938000
2993000
3049000
3098000
3120000
3111000
3095000
3082000
3065000
3052000
3038000
3023000
3008000
2992000
2973000
2999000
3019000
3038000
3038000
3017000
2997000
2977000
2952000
2927000
2902000
2878000
2857000
2879000
2909000
2930000
2933000
2917000
2896000
2874000
2858000
2847000
2836000
2823000
2807000
2789000
2772000
2748000
2723000
2696000
2668000
2640000
2668000
2696000
2722000
2729000
2714000
2699000
2683000
2661000
2663000
2664000
2665000
2661000
2647000
2635000
2616000
2594000
2606000
2712000
2815000
2903000
2943000
2946000
2947000
3003000
3086000
3165000
3221000
3242000
3250000
3258000
3253000
3231000
3208000
3188000
3171000
3153000
3135000
3110000
3083000
3057000
3031000
3004000
2976000
2949000
2923000
2893000
2863000
2834000
2806000
2779000
2753000
2725000
2692000
2658000
2625000
2611000
2599000
2592000
2577000
2632000
2704000
2773000
2811000
2810000
2801000
2793000
2776000
2759000
2742000
2726000
2715000
2703000
2692000
2671000
2647000
2623000
2599000
2574000
2549000
2524000
2502000
2482000
2467000
2506000
2610000
2805000
2999000
3143000
3226000
3279000
3311000
3331000
3329000
3326000
3358000
3394000
3429000
3478000
3505000
3521000
3519000
3517000
3514000
3506000
3489000
3468000
3464000
3461000
3455000
3443000
3425000
3402000
3375000
3342000
3307000
3270000
3235000
3207000
3212000
3225000
3248000
3345000
3435000
3511000
3546000
3534000
3516000
3497000
3493000
3567000
3654000
3732000
3832000
3890000
3941000
3956000
3931000
3902000
3872000
3839000
3811000
3785000
3762000
3734000
3704000
3675000
3637000
3596000
3554000
3510000
3465000
3423000
3382000
3344000
3308000
3272000
3235000
3193000
3151000
3109000
3066000
3024000
2984000
2944000
2903000
2863000
2834000
2816000
2798000
2777000
2749000
2718000
2687000
2656000
2624000
2593000
2563000
2535000
2527000
2519000
2511000
2495000
2472000
2449000
2426000
2401000
2376000
2352000
2330000
2309000
2289000
2270000
2248000
2227000
2206000
2184000
2162000
2140000
2119000
2099000
2080000
2060000
2041000
2023000
2004000
1986000
1967000
1949000
1930000
1913000
1895000
1878000
1861000
1844000
1828000
1811000
1795000
1779000
1764000
1749000
1746000
1744000
1742000
1735000
1724000
1713000
1702000
1689000
1719000
1818000
1914000
1996000
2035000
2048000
2058000
2063000
2058000
2060000
2102000
2169000
2238000
2347000
2453000
2539000
2599000
2621000
2627000
2669000
2704000
2738000
2760000
2770000
2778000
2786000
2792000
2946000
3088000
3219000
3292000
3302000
3312000
3369000
3405000
3438000
3451000
3448000
3451000
3453000
3448000
3435000
3417000
3402000
3384000
3376000
3423000
3495000
3559000
3633000
3670000
3692000
3698000
3681000
3660000
3632000
3599000
3572000
3547000
3524000
3496000
3462000
3425000
3382000
3338000
3295000
3253000
3213000
3175000
3137000
3101000
3097000
3094000
3090000
3072000
3041000
3009000
2978000
2953000
2957000
2961000
2964000
2955000
2935000
2913000
2898000
2879000
2883000
2882000
2877000
2866000
2847000
2826000
2802000
2776000
2749000
2724000
2699000
2676000
2651000
2627000
2601000
2575000
2550000
2525000
2500000
2475000
2448000
2423000
2398000
2379000
2407000
2443000
2474000
2487000
2476000
2463000
2450000
2430000
2410000
2390000
2373000
2358000
2344000
2330000
2310000
2290000
2269000
2249000
2227000
2206000
2185000
2221000
2309000
2394000
2459000
2483000
2486000
2490000
2483000
2485000
2488000
2493000
2498000
2523000
2548000
2564000
2562000
2549000
2536000
2521000
2503000
2485000
2469000
2454000
2440000
2427000
2415000
2399000
2383000
2365000
2344000
2321000
2300000
2279000
2260000
2242000
2223000
2202000
2181000
2193000
2205000
2215000
2214000
2202000
2190000
2178000
2161000
2144000
2126000
2110000
2096000
2082000
2068000
2051000
2034000
2017000
2e+06
1983000
1965000
1948000
1932000
1917000
1901000
1887000
1872000
1858000
1844000
1831000
1828000
1826000
1823000
1817000
1806000
1794000
1782000
1769000
1755000
1742000
1730000
1718000
1707000
1695000
1683000
1670000
1664000
1670000
1690000
1706000
1716000
1717000
1713000
1707000
1700000
1692000
1683000
1676000
1669000
1663000
1656000
1648000
1638000
1628000
1618000
1607000
1598000
1622000
1646000
1669000
1680000
1678000
1676000
1674000
1668000
1660000
1652000
1645000
1640000
1636000
1631000
1622000
1613000
1603000
1593000
1583000
1572000
1562000
1578000
1595000
1611000
1618000
1615000
1613000
1610000
1602000
1593000
1585000
1578000
1572000
1567000
1561000
1552000
1543000
1533000
1524000
1514000
1504000
1494000
1485000
1476000
1468000
1460000
1451000
1443000
1435000
1426000
1417000
1407000
1398000
1389000
1380000
1372000
1363000
1354000
1345000
1336000
1327000
1319000
1310000
1302000
1293000
1285000
1277000
1269000
1261000
1253000
1246000
1238000
1231000
1223000
1216000
1209000
1201000
1194000
1187000
1180000
1174000
1167000
1160000
1155000
1159000
1178000
1209000
1288000
1358000
1417000
1451000
1464000
1474000
1482000
1484000
1486000
1490000
1495000
1503000
1509000
1513000
1510000
1506000
1502000
1497000
1490000
1485000
1479000
1476000
1473000
1470000
1466000
1463000
1459000
1454000
1446000
1438000
1429000
1421000
1414000
1419000
1428000
1437000
1440000
1437000
1432000
1427000
1467000
1505000
1544000
1568000
1573000
1579000
1584000
1581000
1577000
1572000
1569000
1569000
1570000
1582000
1589000
1595000
1596000
1592000
1587000
1582000
1575000
1569000
1563000
1558000
1553000
1548000
1544000
1538000
1530000
1537000
1589000
1647000
1699000
1729000
1743000
1761000
1776000
1783000
1784000
1782000
1803000
1902000
2009000
2105000
2161000
2180000
2195000
2205000
2203000
2199000
2198000
2203000
2214000
2223000
2228000
2224000
2217000
2209000
2197000
2183000
2168000
2178000
2190000
2202000
2206000
2199000
2191000
2184000
2173000
2158000
2182000
2206000
2231000
2242000
2237000
2229000
2220000
2204000
2187000
2171000
2156000
2143000
2132000
2121000
2105000
2113000
2120000
2126000
2123000
2110000
2107000
2106000
2111000
2113000
2130000
2144000
2154000
2157000
2150000
2138000
2128000
2124000
2122000
2120000
2115000
2105000
2095000
2084000
2070000
2055000
2045000
2041000
2036000
2029000
2019000
2006000
2004000
2002000
1998000
1991000
1980000
1968000
1957000
1943000
1930000
1916000
1902000
1889000
1876000
1862000
1847000
1836000
1825000
1815000
1828000
1839000
1850000
1852000
1844000
1836000
1828000
1830000
1832000
1845000
1855000
1863000
1876000
1936000
2003000
2064000
2101000
2112000
2117000
2121000
2118000
2113000
2107000
2104000
2103000
2102000
2100000
2091000
2080000
2068000
2055000
2041000
2028000
2014000
2003000
1991000
1980000
1968000
1956000
1944000
1932000
1918000
1902000
1886000
1871000
1855000
1840000
1826000
1810000
1794000
1779000
1765000
1750000
1736000
1722000
1707000
1693000
1679000
1675000
1670000
1666000
1659000
1648000
1645000
1642000
1637000
1632000
1624000
1616000
1608000
1599000
1590000
1580000
1570000
1561000
1552000
1542000
1532000
1522000
1513000
1503000
1493000
1484000
1474000
1465000
1456000
1447000
1446000
1456000
1478000
1498000
1510000
1513000
1511000
1508000
1503000
1497000
1490000
1485000
1481000
1477000
1472000
1467000
1459000
1452000
1444000
1435000
1427000
1419000
1411000
1404000
1397000
1390000
1383000
1377000
1370000
1362000
1354000
1346000
1337000
1329000
1322000
1314000
1306000
1298000
1289000
1286000
1282000
1278000
1273000
1266000
1260000
1253000
1253000
1267000
1288000
1305000
1316000
1323000
1333000
1341000
1345000
1344000
1342000
1340000
1340000
1338000
1336000
1333000
1329000
1325000
1321000
1316000
1310000
1304000
1299000
1293000
1288000
1283000
1278000
1273000
1268000
1262000
1256000
1249000
1243000
1237000
1230000
1224000
1217000
1210000
1203000
1209000
1215000
1222000
1238000
1251000
1265000
1284000
1312000
1423000
1530000
1623000
1679000
1701000
1721000
1738000
1751000
1763000
1774000
1785000
1798000
1810000
1819000
1817000
1814000
1810000
1806000
1799000
1793000
1787000
1783000
1779000
1775000
1782000
1794000
1807000
1815000
1827000
1896000
2003000
2101000
2171000
2242000
2327000
2406000
2512000
2605000
2682000
2742000
2772000
2789000
2805000
2807000
2803000
2801000
2929000
3050000
3163000
3229000
3237000
3242000
3245000
3231000
3215000
3200000
3190000
3186000
3196000
3307000
3403000
3485000
3522000
3515000
3501000
3482000
3449000
3420000
3392000
3370000
3354000
3337000
3325000
3300000
3301000
3304000
3311000
3305000
3285000
3283000
3294000
3404000
3570000
3769000
3921000
4044000
4230000
4381000
