838200
826200
813500
801200
789300
777700
766400
755500
744900
734600
724500
714800
705300
696000
687000
678200
669700
1066000
1145000
1126000
1102000
1098000
1327000
1315000
1473000
3209000
3164000
2982000
2820000
2676000
2904000
2817000
2676000
2817000
2747000
2891000
5488000
7730000
6896000
6059000
5410000
5219000
4761000
4358000
5289000
4896000
4973000
4573000
4197000
3880000
3608000
3372000
3166000
3115000
2950000
2791000
2649000
2521000
2405000
2299000
2202000
2113000
2333000
2259000
2165000
2079000
2e+06
1926000
1858000
1794000
1803000
2095000
2485000
2587000
2480000
2367000
2265000
2171000
2084000
2004000
1931000
1987000
1924000
1856000
1793000
1734000
1678000
1626000
1744000
1701000
1648000
1598000
1551000
1507000
1465000
1425000
1387000
1352000
1318000
1286000
1255000
1226000
1198000
1172000
1146000
1122000
1099000
1076000
1055000
1034000
1014000
995200
976800
959100
942700
1986000
2e+06
1926000
1858000
1794000
1735000
1680000
1628000
1794000
2120000
2068000
1990000
1917000
1849000
1786000
1728000
1673000
1621000
1573000
1527000
1484000
1443000
1410000
1374000
1339000
1306000
1274000
1244000
1216000
1188000
1162000
1137000
1113000
1090000
1068000
1047000
1098000
1804000
1803000
2028000
1976000
1904000
1838000
1775000
1717000
1663000
1612000
1564000
1519000
1476000
1436000
1398000
1895000
1873000
1808000
1748000
1692000
1639000
1590000
1543000
1499000
1458000
1418000
1381000
1346000
1312000
1280000
1250000
1221000
1194000
1167000
1142000
1118000
1095000
1072000
1051000
1031000
1011000
991900
973700
956100
939100
922700
906900
891700
1005000
996800
978400
960600
943500
926900
911000
895600
880700
866300
852300
838800
825800
813100
800800
788900
777300
766100
795500
901700
896100
881200
866800
852800
839300
826200
813500
801200
789300
777700
766500
755600
745000
791400
1387000
1401000
1365000
1330000
1297000
1266000
1319000
1294000
1263000
1234000
1205000
1178000
1153000
1128000
1105000
1082000
1060000
1039000
1019000
1e+06
981500
983500
967200
949900
933100
916900
901300
886200
871700
857500
843900
830600
817800
805400
793300
814100
1444000
2276000
2254000
4473000
4664000
4305000
3971000
3686000
3440000
3226000
3036000
2868000
2718000
2583000
2461000
2350000
2249000
2156000
2071000
1992000
1919000
1852000
1788000
1730000
1674000
1623000
1574000
1528000
1485000
1445000
1953000
2527000
2459000
2349000
2248000
2155000
2070000
1991000
1997000
1981000
1913000
1846000
1783000
1725000
1670000
1618000
1570000
1525000
1482000
1441000
1493000
1646000
1612000
1564000
1519000
1476000
1436000
1398000
1362000
1327000
1295000
1264000
1234000
1207000
2403000
5406000
5125000
4655000
4266000
3939000
3658000
3416000
3204000
3018000
2852000
2704000
2900000
2774000
2634000
2507000
2392000
2524000
2427000
2319000
2221000
2130000
2047000
1970000
1898000
1832000
1814000
1760000
1703000
1650000
1599000
1569000
1526000
2463000
2432000
2324000
2225000
2218000
2135000
2051000
1974000
2248000
2240000
2153000
2068000
1989000
1916000
1849000
1786000
1747000
1775000
1724000
1669000
1618000
1570000
1524000
1481000
1729000
1698000
1645000
1595000
1548000
1504000
1523000
2590000
2558000
2698000
3666000
3511000
3287000
3091000
2917000
2762000
2623000
2497000
2383000
2279000
2184000
2096000
2015000
1941000
1871000
1807000
1747000
1691000
1638000
1588000
1542000
1498000
1457000
1417000
1554000
1524000
1481000
1440000
1406000
3949000
3873000
3605000
4237000
9830000
8904000
7557000
6558000
5803000
5810000
6413000
5783000
5189000
4708000
4310000
3976000
3690000
3444000
3229000
3039000
2877000
5112000
5538000
5058000
6170000
5695000
5124000
4655000
4266000
3943000
4964000
4630000
4245000
3921000
3643000
3403000
3192000
3007000
2842000
2695000
2565000
3727000
3580000
3348000
3144000
2964000
2804000
2661000
2531000
2414000
2307000
2210000
2121000
2410000
2334000
2235000
2143000
2059000
1981000
1909000
1842000
1779000
1721000
1666000
1615000
1567000
1522000
1479000
1438000
1400000
1364000
1330000
1297000
1266000
1236000
1208000
1181000
1155000
1130000
1107000
1084000
1062000
1426000
1420000
1383000
1348000
1314000
1282000
1252000
1223000
1195000
1168000
1143000
1119000
1096000
1074000
1052000
1032000
1012000
992900
974600
957000
940000
923600
907700
892400
877600
863300
849500
1124000
1472000
1460000
1421000
1384000
1348000
1315000
1283000
1252000
1223000
1195000
1169000
1144000
1119000
1096000
1074000
1053000
1032000
1012000
993200
974900
957300
940300
923800
908000
892700
877900
863600
849700
836300
823300
810700
798500
786600
775100
764000
753100
742600
732300
722300
712600
703200
694000
685000
676300
667800
659500
651400
643500
635800
628200
620900
613700
606700
599800
593100
586600
580200
573900
567800
561800
555900
550100
544500
539000
533600
528300
523100
518000
513000
508000
503200
498500
493900
489400
868100
915900
902900
887700
873100
858900
845200
832000
819100
806600
794500
782800
771400
760300
749600
739100
729000
960800
1018000
1003000
984400
993200
977200
959400
942400
925900
909900
894600
879700
865300
851400
838000
824900
812300
8e+05
788100
776600
765300
781800
772700
761600
750800
740300
768000
840100
833700
820700
808200
796100
784300
772900
761800
751000
740500
730300
720400
710700
701300
692200
791600
789000
777400
766200
755300
744700
734400
724300
714600
705100
695800
686800
1006000
1364000
1359000
1325000
1292000
1262000
1232000
1483000
1466000
1426000
1388000
1353000
1727000
3616000
3561000
3334000
3132000
2953000
2794000
2652000
2714000
4917000
5132000
4700000
4304000
3970000
3686000
3440000
3225000
3036000
2868000
2718000
2583000
2461000
2351000
2572000
2714000
4344000
4146000
3836000
3574000
5160000
5075000
4635000
4249000
3925000
3647000
3406000
3195000
3010000
2845000
2697000
2564000
2444000
2516000
2580000
2944000
3315000
3175000
2993000
2830000
2684000
2555000
3818000
3667000
3428000
4505000
4969000
5434000
6271000
5683000
5110000
5225000
4787000
4376000
4031000
3738000
3485000
3265000
3071000
2900000
3301000
3149000
2969000
2808000
2664000
2535000
2417000
2310000
2212000
2122000
2040000
1963000
1892000
1826000
1765000
1809000
1758000
1701000
1708000
1660000
1609000
1561000
1516000
1474000
1434000
1581000
1567000
3216000
3165000
2983000
2821000
2676000
2545000
2543000
2506000
2397000
2291000
2313000
2225000
2134000
2050000
1973000
1901000
1835000
1773000
1715000
1661000
1610000
1562000
1517000
1475000
1434000
1396000
1360000
1326000
1469000
1444000
1405000
1369000
1349000
1326000
1358000
1335000
1302000
1271000
1241000
1212000
1185000
1159000
1134000
1110000
1088000
1066000
1296000
1469000
1444000
1406000
1551000
1522000
1479000
1439000
1400000
1364000
1330000
1297000
1266000
1236000
1208000
1181000
1155000
1130000
1107000
1084000
1062000
1041000
1021000
1002000
983200
965400
1283000
1708000
1689000
1637000
1587000
1541000
1497000
1456000
1416000
1379000
1344000
1311000
1279000
1249000
1220000
1192000
1166000
1141000
1117000
1093000
1071000
1050000
1030000
1010000
991000
972800
955200
938300
938400
923400
907600
892300
877500
863200
849400
836000
823000
810400
798200
786300
774800
763700
752800
742300
732000
722100
712400
702900
693800
813800
812200
799900
788000
776500
765200
754400
743800
733500
723500
713700
704300
809800
807100
795000
783300
771900
760800
750000
739600
729400
719500
709900
700500
691300
682500
673800
665300
657100
649100
641200
633600
626100
651700
693800
688800
767100
763400
752500
742000
731800
721800
712100
702700
693500
684500
675800
667300
659000
650900
643100
635400
627800
620500
613300
606300
599500
592800
607200
845400
852300
838800
825800
813100
843900
834300
821400
808800
796700
784900
773400
762300
751500
741000
730800
720800
711200
701800
810500
1059000
1059000
1038000
1018000
998600
980100
962300
945100
928500
912500
897000
882100
986900
4398000
4319000
3983000
3697000
3449000
3233000
3043000
2875000
2724000
2588000
2466000
2355000
2253000
2160000
2074000
1995000
1922000
1854000
1791000
1732000
1676000
1625000
1576000
1530000
1487000
1446000
1407000
1371000
1336000
1303000
1272000
1242000
1213000
1186000
1160000
1135000
1111000
1088000
1066000
1045000
1025000
1005000
986600
968600
951200
934400
918200
902500
887400
872700
858600
844900
831600
818800
806300
794200
782500
771100
760100
749300
738900
728700
718900
709200
699900
690800
681900
673200
664800
656600
744200
741900
731600
721700
712000
702600
920600
1011000
999100
980900
1590000
1595000
1548000
1613000
2067000
3570000
3481000
3264000
3542000
3354000
3150000
2972000
3968000
3778000
3520000
3296000
3098000
2923000
2768000
2628000
2502000
2484000
3300000
3180000
3920000
6529000
13490000
13180000
17930000
13410000
10410000
8558000
7287000
6356000
5642000
5076000
4615000
4233000
3910000
3634000
3406000
6510000
6026000
5382000
4865000
4441000
4087000
3785000
3527000
3547000
3340000
3141000
4488000
4358000
5049000
4678000
4285000
3954000
3672000
3428000
3215000
3027000
2861000
3351000
3761000
3627000
3400000
5072000
5308000
4851000
4429000
4077000
3777000
3519000
3295000
3235000
3056000
2886000
2734000
2597000
2477000
3690000
3552000
3323000
3123000
2945000
2787000
2645000
2529000
2413000
2306000
2209000
2121000
3050000
3190000
3023000
2857000
2708000
2574000
2454000
2624000
2661000
2544000
2425000
2318000
2219000
2129000
2046000
1969000
1897000
1831000
1771000
2987000
2928000
2772000
2632000
2505000
2390000
2286000
2191000
2708000
2624000
2498000
2384000
2280000
2185000
2097000
2018000
2869000
6236000
5821000
5219000
4733000
4331000
4001000
6012000
7378000
6575000
5812000
5212000
4727000
4326000
3989000
3702000
3454000
3238000
3047000
2878000
2727000
2591000
2468000
2357000
2255000
2202000
2116000
2034000
1958000
1888000
1822000
1761000
1704000
1650000
1600000
1553000
1550000
1509000
1468000
1877000
1876000
1881000
1824000
3686000
4269000
3997000
3708000
3459000
3242000
3051000
3026000
2927000
2775000
2635000
2508000
2393000
2288000
2192000
2104000
2022000
1947000
1878000
1813000
1752000
1696000
1643000
1799000
3039000
5299000
10060000
10300000
8778000
7675000
7525000
6607000
5837000
5244000
5088000
5707000
5215000
4733000
5483000
5043000
4588000
4212000
4514000
4278000
3955000
3673000
3430000
3646000
3441000
3226000
3037000
2869000
2719000
2584000
2462000
2351000
2250000
2157000
2372000
3003000
3105000
3374000
6089000
6137000
5510000
4969000
4527000
4159000
3850000
4286000
6753000
6727000
5987000
7626000
6797000
6105000
5455000
4925000
4491000
4128000
3821000
3557000
3328000
3126000
2949000
2790000
2648000
2520000
2404000
2298000
2201000
2112000
2030000
1954000
1884000
1819000
1758000
1701000
1648000
1598000
1551000
1506000
1464000
1425000
1423000
1389000
1353000
1718000
1888000
1838000
1776000
1718000
1664000
1613000
1565000
1519000
1477000
1436000
1399000
1771000
1747000
1690000
1638000
1588000
1542000
1498000
1456000
1417000
1380000
1345000
1311000
1280000
1249000
1220000
1193000
1166000
1141000
1117000
1094000
1072000
1050000
1030000
1010000
991400
973100
955600
938600
922300
906500
891200
876500
862200
848400
835000
822000
809500
797300
785500
774000
762900
752100
972000
973600
956000
939100
922700
906900
891600
877100
1593000
3641000
3565000
3334000
3132000
2954000
2795000
2652000
2524000
2647000
3814000
4500000
4361000
6740000
7647000
6750000
5947000
5320000
4822000
6059000
5545000
4997000
4551000
4179000
3864000
3594000
3564000
10820000
9395000
7874000
6792000
5980000
5355000
6882000
6216000
5532000
4987000
4542000
4171000
3858000
3590000
3682000
3464000
3246000
3055000
3320000
4712000
5560000
5108000
5960000
5440000
4912000
4480000
4119000
3813000
3550000
3322000
3121000
2944000
2786000
2645000
2517000
2401000
2295000
2199000
2110000
2028000
1953000
1882000
1817000
1757000
2285000
2238000
2146000
2062000
1983000
1911000
1876000
1968000
2454000
2389000
2358000
2262000
2169000
2083000
2249000
2177000
2551000
2470000
2359000
2257000
2163000
2077000
1998000
1925000
1857000
1793000
1734000
1679000
1627000
1578000
1532000
1489000
1448000
1409000
1372000
1337000
1304000
1273000
1243000
1332000
2166000
2297000
2213000
2123000
2040000
1964000
1893000
1827000
1765000
1708000
1654000
1604000
1556000
1511000
1469000
1429000
1392000
1356000
1322000
1290000
1260000
2459000
4014000
3851000
3583000
3350000
3146000
2966000
2807000
3229000
3143000
2968000
2809000
3379000
3255000
3065000
2894000
2741000
2604000
2480000
2367000
2265000
2171000
2084000
2004000
1931000
1862000
1798000
1739000
1683000
1631000
1582000
1535000
1492000
1451000
1412000
1375000
1340000
1308000
2231000
2218000
2128000
2045000
2025000
1954000
1884000
1818000
1758000
1701000
1647000
1597000
1550000
1506000
1464000
1424000
1387000
1351000
1318000
1285000
1255000
1226000
1198000
1171000
1229000
1208000
1181000
1165000
1225000
1394000
1395000
1361000
1327000
1294000
1263000
1233000
1205000
1178000
1153000
1128000
1104000
1082000
1060000
1039000
1019000
1233000
1453000
1753000
1723000
1668000
1617000
1569000
1523000
1480000
1440000
1402000
1365000
1331000
1298000
1267000
1237000
1209000
1182000
1156000
1131000
1340000
2170000
2153000
2068000
1990000
1917000
1849000
1786000
1727000
1672000
1621000
1572000
1527000
1484000
1443000
1405000
1368000
1333000
1301000
1269000
1239000
1212000
2069000
2063000
1985000
1913000
1845000
1783000
1724000
1669000
1618000
1570000
1524000
1481000
1441000
1402000
1366000
1332000
1299000
1268000
1238000
1209000
1182000
1156000
1132000
1108000
1085000
1063000
1042000
1022000
1003000
984200
966200
948900
932200
916000
919500
905500
894800
880300
865900
852000
838500
825400
812700
800500
788600
777000
765800
754900
744300
734000
723900
714200
704700
695500
686500
677700
669200
660800
652700
644800
637000
667600
718700
865700
1160000
1510000
3531000
3469000
3251000
3059000
2888000
2736000
2600000
2476000
2364000
2261000
2168000
2081000
2002000
1928000
1860000
1796000
1737000
1681000
1629000
1580000
1534000
1490000
1449000
1411000
1374000
1339000
1306000
1274000
1244000
1216000
1188000
1162000
1137000
1577000
1716000
1674000
1623000
1574000
1528000
1487000
3086000
3046000
2940000
2788000
2646000
2518000
2402000
2296000
2200000
2111000
2029000
1953000
1946000
2236000
2174000
2087000
2007000
1933000
1864000
1800000
1741000
1685000
1632000
1583000
1537000
1493000
1452000
1413000
1377000
1768000
3410000
3621000
3443000
3231000
3255000
3389000
3206000
3019000
2853000
2706000
3345000
7628000
7789000
6801000
5987000
5351000
4840000
4421000
4069000
3820000
3672000
3476000
3261000
3067000
2896000
2743000
2606000
2482000
2369000
2266000
2173000
2757000
2674000
2543000
2425000
2317000
2219000
2129000
2045000
1970000
3057000
2982000
2820000
2675000
2544000
2426000
2318000
2219000
2129000
2046000
1969000
1898000
1831000
1770000
1713000
2228000
2184000
2097000
2016000
1942000
2110000
2072000
2211000
2153000
2562000
2483000
2370000
2267000
2173000
2086000
2032000
2167000
2140000
2059000
1981000
1909000
1842000
1779000
1721000
1667000
1743000
1792000
1741000
1685000
1633000
1584000
1774000
1735000
1680000
1642000
1594000
1547000
1503000
1461000
1422000
1384000
1349000
1315000
1283000
1253000
1224000
1281000
1258000
1229000
1705000
1693000
1640000
1591000
1544000
1500000
1459000
1756000
1727000
1915000
1901000
1926000
2064000
3771000
4228000
3953000
3671000
3427000
3214000
3026000
2859000
2710000
2576000
2455000
2344000
2244000
2151000
2066000
1988000
1915000
1848000
1785000
1726000
1671000
1620000
1571000
1526000
1483000
1442000
1404000
1367000
1333000
1300000
1269000
1239000
1210000
1183000
1157000
1133000
1109000
1303000
1290000
1259000
1229000
1201000
1175000
1149000
1148000
1311000
1294000
1263000
1234000
1206000
1358000
1339000
1306000
1318000
1289000
1259000
1229000
1201000
1174000
1149000
1124000
1101000
1079000
1057000
1036000
1016000
997200
978800
961000
943800
927300
911300
895900
885000
1149000
1368000
1674000
1649000
1599000
1552000
1507000
1465000
1426000
1388000
1352000
1319000
1286000
1256000
1227000
1199000
1172000
1147000
1122000
1099000
1077000
1055000
1034000
1015000
995500
977100
959400
1039000
1027000
1007000
988500
970400
952900
936000
919800
904000
888900
874200
860000
1049000
1045000
1025000
1005000
986700
968600
951300
1121000
1476000
1632000
1597000
1550000
1683000
1765000
1718000
1664000
1613000
1565000
1519000
1477000
1436000
1398000
1362000
1328000
1295000
1264000
1235000
1206000
1179000
1154000
1145000
1122000
1099000
1076000
1055000
1034000
1014000
995300
976900
959200
942100
925600
909700
894400
879500
950500
1305000
1309000
1278000
1661000
1735000
1703000
1992000
2661000
8664000
7911000
6826000
6006000
5366000
4853000
4432000
4521000
4190000
3874000
3603000
3368000
3162000
2980000
2818000
2673000
2543000
2424000
2317000
2218000
2128000
2045000
1968000
1897000
2296000
2396000
2370000
2274000
2636000
5433000
7730000
6907000
6102000
8020000
9327000
8041000
10530000
10550000
8791000
7453000
6480000
5738000
5153000
4679000
4286000
3986000
9967000
8747000
7422000
6457000
5721000
5139000
4667000
4276000
3947000
3665000
3422000
3210000
3473000
6833000
6375000
5664000
5093000
4629000
4245000
3920000
3642000
3402000
3192000
3007000
2842000
2695000
2704000
2584000
3170000
3212000
3243000
3069000
2898000
3302000
3478000
6802000
9444000
10970000
9179000
9561000
14420000
11630000
