836800
834100
830700
827000
823200
819500
815800
812100
808500
804900
801300
797800
794300
790800
787400
784000
21130000
8481000
4154000
1539000
1457000
9370000
3028000
7481000
34150000
9715000
5160000
1430000
742300
5964000
2636000
1581000
5047000
2593000
5508000
29490000
24780000
8756000
3520000
1064000
3379000
1395000
1063000
11940000
3586000
6598000
2068000
1282000
781000
683700
681100
678600
2017000
1020000
852100
697500
666100
663700
661200
658800
656400
5653000
1944000
1325000
754900
644800
642600
640300
638000
1222000
8083000
10530000
6601000
2611000
1191000
686000
620900
618700
616600
614500
2462000
1088000
858200
646200
604300
602300
600300
4383000
1574000
1106000
674100
590600
588700
586700
584900
583000
581100
579200
577400
575600
573700
571900
570100
568300
566500
564800
563000
561300
559500
557800
556100
554400
552700
551000
21970000
6083000
3439000
1006000
543100
541500
539900
538300
3151000
8942000
2884000
1632000
697100
529000
527400
525900
524400
522900
521400
519900
518400
516900
515400
514000
512500
511100
509600
508200
506800
505400
504000
502600
501200
499800
498400
497000
495700
16490000
4626000
8693000
2396000
1305000
618100
486700
485400
484100
482800
481500
480200
478900
477700
476400
9496000
2805000
1691000
665900
470400
469100
467900
466700
465500
464300
463100
462000
460800
459600
458400
457300
456100
455000
453900
452700
451600
450500
449300
448200
447100
446000
444900
443800
442800
441700
440600
439500
438500
437400
436400
435300
434300
433200
432200
431200
430100
429100
428100
427100
426100
425100
424100
423100
422100
421100
420200
419200
418200
417300
416300
415300
414400
413400
412500
411600
410600
409700
408800
407900
406900
406000
405100
19080000
5230000
2925000
805000
401700
400800
399900
399100
398200
397300
396400
395600
394700
393900
393000
392100
391300
390500
389600
388800
387900
387100
386300
385500
384600
383800
383000
382200
381400
380600
379800
379000
378200
377400
376700
375900
15370000
21800000
6934000
31670000
11420000
5084000
1433000
443800
372500
371700
371000
370200
369500
368700
368000
367200
366500
365700
365000
364300
363500
362800
362100
361400
360600
359900
359200
358500
357800
357100
5307000
12360000
3797000
1911000
585600
353800
353100
352400
1350000
1644000
752500
511000
371400
348400
347800
347100
346400
345800
345100
344400
1853000
5528000
1785000
1022000
444800
340900
340200
339600
339000
338300
337700
337100
336500
335800
27610000
39200000
12240000
5220000
1021000
335100
334500
333900
333300
332700
332100
331500
4879000
1506000
944000
427300
328700
4191000
1326000
848700
409700
325900
325300
324700
324200
323600
1180000
613500
455600
349200
322300
734300
426600
20320000
5482000
3012000
748100
1798000
699800
516700
348100
6916000
3045000
1471000
594900
335900
313300
312800
312200
759700
2337000
864900
577800
350800
309100
308600
308100
7337000
2124000
1256000
457800
305800
305300
1777000
22500000
6141000
7291000
15610000
4412000
2254000
600500
302600
302100
301600
301100
300600
300100
299600
299100
298600
298200
297700
297200
296700
296200
295700
295200
294800
294300
293800
293300
1507000
606100
456000
317800
291200
40980000
10810000
5786000
9769000
37750000
11790000
5554000
1218000
319100
4122000
9018000
2809000
1419000
458400
291200
290800
290300
289800
289400
288900
288400
22280000
11130000
4593000
12900000
3827000
1955000
598900
298600
288000
11290000
3132000
1774000
524500
287000
286500
286100
285600
285200
284700
284300
12680000
3487000
1958000
550900
283500
283000
282600
282100
281700
281300
280800
280400
3823000
1195000
758000
355500
278800
278300
277900
277500
277100
276600
276200
275800
275400
275000
274500
274100
273700
273300
272900
272500
272100
271700
271300
270800
270400
270000
269600
269200
268800
268400
268000
267600
267300
266900
266500
266100
265700
265300
264900
264500
264100
263800
263400
263000
262600
262200
261800
261500
261100
260700
260300
260000
259600
259200
258900
258500
2117000
10850000
3123000
1664000
476200
257900
257600
257200
256800
256500
256100
255700
255400
255000
254700
254300
254000
253600
253200
252900
252500
252200
251800
251500
251100
250800
250400
250100
249800
249400
249100
248700
248400
248000
247700
247400
247000
246700
246400
246000
245700
245400
245000
244700
244400
244000
243700
243400
243100
242700
242400
242100
241800
241400
241100
240800
240500
240200
239800
239500
239200
238900
238600
238300
237900
237600
237300
237000
236700
236400
236100
235800
235500
235200
234900
9130000
3801000
1764000
597700
261900
234300
234000
233700
233400
233100
232800
232500
232200
231900
231600
231300
231000
5207000
3587000
1438000
617400
1047000
429700
334200
246300
229400
229100
228800
228500
228200
227900
227600
227300
227100
226800
226500
226200
225900
225600
225400
225100
224800
224500
224200
3043000
952200
604300
284200
223200
222900
222700
222400
222100
221800
221600
221300
221000
220800
220500
4008000
1199000
731600
301500
219600
219300
219100
218800
218500
218300
218000
217700
13770000
14860000
4929000
2016000
459400
219100
218800
7869000
2196000
1252000
383400
218400
10170000
30670000
9073000
4279000
863100
227800
221000
220700
2814000
24740000
10320000
4424000
1220000
299800
222400
222100
221800
221600
221300
221000
220700
220500
220200
4737000
4789000
20940000
5747000
2891000
636000
16510000
6297000
2904000
825700
262800
222300
222000
221800
221500
221200
221000
220700
220400
2627000
3326000
7795000
8367000
2951000
1238000
380800
225100
220100
16960000
4545000
2481000
13280000
9453000
9865000
11730000
3482000
1546000
4878000
1377000
826300
319300
222800
222600
222300
222000
221700
6793000
1920000
1109000
363000
221200
220900
220600
220400
220100
219800
219600
219300
219000
218800
218500
1537000
558900
396000
1570000
559600
396000
245500
216700
216500
216200
4555000
1707000
28620000
7526000
3970000
815700
218100
217900
1558000
1659000
681400
393900
2134000
706100
472200
257100
216000
215800
215500
215300
215000
214800
214500
214300
214000
213700
213500
213200
213000
212700
1493000
543200
385000
239500
211600
334400
2063000
853800
499600
270900
213800
210200
209900
209700
209400
209200
209000
208700
4067000
6236000
2030000
971000
4807000
1369000
814800
305000
208000
207800
207600
207300
207100
206900
206600
206400
206200
205900
205700
205500
205200
205000
204800
204500
204300
204100
3845000
11970000
3493000
1744000
437600
204300
204000
203800
203600
203300
203100
202900
202700
202400
202200
202000
201800
201500
201300
201100
200900
200600
200400
200200
2e+05
199800
199500
199300
199100
198900
198700
198400
198200
198000
197800
197600
197400
197200
196900
196700
196500
196300
196100
195900
195700
195500
195200
195000
194800
194600
194400
194200
194000
193800
193600
193400
193200
193000
192700
192500
192300
192100
191900
191700
191500
191300
191100
190900
190700
190500
190300
190100
189900
189700
189500
189300
189100
188900
188700
188500
188300
188100
187900
187800
187600
937800
381200
288500
203100
186800
186600
186400
186200
186000
185800
185600
185400
185300
185100
184900
184700
184500
184300
184100
183900
183800
183600
183400
8969000
2455000
1371000
374100
184700
1268000
464500
330700
207500
184000
183800
183600
183500
183300
183100
182900
182700
182500
182400
905400
9564000
2657000
1441000
382000
183700
183600
183400
183200
183000
182800
182600
182500
910300
54500000
14270000
7513000
1355000
188400
188200
188000
187800
187600
187400
187200
187000
186800
186600
186400
186200
186100
185900
185700
185500
185300
185100
184900
184700
184500
184400
184200
184000
183800
183600
183400
183200
183000
182900
182700
182500
182300
182100
181900
181800
181600
181400
181200
181000
180900
180700
180500
180300
180100
180000
179800
179600
179400
179200
179100
178900
178700
178500
178400
178200
178000
177800
177700
177500
177300
177100
177000
176800
176600
176500
176300
176100
175900
175800
175600
175400
7147000
5070000
1918000
744900
17760000
4707000
2546000
2923000
10040000
23130000
6879000
3160000
5561000
1460000
850300
292200
12460000
3360000
1846000
452300
187700
187500
187300
187100
186900
1341000
12160000
3362000
11290000
23260000
36780000
17350000
26820000
7002000
3101000
639800
198800
198600
198400
198200
197900
197700
197500
197300
197100
25940000
6851000
3676000
753800
199000
198700
198500
198300
2736000
854000
540700
15740000
5130000
11100000
2874000
1377000
384200
199300
199100
198900
198700
198500
7650000
8218000
3576000
1388000
17790000
8820000
3608000
1131000
289200
200300
200100
199800
1461000
525400
369600
226300
198900
198700
16380000
4382000
2385000
548200
199400
199200
198900
198700
198500
198300
198100
197900
14140000
6578000
2799000
874100
258500
198500
198300
3613000
3075000
1175000
541100
241000
197800
197600
197400
197200
196900
196700
196500
18860000
5021000
2719000
6e+05
197700
197500
197300
197000
8449000
2330000
1312000
375100
197100
196900
196600
196400
12460000
33140000
9549000
4485000
841700
2e+05
199800
17780000
15500000
5355000
2033000
433500
201500
201300
201100
200900
200600
200400
200200
2e+05
199800
199500
199300
199100
198900
198700
198400
198200
198000
197800
197600
197400
197100
196900
196700
196500
196300
196100
195900
4269000
1740000
2122000
673000
27410000
13710000
5528000
1659000
339000
198900
198600
198400
491000
273700
237400
203900
197400
197200
197000
196800
196600
196300
196100
195900
195700
195500
195300
7e+05
20500000
26750000
34730000
16660000
6535000
2897000
5360000
1565000
853300
302300
2330000
8504000
2493000
1295000
8873000
2400000
1351000
385500
5323000
2238000
1078000
408600
217200
4179000
1229000
738600
287100
201200
200900
200700
200500
200300
200100
199800
702100
10470000
5509000
7289000
26070000
10210000
4346000
1135000
269000
202500
202300
6606000
21390000
9423000
3834000
14470000
3739000
2709000
673200
298700
219700
204500
204200
204000
203800
203500
203300
203100
202900
202600
202400
202200
202000
201700
201500
201300
201100
200800
200600
200400
200200
199900
199700
199500
199300
199100
198900
198600
198400
198200
3558000
1066000
651700
270200
197600
197400
197200
197000
196700
196500
196300
6679000
1872000
1072000
336100
196200
196000
195800
195600
195400
195200
195000
194800
194600
194300
194100
193900
193700
193500
193300
193100
192900
192700
192500
192300
192100
191900
191700
191500
191300
191100
190900
190700
190500
190300
190100
189900
189700
189500
189300
189100
188900
188700
5179000
1479000
863100
296700
189000
188800
188600
188400
22090000
35770000
10880000
4706000
838900
194200
194000
193800
193600
3287000
15970000
12180000
5441000
21010000
13690000
4935000
1722000
376300
199000
12140000
3286000
1812000
456700
199200
199000
198800
1881000
44070000
11650000
6104000
1138000
202400
202200
13390000
3609000
1983000
486700
202500
202300
202100
201800
3617000
1084000
662600
274900
5399000
16590000
13320000
4550000
11160000
2836000
1484000
407800
203400
203200
202900
202700
202500
202300
202000
201800
201600
201400
201100
200900
200700
200500
200300
2e+05
199800
199600
9774000
2674000
1493000
406000
199500
199300
561600
3344000
10470000
3057000
2747000
714900
362500
225200
4474000
1304000
8271000
2228000
1211000
360600
199000
198700
198500
198300
198100
197900
197700
197400
197200
197000
196800
196600
196400
196200
196000
195700
195500
195300
195100
1531000
19130000
7577000
3355000
921300
248600
196800
196600
196400
196100
195900
195700
195500
195300
195100
194900
194700
194500
194200
194000
193800
193600
22180000
24220000
7906000
3148000
592800
197400
197200
197000
5649000
2234000
1096000
399400
8937000
2714000
1444000
420800
202900
197100
196800
196600
196400
196200
196000
195800
195600
195400
195100
194900
194700
194500
194300
194100
193900
193700
193500
193300
193100
192900
11150000
3025000
1674000
429800
875200
369600
285400
207800
192900
192700
192500
192300
192100
191900
191700
191500
191300
191100
190900
190700
190500
190300
190100
189900
189700
189500
189300
189100
188900
4549000
1841000
913800
354200
200500
189000
188800
188600
188400
188200
188000
187800
187600
187400
187200
187000
2117000
6529000
9018000
2844000
1269000
341600
189400
189200
189000
188800
188600
188400
188200
188000
187800
187600
187400
187200
187000
186800
186600
16110000
4302000
2338000
531500
188400
188200
188000
187800
187600
187400
187200
187000
186800
186600
186500
186300
186100
185900
185700
185500
185300
11750000
3175000
1749000
436100
186800
186600
186400
186200
186000
185800
185600
185400
185200
185000
184900
184700
184500
184300
184100
183900
183700
183500
183400
183200
183000
182800
182600
182400
182300
182100
181900
181700
181500
181300
181200
181000
180800
180600
180400
180300
180100
179900
179700
179500
179400
179200
179000
178800
178700
178500
178300
178100
178000
177800
177600
177400
177300
177100
176900
176700
176600
176400
176200
5514000
11560000
12420000
34820000
9583000
4546000
850500
185400
185200
185000
184800
184600
184400
184200
184000
183900
183700
183500
183300
183100
182900
182700
182600
182400
182200
182000
181800
181600
181500
181300
181100
180900
180700
180600
180400
180200
6313000
4845000
1805000
729700
247900
181400
181200
27200000
7165000
4582000
960400
285900
200700
184400
184200
184000
183800
183600
183400
870800
6277000
1806000
997800
311600
184000
183800
183600
183400
183200
183100
182900
182700
182500
182300
182100
182000
9202000
26620000
10490000
4728000
1184000
2634000
4085000
1353000
682500
259100
188200
9300000
34290000
13670000
5723000
1425000
281100
193700
193500
193300
432500
1320000
896300
444100
269100
201100
192300
192100
191900
191700
191500
191300
9925000
2707000
1507000
401900
192000
191800
191600
191400
191200
17150000
4574000
2483000
558200
192700
192500
192300
192100
191900
191700
191500
191300
191100
190900
190700
9948000
2713000
1509000
401800
191500
4170000
1616000
4358000
1454000
8456000
2294000
1241000
359800
193200
193000
509100
3761000
1809000
844500
359000
207400
192700
192500
192300
192100
2049000
2534000
924100
483700
232200
191900
4754000
1371000
808400
505000
247500
220800
196300
191500
191300
191100
190900
190700
190500
190300
190100
1757000
594800
401400
12580000
3383000
1860000
457300
191000
190800
190600
6296000
1769000
5747000
2153000
2610000
4219000
24580000
12050000
4793000
1419000
311300
196100
195900
195600
195400
195200
195000
194800
194600
194400
194200
194000
193800
193600
193400
193100
192900
192700
192500
192300
192100
191900
191700
191500
191300
191100
190900
190700
190500
190300
190100
189900
189700
189500
189300
189100
188900
188700
188500
188300
188100
3153000
954400
588600
252000
187900
3814000
1125000
677900
988700
374700
285400
203300
187500
187300
187100
186900
186700
186500
186300
186100
186000
185800
185600
185400
185200
185000
184800
184600
184400
2740000
6843000
9395000
2942000
1304000
344900
187200
187000
186800
186600
186400
186200
186000
185800
185600
185500
185300
185100
184900
184700
184500
184300
184100
183900
183800
183600
183400
183200
183000
182800
182600
182500
182300
182100
181900
181700
181600
181400
181200
307700
213600
197800
183200
180300
180100
180000
4390000
10890000
6913000
2523000
887100
3630000
3463000
1261000
582000
235900
183800
183600
183400
183200
183000
182900
182700
182500
182300
182100
181900
181800
181600
181400
181200
181000
180900
180700
180500
180300
180100
180000
179800
179600
179400
179200
179100
178900
178700
6642000
1991000
1089000
10070000
4558000
2280000
7133000
12550000
47740000
13490000
6449000
1188000
198800
190500
190300
3194000
966800
596100
255000
190100
189900
189700
189500
189300
189100
188900
188700
188500
188300
188100
187900
187700
5276000
3845000
2460000
867900
6925000
29570000
23380000
8029000
2972000
14930000
14170000
4786000
17720000
10880000
3984000
1401000
336800
199200
199000
198800
198600
198400
36470000
9574000
5099000
982900
201200
201000
200800
200600
200400
200100
199900
199700
4828000
28650000
8372000
4112000
857000
212700
201600
201400
201200
200900
200700
200500
200300
200100
1801000
613600
9948000
4716000
4480000
1317000
577300
7226000
5620000
29120000
23310000
19190000
5787000
1e+07
24160000
7152000
19510000
