1475000
1452000
1426000
1401000
1376000
1352000
1330000
1307000
1286000
1265000
1245000
1226000
1207000
1189000
1171000
1154000
22020000
7562000
2095000
1169000
1795000
10400000
2745000
7347000
38060000
7671000
1893000
1030000
1017000
6727000
2626000
1229000
5492000
2635000
5601000
32540000
24470000
4909000
1376000
942300
3848000
1448000
981300
13100000
3099000
5981000
1751000
990900
867800
858400
849100
840100
2231000
1077000
850100
808700
800500
792500
784600
776800
769300
5828000
1676000
877200
750300
743300
736300
729500
722800
1456000
8092000
9921000
5219000
1435000
788400
713400
707000
700700
694500
688500
2646000
1033000
720800
668700
663100
657600
652100
4451000
1333000
732700
637700
632600
627500
622600
617700
612900
608200
603500
599000
594500
590000
585600
581300
577100
572900
568800
564700
560700
556700
552800
549000
545200
541500
537800
23450000
4691000
1105000
559700
555800
551900
548000
544300
3342000
8530000
1965000
725600
545100
541300
537600
534000
530400
526900
523400
519900
516500
513200
509900
506600
503400
500200
497000
493900
490900
487800
484800
481900
479000
476100
473200
470400
467600
16720000
3419000
6076000
1438000
622900
497100
494000
490900
487900
484900
481900
479000
476100
473300
470400
8917000
2006000
683800
481500
478500
475700
472800
470000
467200
464500
461800
459100
456400
453800
451200
448600
446100
443600
441100
438700
436300
433900
431500
429200
426800
424500
422300
420000
417800
415600
413400
411300
409200
407100
405000
402900
400900
398800
396800
394900
392900
390900
389000
387100
385200
383400
381500
379700
377900
376100
374300
372500
1346000
546400
392300
367600
365900
364200
362600
360900
359300
357600
356000
354400
352800
351300
349700
17660000
3498000
792000
381500
379700
377900
577600
411000
377700
371200
369500
367700
366000
364400
362700
361000
359400
357800
356100
354500
353000
351400
349800
348300
346800
345300
343800
342300
340800
339300
337900
336400
335000
333600
332200
330800
14670000
18210000
3477000
28420000
8275000
1604000
500200
430200
427900
425600
423300
421000
418800
416600
414400
412200
410100
408000
405900
403800
401800
399700
397700
395700
393800
391800
389900
388000
386100
384200
6162000
10820000
2237000
631600
407900
405800
403700
401600
1361000
1478000
585200
419100
395700
393800
391800
389900
388000
386100
384200
382300
1842000
4841000
1178000
486100
385200
383300
381500
379600
377800
376000
374200
372500
370700
369000
25080000
35050000
6479000
1175000
459100
456400
453800
451200
448700
446100
443600
441100
4458000
1169000
538500
441200
438700
3826000
1052000
519800
437300
434900
432500
430200
427900
425600
1189000
621400
449700
419900
416300
777800
478200
18430000
3687000
870000
442300
1744000
675100
468900
435700
6214000
2381000
742500
463500
439900
437500
435100
432700
822800
2172000
740500
467800
426000
423700
421500
419200
6598000
1541000
573000
424800
422500
420300
1727000
20700000
4094000
4438000
13710000
2839000
781900
481100
478200
475300
472500
469600
466900
464100
461400
458700
456100
453500
450900
448300
445800
443300
440800
438400
436000
433600
431200
428900
2095000
728200
465300
423600
421400
40370000
7668000
1421000
8195000
39130000
8551000
1614000
553100
522900
4146000
8797000
1994000
714300
530800
527300
523800
520300
516900
513600
510200
507000
22750000
9789000
2015000
12300000
3140000
917300
562200
546800
543100
11850000
2591000
818200
547200
543400
539700
536100
532500
528900
525400
521900
13610000
2895000
844600
531800
528200
524700
521200
517800
514500
511100
507800
504600
4286000
1189000
594900
502400
499200
496100
493000
489900
486900
483900
481000
478100
475200
472400
469600
466800
464000
461300
458700
456000
453400
450800
448300
445700
443200
440800
438300
435900
433500
2130000
738300
470600
428200
425900
423600
421300
419100
416900
414700
412500
410400
408300
406200
404100
402100
4e+05
398000
396000
394000
392100
390100
388200
386300
384500
382600
380800
4439000
10440000
2177000
622400
400300
398300
396300
394300
392400
390400
388500
386600
384700
382900
381000
379200
377400
375600
373800
372100
370300
368600
366900
365200
363500
361900
360200
358600
356900
355300
353800
352200
350600
349100
347500
346000
344500
343000
341500
340100
338600
337200
335700
334300
332900
331500
330100
328800
327400
326000
324700
323400
322100
320800
319500
318200
316900
315600
314400
313100
311900
310700
309500
308300
307100
305900
304700
303500
302400
301200
300100
298900
297800
296700
295600
9771000
2993000
720900
344800
320600
319300
318000
316700
315500
314200
313000
311800
310500
309300
308100
306900
305700
4982000
2741000
716400
357700
941100
431600
333200
317300
316000
314700
313500
312300
311000
309800
308600
307400
306200
305000
303900
302700
301500
300400
299300
298100
297000
295900
294800
3052000
796400
364700
298500
297400
296300
295200
294100
293000
291900
290900
289800
288700
287700
286600
3422000
857300
366600
291500
290400
289400
288300
287300
286200
285200
284200
283200
10830000
11180000
2198000
546500
333400
332000
330600
6544000
1463000
490900
342800
341300
8927000
28360000
5651000
1083000
412600
403900
401800
399800
2800000
23910000
7953000
1589000
525500
445100
442600
440200
437700
435300
432900
430600
428200
425900
423600
4668000
4328000
19820000
3911000
909500
464800
16490000
5094000
1181000
531500
487900
484900
481900
479000
476100
473200
470400
467600
464900
2746000
3166000
7026000
7210000
1844000
659900
493500
485700
482700
17270000
3529000
902500
13300000
8729000
8396000
11010000
2357000
767600
5172000
1384000
657300
544400
540600
537000
533300
529800
526200
7127000
1721000
685800
526300
522800
519400
516000
512700
509400
506100
502900
499700
496600
493500
490400
1839000
731000
516900
1711000
703300
508500
476600
473800
471000
468200
4519000
1543000
28990000
5628000
1184000
510900
507700
504400
1801000
1745000
713500
522000
2253000
812800
535200
490700
487600
484600
481700
478800
475900
473000
470200
467400
464700
462000
459300
456600
454000
451400
2242000
773200
490600
445700
443200
635700
2152000
890300
503800
439400
433600
431200
428900
426500
424300
422000
419800
417500
4682000
5827000
1366000
539000
4599000
1185000
531100
430300
427900
425600
423300
421100
418900
416600
414500
412300
410200
408000
405900
403900
401800
399800
397800
395800
393800
391900
5287000
11250000
2329000
652800
415100
412900
410800
408700
406600
404500
402400
400400
398400
396400
394400
392400
390500
388600
386700
384800
382900
381100
379300
377400
375700
373900
372100
370400
368600
366900
365200
363600
361900
360300
358600
357000
355400
353800
352200
350700
349100
347600
346100
344600
343100
341600
340100
338600
337200
335800
334400
332900
331600
330200
328800
327400
326100
324700
323400
322100
320800
1115000
463800
338200
318200
316900
315600
314400
313100
311900
310700
309500
308300
307100
305900
304700
303500
302400
301200
300100
298900
297800
296700
295600
294500
2379000
673200
346600
296200
295100
294000
293000
291900
290800
289700
288700
287600
286600
285500
284500
283500
282500
281500
280500
279500
278500
277500
276600
8469000
1770000
490300
295900
294800
1308000
477900
318400
293400
292300
291300
290200
289100
288100
287000
286000
285000
283900
282900
1640000
8279000
1731000
488300
304300
303100
302000
300800
299700
298500
297400
296300
295200
1435000
55790000
10350000
1672000
363900
362300
360600
359000
357300
355700
354100
352600
351000
349400
347900
346400
344900
343400
341900
340400
339000
337500
336100
334700
333200
331800
330500
329100
327700
326400
325000
323700
322400
321100
319800
318500
317200
315900
314700
313400
312200
311000
309800
308500
307300
306200
305000
303800
302600
301500
300300
299200
298100
297000
295800
294700
293700
292600
291500
290400
289400
288300
287300
286200
285200
284200
283100
282100
281100
280100
279100
278200
277200
276200
275300
274300
273400
7553000
4207000
938800
359000
15790000
3119000
698300
2330000
9414000
21210000
4230000
880300
5394000
1302000
519100
399100
12340000
2569000
701900
417900
415700
413500
411400
409300
407100
1608000
11970000
2499000
9947000
22740000
37070000
13460000
25200000
4802000
1091000
550800
546900
543200
539500
535800
532200
528600
525100
521700
518200
27640000
5437000
1193000
548700
544900
541200
537500
533800
2950000
968600
587400
16720000
4360000
10130000
2207000
769800
552500
548700
544900
541200
537500
533800
8253000
8237000
2602000
829000
18900000
8261000
1796000
672000
564200
560200
556300
552400
1832000
778600
574500
540500
536800
533200
17540000
3615000
952500
547100
543300
539600
535900
532300
528700
525200
521800
518300
15130000
5882000
1374000
601500
533800
530200
526700
3912000
3025000
950400
572300
524200
520800
517400
514000
510700
507400
504200
501000
20100000
4056000
989200
522800
519300
515900
512600
509300
8953000
2040000
717300
514600
511300
508000
504700
501500
13310000
34950000
6647000
1319000
556200
552300
548500
19190000
15400000
3088000
851000
575900
571700
567600
563500
559600
555600
551700
547900
544100
540400
536700
533100
529500
526000
522500
519100
515700
512400
509100
505800
502600
499400
496300
493200
490100
487100
484100
481200
5998000
1982000
1978000
728900
28610000
12170000
2388000
692000
533000
529400
525900
522400
1155000
631600
529000
510700
507400
504200
501000
497800
494700
491600
488600
485600
482600
479700
476800
1853000
21310000
26730000
35510000
13350000
3233000
2021000
5744000
1485000
679000
558000
2857000
9569000
2163000
759400
11180000
2466000
798100
542900
6363000
2247000
795700
551900
1447000
6066000
1515000
649300
518800
515400
512100
508800
505500
502300
499200
496000
1505000
10600000
4736000
5976000
26840000
8521000
1751000
634600
553200
549400
545600
7207000
22470000
7991000
1704000
14950000
3165000
1680000
722000
599900
577900
573700
569600
565500
561500
557500
553600
549700
545900
542200
538500
534800
531200
527700
524200
520700
517300
514000
510600
507400
504100
500900
497800
494600
491600
488500
485500
482600
479600
2471000
4573000
1205000
571500
480400
477500
474700
471800
469000
466300
463500
460800
7105000
1668000
626800
467200
464400
461700
459000
456400
453700
451100
448600
446100
443600
441100
438600
436200
433800
431400
429100
426800
424500
422200
420000
417800
415600
413400
411200
409100
407000
404900
402900
400800
398800
396800
394800
392800
390900
389000
387100
385200
383300
381500
6397000
1473000
530900
386900
385000
383200
381300
379500
21600000
34610000
6435000
1185000
465400
462600
459900
457300
454600
3618000
15870000
10650000
3372000
20700000
12610000
2541000
743200
539200
535500
12970000
2788000
839900
542400
538700
535100
531500
2137000
49270000
9340000
1721000
571600
567500
563400
14630000
3109000
905100
568600
564600
560600
556600
552700
4085000
1188000
631300
544000
5858000
17400000
12640000
2589000
10900000
2404000
820000
577100
572900
568800
564700
560700
556800
552900
549000
545200
541500
537800
534200
530600
527000
523500
520100
516700
513300
510000
10320000
2289000
752100
517100
513700
510400
897200
3411000
10460000
2289000
1859000
722500
545300
515600
4487000
1235000
8080000
1873000
702400
522600
519200
515800
512400
509100
505900
502700
499500
496300
493200
490200
487200
484200
481200
478300
475400
472600
469800
467000
464300
2179000
19490000
6216000
1358000
551700
494000
491000
487900
484900
482000
479100
476200
473300
470500
467700
465000
462200
459600
456900
454300
451700
449100
23320000
23370000
4434000
958400
512000
508700
505400
502200
5955000
2130000
753100
521400
9218000
2352000
770100
519500
509900
506600
503400
500200
497100
494000
490900
487900
484900
481900
479000
476100
473200
470400
467600
464900
462200
459500
456800
454200
451600
449000
13230000
2772000
772700
468300
1206000
597800
479400
459300
456600
454000
451400
448900
446300
443800
441300
438900
436500
434100
431700
429300
427000
424700
422500
420200
418000
415800
413600
411500
959700
5590000
1878000
633000
427500
412800
410600
408500
406400
404300
402300
400200
398200
396200
394200
392300
390300
3512000
6893000
8557000
1819000
581900
414200
412100
409900
407800
405700
403700
401600
399600
397600
395600
393600
391700
389700
387800
385900
580800
17370000
3471000
816400
414200
412000
409900
407800
405700
403600
401600
399500
397500
395500
393600
391600
389700
387800
385900
384000
382200
380300
13540000
2772000
714100
401300
399300
397300
395300
393300
391400
389500
387600
385700
383800
381900
380100
378300
376500
374700
372900
371200
369400
367700
366000
364300
362700
361000
359400
357700
356100
354500
353000
351400
349800
348300
346800
345200
343700
342300
340800
339300
337900
336400
335000
333600
332200
330800
329400
328100
326700
325400
324000
322700
321400
320100
318800
317500
316300
315000
313700
312500
311300
310100
691000
5930000
10530000
10800000
34500000
6439000
1174000
407700
405700
403600
401500
399500
397500
395500
393500
391600
389700
387700
385900
384000
382100
380300
378500
376700
374900
373100
371400
369600
367900
366200
364500
362800
361200
359500
357900
356300
354700
7436000
4771000
1103000
444900
369300
367600
365900
27120000
5226000
1805000
547900
426800
406700
404600
402600
400500
398500
396500
394500
1162000
6542000
1503000
543600
399600
397600
395600
393700
391700
389800
387900
386000
384100
382200
380400
378600
376800
9600000
26100000
7885000
1890000
573800
2822000
4207000
1104000
524000
442700
440200
9370000
35020000
10650000
2015000
610000
512400
509100
505800
502600
776300
1629000
1100000
592800
501400
488800
485800
482900
479900
477000
474200
471300
10100000
2222000
714000
483700
480800
477800
475000
472100
469300
17790000
3614000
904000
491900
488900
485800
482900
479900
477000
474200
471400
468600
465800
463100
460400
10090000
2211000
704300
474200
471400
4533000
1609000
4226000
1349000
8111000
1851000
670400
490100
487100
484100
820700
4083000
1814000
691000
497800
478800
475900
473100
470200
467500
2480000
2722000
857100
511300
463900
461200
5084000
1299000
574200
694500
502000
463100
454900
452300
449800
447200
444700
442200
439800
437300
434900
2174000
747600
473100
12310000
2592000
734400
451500
448900
446400
443900
6712000
1582000
5328000
1927000
2331000
4251000
25020000
10090000
2019000
638500
512300
509000
505800
502500
499400
496200
493100
490100
487000
484100
481100
478200
475300
472500
469700
466900
464200
461400
458800
456100
453500
450900
448400
445800
443300
440800
438400
436000
433600
431200
428900
426600
424300
422000
419800
417600
415400
413200
411000
408900
406800
4912000
1223000
517200
408700
406600
4299000
1112000
501100
1211000
551300
423700
402600
400600
398600
396600
394600
392600
390700
388800
386900
385000
383100
381300
379400
377600
375800
374100
372300
370500
4820000
7272000
9022000
1882000
575400
398000
396000
394000
392000
390100
388200
386300
384400
382600
380700
378900
377100
375300
373500
371800
370000
368300
366600
364900
363200
361600
359900
358300
356700
355100
353500
351900
350300
348800
347300
345700
344200
342800
341300
2110000
662300
384700
341400
340000
338500
337100
4267000
10390000
5875000
1266000
459800
3866000
3453000
901600
434700
375200
373400
371600
369900
368200
366500
364800
363100
361400
359800
358200
356500
354900
353400
351800
350200
348700
347200
345600
344100
342600
341200
339700
338200
336800
335400
334000
332600
331200
329800
7940000
1835000
547700
9759000
3947000
1239000
6983000
12100000
52840000
10140000
1695000
442300
431000
428600
426300
3568000
994400
501100
424600
422400
420100
417900
415700
413500
411400
409200
407100
405000
403000
400900
398900
396900
6041000
3801000
1965000
644200
6956000
29550000
20860000
3934000
986200
15140000
13650000
2767000
17570000
10300000
2167000
714900
552200
548300
544500
540800
537100
533500
40580000
7784000
1519000
568400
564300
560300
556400
552500
548600
544800
541100
537400
5232000
30900000
6537000
1369000
584200
567400
563400
559400
555500
551600
547800
544000
540300
536600
2075000
811100
10370000
4283000
3604000
1038000
602000
7737000
5584000
30940000
22500000
16280000
3176000
9378000
26590000
5546000
19170000
