2379000
1873000
1731000
1696000
1601000
1544000
1508000
1474000
1441000
1410000
1380000
1351000
1324000
1298000
1272000
1248000
14710000
6663000
3296000
3040000
2305000
7073000
2895000
5709000
25780000
8279000
4428000
4132000
2053000
4891000
2707000
1849000
4546000
2760000
4478000
21970000
18650000
7178000
5113000
3367000
3599000
1952000
1632000
9121000
3553000
5223000
3093000
1950000
1713000
1433000
1321000
1295000
2127000
1490000
1329000
1309000
1214000
1168000
1147000
1128000
1108000
3929000
1885000
1414000
1404000
1147000
1048000
1032000
1016000
1393000
5181000
6626000
4425000
2510000
1887000
1382000
1099000
1036000
1020000
1004000
2076000
1284000
1096000
1085000
978700
934100
920900
3045000
1504000
1149000
1142000
949200
876100
864600
853300
842300
831600
821100
810900
801000
791300
781900
772600
763600
754800
746200
737800
729500
721500
713600
705900
698400
691000
683800
12350000
3994000
2118000
2140000
1141000
797600
788000
778600
2088000
5114000
2055000
1414000
1304000
920100
796700
787100
777700
768600
759700
750900
742400
734100
725900
718000
710200
702600
695100
687800
680600
673600
666800
660100
653500
647000
640700
634500
628400
8701000
2924000
4343000
2423000
1298000
1066000
828300
742300
734000
725800
717900
710100
702400
695000
687700
5002000
1914000
1218000
1222000
849300
718000
710300
702600
695200
687900
680700
673700
666800
660100
653500
647100
640700
634500
628400
622500
616600
610900
605200
599700
594200
588900
583600
578500
573400
568500
563600
558800
554000
549400
544800
540300
535900
531600
527300
523100
518900
514900
510800
506900
503000
499200
495400
491700
488000
484400
480900
477400
663400
525000
491400
488600
469300
460700
457500
454300
451200
448100
445000
442000
439100
436200
433300
8387000
2701000
1426000
1444000
765700
533800
565100
535600
525700
521700
514600
509600
505700
501800
498000
494300
490600
486900
483300
479800
476300
472900
469500
466200
462900
459600
456400
453300
450200
447100
444100
441100
438100
435200
432400
429500
6915000
10120000
3479000
17020000
7773000
3217000
2724000
1466000
874700
811200
801300
791600
782100
772900
763800
755000
746400
738000
729800
721700
713800
706100
698600
691200
684000
676900
670000
663200
656600
650000
3469000
6488000
2434000
1629000
1397000
881700
729500
721400
1204000
1320000
896800
815100
767600
706200
685400
678300
671400
664600
657900
651300
1389000
3046000
1355000
999900
936500
723000
653700
647300
640900
634700
628600
622600
616800
611000
14470000
23570000
7711000
4684000
3543000
1517000
957200
943400
930000
916900
904200
891900
3492000
1611000
1181000
1176000
942800
3064000
1473000
1108000
1103000
904300
830500
820100
809900
8e+05
1188000
927500
832200
819200
776800
944000
799100
11470000
3802000
2063000
2076000
2006000
1081000
934500
926100
4475000
2427000
1417000
1322000
1005000
841400
814400
804400
999800
1719000
1054000
906500
882600
793900
760100
751300
4117000
1702000
1155000
1156000
862000
756900
1430000
12800000
4197000
4578000
10780000
3747000
2140000
1953000
1206000
965800
951800
938100
924800
911900
899400
887200
875300
863700
852400
841500
830800
820400
810200
800300
790600
781200
771900
762900
1550000
974600
839300
833200
757700
25090000
7617000
3695000
8773000
27150000
9204000
4734000
4210000
2001000
3613000
6998000
2914000
2075000
1863000
1337000
1169000
1148000
1128000
1109000
1090000
1072000
15530000
8582000
3780000
11010000
4544000
2325000
2168000
1487000
1213000
8549000
3251000
2048000
2045000
1398000
1166000
1145000
1126000
1107000
1088000
1070000
9109000
3330000
2022000
2025000
1324000
1075000
1058000
1041000
1025000
1009000
993600
978700
3342000
1628000
1234000
1226000
1011000
929800
916700
904000
891700
879700
868000
856600
845600
834800
824200
814000
804000
794200
784700
775400
766300
757400
748800
740300
732000
723900
716000
708200
700700
1203000
832200
743700
738000
687900
666500
659800
653200
646800
640500
634300
628200
622200
616300
610600
605000
599400
594000
588700
583400
578300
573200
568200
563300
558500
553800
549200
2329000
5924000
2149000
1369000
1226000
756000
610900
605200
599700
594300
588900
583700
578500
573400
568500
563600
558800
554100
549400
544800
540300
535900
531600
527300
523100
519000
514900
510900
506900
503000
499200
495400
491700
488000
484400
480900
477400
473900
470500
467200
463900
460600
457400
454200
451100
448000
445000
442000
439000
436100
433200
430400
427600
424800
422100
419400
416700
414100
411500
408900
406400
403900
401400
399000
396600
394200
391800
389500
387200
384900
382700
380500
378300
376100
374000
4667000
2074000
1045000
977800
612700
446700
430200
427400
424600
421900
419200
416500
413900
411300
408700
406200
403700
2594000
1806000
896800
775600
891900
544600
471100
469100
440700
429200
426400
423700
421000
418300
415600
413000
410400
407900
405300
402900
400400
398000
395600
393200
390900
388500
386300
1667000
747900
540500
541700
430600
391600
389300
387000
384700
382500
380300
378100
375900
373800
371600
1885000
799300
554900
556700
426200
380600
378400
376200
374100
372000
369900
367800
5529000
6208000
2264000
1578000
1150000
629300
500700
3721000
1416000
897800
902800
625800
5157000
16780000
5497000
3007000
2623000
1216000
766700
753800
2e+06
15060000
7012000
3232000
2806000
1580000
984900
910500
898000
885800
874000
862400
851200
840300
829600
3435000
3598000
13510000
4731000
2610000
2379000
11590000
4998000
2536000
2367000
1482000
1076000
1027000
1011000
996000
981000
966500
952400
938700
2402000
2825000
5479000
6028000
2793000
1945000
1540000
1104000
973800
11510000
3943000
2238000
10380000
7366000
7308000
9814000
4060000
2521000
5062000
2244000
1564000
1549000
1272000
1165000
1144000
1124000
1105000
5062000
2208000
1555000
1548000
1194000
1063000
1046000
1030000
1014000
998000
983000
968400
954300
940500
927200
1771000
1145000
995900
1785000
1129000
964400
954900
875900
842000
831300
3327000
1747000
18980000
6179000
3098000
3037000
1505000
979600
1801000
1848000
1229000
1113000
2174000
1263000
1048000
1039000
929300
884500
872700
861200
850000
839100
828400
818100
808000
798100
788500
779100
769900
761000
1605000
989100
844800
838900
758600
816600
1621000
1049000
848100
823300
739200
700300
690800
683600
676500
669600
662800
656200
2782000
3678000
1602000
1214000
3211000
1386000
961800
960400
768900
699200
691800
684600
677500
670600
663800
657100
650600
644200
637900
631800
625700
619800
614000
608300
602700
597200
2944000
6474000
2369000
1537000
1346000
830000
674000
667100
660400
653800
647300
641000
634800
628700
622700
616900
611100
605500
599900
594500
589100
583900
578700
573600
568700
563800
559000
554200
549600
545000
540500
536100
531700
527500
523300
519100
515000
511000
507100
503200
499300
495600
491800
488200
484600
481000
477500
474100
470700
467300
464000
460700
457500
454400
451200
448200
445100
442100
439100
436200
433300
627800
484200
449900
447700
428300
419900
417300
414600
412000
409500
406900
404400
401900
399500
397100
394700
392300
390000
387700
385400
383200
380900
378700
376600
1234000
617200
477600
477700
402800
376000
373900
371800
369700
367600
365600
363500
361500
359600
357600
355700
353700
351800
350000
348100
346300
344500
342700
4069000
1404000
806100
814200
496300
874300
524100
444000
443000
399500
383300
381100
378900
376700
374600
372400
370300
368300
366200
936100
4347000
1523000
911000
870500
527900
416000
413400
410800
408200
405700
403200
400800
891600
28970000
8512000
3947000
3970000
1533000
710600
703000
695500
688200
681100
674100
667200
660500
653900
647400
641100
634800
628800
622800
616900
611100
605500
6e+05
594500
589200
583900
578800
573700
568700
563800
559000
554300
549600
545100
540600
536100
531800
527500
523300
519100
515100
511100
507100
503200
499400
495600
491900
488200
484600
481100
477600
474100
470700
467300
464000
460800
457600
454400
451300
448200
445100
442100
439200
436300
433400
430500
427700
424900
422200
419500
416800
414200
411600
409100
406500
404000
3818000
2662000
1198000
999800
8963000
2859000
1499000
2777000
6089000
13600000
4702000
2704000
5316000
2009000
1174000
1170000
8506000
2967000
1739000
1747000
1091000
861800
850600
839700
829100
1457000
8262000
2949000
7805000
17040000
27860000
14320000
22410000
9177000
4383000
3349000
1858000
1382000
1353000
1325000
1299000
1274000
1249000
1226000
1203000
20080000
6499000
3439000
3459000
1827000
1260000
1236000
1213000
2764000
1622000
1350000
12040000
4811000
8678000
4233000
2327000
1961000
1405000
1208000
1186000
1165000
1144000
5884000
6429000
3294000
2311000
13950000
7750000
3487000
3001000
1953000
1328000
1220000
1197000
1960000
1380000
1235000
1217000
1132000
1091000
11900000
4129000
2375000
2383000
1445000
1115000
1097000
1078000
1061000
1044000
1028000
1012000
9914000
5199000
2557000
2296000
1527000
1112000
1047000
3180000
2859000
1621000
1415000
1220000
1039000
988700
974000
959700
945800
932300
919200
12850000
4289000
2361000
2376000
1348000
990500
975700
961400
6069000
2394000
1561000
1561000
1113000
952000
938400
925100
8528000
23690000
7673000
4365000
3751000
1760000
1149000
13200000
12210000
4747000
3522000
2492000
1471000
1227000
1205000
1183000
1162000
1141000
1122000
1103000
1084000
1067000
1050000
1033000
1017000
1001000
986200
971500
957300
943400
930000
916900
904300
891900
879900
868200
856800
845800
835000
4058000
2060000
2126000
1479000
18530000
9795000
4106000
3485000
1997000
1149000
1021000
1005000
1346000
1077000
1005000
992200
948400
924900
912000
899500
887300
875400
863800
852500
841600
830900
820400
1415000
13130000
18320000
25140000
13980000
7122000
5307000
6013000
2517000
1779000
1681000
2775000
7084000
2927000
2033000
7905000
3077000
1934000
1925000
4856000
2611000
1729000
1648000
1334000
3625000
1848000
1437000
1424000
1197000
1108000
1090000
1072000
1055000
1038000
1022000
1689000
7277000
4377000
5288000
19600000
8772000
4162000
3522000
1992000
1298000
1211000
5427000
16270000
8004000
4044000
13010000
4735000
3056000
2618000
1684000
1380000
1310000
1270000
1246000
1223000
1200000
1179000
1158000
1137000
1118000
1099000
1081000
1063000
1046000
1030000
1014000
998300
983200
968600
954500
940700
927400
914400
901800
889500
877600
865900
854600
843600
1657000
3452000
1596000
1204000
1130000
892600
813800
803800
794100
784500
775200
766200
4450000
1806000
1207000
1208000
886200
771500
762500
753700
745100
736700
728500
720500
712700
705000
697500
690100
682900
675900
669000
662200
655600
649100
642700
636500
630300
624300
618400
612600
607000
601400
595900
590600
585300
580100
575000
570000
565100
560300
555500
550800
546200
541700
3448000
1363000
892900
896100
644800
556800
552100
547500
11710000
21510000
6980000
4150000
3239000
1399000
877800
866100
854800
2903000
10580000
8415000
4333000
15650000
11040000
4367000
3296000
2182000
1327000
9222000
3421000
2107000
2106000
1400000
1148000
1129000
2155000
34580000
10540000
5174000
5136000
2254000
1276000
10650000
3888000
2355000
2353000
1530000
1237000
1214000
1192000
3230000
1741000
1392000
1378000
4311000
12350000
10520000
4474000
10100000
4197000
2255000
2071000
1463000
1242000
1219000
1196000
1175000
1154000
1134000
1115000
1096000
1078000
1060000
1043000
1027000
1011000
995600
980700
966100
952100
6812000
2600000
1647000
1648000
1136000
954000
1187000
2845000
7148000
2782000
2570000
1888000
1224000
1049000
3562000
1677000
5766000
2531000
1575000
1499000
1102000
958400
944500
931000
918000
905200
892900
880800
869100
857700
846600
835800
825200
815000
804900
795100
785600
776300
767200
1607000
11800000
5434000
2619000
2323000
1375000
926300
871400
860000
848800
837900
827300
817000
806900
797100
787500
778100
769000
760000
751300
742800
734400
13640000
15930000
5597000
3771000
2692000
1330000
984900
970200
4434000
2350000
1482000
1411000
6428000
2647000
1646000
1618000
1153000
971200
952100
938500
925200
912300
899700
887500
875600
864000
852700
841800
831100
820600
810500
800500
790900
781400
772200
763200
754400
745800
7809000
2746000
1606000
1616000
1387000
904600
834500
826200
784800
765000
756100
747500
739000
730800
722700
714800
707100
699500
692100
684900
677800
670900
664100
657400
650900
644400
638200
632000
750000
3313000
1669000
1039000
985400
751400
645600
631500
625400
619500
613700
608000
602400
596900
591500
586300
581100
2052000
4097000
5303000
2188000
1480000
1179000
773300
661800
655200
648700
642300
636100
630000
624000
618100
612300
606600
601100
595600
590200
585000
9493000
3119000
1688000
1705000
943600
681600
674600
667700
661000
654400
647900
641600
635300
629200
623200
617400
611600
606000
600400
594900
589600
7222000
2476000
1410000
1422000
853400
657000
650500
644100
637800
631700
625600
619700
613900
608200
602600
597100
591700
586400
581200
576100
571100
566200
561300
556500
551900
547200
542700
538300
533900
529600
525300
521100
517000
513000
509000
505100
501200
497400
493700
490000
486300
482800
479200
475800
472300
469000
465600
462300
459100
455900
452800
449700
446600
443600
440600
437700
434800
431900
429100
426300
423500
420800
429500
3157000
5670000
6627000
19930000
6598000
3378000
2899000
1292000
787600
778300
769100
760200
751400
742900
734600
726400
718400
710600
703000
695500
688200
681100
674000
667200
660400
653900
647400
641000
634800
628700
622800
616900
611100
605500
599900
594500
4289000
3277000
1511000
1254000
939200
688700
635700
15920000
4974000
2928000
2668000
1297000
850600
806300
785100
775800
766700
757800
749100
1133000
4091000
1706000
1181000
1149000
854400
753000
744400
736100
727900
719900
712000
704400
696900
689500
682400
675300
5468000
16560000
7290000
3849000
2999000
3134000
3614000
1724000
1360000
1221000
979500
6725000
24790000
10710000
5124000
4215000
2145000
1248000
1147000
1127000
1282000
1845000
1558000
1241000
1169000
1088000
1030000
1007000
991300
976500
962100
948200
7055000
2666000
1674000
1676000
1143000
953900
940100
926800
913800
11630000
3942000
2210000
2223000
1298000
976500
962100
948100
934600
921400
908600
896100
884000
872200
860700
7046000
2600000
1596000
1600000
1063000
3519000
1876000
3589000
2011000
6145000
2554000
1561000
1482000
1055000
903400
1109000
3250000
1996000
1297000
1201000
988500
873200
849300
838400
827800
1960000
2277000
1268000
1079000
975000
835600
3491000
1555000
1114000
1231000
908200
802500
793500
774200
761800
753100
744500
736100
727900
719900
712100
1595000
952400
803000
7555000
2645000
1532000
1542000
960900
758900
750200
4131000
1706000
3866000
2255000
2210000
3557000
16470000
8697000
3863000
3149000
1823000
1102000
992300
977400
963000
949000
935400
922200
909400
896900
884800
873000
861500
850300
839300
828700
818300
808200
798300
788700
779300
770100
761200
752400
743900
735500
727300
719300
711500
703900
696400
689100
681900
674800
668000
661200
654600
648100
641800
635500
629400
2796000
1239000
885500
885400
695400
2634000
1195000
868500
1278000
809200
680200
675300
634600
617000
611200
605600
6e+05
594600
589200
584000
578800
573700
568800
563900
559100
554300
549700
545100
540600
2503000
4281000
5570000
2284000
1499000
1178000
751400
634100
628100
622100
616200
610500
604900
599300
593900
588600
583300
578200
573100
568100
563300
558500
553700
549100
544500
540100
535600
531300
527000
522800
518700
514600
510600
506700
502800
498900
495200
491500
487800
1155000
673800
563300
561800
501600
478900
475400
2330000
5701000
4e+06
1854000
1393000
2760000
2436000
1169000
964200
808100
642100
599900
594500
589100
583900
578700
573700
568700
563800
559000
554300
549600
545000
540500
536100
531800
527500
523300
519100
515100
511000
507100
503200
499400
495600
491900
488200
484600
481000
4003000
1544000
935600
5907000
3038000
1587000
4728000
7389000
31830000
10220000
5071000
4522000
1869000
996500
974700
2993000
1526000
1187000
1179000
992900
921600
908700
896300
884200
872400
860900
849700
838800
828200
817800
807700
797800
4047000
3192000
2249000
1547000
5332000
20440000
16790000
6511000
4604000
12870000
11690000
4455000
14780000
10280000
4180000
3227000
2230000
1480000
1320000
1294000
1269000
1245000
29210000
9072000
4540000
4575000
2164000
1333000
1306000
1280000
1256000
1232000
1209000
1187000
4029000
22080000
7528000
4019000
3740000
1923000
1290000
1255000
1231000
1208000
1186000
1165000
1144000
1125000
2099000
1372000
7193000
4104000
3662000
2379000
1618000
5669000
4564000
22200000
18870000
15310000
7360000
10050000
21470000
7419000
16990000
