1079000
1034000
984400
931500
881200
831800
786200
744800
707700
674100
643600
615800
590400
567000
545400
525400
4275000
3013000
2670000
2187000
2267000
4155000
2754000
4126000
22130000
8894000
7793000
4868000
4857000
4626000
3253000
2582000
3238000
2698000
3433000
17560000
17360000
10110000
7361000
5866000
5430000
3532000
2676000
5684000
3580000
4640000
3250000
3048000
2423000
2135000
1790000
1568000
1622000
1386000
1281000
1165000
1090000
1006000
936600
876000
824700
1482000
1105000
1080000
971400
952700
872600
815500
764700
785600
1805000
3002000
2871000
2364000
2121000
1919000
1695000
1474000
1312000
1191000
1404000
1168000
1102000
1007000
958600
888200
832600
1280000
1008000
981100
895400
873400
809000
760900
717800
683300
652000
623500
597400
573400
551300
530900
512000
494300
477900
462500
448100
434600
421900
409900
398500
387800
377700
368100
3234000
1805000
1830000
1499000
1533000
1307000
1170000
1054000
1326000
2678000
1848000
1763000
1531000
1475000
1293000
1167000
1063000
987600
922400
865500
815400
770900
731100
695300
662900
633400
606500
581800
559100
538100
518600
500500
483700
467900
453200
439300
426300
2298000
1372000
2660000
1833000
1857000
1553000
1467000
1282000
1164000
1063000
987600
922400
865500
815400
770900
2007000
1362000
1348000
1177000
1167000
1044000
960700
888100
835300
788600
747000
709600
675900
645200
617300
591700
568200
546500
526500
507800
490500
474300
459100
444900
431600
419100
407200
396000
385500
375400
365900
356900
348300
340100
332300
324800
317700
310900
304400
298100
292100
286300
280800
275400
270300
265400
260600
256000
251600
247300
243100
239100
235300
231500
227900
224400
221000
217700
214400
211300
208300
205400
202500
199700
197000
194400
191800
1479000
867600
906500
783100
818200
733700
684900
641600
614000
588700
565400
544000
524100
505600
488400
472400
457300
443300
430000
417600
405800
394700
384200
374200
364800
355800
347300
339100
331400
323900
316900
310100
303600
297300
291400
285600
1435000
5435000
3079000
20580000
9139000
7926000
4963000
4805000
3213000
2392000
1838000
1597000
1424000
1288000
1177000
1084000
1006000
937900
879100
827400
781600
740700
703900
670700
640500
613000
587800
564600
543200
523300
840800
2471000
1580000
1552000
1342000
1329000
1164000
1056000
1087000
1107000
997800
940100
884800
838900
788000
744500
706300
672800
642500
614800
715900
1231000
934800
917100
840900
827100
763300
717800
677900
647100
619000
593300
569700
547900
7819000
24810000
10120000
8509000
5577000
5324000
3349000
2403000
1813000
1587000
1417000
1282000
2029000
1524000
1451000
1283000
1231000
1805000
1380000
1309000
1169000
1124000
1022000
946600
880700
828800
893500
807400
768400
723700
694800
697100
650900
5142000
2759000
2712000
2120000
2490000
1918000
1683000
1448000
2766000
2196000
1972000
1707000
1609000
1428000
1278000
1156000
1127000
1336000
1120000
1061000
976400
931300
864300
811000
1853000
1291000
1272000
1119000
1105000
995600
1111000
7831000
3985000
5132000
9889000
6088000
5001000
3690000
3292000
2519000
2050000
1712000
1512000
1358000
1234000
1132000
1046000
973100
909800
854500
805600
762200
723300
688200
656500
627600
601100
576900
626000
572500
555700
531200
516500
16820000
6387000
6035000
7106000
30400000
11910000
9843000
5871000
5801000
4740000
5929000
3760000
3265000
2678000
2420000
1997000
1708000
1490000
1340000
1220000
1120000
8186000
6365000
4951000
8920000
5893000
4903000
3574000
3130000
2446000
5581000
3399000
3115000
2468000
2337000
1926000
1659000
1446000
1306000
1191000
1096000
3831000
2341000
2267000
1860000
1825000
1549000
1370000
1221000
1122000
1037000
965500
903100
1308000
1045000
1011000
923600
896100
830200
780200
735400
699200
666400
636600
609500
584500
561600
540400
520800
502500
485500
469700
454800
440900
427800
415500
403800
392800
382400
372600
363200
354300
345800
337700
330000
322700
315600
308900
302500
296300
290300
284600
279200
273900
268800
263900
259200
254700
250300
246000
241900
238000
234100
230400
226800
223300
220000
216700
213500
210400
792600
519400
539700
486500
504400
467900
447000
428000
415600
404000
393000
382600
372700
363300
354400
345900
337900
330200
322800
315800
309000
302600
296400
290400
284700
279200
274000
268900
264000
259300
254700
250300
246100
242000
238000
234200
230500
226900
223400
220000
216700
213600
210500
207500
204500
201700
198900
196300
193700
191100
188600
186200
183900
181600
179300
177200
175000
172900
170900
168900
167000
165100
163300
161400
159700
157900
156300
154600
153000
151400
149800
148300
146800
145300
335700
303200
292500
280100
283800
275500
267000
260000
255000
250600
246300
242200
238200
234400
230700
227100
223600
416400
458300
403300
389900
431000
401400
387400
371500
363800
353400
344500
336000
328400
321100
314100
307500
301100
294900
289100
283400
278000
272800
267700
262900
258200
253700
249300
343700
297400
298400
287000
287300
278600
272400
266400
261600
257000
252500
248200
244100
240000
236100
407900
325500
329900
312300
315900
303300
295200
287600
282000
276600
271500
266500
1522000
3472000
2231000
2101000
1815000
1742000
1479000
3122000
2096000
1997000
1691000
1629000
4110000
20050000
8351000
7300000
4749000
4675000
3100000
2319000
2450000
13950000
7970000
6448000
4539000
4231000
3125000
2402000
1905000
1643000
1460000
1316000
1200000
1104000
1022000
1730000
2012000
9644000
4878000
4516000
3289000
10600000
6327000
5192000
3752000
3456000
2680000
2159000
1781000
1559000
1395000
1264000
1157000
1067000
1387000
1607000
2855000
3875000
2934000
2598000
2254000
2033000
1730000
7534000
4056000
3779000
8268000
7996000
8725000
10340000
6765000
5420000
5717000
4178000
3310000
2581000
2235000
1882000
1636000
1443000
1303000
2632000
1831000
1752000
1507000
1455000
1283000
1163000
1061000
985400
920400
863800
813900
769500
729900
694200
804600
707300
684200
793300
705300
678700
639000
619400
589100
564400
1029000
829700
11140000
4974000
4733000
3273000
3314000
2436000
2302000
2064000
1738000
1555000
1768000
1484000
1367000
1228000
1151000
1055000
978500
911600
856000
807000
763400
724400
689200
657400
628400
601900
577600
555200
606400
553400
537900
514400
500900
487000
642600
556800
540700
511700
503000
480600
462500
446300
432700
420100
408200
397000
652200
1087000
816400
798600
1387000
1068000
1025000
917700
896600
824700
773300
727500
692100
660000
630700
604000
579500
557000
536100
516800
498900
482100
466500
451800
438100
425100
602300
2039000
1294000
1295000
1127000
1133000
1004000
921600
851300
802800
759700
721000
686200
654600
625900
599600
575400
553200
532600
513600
495800
479300
463800
449300
435700
422900
410900
399500
388700
378600
368900
359700
351000
342700
334700
327200
319900
313000
306400
3e+05
294000
288100
282500
277100
271900
266900
262100
257400
253000
248600
244400
240400
236500
232700
229000
225500
222000
218700
215400
212300
209200
206300
203400
200600
197900
195200
192600
190100
187700
185300
182900
180700
178500
176300
174200
172100
170100
168200
166200
164400
162500
160700
159000
157300
155600
153900
152300
150800
149200
147700
146200
144800
143300
141900
140600
139200
137900
136600
135400
134100
132900
131700
130500
129400
128200
127100
126000
124900
409300
287000
301200
279400
291000
329800
298300
293300
284500
282200
275100
269400
264000
259300
254700
250300
246100
242000
238000
234900
943800
612700
636200
569900
589900
543900
516700
492200
475900
460600
446400
432900
437300
29850000
9482000
8908000
4906000
5493000
3234000
2293000
1656000
1470000
1324000
1206000
1109000
1027000
956300
895100
841500
794200
751900
714100
679900
648900
620700
594800
571000
549100
528900
510100
492600
476200
461000
446700
433200
420600
408700
397400
386800
376700
367100
358000
349300
341100
333300
325800
318600
311700
305200
298900
292800
287000
281500
276100
270900
266000
261200
256600
252100
247800
243700
239600
235700
232000
228300
224800
221400
218100
214800
211700
208700
205700
202900
200100
197300
194700
192100
189600
187200
463200
570300
473900
458800
3892000
2135000
2130000
2356000
5452000
16010000
7611000
6493000
6618000
5235000
3876000
2884000
7444000
4284000
3844000
2910000
2747000
2189000
1842000
1573000
1406000
1512000
4846000
2923000
6663000
17190000
31810000
17390000
28630000
12800000
10950000
6190000
5083000
3033000
2227000
1722000
1520000
1364000
1239000
1136000
1050000
11130000
5064000
4759000
3309000
3333000
2459000
1988000
1635000
1997000
1599000
1485000
6424000
3930000
7137000
4401000
4137000
3111000
2759000
2187000
1847000
1588000
1417000
3041000
3961000
3197000
2717000
10270000
7329000
5696000
4216000
3760000
2952000
2329000
1892000
1886000
1589000
1448000
1302000
1207000
1105000
5694000
3162000
3034000
2362000
2327000
1891000
1624000
1409000
1276000
1167000
1076000
998200
4371000
3503000
2951000
2444000
2287000
1958000
1670000
2196000
2208000
1833000
1645000
1502000
1373000
1231000
1120000
1032000
960400
898700
844700
5855000
3142000
3044000
2350000
2340000
1890000
1620000
1402000
3280000
2176000
2075000
1744000
1683000
1456000
1302000
1172000
4195000
21630000
8616000
7586000
4850000
4829000
3132000
9822000
10770000
6849000
5327000
4344000
3609000
2695000
2121000
1765000
1551000
1389000
1259000
1153000
1064000
988300
923000
866000
815800
771300
731500
695600
663200
633700
606700
582000
559300
538300
518800
500700
483800
468100
453300
691100
607300
710700
617900
9248000
7237000
5446000
4127000
3730000
2989000
2337000
1890000
1630000
1448000
1308000
1193000
1098000
1017000
948200
888000
835300
788600
746900
709600
675800
645200
617300
591700
5320000
15810000
28760000
16500000
10990000
8364000
11100000
5294000
3723000
5741000
4903000
10130000
3886000
3350000
13930000
5242000
3985000
5345000
9362000
6024000
3207000
2166000
5890000
9260000
3399000
2953000
1730000
1595000
897700
656800
505300
478800
457600
443500
430200
565400
734700
1242000
10410000
5879000
4960000
3604000
3449000
2625000
2088000
3436000
12220000
7592000
6049000
11210000
6811000
5755000
3973000
3504000
2644000
2162000
1789000
1570000
1402000
1270000
1162000
1072000
994700
928600
870900
820200
775100
734900
698700
666000
636300
609100
584200
561300
540100
520500
502300
485300
469500
454600
440700
427600
415300
403700
456100
419200
412300
397800
391100
378900
368700
358900
350200
342000
334100
822300
584200
594900
543400
552600
516000
492900
471900
456900
442800
429600
417200
405500
394400
383900
374000
364500
355500
347000
338900
331100
323700
316600
309900
303400
297200
291200
285500
279900
274600
269500
264600
259900
255300
250900
246600
242500
238500
234700
231000
227300
223800
453700
345000
352200
330100
336200
320700
311200
302500
4040000
20500000
8241000
7264000
4723000
4690000
3068000
2282000
1761000
2334000
7678000
8060000
6118000
16510000
12840000
8847000
6191000
5094000
3832000
7443000
4272000
3762000
2878000
2698000
2163000
1826000
1923000
29880000
10020000
9199000
5194000
5625000
3358000
7247000
3962000
3617000
2775000
2641000
2118000
1792000
1537000
2100000
1627000
1524000
1349000
2403000
7448000
8286000
5608000
8924000
5727000
4911000
3543000
3058000
2379000
1976000
1676000
1485000
1336000
1217000
1118000
1034000
962500
900600
846300
798400
755700
717500
683000
651700
623200
2018000
1314000
1316000
1141000
1144000
1020000
986500
1378000
3371000
2191000
2402000
1931000
1867000
1583000
2375000
1753000
3728000
2475000
2378000
1959000
1852000
1581000
1402000
1254000
1148000
1060000
985100
920200
863600
813700
769400
729700
694000
661700
632400
605500
580900
558300
537300
628900
4679000
3369000
2918000
2378000
2276000
1922000
1637000
1420000
1279000
1169000
1078000
999900
933100
874800
823600
778200
737700
701200
668300
638300
611000
6129000
13410000
6954000
5815000
4343000
3934000
2819000
2187000
3212000
2460000
2199000
1879000
4310000
2906000
2645000
2162000
2041000
1734000
1517000
1343000
1221000
1121000
1037000
965100
902800
848300
800100
757300
718900
684200
652900
624300
598100
574100
552000
531500
512500
494800
1708000
1099000
1111000
970000
1081000
936300
875000
808900
771500
729100
692600
659600
630400
603800
579300
556800
535900
516600
498700
481900
466300
451700
437900
425000
412800
401400
390500
380200
370500
640600
557200
532000
500600
496700
474000
454000
436800
423400
411400
399900
389200
378900
369300
360100
351300
411600
947000
1878000
1303000
1264000
1138000
1111000
991200
910200
844300
796600
754100
716000
681700
650500
622100
596200
572300
550300
529900
511100
3007000
1749000
1760000
1459000
1479000
1272000
1144000
1035000
963700
901600
847200
799200
756400
718100
683500
652200
623700
597600
573600
551500
531100
2023000
1279000
1291000
1113000
1125000
1e+06
920400
850500
802100
759000
720500
685700
654200
625500
599200
575100
552900
532300
513300
495600
479000
463600
449100
435500
422800
410700
399300
388600
378400
368700
359600
350800
342500
334600
327100
319800
312900
306300
3e+05
293900
288000
282400
277000
271800
266800
262000
257400
252900
248600
244400
240300
236400
232600
229000
225400
222000
218600
215400
212300
209200
206200
203400
200500
365300
1326000
2798000
21280000
7984000
7277000
4514000
4630000
2975000
2214000
1699000
1503000
1350000
1228000
1127000
1042000
969400
906600
851600
803100
759900
721200
686400
654800
626000
599700
575600
553300
532800
513700
495900
479400
463900
449400
435800
423000
960500
1158000
939200
887000
843700
808200
745100
10610000
4775000
4818000
3308000
3350000
2478000
2028000
1666000
1477000
1328000
1210000
1112000
1127000
2332000
1628000
1572000
1369000
1330000
1181000
1077000
988400
923100
866100
815900
771300
731500
695700
663200
633700
2163000
12910000
7265000
6163000
4380000
4980000
4689000
3378000
2741000
2309000
2042000
4695000
24850000
11730000
9323000
6014000
5707000
3771000
2688000
1996000
1750000
1757000
1589000
1425000
1298000
1199000
1105000
1020000
948600
887800
835000
788400
2643000
1672000
1654000
1403000
1395000
1220000
1106000
1008000
940000
5666000
3098000
2992000
2325000
2305000
1871000
1607000
1395000
1264000
1157000
1068000
991500
925700
868400
818000
2703000
1714000
1692000
1434000
1424000
2137000
1671000
2452000
1892000
4148000
2723000
2579000
2102000
1979000
1675000
1538000
2171000
1834000
1645000
1465000
1372000
1241000
1128000
1035000
961900
1169000
1349000
1136000
1070000
996400
946400
1690000
1243000
1207000
1111000
1071000
976400
904800
845300
796600
753900
715600
681200
650100
621800
595800
725400
636300
621300
2853000
1724000
1719000
1438000
1445000
1252000
1129000
2302000
1608000
2782000
2159000
2494000
2986000
15230000
9563000
7300000
5149000
4641000
3435000
2580000
2012000
1712000
1512000
1358000
1234000
1132000
1046000
973200
909900
854500
805600
762200
723300
688200
656500
627600
601100
576900
554500
533900
514700
496900
480300
464800
450200
436600
423700
411600
400200
389400
379200
369500
360300
351500
343200
335200
327600
320400
415700
360400
358000
342900
340700
596400
465500
468000
502600
473600
453700
433000
421500
407200
395200
384100
374100
364700
355700
347200
339000
331300
323800
316800
310000
303500
297300
291300
285500
335200
815000
1702000
1168000
1141000
1031000
1014000
908700
838800
781700
740800
704000
670800
640600
613100
587900
564600
543200
523400
505000
487800
471800
456800
442800
429600
417100
405400
394300
383800
373900
364500
355500
347000
338800
331100
323700
316600
309800
303300
297100
291200
285400
279900
274600
269500
264600
437200
1452000
1642000
1317000
1221000
1850000
1992000
1631000
1474000
1354000
1255000
1133000
1038000
961200
899400
845300
797500
754900
716800
682300
651100
622700
596700
572800
550700
530300
511400
493800
477400
462100
447700
434200
421500
409500
398200
387500
377400
367800
358700
777800
585100
585500
2132000
1771000
1651000
3218000
6732000
40080000
13330000
11720000
6525000
6825000
3781000
2521000
2543000
1938000
1776000
1547000
1445000
1289000
1173000
1074000
997100
930600
872700
821700
776500
736200
699800
667000
637200
1272000
1364000
1360000
1173000
2638000
17310000
17020000
9946000
7333000
13380000
14110000
8121000
17880000
11940000
8098000
5317000
4405000
3193000
2315000
1795000
1536000
1377000
21530000
7870000
7282000
4396000
4645000
2996000
2241000
1713000
1513000
1359000
1235000
1133000
1884000
14910000
6578000
5927000
3981000
3969000
2794000
2176000
1737000
1529000
1371000
1245000
1141000
1054000
1216000
1043000
3063000
2492000
2857000
2239000
2127000
3831000
3819000
19980000
18320000
17930000
10290000
12260000
24570000
10650000
20710000
