717000
714400
711400
708300
705200
702200
699200
696200
693200
690300
687400
684500
681700
678800
676000
673200
22050000
7130000
1606000
727900
1362000
10030000
2313000
6961000
36540000
6948000
1416000
665600
662900
6374000
2270000
886000
5124000
2222000
5182000
31460000
24010000
4478000
1045000
656900
3513000
1158000
711800
12730000
2783000
5556000
1468000
744800
642400
639900
637400
634900
1952000
864000
657000
626200
623800
621500
619100
616800
614500
5572000
1489000
718000
609200
606900
604700
602500
600300
1139000
7974000
9816000
5075000
1289000
664200
599300
597100
595000
592800
590700
2399000
907400
624600
583600
581500
579400
577400
4340000
1241000
655000
572100
570100
568100
566200
564200
562300
560300
558400
556500
554600
552700
550900
549000
547200
545400
543500
541700
539900
538200
536400
534600
532900
531200
529400
21300000
4208000
984900
536800
535100
533300
531600
529900
3013000
8681000
1947000
695700
528300
526600
524900
523200
521500
519900
518200
516600
515000
513300
511700
510100
508500
507000
505400
503800
502300
500700
499200
497700
496200
494700
493200
491700
490200
15920000
3221000
6852000
1562000
625900
495000
493500
492000
490500
489000
487600
486100
484700
483300
481800
9242000
2031000
671300
481600
480200
478800
477400
476000
474600
473200
471900
470500
469200
467800
466500
465200
463800
462500
461200
459900
458600
457300
456100
454800
453500
452300
451000
449800
448500
447300
446100
444900
443700
442500
441300
440100
438900
437700
436600
435400
434200
433100
431900
430800
429700
428500
427400
426300
425200
424100
423000
421900
420800
419700
418600
417600
416500
415500
414400
413400
412300
411300
410200
409200
408200
407200
406200
17710000
3471000
787500
414800
413700
412700
411600
410600
409600
408500
407500
406500
405500
404500
403500
402500
401500
400500
399500
398600
397600
396600
395700
394700
393800
392800
391900
390900
390000
389100
388100
387200
386300
385400
384500
383600
13100000
19180000
3600000
28810000
8441000
1569000
489900
423000
421900
420800
419700
418700
417600
416500
415500
414400
413400
412300
411300
410200
409200
408200
407200
406200
405200
404200
403200
402200
401200
400200
4319000
10990000
2242000
622100
408500
407500
406500
405400
1258000
1465000
583200
422900
402400
401400
400400
399400
398400
397500
396500
395600
1682000
4839000
1170000
488100
396600
395700
394700
393800
392800
391900
390900
390000
389100
388100
26530000
36480000
6541000
1100000
422800
421700
420600
419500
418400
417400
416300
415300
4403000
1122000
502200
415500
414400
3808000
1015000
488000
414000
413000
411900
410900
409900
408800
1157000
601100
433600
407000
404700
767500
467300
19670000
3815000
827900
413100
1712000
641800
439300
410400
6355000
2365000
701100
432700
412300
411300
410200
409200
802100
2157000
713400
443500
406400
405400
404400
403400
6576000
1498000
539700
406100
405100
404100
1692000
21840000
4190000
4436000
14680000
2911000
719100
425100
424000
422900
421800
420800
419700
418600
417500
416500
415400
414400
413300
412300
411200
410200
409200
408100
407100
406100
405100
404100
1368000
573400
422900
401200
400200
40880000
7571000
1293000
9065000
37850000
8289000
1450000
473300
443800
4529000
9242000
1961000
619500
444800
443600
442400
441200
440000
438800
437600
436400
22970000
9954000
1909000
12460000
3058000
797200
462100
450000
448800
11900000
2474000
697700
450500
449200
448000
446800
445600
444300
443100
441900
13200000
2699000
719800
444500
443300
442100
440900
439700
438500
437300
436100
435000
4051000
1073000
511300
432400
431300
430100
429000
427900
426800
425700
424500
423400
422400
421300
420200
419100
418000
417000
415900
414800
413800
412700
411700
410700
409600
408600
407600
406600
405600
404600
403600
402600
401600
400600
399600
398600
397700
396700
395700
394800
393800
392900
391900
391000
390100
389100
388200
387300
386400
385500
384600
383700
382800
381900
381000
380100
1277000
9905000
2061000
588300
386200
385300
384400
383500
382600
381700
380800
379900
379000
378200
377300
376400
375500
374700
373800
373000
372100
371300
370400
369600
368800
367900
367100
366300
365500
364600
363800
363000
362200
361400
360600
359800
359000
358200
357500
356700
355900
355100
354400
353600
352800
352100
351300
350600
349800
349100
348300
347600
346800
346100
345400
344600
343900
343200
342500
341800
341000
340300
339600
338900
338200
337500
336800
336100
335400
334800
334100
333400
332700
332000
331400
7552000
2785000
699200
361400
335500
334800
334100
333400
332800
332100
331400
330700
330100
329400
328700
328100
327400
4627000
3006000
761700
371500
1034000
453900
344100
328300
327600
326900
326300
325600
325000
324300
323700
323100
322400
321800
321200
320500
319900
319300
318700
318000
317400
316800
316200
2704000
738500
367700
315800
315200
314600
314000
313400
312800
312200
311600
311000
310400
309800
309200
3733000
915400
383900
309700
309100
308500
308000
307400
306800
306200
305700
305100
12800000
12840000
2413000
543700
321300
320700
320100
7397000
1574000
476300
323700
323000
9537000
27780000
5390000
956700
357700
350900
350100
349400
2748000
23260000
7706000
1441000
443000
371000
370100
369300
368400
367600
366800
366000
365200
364300
363500
4523000
4251000
19290000
3678000
776200
382700
16040000
4887000
1038000
432400
394300
393300
392400
391400
390500
389600
388700
387700
386800
2597000
3078000
6963000
7129000
1725000
555100
402000
396600
395700
17020000
3341000
763300
13090000
8444000
8129000
10790000
2175000
622700
5019000
1239000
525500
425700
424600
423500
422400
421300
420200
7021000
1589000
564100
421200
420100
419000
417900
416900
415800
414700
413700
412600
411600
410600
409500
1592000
617600
433200
1631000
623200
432400
405100
404100
403100
402100
4404000
1454000
29290000
5503000
1038000
419700
418700
417600
1640000
1647000
622300
437600
2165000
724600
452200
413600
412500
411500
410500
409400
408400
407400
406400
405400
404400
403400
402400
401400
400400
399400
1405000
576100
419200
396600
395700
485400
2095000
838500
455600
396100
392000
391100
390100
389200
388300
387400
386400
385500
3752000
5640000
1286000
490300
4539000
1125000
480900
390900
389900
389000
388100
387200
386300
385300
384400
383500
382600
381700
380900
380000
379100
378200
377300
376500
375600
374700
3278000
10910000
2217000
599700
383500
382600
381800
380900
380000
379100
378200
377300
376500
375600
374700
373900
373000
372200
371300
370500
369700
368800
368000
367200
366300
365500
364700
363900
363100
362300
361500
360700
359900
359100
358300
357500
356700
356000
355200
354400
353700
352900
352100
351400
350600
349900
349100
348400
347600
346900
346200
345400
344700
344000
343200
342500
341800
341100
340400
339700
339000
338300
337600
336900
336200
335500
334800
334100
333400
332800
332100
331400
330700
330100
329400
328700
328100
327400
326800
326100
325500
324800
324200
323500
322900
470300
347900
324300
320500
319900
319200
318600
318000
317400
316800
316200
315500
314900
314300
313700
313100
312500
311900
311300
310700
310100
309600
309000
8980000
1846000
500800
313900
313300
1384000
502200
335400
311800
311200
310600
310000
309400
308800
308300
307700
307100
306500
305900
779300
9777000
1980000
513500
311200
310600
310100
309500
308900
308300
307700
307100
306600
865700
54270000
9865000
1500000
341800
341100
340300
339600
338900
338200
337500
336800
336100
335500
334800
334100
333400
332700
332000
331400
330700
330000
329400
328700
328000
327400
326700
326100
325400
324800
324100
323500
322900
322200
321600
321000
320300
319700
319100
318500
317800
317200
316600
316000
315400
314800
314200
313600
313000
312400
311800
311200
310600
310000
309400
308800
308200
307700
307100
306500
305900
305400
304800
304200
303700
303100
302500
302000
301400
300900
300300
299800
299200
298700
298100
297600
297000
6874000
4620000
1002000
370500
17600000
3369000
686800
2728000
10190000
21570000
4159000
789200
5363000
1229000
450300
341700
12330000
2468000
608300
350000
349200
348500
347700
347000
346300
1515000
11950000
2393000
9894000
21780000
34750000
12330000
23350000
4296000
875900
419200
418100
417000
416000
414900
413900
412800
411800
410800
409700
27300000
5173000
1002000
423100
422000
420900
419800
418700
2824000
843900
469900
16600000
4146000
9963000
2045000
624300
429000
427900
426800
425600
424500
423400
8136000
8187000
2529000
708600
18950000
8117000
1616000
532800
436800
435700
434500
433300
1765000
667100
459300
429500
428400
427300
17620000
3471000
803600
433000
431900
430800
429600
428500
427400
426300
425100
424000
15100000
6011000
1275000
494700
429400
428300
427100
3936000
3114000
868400
471400
425900
424800
423700
422600
421500
420400
419300
418200
19990000
3884000
848100
426500
425400
424300
423200
422100
8983000
1938000
608900
423800
422700
421600
420500
419500
13160000
34490000
6335000
1126000
441200
440000
438800
19250000
15290000
2891000
699000
450200
449000
447700
446500
445300
444100
442900
441700
440500
439300
438100
437000
435800
434600
433500
432300
431200
430000
428900
427800
426700
425600
424500
423400
422300
421200
420100
419000
3923000
1541000
1859000
656200
29170000
12490000
2288000
587400
436300
435100
433900
432800
662700
471400
434500
428400
427300
426100
425000
423900
422800
421700
420700
419600
418500
417400
416400
663000
21720000
26960000
33090000
12730000
2994000
1903000
5656000
1362000
563300
455100
2709000
9157000
1972000
634700
9545000
2064000
653100
456500
5917000
2185000
708500
471500
453900
4673000
1199000
543300
451300
450100
448800
447600
446400
445200
444000
442800
711100
11350000
5178000
6565000
27170000
8411000
1596000
531900
459800
458600
457300
7302000
22590000
7856000
1546000
14900000
3012000
1524000
605400
489200
471900
470500
469200
467800
466500
465200
463900
462500
461200
459900
458600
457400
456100
454800
453500
452300
451000
449800
448600
447300
446100
444900
443700
442500
441300
440100
438900
437700
436600
435400
3182000
919800
492500
432300
431200
430100
428900
427800
426700
425600
424500
7099000
1606000
569300
424800
423700
422600
421500
420400
419400
418300
417200
416200
415100
414000
413000
412000
410900
409900
408900
407800
406800
405800
404800
403800
402800
401800
400800
399900
398900
397900
396900
396000
395000
394100
393100
392200
391200
390300
389400
388400
387500
386600
5191000
1238000
492100
387900
387000
386100
385200
384300
22700000
35720000
6440000
1093000
417900
416800
415800
414700
413600
3565000
16740000
11490000
3522000
21410000
12940000
2446000
632300
441200
440000
13270000
2710000
719500
442600
441400
440200
439000
2281000
47340000
8727000
1463000
461100
459800
458500
14580000
2957000
766400
461700
460400
459100
457900
456600
4109000
1101000
533400
453700
6018000
17560000
12560000
2426000
10810000
2263000
687200
467700
466400
465000
463700
462400
461100
459800
458500
457200
455900
454700
453400
452200
450900
449700
448400
447200
446000
444800
10620000
2245000
665700
445800
444600
443400
836300
3806000
11160000
2305000
1957000
673300
471400
442400
5043000
1255000
8592000
1867000
616700
442500
441300
440100
438900
437700
436600
435400
434300
433100
432000
430800
429700
428600
427400
426300
425200
424100
423000
421900
420800
1677000
20400000
6633000
1331000
488400
429500
428400
427300
426200
425100
423900
422900
421800
420700
419600
418500
417400
416400
415300
414300
413200
412200
23380000
24100000
4394000
856400
433600
432500
431300
430200
6248000
2201000
686800
445600
9809000
2398000
688100
437500
429700
428600
427500
426400
425300
424200
423100
422000
420900
419800
418700
417700
416600
415500
414500
413400
412400
411300
410300
409300
408300
407200
10900000
2267000
638600
412100
1094000
531200
424400
408700
407700
406700
405700
404700
403700
402700
401700
400700
399700
398700
397800
396800
395800
394900
393900
393000
392000
391100
390200
389200
388300
4456000
1645000
572300
400900
388500
387600
386700
385700
384800
383900
383000
382100
381200
380400
379500
378600
1994000
6630000
8516000
1761000
540500
388300
387400
386500
385600
384600
383700
382800
381900
381100
380200
379300
378400
377500
376700
375800
374900
15360000
3034000
709100
386200
385300
384400
383500
382600
381700
380800
379900
379100
378200
377300
376400
375600
374700
373900
373000
372100
371300
11180000
2288000
611800
378800
377900
377000
376200
375300
374400
373600
372700
371900
371000
370200
369400
368500
367700
366900
366000
365200
364400
363600
362800
362000
361200
360400
359600
358800
358000
357200
356500
355700
354900
354100
353400
352600
351900
351100
350300
349600
348800
348100
347400
346600
345900
345200
344400
343700
343000
342300
341600
340800
340100
339400
338700
338000
337300
336600
335900
335200
334600
333900
333200
5189000
11410000
11380000
33270000
6060000
1044000
375000
374100
373200
372400
371500
370700
369900
369000
368200
367400
366500
365700
364900
364100
363300
362500
361700
360900
360100
359300
358500
357700
356900
356200
355400
354600
353800
353100
352300
351600
6273000
4545000
1040000
424700
356400
355600
354800
27390000
5148000
1720000
509900
390500
373300
372400
371600
370700
369900
369100
368200
1049000
6527000
1453000
501300
370700
369900
369100
368200
367400
366600
365800
364900
364100
363300
362500
361700
360900
9553000
26340000
7801000
1787000
515300
2782000
4165000
1036000
463500
390600
389600
9357000
35300000
10690000
1879000
510500
419300
418200
417100
416100
650100
1543000
1015000
508400
421400
411700
410700
409600
408600
407600
406600
405600
10320000
2162000
624200
410300
409300
408300
407200
406200
405200
18040000
3530000
794100
414100
413100
412000
411000
410000
408900
407900
406900
405900
404900
403900
402900
10250000
2148000
620400
408000
406900
4462000
1529000
4167000
1271000
8454000
1821000
586100
414800
413700
412700
729600
4027000
1735000
611200
427300
411500
410500
409500
408400
407400
2266000
2637000
783900
448300
406500
405500
4967000
1214000
505400
621500
443600
409300
403600
402600
401700
400700
399700
398700
397700
396800
395800
1951000
670200
428000
12790000
2593000
669400
402100
401100
400100
399200
6404000
1464000
5282000
1864000
2274000
4208000
25580000
10520000
1960000
549400
425900
424800
423700
422600
421500
420400
419400
418300
417200
416100
415100
414000
413000
411900
410900
409900
408900
407800
406800
405800
404800
403800
402800
401800
400800
399800
398900
397900
396900
396000
395000
394100
393100
392200
391200
390300
389400
388400
387500
386600
385700
2884000
827500
439200
384600
383700
4026000
1029000
463000
1102000
510500
398300
381900
381100
380200
379300
378400
377500
376700
375800
374900
374100
373200
372400
371500
370700
369800
369000
368200
367300
2379000
6847000
8965000
1829000
539200
377900
377000
376200
375300
374500
373600
372700
371900
371000
370200
369400
368500
367700
366900
366100
365200
364400
363600
362800
362000
361200
360400
359600
358800
358000
357300
356500
355700
354900
354200
353400
352600
351900
351100
350400
349600
348900
348100
347400
346600
345900
4229000
10850000
5928000
1233000
439300
3775000
3424000
869600
414100
360400
359600
358800
358100
357300
356500
355700
354900
354200
353400
352600
351900
351100
350400
349600
348900
348100
347400
346700
345900
345200
344500
343700
343000
342300
341600
340900
340200
339500
338700
6327000
1544000
496400
10280000
4002000
1210000
6993000
12110000
47750000
9016000
1437000
402500
393300
392400
391400
3432000
929600
457200
390900
390000
389000
388100
387200
386300
385400
384500
383600
382700
381800
380900
380000
379100
5437000
3667000
1915000
612100
6959000
30160000
21350000
3855000
890200
15560000
14030000
2687000
17700000
10280000
2014000
587600
439700
438500
437300
436200
435000
433800
39330000
7323000
1288000
451300
450100
448900
447600
446400
445200
444000
442800
441600
5375000
30510000
6257000
1179000
467100
454300
453100
451800
450600
449300
448100
446900
445600
444400
2137000
742100
10690000
4412000
3695000
960600
502500
7914000
5643000
30260000
22250000
16080000
2965000
9249000
25190000
5069000
18330000
