1148000
1047000
1013000
991600
971300
951800
933100
915100
897800
881200
865100
849700
834700
820300
806400
792900
2386000
1728000
1450000
1391000
1412000
2264000
1711000
2336000
7949000
4306000
3520000
3271000
3055000
3906000
3277000
2946000
3570000
3113000
3576000
10320000
11550000
7121000
5822000
5155000
5356000
4531000
4078000
6775000
4749000
5296000
4274000
3832000
3537000
3285000
3068000
2877000
3030000
2696000
2525000
2395000
2278000
2173000
2076000
1988000
1907000
2573000
2099000
1955000
1877000
1805000
1738000
1676000
1619000
1737000
2575000
3006000
2684000
2292000
2158000
2063000
1976000
1896000
1823000
1755000
2017000
1768000
1679000
1621000
1567000
1516000
1469000
1846000
1575000
1493000
1447000
1404000
1364000
1326000
1289000
1255000
1223000
1192000
1163000
1135000
1108000
1083000
1059000
1036000
1014000
992300
972000
952500
933700
915700
898400
881700
865600
850200
3499000
2007000
1726000
1665000
1608000
1555000
1505000
1459000
1886000
2640000
1934000
1775000
1711000
1651000
1595000
1543000
1494000
1448000
1405000
1364000
1326000
1290000
1256000
1223000
1192000
1163000
1135000
1109000
1083000
1059000
1036000
1014000
992600
972200
952700
934000
982200
2813000
1753000
2380000
1836000
1701000
1642000
1587000
1535000
1487000
1441000
1398000
1358000
1320000
1284000
1250000
2500000
1760000
1600000
1548000
1499000
1452000
1409000
1368000
1330000
1293000
1259000
1226000
1195000
1166000
1138000
1111000
1086000
1061000
1038000
1016000
994600
974200
954600
935800
917700
900300
883600
867400
851900
836900
822400
808400
794900
1024000
883500
849100
834200
819800
805900
792400
779500
766900
754700
742900
731500
720400
709700
699200
689100
679300
669700
673800
974100
783300
744800
733300
722200
711400
700900
690700
680800
671200
661900
652800
644000
635400
679400
2178000
1332000
1179000
1150000
1123000
1097000
1236000
1116000
1077000
1053000
1030000
1008000
987000
966900
947600
929000
911200
894100
877500
861600
846300
831500
817200
803400
790000
777100
764600
752500
740800
729400
718400
707700
697300
687300
677500
668000
2250000
3458000
2132000
7570000
5140000
3851000
3490000
3244000
3032000
2846000
2682000
2536000
2405000
2288000
2181000
2084000
1995000
1914000
1839000
1770000
1706000
1646000
1590000
1539000
1490000
1444000
1401000
1361000
1323000
1287000
2452000
3243000
2264000
2051000
1965000
1886000
1814000
1746000
1882000
1850000
1690000
1620000
1567000
1516000
1469000
1425000
1383000
1344000
1306000
1271000
1442000
1745000
1465000
1389000
1349000
1312000
1276000
1243000
1211000
1181000
1152000
1125000
1098000
1074000
4250000
9877000
5247000
4224000
3867000
3567000
3311000
3090000
2897000
2727000
2576000
2441000
3225000
2577000
2373000
2259000
2155000
2602000
2235000
2097000
2007000
1925000
1849000
1779000
1714000
1654000
1727000
1606000
1537000
1488000
1443000
1439000
1379000
3895000
2448000
2141000
2048000
2173000
1980000
1884000
1812000
2663000
2230000
1997000
1905000
1831000
1762000
1699000
1640000
1647000
1822000
1606000
1531000
1483000
1438000
1395000
1355000
2064000
1625000
1516000
1469000
1424000
1383000
1489000
4385000
2643000
3008000
5224000
3499000
3065000
2875000
2707000
2559000
2426000
2306000
2198000
2099000
2009000
1927000
1851000
1781000
1716000
1655000
1599000
1547000
1498000
1452000
1408000
1368000
1329000
1293000
1610000
1391000
1325000
1289000
1255000
8025000
4094000
3288000
5083000
16330000
8837000
6528000
5670000
5036000
5718000
6995000
5191000
4519000
4112000
3774000
3488000
3243000
3031000
2845000
2681000
2535000
7954000
6126000
4479000
7267000
5240000
4449000
4046000
3718000
3440000
6160000
4249000
3692000
3418000
3182000
2978000
2798000
2640000
2498000
2371000
2257000
5062000
3325000
2900000
2729000
2578000
2443000
2322000
2212000
2112000
2021000
1938000
1861000
2615000
2093000
1943000
1866000
1795000
1729000
1668000
1611000
1557000
1508000
1461000
1417000
1376000
1337000
1300000
1265000
1232000
1201000
1171000
1143000
1116000
1090000
1066000
1042000
1020000
998600
978000
958300
939300
1701000
1249000
1156000
1128000
1102000
1077000
1053000
1030000
1008000
987400
967300
948000
929400
911600
894400
877900
861900
846600
831800
817500
803600
790300
777400
764900
752700
741000
729700
1314000
1904000
1327000
1220000
1189000
1160000
1132000
1106000
1081000
1057000
1034000
1012000
990400
970200
950700
932100
914100
896800
880200
864200
848800
833900
819500
805600
792200
779200
766600
754500
742700
731300
720200
709500
699000
688900
679100
669500
660200
651200
642400
633900
625500
617400
609500
601800
594300
587000
579900
572900
566100
559400
552900
546600
540400
534400
528400
522600
517000
511400
506000
500700
495500
490400
485400
480500
475700
471000
466400
461900
457500
453100
448900
444700
440600
436500
432600
1271000
912600
791400
772100
759800
747900
736300
725100
714200
703600
693400
683400
673700
664300
655200
646300
637600
1178000
1002000
875500
849900
895200
849400
830000
815800
802000
788700
775800
763400
751300
739600
728300
717300
706700
696300
686300
676500
667100
672600
656100
646100
637400
629000
686200
868600
733100
704400
694100
684200
674500
665000
655900
647000
638300
629900
621600
613600
605800
598200
816700
698900
672600
663200
654100
645200
636600
628200
620000
612000
604300
596700
1402000
1931000
1317000
1207000
1177000
1149000
1122000
1858000
1412000
1312000
1277000
1243000
2294000
6803000
3805000
3134000
2931000
2757000
2603000
2465000
2877000
8295000
5792000
4367000
3920000
3612000
3349000
3123000
2926000
2753000
2599000
2462000
2339000
2227000
2126000
2743000
2897000
6848000
4104000
3461000
3220000
7273000
5202000
4184000
3799000
3510000
3262000
3047000
2860000
2694000
2547000
2415000
2296000
2189000
2486000
2556000
3502000
3920000
2996000
2702000
2550000
2418000
2299000
5601000
3583000
3092000
6012000
5796000
6100000
7282000
5228000
4524000
5424000
4336000
3876000
3575000
3318000
3096000
2902000
2731000
2580000
3881000
2917000
2640000
2498000
2371000
2257000
2153000
2058000
1972000
1892000
1819000
1751000
1689000
1630000
1576000
1797000
1585000
1511000
1598000
1489000
1434000
1392000
1352000
1315000
1279000
1695000
1462000
5852000
3269000
2735000
2583000
2448000
2326000
2456000
2395000
2197000
2088000
2284000
2050000
1944000
1866000
1795000
1729000
1668000
1611000
1558000
1508000
1461000
1417000
1376000
1337000
1300000
1265000
1232000
1201000
1550000
1313000
1249000
1217000
1211000
1194000
1327000
1212000
1160000
1131000
1104000
1079000
1055000
1032000
1010000
989200
969000
949600
1517000
1665000
1316000
1242000
1665000
1391000
1317000
1281000
1248000
1216000
1185000
1156000
1129000
1102000
1077000
1053000
1030000
1009000
987500
967400
948100
929500
911700
894500
877900
862000
1578000
2224000
1578000
1450000
1407000
1366000
1327000
1291000
1257000
1224000
1194000
1164000
1136000
1110000
1084000
1060000
1037000
1015000
993400
973000
953400
934700
916600
899300
882500
866400
850900
836000
821500
807500
794100
781000
768400
756200
744300
732900
721700
711000
700500
690300
680500
670900
661500
652500
643700
635100
626700
618600
610600
775700
685200
663300
654200
645300
636700
628300
620100
612100
604300
596800
589400
765200
675300
653500
644700
636100
627700
619500
611600
603800
596300
588900
581700
574700
567800
561100
554600
548200
542000
535900
530000
524100
518400
612800
557000
719900
630800
610200
602500
595000
587700
580500
573500
566700
560000
553500
547200
541000
534900
529000
523200
517500
511900
506500
501200
495900
490800
500600
1036000
754900
703000
692700
682800
783800
709700
690000
680200
670600
661300
652200
643400
634800
626500
618300
610400
602700
595100
779600
1323000
950500
882100
866000
850500
835600
821100
807200
793700
780700
768100
755900
970100
9593000
4521000
3514000
3266000
3051000
2862000
2696000
2549000
2417000
2298000
2190000
2093000
2003000
1921000
1846000
1776000
1711000
1651000
1595000
1543000
1494000
1448000
1405000
1365000
1326000
1290000
1256000
1223000
1193000
1163000
1135000
1109000
1084000
1059000
1036000
1014000
992800
972400
952900
934100
916100
898800
882100
866000
850500
835500
821100
807100
793700
780600
768000
755800
744000
732500
721400
710700
700200
690000
680200
670600
661300
652200
643400
634800
626500
618300
610400
602700
595200
587800
716100
648300
630500
622300
614200
606400
1185000
1080000
909000
876100
2481000
1604000
1432000
1649000
2889000
6009000
3624000
3072000
4018000
3229000
2943000
2768000
5522000
3734000
3256000
3042000
2855000
2690000
2543000
2412000
2293000
2393000
4599000
3112000
4936000
9981000
19780000
13610000
20530000
11610000
8589000
7174000
6174000
5426000
4845000
4378000
3996000
3676000
3405000
3171000
2968000
10220000
5748000
4631000
4204000
3851000
3554000
3299000
3080000
3454000
2971000
2753000
6263000
4293000
5995000
4283000
3751000
3469000
3226000
3016000
2832000
2670000
2525000
4043000
4243000
3409000
3020000
7231000
5749000
4365000
3908000
3602000
3341000
3116000
2920000
3069000
2731000
2556000
2423000
2304000
2196000
5318000
3423000
2965000
2787000
2629000
2489000
2363000
2249000
2146000
2052000
1966000
1887000
4380000
3446000
2755000
2559000
2426000
2306000
2198000
2696000
2629000
2305000
2174000
2077000
1989000
1908000
1834000
1765000
1701000
1642000
1587000
4855000
2898000
2485000
2360000
2246000
2143000
2050000
1964000
3336000
2467000
2240000
2137000
2044000
1959000
1880000
1808000
4007000
10810000
5742000
4576000
4159000
3813000
3521000
8325000
8995000
5945000
5025000
4524000
4116000
3777000
3491000
3246000
3033000
2847000
2683000
2537000
2406000
2288000
2181000
2084000
1996000
1914000
1839000
1770000
1706000
1646000
1591000
1539000
1490000
1445000
1402000
1361000
1323000
1287000
1253000
2265000
1745000
1764000
1584000
6248000
5067000
3630000
3262000
3048000
2860000
2694000
2800000
2670000
2429000
2297000
2190000
2092000
2003000
1921000
1845000
1776000
1711000
1651000
1595000
1543000
1494000
1448000
1807000
4890000
8269000
14930000
10790000
7708000
6780000
7546000
5772000
5002000
4506000
4825000
6327000
4666000
4090000
6320000
4546000
3966000
3651000
4803000
3958000
3450000
3195000
2989000
3760000
3070000
2814000
2654000
2511000
2383000
2267000
2162000
2067000
1980000
1900000
2393000
3745000
3196000
3657000
9350000
6274000
4818000
4305000
3935000
3625000
3361000
4681000
9702000
6925000
5220000
9271000
6144000
5345000
4710000
4257000
3895000
3591000
3331000
3108000
2912000
2741000
2588000
2452000
2330000
2219000
2119000
2027000
1943000
1866000
1795000
1729000
1668000
1611000
1557000
1508000
1461000
1417000
1376000
1337000
1300000
1265000
1232000
1201000
1171000
1970000
1983000
1607000
1517000
1470000
1426000
1384000
1344000
1307000
1272000
1239000
1207000
2053000
1565000
1451000
1408000
1367000
1329000
1293000
1258000
1226000
1195000
1165000
1137000
1111000
1085000
1061000
1038000
1015000
994200
973800
954200
935400
917300
899900
883200
867100
851500
836500
822100
808100
794600
781500
768900
756600
744800
733300
722200
711400
700900
690700
680800
671200
661900
1217000
896500
835400
821000
807000
793500
780500
767900
2605000
7020000
3749000
3090000
2897000
2727000
2576000
2442000
2320000
2806000
5617000
5711000
4380000
9896000
9134000
6148000
5214000
4676000
4241000
7440000
5122000
4383000
3999000
3679000
3407000
3173000
3350000
18620000
9005000
6602000
5751000
5099000
4584000
8435000
5626000
4741000
4294000
3926000
3617000
3354000
3127000
3663000
3087000
2845000
2681000
3636000
6542000
6672000
4653000
6827000
4959000
4303000
3933000
3623000
3359000
3132000
2934000
2760000
2605000
2467000
2343000
2232000
2130000
2038000
1953000
1875000
1803000
1736000
1675000
1617000
1563000
3051000
2120000
1911000
1836000
1767000
1703000
1727000
2071000
3124000
2266000
2239000
2058000
1960000
1881000
2445000
2024000
3002000
2341000
2153000
2058000
1972000
1892000
1819000
1751000
1688000
1630000
1576000
1525000
1477000
1432000
1390000
1350000
1313000
1277000
1244000
1212000
1182000
1153000
1125000
1389000
3508000
2533000
2069000
1956000
1878000
1806000
1739000
1677000
1619000
1566000
1515000
1468000
1424000
1382000
1343000
1306000
1271000
1237000
1206000
1176000
1147000
4266000
6516000
3855000
3280000
3063000
2874000
2706000
2558000
3849000
3036000
2678000
2522000
4268000
3118000
2758000
2600000
2462000
2339000
2228000
2126000
2034000
1950000
1872000
1800000
1734000
1672000
1615000
1561000
1511000
1464000
1420000
1379000
1340000
1303000
1268000
1235000
1203000
1174000
3410000
2117000
1856000
1786000
1863000
1719000
1647000
1592000
1540000
1491000
1445000
1402000
1362000
1324000
1288000
1254000
1221000
1191000
1161000
1134000
1107000
1082000
1058000
1035000
1115000
1032000
1001000
987500
1177000
1582000
1285000
1178000
1145000
1118000
1092000
1067000
1044000
1021000
999900
979300
959500
940400
922200
904600
887700
1344000
1712000
2052000
1569000
1464000
1420000
1378000
1339000
1302000
1267000
1234000
1203000
1173000
1145000
1118000
1092000
1067000
1044000
1021000
999900
1457000
3338000
2052000
1803000
1736000
1674000
1617000
1563000
1513000
1466000
1422000
1380000
1341000
1304000
1269000
1236000
1205000
1175000
1146000
1119000
1093000
1069000
3198000
1962000
1721000
1660000
1603000
1551000
1501000
1455000
1411000
1371000
1332000
1295000
1261000
1228000
1197000
1168000
1139000
1113000
1087000
1063000
1039000
1017000
995800
975300
955700
936800
918700
901300
884500
868300
852700
837700
823200
809200
795600
782500
769900
757600
745700
734200
723000
712200
701700
691500
681600
672000
662600
653500
644700
636100
627700
619500
611600
603800
596300
588900
581700
574700
567800
561200
554600
590900
683900
1010000
1517000
2057000
6788000
3650000
3011000
2827000
2665000
2521000
2392000
2275000
2170000
2074000
1986000
1905000
1831000
1763000
1699000
1640000
1585000
1533000
1485000
1440000
1397000
1357000
1319000
1283000
1249000
1217000
1187000
1158000
1130000
1104000
1079000
1055000
1032000
2131000
1816000
1517000
1447000
1404000
1363000
1325000
5631000
3137000
2801000
2558000
2412000
2294000
2186000
2089000
2e+06
1918000
1843000
1773000
1868000
2668000
2057000
1899000
1826000
1757000
1694000
1635000
1580000
1529000
1481000
1436000
1394000
1354000
1316000
1280000
1247000
2326000
6086000
4116000
3297000
3002000
3356000
3651000
3020000
2783000
2626000
2486000
4396000
13120000
8635000
6110000
5278000
4727000
4282000
3916000
3609000
3436000
3410000
3162000
2905000
2728000
2577000
2442000
2321000
2211000
2111000
2020000
1937000
3533000
2533000
2283000
2177000
2080000
1992000
1911000
1836000
1767000
4719000
2944000
2551000
2419000
2300000
2192000
2094000
2005000
1922000
1847000
1777000
1712000
1652000
1596000
1544000
3036000
2106000
1899000
1825000
1757000
2349000
1977000
2384000
2029000
3097000
2372000
2173000
2077000
1989000
1908000
1897000
2354000
2076000
1895000
1813000
1746000
1683000
1625000
1571000
1521000
1791000
1868000
1611000
1533000
1485000
1439000
2012000
1632000
1531000
1513000
1453000
1407000
1367000
1328000
1292000
1258000
1225000
1194000
1165000
1137000
1110000
1316000
1157000
1111000
2429000
1668000
1510000
1464000
1420000
1378000
1339000
2144000
1651000
2279000
1881000
1960000
2291000
6473000
5205000
3768000
3384000
3154000
2953000
2776000
2620000
2481000
2355000
2243000
2140000
2047000
1961000
1882000
1810000
1743000
1681000
1623000
1569000
1518000
1471000
1426000
1385000
1345000
1308000
1273000
1239000
1208000
1178000
1149000
1122000
1096000
1071000
1048000
1025000
1003000
1434000
1153000
1089000
1065000
1041000
1019000
997400
996200
1481000
1167000
1098000
1073000
1050000
1512000
1206000
1136000
1220000
1131000
1095000
1071000
1047000
1024000
1003000
982000
962100
943000
924600
907000
890000
873600
857800
842600
827900
813700
800100
786800
774000
1324000
1659000
2023000
1526000
1420000
1379000
1340000
1303000
1268000
1235000
1203000
1174000
1145000
1118000
1092000
1068000
1044000
1022000
1e+06
979500
959700
940700
922400
904800
887900
871600
855900
957400
883000
858200
843000
828300
814100
800400
787200
774300
761900
749900
738300
1140000
907200
858500
843200
828500
814300
800600
1181000
1919000
1736000
1416000
1346000
1707000
1749000
1530000
1462000
1418000
1377000
1338000
1301000
1266000
1233000
1202000
1172000
1144000
1117000
1091000
1066000
1043000
1020000
999000
978400
958600
939600
921400
903800
887000
870700
855000
839900
825300
811200
797600
784500
771700
871800
1711000
1213000
1105000
2129000
1743000
1544000
2423000
3573000
16440000
7992000
5896000
5203000
4667000
4234000
3876000
4635000
3738000
3382000
3151000
2951000
2774000
2618000
2479000
2354000
2241000
2139000
2046000
1960000
1882000
1809000
1742000
1680000
2748000
2426000
2209000
2011000
2960000
9130000
10460000
6401000
5317000
9957000
10500000
7106000
12670000
10740000
7557000
6311000
5531000
4927000
4445000
4051000
3723000
3444000
16230000
8239000
6201000
5447000
4861000
4392000
4007000
3686000
3413000
3178000
2974000
2795000
3680000
10870000
6147000
4873000
4394000
4008000
3687000
3414000
3179000
2975000
2796000
2637000
2496000
2369000
2556000
2294000
3983000
3267000
3245000
2764000
2571000
3904000
3683000
10940000
12210000
12370000
8045000
9660000
17550000
10290000
15710000
