1219000
1212000
1201000
1188000
1175000
1160000
1145000
1130000
1114000
1099000
1084000
1068000
1053000
1037000
1022000
1007000
5476000
4596000
2674000
1884000
2043000
4168000
3063000
3344000
11270000
8145000
4746000
3469000
3471000
5130000
3904000
2900000
3504000
3492000
4205000
11560000
12910000
7851000
4889000
4306000
5362000
4450000
3286000
5946000
4948000
5128000
4249000
3420000
3010000
2619000
2464000
2047000
2317000
2150000
2021000
1818000
1719000
1681000
1541000
1472000
1416000
2488000
2120000
1671000
1494000
1488000
1534000
1391000
1328000
1367000
2997000
4235000
3667000
2499000
2018000
2055000
1967000
1729000
1538000
1489000
1899000
1794000
1569000
1395000
1330000
1308000
1209000
1993000
1691000
1357000
1238000
1242000
1261000
1149000
1108000
1065000
1067000
1061000
1049000
1002000
969900
962900
938300
916200
904200
892600
881200
870100
859300
848800
838500
828500
818700
809100
4552000
3359000
1898000
1418000
1494000
1711000
1307000
1173000
1430000
2988000
2373000
1711000
1359000
1325000
1398000
1155000
1037000
992400
1025000
1032000
1010000
927900
885500
881300
844600
816300
806800
797500
788500
779600
770900
762400
754100
746000
738100
730300
722700
3118000
2356000
2487000
1847000
1484000
1489000
1254000
1232000
1047000
1064000
1051000
1075000
981500
923300
888800
2236000
1764000
1196000
998800
1023000
1100000
944200
889600
842900
870200
876700
872200
807600
768900
771100
743400
719500
712100
704900
697800
690800
684000
677300
670800
664400
658100
651900
645800
639900
634000
628300
622700
617100
611700
606400
601100
596000
590900
585900
581000
576200
571400
566800
562200
557700
553200
548900
544600
540300
536200
532100
528000
524000
520100
516300
512500
508700
505000
501400
497800
494200
490800
487300
483900
480600
477300
474000
2617000
1939000
1108000
836600
882500
1009000
781300
707400
645300
695400
713800
715100
625100
574400
585400
551100
522200
518300
514400
510700
506900
503300
499600
496100
492600
489100
485700
482300
479000
475700
472500
469300
466200
463100
460000
457000
2033000
4358000
2854000
7222000
5813000
3555000
2573000
2259000
2475000
1877000
1696000
1542000
1599000
1517000
1477000
1238000
1018000
999200
913700
827900
810100
800800
791600
782700
773900
765400
757000
748900
740900
733000
1231000
3e+06
2189000
1372000
1135000
1202000
1259000
1032000
1106000
1195000
1121000
1042000
998900
916300
864400
838200
786600
755200
753900
748800
973800
1745000
1370000
998400
884100
909100
929500
824100
782300
757800
775200
778000
763800
717300
6048000
12090000
7538000
3843000
2981000
3467000
3358000
2353000
1937000
1844000
2077000
2153000
2976000
2203000
1654000
1486000
1321000
2165000
1760000
1367000
1212000
1243000
1293000
1188000
1103000
1042000
1234000
1172000
1078000
1003000
973200
1053000
987300
5324000
3909000
2203000
1647000
2066000
2202000
1590000
1393000
2787000
2657000
1986000
1688000
1493000
1488000
1362000
1212000
1187000
1606000
1437000
1241000
1110000
1071000
1080000
998200
2384000
1908000
1353000
1167000
1185000
1241000
1331000
6077000
4376000
3397000
5794000
4517000
3326000
2367000
2324000
2263000
1978000
1879000
1795000
1667000
1581000
1565000
1322000
1183000
1176000
1102000
1047000
1032000
1017000
1002000
987600
973700
960100
947000
1026000
985000
937700
914400
905000
10930000
7719000
3809000
4613000
14770000
11540000
5962000
4168000
4182000
5973000
6801000
5178000
3462000
3225000
3505000
3289000
2388000
2017000
1987000
1852000
1719000
7694000
7191000
4278000
6243000
5184000
4178000
3125000
2786000
2742000
5675000
4601000
3259000
2663000
2544000
2721000
2142000
1832000
1715000
1718000
1680000
4834000
3671000
2343000
1939000
1938000
2066000
1707000
1577000
1465000
1521000
1530000
1515000
2051000
1744000
1481000
1329000
1288000
1310000
1219000
1179000
1142000
1142000
1132000
1117000
1074000
1044000
1033000
1009000
986600
972700
959200
946100
933300
920900
908800
897000
885500
874300
863400
852800
842400
832300
822400
812800
803400
794200
785200
776400
767800
759400
751100
743100
735200
727500
720000
712600
705300
698200
691300
684400
677800
671200
664800
658500
652300
646200
640300
634400
628700
2064000
1602000
1039000
852400
879500
961000
804000
751000
706000
736500
745800
743500
680000
643100
647800
622000
6e+05
594900
589800
584800
580000
575200
570400
565800
561200
556700
552300
547900
543700
539400
535300
531200
527200
523200
519300
515400
511700
507900
504200
500600
497000
493500
490000
486600
483200
479900
476600
473300
470100
467000
463900
460800
457800
454800
451800
448900
446000
443200
440400
437600
434900
432200
429500
426900
424300
421700
419200
416700
414200
411700
409300
406900
404500
402200
885500
913500
665100
530800
516500
547900
505700
468100
446500
451400
458700
459400
438000
417700
414800
406900
396400
826600
987700
722600
549800
625000
622700
552400
491200
469600
476400
475100
473500
451600
430300
425600
419500
403700
395700
394200
390500
387100
385000
382900
380800
378700
376600
374600
562100
500900
426000
400500
403000
412700
391000
382900
375900
378800
378900
377500
368100
362200
361700
723700
604900
462000
414600
421400
441900
401900
388200
376500
383900
386000
385200
2040000
3118000
1964000
1124000
953500
1090000
1010000
1887000
1440000
1010000
927000
970000
2556000
7544000
5119000
2645000
1924000
2129000
2305000
1606000
1828000
7059000
6136000
3714000
2639000
2409000
2582000
2044000
1646000
1399000
1503000
1569000
1557000
1313000
1148000
2218000
2613000
6659000
4658000
2701000
2165000
6527000
5763000
3365000
2475000
2397000
2781000
2342000
2086000
1728000
1689000
1733000
1650000
1400000
1833000
2260000
3379000
3966000
2853000
2099000
1890000
1913000
1782000
6037000
4524000
2776000
5812000
6541000
6690000
6990000
5039000
3852000
4687000
4126000
3380000
2696000
2539000
2623000
2333000
2086000
1933000
3528000
2840000
2097000
1732000
1685000
1776000
1545000
1446000
1373000
1394000
1390000
1372000
1280000
1220000
1213000
1446000
1319000
1193000
1460000
1348000
1225000
1139000
1122000
1118000
1076000
2091000
1830000
8739000
6220000
3365000
2471000
2506000
2891000
2368000
2297000
1888000
1916000
2361000
2213000
1711000
1423000
1436000
1340000
1199000
1170000
1130000
1107000
1093000
1076000
1035000
1008000
996600
976300
957600
944500
1017000
978400
933500
911100
901600
899000
1224000
1131000
975300
912900
908300
920000
872500
846700
827700
825300
819700
811900
1344000
2108000
1588000
1138000
1864000
1646000
1313000
1081000
1045000
1076000
1009000
984300
932900
895300
878800
871400
809200
771500
769400
749500
731900
724200
716700
709400
702200
695200
957500
2921000
2163000
1328000
1071000
1127000
1216000
985000
903100
846600
893900
908600
895600
8e+05
750100
753600
714500
683700
677100
670500
664100
657800
651600
645600
639600
633800
628100
622400
616900
611500
606100
600900
595700
590700
585700
580800
576000
571200
566600
562000
557500
553100
548700
544400
540200
536000
531900
527900
523900
520000
516100
512300
508600
504900
501200
497600
494100
490600
487200
483800
480400
477100
473900
470700
467500
464400
461300
458300
455300
452300
449400
446500
443700
440900
438100
435300
432600
430000
427300
424700
422100
419600
417100
414600
412100
409700
407300
404900
402600
400300
398000
395700
393500
391300
389100
386900
384800
382700
380600
378500
376500
374500
372500
370500
368500
366600
364600
362700
1239000
961500
621100
509700
528200
691400
562900
489400
449700
472400
486400
474900
434000
409800
416700
403400
391400
384800
380300
379100
1624000
1227000
742100
584000
610600
684200
551200
508100
471800
500900
511600
512200
459700
10730000
7466000
3447000
2133000
2361000
2977000
1887000
1540000
1251000
1501000
1599000
1614000
1190000
956900
1021000
865900
737600
729800
722200
714800
707500
700300
693300
686500
679800
673200
666700
660400
654100
648000
642000
636200
630400
624700
619100
613700
608300
603000
597800
592700
587700
582800
577900
573200
568500
563900
559300
554900
550500
546100
541900
537700
533600
529500
525500
521600
517700
513800
510100
506400
502700
499100
495500
492000
488600
485200
481800
478500
475200
472000
468800
465700
462600
459500
456500
453500
1179000
1440000
1e+06
715100
3730000
2816000
1583000
1614000
3426000
7323000
4824000
2733000
3395000
3183000
2757000
2038000
4862000
3793000
2586000
2127000
2036000
2025000
1602000
1485000
1248000
1531000
4453000
3366000
4453000
8978000
16130000
12530000
14010000
9919000
7160000
6273000
5249000
4992000
3921000
3841000
3688000
3532000
3025000
2710000
2303000
10250000
7459000
4055000
2883000
3030000
3492000
2574000
2261000
2776000
2701000
2448000
7044000
5477000
5988000
4406000
3290000
3101000
2665000
2610000
2167000
2127000
2061000
4330000
5272000
3915000
2731000
7559000
7210000
4588000
3126000
2907000
3215000
2766000
2457000
2516000
2344000
2222000
2147000
1864000
1666000
6277000
4689000
2760000
2139000
2219000
2474000
1940000
1751000
1600000
1686000
1704000
1690000
5191000
4625000
2966000
2127000
2041000
2258000
1889000
2475000
2571000
2155000
1897000
1847000
1738000
1551000
1462000
1355000
1287000
1280000
1267000
6026000
4449000
2562000
1931000
2004000
2269000
1744000
1566000
3393000
2874000
2141000
1886000
1718000
1714000
1522000
1370000
4135000
12160000
8209000
4374000
3216000
3524000
3745000
7947000
9100000
5817000
4113000
3888000
4151000
3334000
2609000
2343000
2193000
2191000
2204000
1967000
1690000
1626000
1544000
1409000
1344000
1318000
1293000
1269000
1246000
1224000
1203000
1182000
1162000
1143000
1124000
1106000
1089000
1072000
1056000
1454000
1439000
1556000
1332000
8335000
7693000
4354000
2790000
2676000
3122000
2449000
2031000
1748000
1848000
1930000
1931000
1623000
1374000
1365000
1256000
1131000
1094000
1077000
1061000
1045000
1029000
1014000
999200
5761000
10120000
14710000
11080000
6795000
5664000
6658000
5797000
4098000
3390000
3906000
6294000
5068000
3691000
5470000
4468000
3404000
2592000
3853000
3602000
2708000
2315000
2183000
3358000
2790000
2249000
1879000
1823000
1902000
1720000
1563000
1462000
1470000
1437000
1394000
3739000
3567000
3734000
10060000
8090000
4922000
3427000
3380000
3588000
2843000
4399000
9689000
8045000
5101000
8140000
6545000
5043000
3766000
3268000
3204000
2861000
2787000
2557000
2331000
2171000
2143000
1838000
1627000
1604000
1508000
1430000
1398000
1368000
1341000
1316000
1291000
1267000
1244000
1222000
1201000
1180000
1160000
1141000
1123000
1105000
1087000
1070000
1054000
1038000
1023000
1008000
993400
979400
965700
952400
939500
926900
914600
902700
891100
1993000
1634000
1194000
1045000
1060000
1117000
990400
943700
903300
921300
923100
916200
862100
828600
827100
802400
780500
771900
763400
755000
746900
739000
731200
723500
716100
708800
701600
694600
687700
680900
674300
667800
661500
655200
649100
643100
637200
631400
625700
620100
614600
609200
1294000
1072000
800100
708700
719400
756200
678900
651300
4766000
10550000
6712000
3448000
2618000
3005000
2994000
2093000
1728000
2447000
6099000
6596000
4611000
8473000
8847000
6024000
3897000
3277000
3466000
6670000
5126000
3462000
2889000
2909000
3096000
2412000
2408000
16840000
11940000
6034000
4122000
4292000
5013000
7410000
5558000
3539000
3372000
3572000
3787000
2722000
2232000
3210000
2731000
2166000
2012000
3411000
7409000
7822000
4917000
6140000
5098000
4130000
3361000
2883000
2827000
2556000
2526000
2373000
2199000
2002000
1929000
1717000
1533000
1494000
1424000
1363000
1337000
1311000
1287000
1263000
1240000
3465000
2739000
1852000
1551000
1582000
1698000
1524000
2153000
4102000
3121000
2443000
2073000
1940000
1893000
2670000
2217000
3521000
2856000
2172000
1969000
1777000
1789000
1543000
1442000
1359000
1385000
1340000
1303000
1220000
1148000
1131000
1089000
1051000
1035000
1020000
1005000
990900
976900
963300
1136000
5561000
4665000
2697000
1889000
1912000
2164000
1708000
1477000
1324000
1407000
1455000
1450000
1252000
1116000
1118000
1042000
967600
947400
934600
922100
910000
5903000
9169000
5683000
3160000
2649000
3046000
2797000
2105000
3065000
2808000
2419000
2237000
4181000
3336000
2274000
1863000
1716000
1799000
1576000
1484000
1354000
1352000
1363000
1334000
1213000
1144000
1140000
1094000
1052000
1035000
1020000
1005000
990600
976600
963000
949800
936900
924400
2757000
2163000
1438000
1195000
1357000
1416000
1160000
1072000
1013000
1056000
1051000
1040000
951300
903800
907700
871600
834900
822200
813600
802400
791700
782800
774000
765500
757100
748900
740900
733100
725400
1262000
1193000
940900
823100
814700
843200
785800
749600
724400
728400
730200
726100
698100
675500
670700
657700
728700
1918000
2937000
1991000
1275000
1121000
1212000
1162000
961700
876500
862100
904500
912200
857900
767100
736500
721700
680600
657400
651300
645200
3256000
2423000
1405000
1071000
1124000
1276000
995400
902900
824900
883900
904300
903800
792000
728300
740100
696600
659700
653500
647400
641400
635600
2436000
1858000
1153000
920900
956100
1059000
863800
798400
743100
782500
795200
793500
714900
669700
676600
645300
618600
613200
607800
602500
597400
592300
587300
582300
577500
572700
568100
563400
558900
554500
550100
545700
541500
537300
533200
529100
525100
521200
517300
513500
509700
506000
502400
498800
495200
491700
488300
484900
481500
478200
474900
471700
468500
465400
462300
459200
456200
453300
450300
447400
444600
441800
439000
834900
2305000
3175000
8598000
5731000
3049000
2310000
2366000
2533000
1752000
1530000
1398000
1559000
1548000
1461000
1159000
990100
986700
866400
780700
772000
763500
755200
747100
739100
731300
723700
716200
708900
701700
694700
687800
681100
674500
668000
661600
1640000
1967000
1376000
996900
932300
1e+06
929800
6754000
4823000
2708000
1926000
1991000
2280000
1604000
1403000
1203000
1315000
1354000
1362000
1242000
2326000
1907000
1306000
1074000
1098000
1150000
1004000
949000
908100
931600
935600
924300
861700
826000
824100
795900
2647000
7856000
6056000
3420000
2399000
3127000
3959000
2805000
2057000
1800000
1984000
4388000
12980000
10020000
5442000
3790000
3866000
4095000
3010000
2450000
2229000
2677000
2772000
2536000
2002000
1728000
1721000
1517000
1341000
1293000
1275000
1259000
3686000
2885000
1910000
1583000
1615000
1739000
1462000
1363000
1277000
5813000
4399000
2647000
1966000
1995000
2265000
1738000
1542000
1400000
1493000
1521000
1513000
1314000
1198000
1212000
3564000
2727000
1770000
1449000
1488000
2678000
2178000
2584000
2086000
3718000
3037000
2180000
1833000
1680000
1786000
1594000
2419000
2172000
1753000
1539000
1493000
1442000
1279000
1213000
1140000
1578000
1931000
1582000
1278000
1184000
1210000
2347000
1878000
1375000
1264000
1278000
1321000
1160000
1079000
1030000
1039000
1024000
1008000
949800
913100
910300
1170000
1054000
932700
3653000
2776000
1714000
1327000
1370000
1519000
1226000
2484000
1971000
2707000
2326000
2268000
2787000
8240000
7266000
4161000
2854000
2794000
3096000
2436000
2036000
1795000
1851000
1902000
1848000
1553000
1345000
1322000
1216000
1108000
1076000
1059000
1043000
1028000
1013000
998000
983800
970000
956600
943500
930800
918500
906400
894700
883300
872200
861300
850800
840400
830400
820500
810900
801500
792400
783400
774700
766100
757700
838500
802400
760200
741400
735900
1442000
1202000
918400
955000
923900
908600
810800
780200
760300
757800
752800
743200
711600
691200
690200
668500
651200
646200
638300
631000
625300
619700
614200
608900
603600
1720000
2893000
1970000
1231000
1059000
1157000
1126000
922800
836000
816500
860600
873100
825600
733600
702100
691000
650400
626800
621200
615700
610300
605000
599800
594600
589600
584600
579700
574900
570200
565600
561000
556500
552100
547700
543500
539200
535100
531000
527000
523000
519100
515300
511500
507700
504100
804800
2287000
2344000
1481000
1027000
1657000
2027000
1472000
1059000
948300
1020000
1010000
928700
820500
758800
765100
745300
686500
638600
627100
616000
596100
585200
580300
575500
570800
566100
561600
557100
552600
548300
544000
539800
535600
531500
527500
523500
519600
515700
1112000
942800
700600
2308000
2159000
1483000
2383000
4070000
14330000
9654000
4871000
3458000
3688000
4102000
2801000
3076000
2510000
2502000
2435000
2321000
1848000
1492000
1480000
1255000
1124000
1115000
1101000
1055000
1023000
1014000
988800
966100
2099000
2351000
1958000
1475000
3026000
10090000
11420000
6753000
4038000
8124000
10220000
6917000
9381000
9015000
6808000
5288000
4620000
4363000
3593000
3236000
2938000
2648000
14890000
10850000
5711000
3808000
3997000
4640000
3191000
2711000
2325000
2594000
2680000
2666000
3497000
11680000
8495000
4583000
3244000
3467000
3823000
2806000
2418000
2164000
2361000
2423000
2353000
1929000
2095000
1980000
4407000
3960000
3425000
2599000
2224000
4313000
4485000
11970000
13360000
12030000
7871000
8435000
15170000
11010000
12860000
