406000
402300
397900
393300
388900
384500
380300
376100
372000
368100
364200
360400
356600
353000
349400
345900
348700
778500
921400
941800
922000
932000
1197000
1226000
1597000
4411000
4444000
4092000
3633000
3302000
3610000
3437000
3189000
3314000
3192000
3727000
8707000
12500000
9961000
7753000
6186000
5595000
4849000
4366000
5429000
5015000
5067000
4507000
3998000
3559000
3209000
2924000
2704000
2754000
2597000
2427000
2262000
2118000
1992000
1881000
1781000
1712000
2071000
2043000
1956000
1848000
1752000
1665000
1587000
1523000
1694000
2121000
2716000
2915000
2774000
2577000
2392000
2231000
2092000
1969000
1874000
2076000
2018000
1925000
1820000
1727000
1643000
1576000
1760000
1726000
1659000
1582000
1511000
1446000
1387000
1332000
1282000
1235000
1202000
1448000
1448000
1409000
1352000
1301000
1253000
1208000
1166000
1128000
1092000
1058000
1026000
995700
967500
940900
1041000
3542000
3687000
3479000
3145000
2871000
2641000
2447000
2327000
3087000
3823000
3651000
3341000
3032000
2777000
2562000
2381000
2280000
2147000
2021000
1906000
1820000
2059000
2036000
1948000
1843000
1748000
1661000
1583000
1512000
1448000
1388000
1334000
1283000
1240000
1282000
1264000
1610000
3122000
3219000
3709000
3473000
3187000
2906000
2671000
2472000
2304000
2231000
2107000
1988000
1877000
1777000
1768000
3229000
3253000
3065000
2804000
2585000
2399000
2237000
2097000
1973000
1864000
1766000
1678000
1598000
1526000
1460000
1400000
1344000
1293000
1245000
1201000
1160000
1122000
1086000
1053000
1057000
1034000
1030000
1005000
988500
963000
940400
1073000
1094000
1279000
1277000
1245000
1201000
1160000
1122000
1086000
1052000
1021000
991000
963000
936600
913100
963000
952000
931300
906500
889200
1131000
1371000
1382000
1343000
1292000
1244000
1200000
1159000
1121000
1085000
1052000
1021000
1005000
978800
960900
1298000
2781000
2881000
2749000
2539000
2358000
2239000
2769000
2696000
2540000
2360000
2204000
2067000
1947000
1840000
1745000
1659000
1581000
1510000
1446000
1387000
1353000
1849000
1866000
1806000
1714000
1631000
1556000
1487000
1425000
1367000
1314000
1265000
1220000
1177000
1151000
1596000
3699000
6534000
6990000
14330000
12080000
9240000
7068000
5730000
4843000
4204000
3720000
3339000
3030000
2775000
2561000
2377000
2219000
2081000
1959000
1851000
1755000
1668000
1589000
1518000
1452000
1393000
1338000
1287000
1251000
1584000
2620000
3751000
3656000
3364000
3051000
2792000
2575000
2402000
2511000
2471000
2336000
2188000
2054000
1935000
1830000
1735000
1650000
1573000
1503000
1447000
1657000
1904000
1876000
1796000
1705000
1623000
1548000
1481000
1418000
1362000
1338000
1294000
1248000
1295000
3804000
10550000
9086000
7392000
5930000
4983000
4309000
3801000
3403000
3083000
2819000
2629000
2909000
2774000
2593000
2405000
2254000
2411000
2312000
2183000
2049000
1931000
1826000
1732000
1647000
1573000
1570000
1518000
1458000
1398000
1343000
1311000
1315000
2465000
2539000
2440000
2279000
2257000
2141000
2021000
1926000
2262000
2284000
2184000
2055000
1936000
1831000
1736000
1652000
1601000
1630000
1577000
1513000
1448000
1389000
1334000
1295000
1619000
1622000
1574000
1504000
1440000
1384000
1499000
3006000
3097000
3456000
4984000
4702000
4223000
3734000
3350000
3040000
2783000
2567000
2383000
2224000
2085000
1963000
1855000
1758000
1671000
1592000
1520000
1455000
1395000
1339000
1289000
1241000
1198000
1170000
1586000
1610000
1568000
1499000
1774000
6448000
6220000
5631000
7809000
19350000
13820000
10010000
7349000
5992000
6103000
6760000
5928000
5089000
4385000
3859000
3450000
3121000
2850000
2624000
2432000
2540000
6284000
7063000
6450000
7761000
6785000
5750000
4865000
4220000
3886000
5494000
5099000
4534000
3973000
3539000
3193000
2911000
2675000
2475000
2304000
2307000
4575000
4485000
4099000
3638000
3277000
3041000
2798000
2584000
2398000
2247000
2344000
2278000
2820000
2739000
2576000
2391000
2231000
2099000
2146000
2053000
1947000
1840000
1744000
1658000
1581000
1510000
1445000
1386000
1332000
1281000
1235000
1191000
1151000
1113000
1078000
1045000
1014000
984500
956900
930700
943800
2002000
2110000
2058000
1939000
1833000
1738000
1653000
1576000
1506000
1441000
1382000
1328000
1278000
1232000
1189000
1148000
1111000
1098000
1068000
1040000
1131000
1120000
1093000
1059000
1027000
996700
996300
1837000
2718000
2733000
2580000
2394000
2234000
2094000
1971000
1861000
1764000
1676000
1608000
1823000
1954000
1901000
1810000
1718000
1635000
1559000
1490000
1427000
1377000
1581000
1579000
1529000
1464000
1407000
1466000
1430000
1380000
1326000
1276000
1230000
1199000
1161000
1123000
1087000
1054000
1022000
992100
964000
937500
912400
889000
882500
863600
843400
823100
803700
785200
767600
752700
812500
809700
796200
778100
760800
744300
732500
718000
703500
689400
675800
662700
650100
638000
626300
615100
604200
593800
583600
573900
564400
555300
582000
1786000
2027000
2011000
1903000
1801000
1710000
1627000
1552000
1484000
1422000
1364000
1312000
1263000
1217000
1175000
1143000
1316000
2122000
2333000
2269000
2142000
2152000
2051000
1943000
1836000
1741000
1656000
1578000
1508000
1443000
1384000
1330000
1280000
1233000
1190000
1159000
1397000
1407000
1463000
1422000
1371000
1318000
1275000
1425000
1603000
1584000
1527000
1461000
1400000
1345000
1293000
1246000
1203000
1197000
1163000
1127000
1091000
1057000
1036000
1350000
1370000
1341000
1290000
1243000
1199000
1158000
1120000
1084000
1051000
1019000
1019000
1902000
2912000
2925000
2752000
2541000
2360000
2242000
2798000
2726000
2567000
2383000
2274000
3483000
8555000
7767000
6544000
5400000
4610000
4030000
3602000
3944000
8086000
8121000
6885000
5686000
4812000
4182000
3702000
3325000
3019000
2766000
2552000
2370000
2213000
2097000
2488000
2881000
5279000
5051000
4531000
4194000
6409000
6218000
5446000
4672000
4083000
3627000
3265000
2969000
2724000
2517000
2340000
2187000
2066000
2245000
2387000
2890000
3418000
3289000
3039000
2784000
2568000
2502000
4184000
4081000
3883000
5400000
6183000
6954000
7978000
6830000
5799000
5664000
4971000
4356000
3837000
3432000
3110000
2905000
2684000
2528000
3016000
2903000
2715000
2510000
2334000
2181000
2047000
1930000
1825000
1731000
1646000
1570000
1500000
1436000
1384000
1537000
1513000
1465000
1482000
1436000
1383000
1329000
1278000
1234000
1247000
1427000
1571000
3996000
4044000
3760000
3371000
3056000
2817000
2893000
2821000
2641000
2461000
2475000
2343000
2202000
2066000
1946000
1839000
1744000
1658000
1580000
1510000
1445000
1386000
1332000
1281000
1235000
1191000
1151000
1127000
1563000
1592000
1553000
1488000
1535000
1507000
1545000
1506000
1450000
1391000
1336000
1285000
1238000
1195000
1154000
1116000
1081000
1073000
1785000
2195000
2182000
2090000
2372000
2300000
2180000
2047000
1929000
1824000
1730000
1646000
1569000
1499000
1436000
1377000
1323000
1274000
1228000
1185000
1145000
1108000
1073000
1040000
1009000
1010000
1905000
2887000
2900000
2728000
2521000
2343000
2189000
2055000
1936000
1830000
1736000
1651000
1574000
1504000
1440000
1382000
1348000
1304000
1336000
1302000
1265000
1377000
1356000
1315000
1266000
1220000
1178000
1146000
1292000
1283000
1249000
1205000
1163000
1125000
1089000
1055000
1023000
993400
965300
938700
913500
889700
867100
845600
825200
805700
787200
769400
768800
1347000
1419000
1402000
1347000
1295000
1247000
1203000
1162000
1126000
1147000
1122000
1106000
1445000
1464000
1429000
1371000
1318000
1294000
1251000
1211000
1237000
1207000
1171000
1132000
1095000
1061000
1029000
998800
970400
943500
918100
894000
880500
1209000
1359000
1363000
1551000
1532000
1482000
1435000
1380000
1327000
1277000
1231000
1188000
1147000
1110000
1076000
1082000
1057000
1028000
998100
973000
1096000
1093000
1088000
1058000
1031000
1145000
1769000
1821000
1771000
1685000
1691000
1793000
1743000
1669000
1590000
1519000
1454000
1394000
1339000
1288000
1241000
1197000
1156000
1120000
1160000
1719000
2493000
2509000
2384000
2225000
2086000
1964000
1855000
1758000
1671000
1592000
1520000
1483000
3615000
18700000
13230000
9757000
7170000
5793000
4887000
4237000
3745000
3359000
3047000
2789000
2572000
2388000
2228000
2089000
1966000
1857000
1760000
1673000
1594000
1522000
1456000
1396000
1341000
1290000
1243000
1199000
1158000
1120000
1084000
1050000
1019000
989400
961500
935100
910200
886500
864100
842700
822400
803100
784700
767000
750700
752000
739500
725100
710000
695600
681700
668400
655600
643300
631500
620000
609000
598400
588100
578200
568600
559300
550300
541700
533200
525100
517200
509500
502200
505400
537400
728200
755400
752400
736200
720700
712300
1037000
1209000
1219000
1227000
2296000
2375000
2301000
2421000
3538000
6953000
6468000
5680000
5717000
5037000
4414000
4031000
5519000
5100000
4530000
3969000
3536000
3191000
2909000
2674000
2482000
2557000
3660000
3659000
5158000
11520000
24720000
20430000
22720000
14080000
9770000
7176000
5797000
4889000
4239000
3747000
3360000
3048000
2790000
2573000
2684000
6503000
6148000
5403000
4630000
4049000
3600000
3243000
2970000
3013000
2822000
2739000
4318000
4397000
5317000
4840000
4295000
3790000
3394000
3076000
2813000
2593000
2454000
3164000
3764000
3671000
3562000
5847000
6217000
5525000
4757000
4141000
3670000
3299000
3016000
3042000
2845000
2639000
2445000
2277000
2238000
3906000
3852000
3566000
3215000
2929000
2690000
2502000
2576000
2444000
2294000
2147000
2092000
3484000
3785000
3563000
3236000
2946000
2705000
2537000
2958000
3037000
2864000
2650000
2455000
2305000
2160000
2031000
1915000
1811000
1719000
1765000
3976000
3996000
3711000
3332000
3025000
2771000
2567000
2449000
3408000
3320000
3092000
2827000
2604000
2415000
2256000
2323000
4735000
12110000
9985000
7927000
6246000
5211000
4988000
8303000
10270000
8484000
6822000
5574000
4733000
4123000
3657000
3288000
2989000
2740000
2531000
2352000
2211000
2431000
2371000
2245000
2118000
2268000
2183000
2068000
1948000
1841000
1746000
1660000
1582000
1511000
1446000
1403000
1789000
1791000
1774000
2586000
2639000
2630000
2768000
6789000
7847000
6823000
5695000
4818000
4186000
3765000
4172000
3954000
3600000
3249000
2957000
2714000
2508000
2332000
2187000
2221000
2118000
2009000
2003000
1913000
1818000
1762000
2212000
4839000
14670000
20110000
16170000
11450000
8667000
7814000
6469000
5448000
4939000
10100000
5824000
4602000
16120000
5988000
3942000
4317000
8917000
4933000
2988000
2269000
5597000
10250000
3673000
2270000
1654000
1577000
1506000
1442000
1383000
1329000
1279000
1232000
1211000
1820000
2648000
2927000
3639000
7719000
7731000
6606000
5493000
4677000
4080000
3695000
4641000
8272000
8130000
7179000
9e+06
7604000
6517000
5428000
4647000
4058000
3606000
3247000
2955000
2712000
2507000
2332000
2179000
2046000
1928000
1824000
1730000
1645000
1569000
1499000
1435000
1377000
1323000
1274000
1227000
1185000
1145000
1107000
1072000
1040000
1024000
1471000
1509000
1504000
2081000
2400000
2347000
2215000
2077000
1956000
1848000
1752000
1665000
1587000
1516000
1497000
2506000
2550000
2442000
2275000
2130000
2002000
1889000
1789000
1699000
1617000
1545000
1532000
1477000
1419000
1362000
1309000
1261000
1216000
1174000
1134000
1098000
1063000
1031000
1001000
973800
1020000
1025000
1004000
977100
949900
924100
899700
876600
854700
833800
813900
795000
776900
759600
743100
727300
723900
1178000
1236000
1225000
1182000
1142000
1105000
1071000
1092000
2872000
8226000
7528000
6384000
5288000
4530000
3969000
3537000
3216000
3509000
5597000
6779000
6778000
11050000
11670000
9212000
7199000
5811000
5091000
6561000
5874000
5099000
4393000
3865000
3454000
3139000
4200000
15310000
11720000
8966000
6807000
5564000
4937000
6680000
5997000
5200000
4466000
3921000
3499000
3161000
2907000
3034000
2856000
2654000
2485000
2901000
4739000
6006000
5637000
6630000
5838000
5046000
4354000
3836000
3431000
3105000
2838000
2614000
2423000
2259000
2116000
1990000
1878000
1779000
1690000
1609000
1536000
1469000
1412000
1469000
1462000
2126000
2147000
2067000
1947000
1840000
1750000
1764000
1912000
2560000
2541000
2506000
2352000
2204000
2082000
2293000
2249000
2748000
2667000
2511000
2335000
2182000
2048000
1930000
1826000
1732000
1647000
1570000
1500000
1437000
1382000
1433000
1397000
1349000
1298000
1250000
1205000
1164000
1126000
1098000
1360000
2650000
2969000
2861000
2650000
2454000
2286000
2139000
2011000
1897000
1796000
1705000
1629000
1718000
1723000
1662000
1587000
1516000
1451000
1391000
1336000
1425000
4327000
8089000
7283000
6141000
5126000
4412000
3880000
3575000
4738000
4542000
4106000
3742000
4578000
4304000
3891000
3478000
3144000
2869000
2640000
2446000
2278000
2133000
2005000
1892000
1791000
1701000
1619000
1545000
1477000
1415000
1359000
1306000
1258000
1213000
1171000
1132000
1096000
1149000
3039000
3165000
3015000
2776000
2752000
2581000
2409000
2246000
2105000
1980000
1870000
1772000
1692000
1613000
1540000
1475000
1505000
1460000
1406000
1350000
1298000
1251000
1206000
1177000
1572000
1593000
1555000
1628000
1749000
2054000
2058000
1971000
1865000
1767000
1679000
1599000
1527000
1461000
1400000
1345000
1300000
1467000
1451000
1407000
1379000
2069000
2660000
3382000
3261000
3020000
2766000
2553000
2371000
2214000
2076000
1955000
1847000
1751000
1665000
1586000
1515000
1450000
1391000
1336000
1318000
2230000
4281000
4237000
3882000
3468000
3136000
2863000
2635000
2441000
2274000
2129000
2002000
1889000
1789000
1698000
1617000
1555000
1489000
1427000
1369000
1325000
1710000
3564000
3608000
3375000
3060000
2800000
2581000
2395000
2235000
2095000
1971000
1862000
1764000
1676000
1597000
1525000
1459000
1399000
1343000
1292000
1245000
1212000
1498000
1503000
1462000
1401000
1346000
1294000
1247000
1202000
1161000
1123000
1087000
1053000
1030000
1247000
1256000
1236000
1194000
1154000
1116000
1081000
1047000
1016000
986800
959000
932800
907900
884400
862000
840800
820600
801400
783000
765500
752500
890200
899800
887400
864900
843500
826100
934800
1051000
1377000
2094000
3555000
9936000
8668000
7138000
5773000
4873000
4227000
3737000
3353000
3042000
2785000
2569000
2384000
2225000
2086000
1964000
1855000
1758000
1671000
1592000
1520000
1455000
1395000
1340000
1289000
1242000
1198000
1157000
1119000
1083000
1050000
1018000
988900
998300
2028000
2389000
2355000
2218000
2080000
1959000
2053000
5200000
5109000
4743000
4159000
3694000
3318000
3013000
2761000
2549000
2367000
2210000
2082000
2171000
2589000
2522000
2379000
2221000
2082000
1961000
1852000
1756000
1669000
1590000
1529000
1465000
1405000
1349000
1297000
1270000
1965000
4750000
5227000
4839000
4283000
4151000
4212000
3849000
3475000
3141000
2932000
4520000
12370000
11530000
9047000
7003000
5689000
4814000
4183000
3711000
3483000
3306000
3083000
2838000
2617000
2426000
2261000
2118000
1992000
1880000
1780000
1727000
2453000
2452000
2340000
2186000
2052000
1934000
1829000
1734000
1729000
3203000
3233000
3049000
2791000
2574000
2389000
2229000
2092000
2021000
1917000
1817000
1724000
1640000
1564000
1525000
2288000
2312000
2219000
2081000
1975000
2211000
2190000
2377000
2339000
2894000
2806000
2634000
2440000
2274000
2132000
2078000
2243000
2217000
2109000
1988000
1877000
1778000
1688000
1608000
1546000
1763000
1857000
1805000
1722000
1638000
1580000
1910000
1891000
1820000
1769000
1690000
1612000
1539000
1472000
1410000
1356000
1348000
1306000
1261000
1218000
1224000
1311000
1290000
1282000
2033000
2081000
2014000
1900000
1798000
1707000
1654000
2333000
2360000
2679000
2634000
2653000
3093000
6565000
7344000
6420000
5408000
4616000
4047000
3758000
3404000
3095000
2829000
2606000
2417000
2253000
2111000
1986000
1875000
1776000
1687000
1608000
1585000
1524000
1462000
1401000
1346000
1294000
1247000
1202000
1161000
1129000
1247000
1236000
1203000
1162000
1123000
1087000
1058000
1192000
1695000
1730000
1687000
1608000
1535000
1471000
1480000
1585000
1880000
1860000
1786000
1696000
1638000
2088000
2075000
2e+06
2086000
2006000
1907000
1804000
1712000
1630000
1555000
1494000
1432000
1375000
1321000
1272000
1226000
1183000
1143000
1107000
1101000
1072000
1041000
1017000
1221000
1779000
2323000
3026000
2954000
2762000
2549000
2368000
2211000
2074000
1953000
1845000
1774000
2206000
2178000
2081000
1959000
1851000
1754000
1668000
1589000
1518000
1452000
1393000
1338000
1287000
1240000
1212000
1663000
1687000
1641000
1564000
1495000
1432000
1374000
1320000
1271000
1225000
1182000
1173000
1936000
1996000
1939000
1833000
1738000
1653000
1605000
2270000
3290000
3709000
3498000
3228000
3614000
3701000
3436000
3132000
2860000
2632000
2439000
2272000
2128000
2e+06
1888000
1787000
1697000
1616000
1542000
1475000
1413000
1372000
1753000
1757000
1700000
1618000
1544000
1477000
1415000
1358000
1306000
1257000
1213000
1171000
1132000
1095000
1075000
1592000
2497000
2549000
2488000
3338000
3471000
3344000
4e+06
18740000
21030000
14050000
9683000
7163000
5789000
4889000
4358000
4560000
4151000
3729000
3346000
3036000
2780000
2565000
2381000
2222000
2084000
1962000
1853000
1757000
1669000
1591000
1522000
1594000
2369000
2608000
2608000
2490000
3364000
8867000
12870000
10200000
8331000
10770000
12010000
10040000
12960000
12050000
9281000
7190000
5805000
4895000
4243000
3750000
3363000
3840000
12100000
10010000
7990000
6283000
5221000
4481000
3932000
3507000
3168000
2889000
2663000
2575000
3276000
7782000
7234000
6187000
5166000
4442000
3902000
3484000
3148000
2874000
2644000
2449000
2281000
2146000
2265000
2217000
2906000
3048000
3130000
2924000
2747000
3224000
3943000
9673000
14370000
15310000
11410000
11880000
17600000
13850000
