1567000
1546000
1523000
1501000
1480000
1459000
1439000
1419000
1400000
1381000
1363000
1346000
1329000
1312000
1296000
1280000
12120000
3590000
1558000
1444000
1750000
6358000
1813000
4940000
22260000
3214000
1816000
1785000
1755000
5102000
2338000
1762000
4362000
2413000
4327000
20750000
15200000
3006000
2167000
2123000
3799000
2192000
2038000
9489000
2610000
4896000
2282000
2053000
2013000
1975000
1938000
1903000
2799000
1916000
1822000
1790000
1760000
1731000
1702000
1675000
1648000
4944000
1878000
1631000
1606000
1581000
1558000
1535000
1512000
2023000
6213000
6961000
3823000
1733000
1584000
1560000
1537000
1514000
1493000
1472000
2564000
1529000
1435000
1415000
1396000
1378000
1360000
3284000
1498000
1351000
1334000
1317000
1301000
1285000
1269000
1254000
1239000
1224000
1210000
1196000
1183000
1169000
1156000
1144000
1131000
1119000
1107000
1096000
1084000
1073000
1062000
1051000
1041000
1031000
13270000
2057000
1228000
1214000
1200000
1186000
1173000
1160000
2798000
5172000
1491000
1218000
1204000
1190000
1176000
1163000
1150000
1138000
1126000
1114000
1102000
1090000
1079000
1068000
1057000
1046000
1036000
1026000
1016000
1006000
996400
987000
977800
968700
959800
951000
942400
9890000
1682000
4131000
1324000
1108000
1097000
1085000
1074000
1063000
1052000
1042000
1032000
1022000
1012000
1002000
6153000
1416000
1062000
1051000
1040000
1030000
1020000
1010000
1e+06
990900
981600
972400
963400
954600
946000
937500
929100
920900
912900
904900
897200
889500
882000
874600
867300
860200
853100
846200
839400
832700
826100
819600
813300
956400
813700
797700
791600
785700
779800
774000
768300
762700
757200
751700
746300
741000
735800
730700
725600
720600
715700
710800
1520000
769900
710900
706100
701400
696700
692100
687500
683000
678600
674200
669900
665600
661400
657200
8831000
1342000
792000
786000
780200
774400
955300
779100
761100
755600
750100
744800
739500
734300
729200
724100
719100
714200
709400
704600
699900
695200
690600
686100
681600
677200
672800
668500
664300
660100
655900
651800
647800
643800
639800
635900
7812000
8108000
1347000
14660000
3729000
1262000
1138000
1125000
1113000
1102000
1090000
1079000
1068000
1057000
1046000
1036000
1026000
1016000
1006000
996300
986800
977600
968500
959600
950800
942300
933800
925500
917400
909400
4042000
6591000
1405000
1033000
1023000
1013000
1004000
994100
1575000
1556000
1020000
975600
966500
957700
949000
940400
932000
923700
915600
907700
1586000
2823000
1067000
935100
926800
918600
910600
902700
895000
887400
879900
872500
865300
858200
13730000
19480000
2559000
1374000
1356000
1339000
1322000
1305000
1289000
1274000
1258000
1243000
3599000
1421000
1249000
1234000
1219000
3197000
1364000
1218000
1204000
1190000
1176000
1163000
1151000
1138000
1580000
1188000
1113000
1099000
1088000
1290000
1084000
11310000
1927000
1231000
1217000
1971000
1255000
1191000
1177000
4558000
1970000
1250000
1202000
1188000
1174000
1161000
1149000
1367000
2125000
1200000
1123000
1111000
1099000
1087000
1076000
4702000
1363000
1109000
1097000
1086000
1075000
1838000
12330000
2021000
3321000
9022000
1932000
1408000
1389000
1371000
1353000
1336000
1319000
1303000
1286000
1271000
1255000
1240000
1226000
1212000
1198000
1184000
1171000
1158000
1145000
1133000
1120000
1108000
1097000
2225000
1171000
1084000
1073000
1062000
24280000
2995000
1429000
6691000
25860000
4328000
1918000
1829000
1797000
4472000
7185000
2209000
1830000
1798000
1768000
1738000
1709000
1682000
1655000
1629000
1604000
16620000
6404000
2112000
9526000
2804000
1960000
1903000
1869000
1836000
9350000
2427000
1891000
1857000
1825000
1793000
1763000
1733000
1705000
1677000
1651000
10700000
2370000
1738000
1709000
1681000
1655000
1629000
1604000
1579000
1556000
1533000
1510000
4517000
1719000
1496000
1474000
1454000
1434000
1414000
1395000
1377000
1359000
1341000
1324000
1308000
1291000
1276000
1260000
1245000
1230000
1216000
1202000
1188000
1175000
1162000
1149000
1136000
1124000
1112000
1100000
1089000
2829000
1215000
1087000
1076000
1065000
1054000
1044000
1033000
1023000
1013000
1003000
993900
984500
975300
966300
957400
948700
940200
931800
923500
915400
907500
899600
891900
884400
877000
869600
3115000
5911000
1313000
981100
972000
963000
954200
945500
937000
928700
920500
912500
904500
896800
889100
881600
874200
867000
859800
852800
845900
839100
832400
825800
819300
812900
806700
800500
794400
788400
782500
776600
770900
765300
759700
754200
748800
743500
738200
733000
727900
722900
717900
713000
708200
703400
698700
694100
689500
684900
680500
676100
671700
667400
663200
659000
654900
650800
646800
642800
638900
635000
631100
627400
623600
619900
616300
612600
609100
605500
602000
598600
595200
591800
588500
5584000
1530000
714200
675000
670600
666400
662100
658000
653800
649800
645800
641800
637900
634000
630200
626400
622700
3180000
1686000
728000
666800
1007000
687100
660000
655800
651700
647700
643700
639700
635800
632000
628200
624400
620700
617100
613400
609900
606300
602800
599400
596000
592600
589200
647900
1746000
683300
603100
599600
596200
592800
589500
586200
582900
579700
576500
573300
570200
567100
564000
1866000
672600
582700
579500
576300
573200
570000
566900
563900
560800
557900
554900
5198000
5549000
1022000
710700
705900
701100
696500
3869000
956100
739500
734300
729100
4844000
14380000
2088000
1043000
1022000
1012000
1002000
992500
2397000
13990000
4024000
1383000
1239000
1225000
1211000
1197000
1183000
1170000
1157000
1144000
1132000
1120000
1108000
3613000
3139000
11910000
2063000
1339000
1322000
11230000
3427000
1564000
1458000
1438000
1418000
1399000
1380000
1362000
1345000
1328000
1311000
1295000
2638000
2727000
4970000
4971000
1769000
1419000
1392000
1373000
1356000
11860000
2216000
1494000
10220000
6299000
6343000
8068000
2195000
1761000
4826000
1968000
1733000
1704000
1677000
1650000
1624000
1599000
1575000
6163000
1915000
1583000
1560000
1537000
1514000
1493000
1471000
1451000
1431000
1412000
1393000
1374000
1356000
1339000
2156000
1379000
1307000
2015000
1339000
1275000
1260000
1245000
1230000
1216000
3597000
1596000
18410000
2667000
1504000
1482000
1461000
1441000
2204000
2066000
1455000
1397000
2414000
1453000
1366000
1349000
1331000
1315000
1298000
1282000
1267000
1251000
1236000
1222000
1208000
1194000
1180000
1167000
1154000
1142000
2358000
1222000
1128000
1116000
1104000
1231000
2078000
1241000
1087000
1070000
1059000
1048000
1038000
1028000
1018000
1008000
998200
988700
3691000
3918000
1234000
1043000
3491000
1229000
1055000
1044000
1034000
1024000
1014000
1004000
994400
985000
975800
966800
957900
949200
940600
932200
924000
915800
907900
9e+05
892300
884800
3393000
6550000
1381000
1008000
998800
989300
980000
970900
962000
953200
944500
936100
927700
919600
911500
903600
895900
888200
880700
873400
866100
859000
852000
845100
838300
831600
825000
818600
812200
805900
799800
793700
787700
781800
776000
770200
764600
759000
753600
748200
742800
737600
732400
727300
722300
717300
712400
707600
702800
698100
693500
688900
684400
680000
675600
671200
666900
662700
658500
654400
650300
1436000
707900
651200
647200
643200
639200
635300
631500
627700
624000
620300
616600
613000
609400
605900
602400
598900
595500
592100
588800
585500
582200
579000
575800
1649000
664400
589700
586400
583100
579900
576700
573500
570400
567300
564200
561200
558200
555200
552300
549400
546500
543700
540900
538100
535300
532600
529900
3953000
823800
593200
589800
586500
1011000
617700
586100
582800
579600
576400
573200
570100
567000
563900
560900
557900
555000
552000
1240000
3839000
840000
621800
618100
614500
610900
607300
603800
600300
596900
593500
590200
1150000
25470000
2680000
1017000
1007000
997700
988200
979000
969900
960900
952100
943500
935100
926800
918600
910600
902700
895000
887400
879900
872500
865300
858200
851200
844300
837500
830800
824300
817800
811500
805200
799000
793000
787000
781100
775300
769600
764000
758400
752900
747500
742200
737000
731800
726700
721700
716800
711900
707000
702300
697600
693000
688400
683900
679400
675100
670700
666400
662200
658000
653900
649900
645800
641900
638000
634100
630300
626500
622700
619000
615400
611800
608200
604700
601200
597800
594400
4310000
2312000
771300
673200
8377000
1320000
801400
1876000
5092000
11860000
1893000
1081000
3996000
1301000
1094000
1083000
8080000
1660000
1180000
1167000
1154000
1142000
1129000
1117000
1105000
1809000
7803000
1656000
6630000
14660000
23830000
7851000
18150000
3243000
2140000
2096000
2055000
2015000
1977000
1940000
1904000
1870000
1837000
1805000
1774000
21100000
3346000
2019000
1980000
1943000
1907000
1873000
1840000
3631000
1934000
1782000
12530000
3297000
7895000
2402000
1970000
1933000
1898000
1864000
1831000
1799000
1769000
7016000
6396000
2699000
1881000
14150000
5692000
2236000
2008000
1970000
1933000
1898000
1864000
2768000
1880000
1786000
1756000
1727000
1699000
12980000
2613000
1829000
1798000
1767000
1737000
1709000
1681000
1654000
1629000
1603000
1579000
11490000
4302000
1846000
1689000
1662000
1636000
1611000
4132000
3192000
1701000
1582000
1559000
1536000
1513000
1492000
1471000
1450000
1430000
1411000
14100000
2446000
1576000
1553000
1530000
1508000
1486000
1465000
7199000
1909000
1504000
1482000
1461000
1441000
1421000
1402000
9630000
23040000
3262000
1833000
1802000
1771000
1741000
13950000
10180000
2545000
2013000
1974000
1937000
1902000
1868000
1835000
1803000
1772000
1742000
1714000
1686000
1659000
1633000
1608000
1583000
1559000
1536000
1514000
1492000
1471000
1451000
1431000
1411000
1392000
1374000
1356000
1339000
1322000
1305000
4937000
1889000
2108000
1392000
1.9e+07
7311000
1984000
1658000
1632000
1606000
1582000
1670000
2047000
1557000
1501000
1480000
1459000
1439000
1419000
1400000
1382000
1363000
1346000
1329000
1312000
1296000
1280000
2306000
13810000
17110000
22170000
7736000
2866000
2860000
5313000
2294000
2040000
2001000
3523000
7426000
2395000
2001000
7917000
2451000
2016000
1978000
5569000
2716000
1989000
1920000
1885000
4741000
2069000
1844000
1812000
1781000
1751000
1722000
1694000
1667000
1640000
1615000
2829000
8684000
3969000
5296000
19480000
5315000
2172000
1992000
1955000
1919000
1884000
6331000
17040000
5418000
2304000
12850000
2968000
2698000
2203000
2126000
2083000
2042000
2003000
1965000
1928000
1893000
1859000
1827000
1795000
1765000
1735000
1707000
1679000
1652000
1626000
1601000
1577000
1554000
1531000
1509000
1487000
1466000
1446000
1426000
1407000
1388000
1370000
1352000
1334000
3164000
3657000
1520000
1357000
1340000
1323000
1306000
1290000
1274000
1259000
1244000
1229000
5269000
1555000
1270000
1255000
1240000
1225000
1211000
1197000
1183000
1170000
1157000
1144000
1132000
1120000
1108000
1096000
1085000
1074000
1063000
1052000
1042000
1031000
1021000
1011000
1002000
992000
982700
973500
964500
955700
947000
938500
930100
921900
913800
905900
898100
890400
882900
875500
868200
861000
3745000
1103000
903400
895600
888000
880500
873100
865900
11940000
19160000
2520000
1347000
1330000
1313000
1297000
1281000
1266000
3116000
10350000
7167000
2739000
14890000
8306000
2173000
1764000
1734000
1706000
9978000
2360000
1778000
1748000
1719000
1691000
1664000
2852000
35320000
4392000
2109000
2067000
2027000
1988000
11590000
2744000
2062000
2022000
1984000
1946000
1911000
1876000
4223000
2017000
1826000
1794000
5370000
12450000
8576000
2471000
9001000
2602000
2097000
2055000
2015000
1977000
1940000
1904000
1870000
1837000
1805000
1774000
1744000
1716000
1688000
1661000
1635000
1609000
1585000
1561000
1538000
1515000
8402000
2048000
1564000
1541000
1519000
1497000
1763000
3474000
8127000
1998000
2376000
1588000
1510000
1488000
4372000
1690000
6651000
1885000
1518000
1496000
1475000
1454000
1434000
1414000
1396000
1377000
1359000
1342000
1324000
1308000
1292000
1276000
1260000
1245000
1231000
1216000
1202000
1188000
1175000
2273000
11740000
3422000
1472000
1364000
1347000
1329000
1313000
1296000
1280000
1265000
1250000
1235000
1220000
1206000
1192000
1179000
1166000
1153000
1140000
1128000
1116000
14050000
13980000
2326000
1520000
1498000
1477000
1456000
1436000
5111000
2126000
1485000
1437000
7105000
2080000
1498000
1464000
1443000
1424000
1404000
1386000
1367000
1350000
1332000
1316000
1299000
1283000
1268000
1252000
1237000
1223000
1209000
1195000
1181000
1168000
1155000
1142000
1130000
1118000
8939000
1769000
1234000
1220000
1655000
1231000
1187000
1174000
1161000
1148000
1136000
1123000
1111000
1100000
1088000
1077000
1066000
1055000
1045000
1034000
1024000
1014000
1004000
994700
985300
976100
967100
958200
1438000
3818000
1496000
1011000
980600
971500
962500
953700
945100
936600
928300
920100
912000
904100
896400
888700
881200
2516000
3859000
5139000
1282000
1006000
996900
987400
978200
969100
960200
951400
942800
934400
926100
917900
909900
902000
894300
886700
879200
1352000
9926000
1636000
1026000
1016000
1006000
996300
986800
977600
968500
959600
950800
942300
933800
925500
917400
909400
901500
893800
886200
878800
871400
8037000
1471000
985200
976000
967000
958100
949400
940800
932400
924100
916000
908000
900200
892500
884900
877500
870200
863000
855900
848900
842100
835300
828700
822200
815800
809400
803200
797100
791000
785100
779200
773400
767800
762200
756600
751200
745800
740500
735300
730200
725100
720100
715200
710300
705500
700800
696100
691500
686900
682500
678000
673700
669300
665100
660900
656700
652600
648600
644600
640600
636700
632800
1093000
3655000
5432000
5126000
16920000
2172000
1109000
1097000
1086000
1074000
1063000
1053000
1042000
1032000
1022000
1012000
1002000
992500
983200
974000
965000
956100
947400
938900
930500
922300
914200
906300
898500
890800
883300
875800
868600
861400
854300
847400
840600
4384000
2541000
1022000
921200
913200
905300
897500
15260000
2103000
1583000
1161000
1119000
1107000
1096000
1084000
1073000
1062000
1052000
1041000
1504000
4589000
1316000
1070000
1059000
1049000
1038000
1028000
1018000
1008000
998500
989000
979700
970600
961700
952900
944300
6054000
14830000
3867000
1612000
1291000
2656000
3329000
1433000
1287000
1272000
1256000
6485000
22930000
6118000
1935000
1707000
1680000
1653000
1627000
1602000
1798000
2385000
1904000
1551000
1509000
1487000
1466000
1446000
1426000
1407000
1388000
1370000
7465000
1862000
1436000
1416000
1397000
1379000
1361000
1343000
1326000
12090000
2212000
1474000
1454000
1434000
1414000
1395000
1377000
1359000
1341000
1324000
1308000
1292000
1276000
1260000
6891000
1728000
1336000
1319000
1303000
3678000
1718000
3431000
1608000
5757000
1703000
1391000
1373000
1355000
1337000
1525000
3402000
1877000
1357000
1314000
1297000
1281000
1266000
1251000
1236000
2442000
2424000
1314000
1226000
1212000
1198000
3919000
1408000
1212000
1339000
1197000
1174000
1161000
1148000
1136000
1123000
1111000
1100000
1088000
1077000
1066000
2121000
1134000
1053000
8029000
1626000
1148000
1136000
1123000
1112000
1100000
4837000
1397000
3910000
1723000
2162000
3283000
15430000
6026000
1740000
1477000
1456000
1436000
1417000
1398000
1379000
1361000
1344000
1327000
1310000
1294000
1278000
1262000
1247000
1232000
1218000
1204000
1190000
1177000
1164000
1151000
1138000
1126000
1114000
1102000
1090000
1079000
1068000
1057000
1047000
1036000
1026000
1016000
1006000
1244000
1008000
982000
972900
963900
955000
946400
937900
3437000
1137000
961800
953000
944400
2972000
1103000
959100
1326000
975700
942200
933800
925500
917300
909300
901500
893800
886200
878700
871400
864200
857100
850100
843200
836400
829800
823300
816800
810500
3161000
3732000
4774000
1212000
958100
949300
940800
932400
924100
916000
908000
900200
892500
884900
877500
870200
863000
855900
848900
842100
835300
828700
822200
815800
809400
803200
797100
791000
785100
779200
773400
767800
762100
756600
751200
745800
740500
735300
730200
2061000
833700
739500
734300
729200
724200
719200
2872000
5268000
2794000
970800
852800
2428000
2074000
963000
882800
875400
868200
861000
853900
847000
840200
833500
826900
820400
814000
807700
801500
795400
789400
783400
777600
771900
766200
760600
755100
749700
744300
739100
733900
728800
723700
718700
713800
709000
704200
4891000
1116000
772300
5190000
1986000
1052000
3780000
6737000
28130000
3463000
1459000
1425000
1405000
1387000
1368000
3223000
1500000
1358000
1341000
1324000
1307000
1291000
1275000
1260000
1245000
1230000
1216000
1201000
1188000
1174000
1161000
1149000
4590000
2818000
1883000
1243000
5021000
19190000
13420000
2471000
1799000
11760000
9681000
2434000
13710000
7588000
2475000
2120000
2077000
2036000
1997000
1960000
1923000
1888000
30930000
4242000
2255000
2207000
2161000
2117000
2075000
2034000
1995000
1957000
1921000
1886000
5137000
23450000
3987000
2203000
2135000
2092000
2051000
2011000
1973000
1936000
1901000
1866000
1834000
1802000
2954000
1843000
8330000
3668000
3632000
1946000
1801000
6596000
4658000
22970000
16520000
12910000
3096000
9244000
21580000
4192000
16580000
