1718000
1636000
1612000
1594000
1576000
1559000
1542000
1526000
1510000
1494000
1478000
1463000
1448000
1434000
1420000
1406000
4249000
2271000
1761000
1715000
1836000
2887000
1887000
2563000
6566000
2743000
2366000
2327000
2290000
3128000
2483000
2323000
2877000
2483000
2882000
7820000
6632000
3522000
3209000
3138000
3648000
3120000
3013000
5259000
3347000
4005000
3224000
3091000
3025000
2962000
2901000
2843000
3522000
2872000
2763000
2711000
2660000
2611000
2564000
2519000
2475000
4089000
2685000
2516000
2473000
2430000
2390000
2350000
2312000
2993000
3704000
4161000
3292000
2640000
2550000
2505000
2461000
2420000
2379000
2340000
3162000
2442000
2342000
2304000
2267000
2231000
2197000
2899000
2285000
2198000
2164000
2132000
2101000
2070000
2040000
2012000
1984000
1956000
3060000
2126000
2015000
1987000
1960000
1933000
1908000
1882000
1858000
1834000
1811000
1788000
1766000
1744000
1723000
1863000
7111000
2741000
2311000
2274000
2238000
2204000
2170000
2138000
3730000
3687000
2512000
2379000
2340000
2302000
2265000
2230000
2462000
2218000
2165000
2133000
2101000
2976000
2286000
2141000
2105000
2074000
2045000
2016000
1987000
1960000
1934000
1908000
1882000
1858000
2277000
1894000
2847000
4898000
2496000
3174000
2418000
2314000
2277000
2241000
2206000
2173000
2320000
2145000
2101000
2070000
2041000
2012000
5030000
2581000
2323000
2286000
2250000
2215000
2181000
2148000
2116000
2085000
2112000
2037000
2005000
1977000
2026000
1938000
1907000
1882000
1857000
1833000
1810000
1787000
1765000
1744000
2027000
1757000
1900000
1727000
1811000
1694000
1666000
2467000
1827000
2486000
1822000
1743000
1722000
1701000
1681000
1662000
1642000
1624000
1605000
1588000
1570000
1553000
1891000
1590000
1547000
1530000
1514000
2517000
2456000
1724000
1647000
1628000
1610000
1592000
1574000
1557000
1540000
1524000
1508000
1580000
1496000
1474000
2394000
4850000
2137000
1875000
1851000
1827000
1804000
3176000
2023000
1895000
1870000
1846000
1823000
1800000
1777000
1755000
1734000
1713000
1693000
1673000
1654000
1635000
3310000
1903000
1756000
1734000
1714000
1693000
1673000
1654000
1635000
1617000
1598000
1581000
1563000
1546000
2831000
5045000
4709000
2502000
7922000
3982000
2964000
2856000
2800000
2746000
2694000
2644000
2596000
2549000
2504000
2461000
2419000
2379000
2339000
2302000
2265000
2229000
2195000
2162000
2129000
2098000
2068000
2038000
2009000
1981000
3168000
4195000
4514000
2674000
2480000
2438000
2397000
2357000
2319000
2872000
2521000
2325000
2278000
2242000
2207000
2173000
2141000
2109000
2078000
2048000
2019000
2838000
2822000
2182000
2101000
2070000
2040000
2012000
1984000
1956000
1930000
2045000
1906000
1871000
1847000
5830000
8972000
3475000
2947000
2887000
2849000
2778000
2723000
2672000
2623000
2575000
2530000
3709000
2660000
2524000
2480000
2438000
3254000
2508000
2403000
2364000
2325000
2288000
2251000
2216000
2182000
2366000
2172000
2117000
2085000
2055000
2094000
2011000
4817000
2540000
2299000
2263000
2499000
2250000
2196000
2163000
3106000
2449000
2229000
2184000
2151000
2119000
2088000
2058000
2096000
2289000
2035000
1987000
1960000
1933000
1907000
1882000
3041000
2062000
1949000
1922000
1897000
1872000
2185000
5028000
2467000
2792000
4726000
2683000
2462000
2421000
2380000
2341000
2303000
2266000
2231000
2196000
2163000
2131000
2099000
2069000
2039000
2010000
1982000
1955000
1929000
1903000
1878000
1853000
1830000
1807000
3355000
2060000
1919000
1893000
1964000
8714000
3145000
2597000
4440000
10500000
4416000
3563000
3457000
3375000
4549000
5126000
3664000
3461000
3378000
3300000
3225000
3153000
3084000
3019000
2956000
2896000
9511000
5532000
3785000
6794000
4226000
3771000
3663000
3571000
3483000
7152000
4039000
3669000
3576000
3488000
3404000
3325000
3248000
3176000
3106000
3040000
8114000
3943000
3485000
3402000
3322000
3570000
3239000
3145000
3077000
3012000
3811000
3057000
4777000
3235000
3035000
2972000
2911000
2852000
3468000
2869000
2765000
2712000
2661000
2612000
2565000
2520000
2476000
2434000
2393000
2353000
2315000
2278000
2242000
2207000
2173000
2141000
2109000
2078000
2048000
2019000
1991000
5592000
2665000
2363000
2325000
2287000
2251000
2216000
2182000
2149000
2117000
2086000
2056000
2027000
1998000
1971000
1944000
1918000
2033000
1894000
1860000
2475000
1933000
1862000
1959000
1837000
1805000
1783000
4542000
3808000
2359000
2214000
2180000
2147000
2115000
2084000
2054000
2025000
1997000
1969000
2833000
2493000
2078000
2020000
1992000
1965000
1938000
1912000
1887000
1862000
2748000
2029000
1904000
1876000
1852000
2288000
1891000
1834000
1811000
1788000
1766000
1938000
1758000
1723000
1703000
1682000
1771000
1663000
1636000
1617000
1599000
1582000
1790000
1586000
1552000
1536000
1519000
1503000
1488000
1472000
1844000
1525000
1482000
1467000
1452000
1438000
1492000
1424000
1405000
1391000
1378000
1364000
1352000
1339000
1326000
1314000
1302000
1290000
1279000
1268000
1256000
1245000
1235000
4850000
2118000
1677000
1644000
1625000
1607000
1589000
1571000
1554000
1538000
1521000
1505000
1489000
1474000
1459000
1444000
1939000
3367000
2132000
1719000
1676000
2009000
1701000
1655000
1636000
1617000
1599000
1582000
1564000
1547000
1531000
1514000
1499000
1483000
1468000
1453000
2189000
1596000
1715000
1544000
1514000
1498000
1483000
1964000
2007000
1598000
1548000
1532000
1515000
1499000
1484000
1469000
1454000
1601000
1459000
1433000
1419000
1405000
1391000
2288000
1556000
1476000
1461000
1446000
1431000
1417000
1403000
1390000
1376000
1363000
1350000
3332000
3420000
1871000
1725000
1704000
1684000
1664000
2968000
1865000
1746000
1725000
1704000
3302000
6276000
2728000
2341000
2300000
2264000
2228000
2194000
2628000
6811000
3806000
2784000
2676000
2626000
2579000
2533000
2488000
2446000
2404000
2364000
2326000
2288000
2252000
3279000
2954000
6510000
3079000
2724000
2673000
6194000
3655000
3005000
2915000
2871000
2802000
2747000
2695000
2645000
2597000
2550000
2505000
2462000
3409000
3094000
3973000
4026000
2842000
2656000
2604000
2557000
2512000
6264000
3119000
2784000
5513000
4507000
4595000
5235000
3548000
3331000
4274000
3392000
3243000
3171000
3101000
3035000
3192000
2953000
2878000
4474000
3082000
2902000
2844000
2788000
2734000
2683000
2633000
2585000
2539000
2494000
2451000
2453000
2377000
2368000
2954000
2406000
2321000
2539000
2302000
2248000
2213000
2180000
2147000
2356000
2854000
2289000
7483000
3132000
2691000
2641000
2593000
2547000
3305000
2840000
2540000
2478000
2971000
2488000
2407000
2367000
2334000
2312000
2260000
2223000
2189000
2156000
2190000
2106000
2071000
2041000
2012000
1984000
1957000
1930000
3597000
2213000
2060000
2031000
2400000
2093000
2280000
2052000
1985000
1956000
1930000
1904000
1879000
1854000
1830000
1807000
1785000
1763000
4173000
2945000
2129000
2044000
2902000
2165000
2071000
2041000
2012000
1984000
1957000
1930000
1904000
1879000
1855000
1831000
1808000
1785000
1763000
1742000
1721000
1700000
1680000
1661000
1641000
1642000
4417000
3743000
2193000
2044000
2016000
1987000
1960000
1933000
1908000
1882000
1858000
1834000
1811000
1788000
1766000
1744000
1917000
1738000
2060000
1747000
1700000
2294000
1772000
1706000
1685000
1666000
1647000
1628000
2417000
1734000
1655000
1636000
1617000
1599000
1582000
1564000
1547000
1531000
1514000
1499000
1483000
1468000
1453000
1438000
1424000
1410000
1396000
1382000
1369000
3275000
1732000
1576000
1559000
1542000
1526000
1510000
1494000
1478000
1685000
1496000
1473000
2390000
1632000
1547000
1531000
1515000
1617000
1509000
1485000
1708000
1506000
1473000
1458000
1444000
1429000
1415000
1401000
1387000
1374000
1361000
1348000
1336000
2392000
1803000
1498000
1959000
1556000
1505000
1560000
1489000
1469000
1454000
1439000
1425000
1411000
1397000
1383000
1566000
1397000
1370000
1357000
1344000
1846000
1424000
1458000
1378000
1359000
1730000
2725000
1648000
1538000
1521000
1721000
1843000
1571000
1533000
1516000
1500000
1485000
1470000
1455000
1440000
1426000
1411000
1398000
1384000
1626000
2545000
3092000
1790000
1662000
1643000
1624000
1606000
1588000
1571000
1553000
1537000
1520000
1504000
3125000
11320000
3445000
2695000
2645000
2597000
2550000
2505000
2462000
2420000
2380000
2341000
2303000
2266000
2271000
2205000
2168000
2136000
2104000
2074000
2044000
2015000
1987000
1959000
1933000
1907000
1882000
1857000
1833000
1810000
1787000
1765000
1744000
1723000
1702000
1682000
1678000
1674000
1631000
1611000
1593000
1575000
1558000
1579000
1533000
1591000
1515000
1494000
1478000
1463000
1448000
1434000
1419000
1405000
1392000
1378000
1365000
1352000
1339000
1327000
1315000
1303000
1291000
1279000
1268000
1257000
1246000
1235000
1225000
1339000
1425000
2122000
1394000
1318000
1306000
1294000
1283000
2411000
1837000
1467000
1428000
3756000
1851000
1661000
2081000
3247000
5128000
2454000
2168000
2955000
2272000
2179000
2147000
4119000
2503000
2321000
2284000
2248000
2213000
2179000
2146000
2115000
2449000
3993000
2462000
4172000
7151000
10600000
6284000
10240000
4940000
4348000
4218000
4096000
3981000
3872000
3769000
3671000
3578000
3490000
3406000
3358000
10940000
4639000
3964000
3923000
3766000
3664000
3571000
3484000
4089000
3466000
3336000
7073000
4222000
6078000
3959000
3681000
3587000
3499000
3415000
3334000
3258000
3185000
5201000
4807000
3701000
3388000
7697000
5320000
3879000
3689000
3595000
3506000
3422000
3341000
3991000
3340000
3214000
3143000
3074000
3009000
6998000
3707000
3335000
3259000
3185000
3116000
3049000
3810000
3085000
2962000
2901000
2843000
6431000
4053000
3234000
3120000
3053000
2989000
2927000
4467000
3566000
3029000
2935000
2875000
2950000
2788000
2725000
2674000
2625000
2577000
2531000
8085000
3493000
3018000
2955000
2895000
2837000
2946000
2759000
5290000
3135000
2885000
2828000
2773000
2720000
2669000
3107000
6449000
10700000
4379000
3740000
3643000
3552000
3861000
8484000
7551000
4426000
4068000
3954000
3847000
3745000
3648000
3557000
3470000
3387000
3308000
3232000
3160000
4272000
3347000
3125000
3052000
3969000
3119000
2984000
2922000
2863000
2807000
2752000
2700000
2650000
2601000
2596000
4396000
2809000
2621000
5433000
3175000
3113000
2806000
8851000
5402000
3689000
3493000
3532000
3355000
3269000
4779000
3609000
3293000
3208000
3137000
3069000
3004000
2942000
2882000
3557000
2909000
2799000
3148000
2768000
2687000
2773000
3988000
7253000
8838000
12110000
7085000
5027000
4904000
5885000
4594000
4354000
4880000
4999000
6546000
4470000
4172000
7357000
4561000
4191000
4424000
6e+06
4466000
4030000
3904000
4352000
5556000
3973000
3742000
3645000
3554000
3467000
3384000
3305000
3230000
3158000
3089000
5862000
5807000
4293000
4886000
10900000
5789000
4382000
4186000
4066000
3952000
3845000
6219000
9995000
5913000
4539000
8384000
4996000
4922000
4482000
4319000
4191000
4070000
3956000
3849000
3747000
3650000
3559000
3471000
3388000
3309000
3234000
3162000
3093000
3027000
2964000
2903000
2845000
2789000
2735000
2684000
2634000
2586000
2540000
2495000
2452000
2411000
4950000
2797000
2560000
4865000
3781000
2838000
2720000
2669000
2619000
2572000
2526000
2482000
2440000
2399000
2359000
5798000
2923000
2619000
2571000
2526000
2482000
2439000
2398000
2358000
2320000
2283000
2524000
2270000
2215000
2182000
2149000
2117000
2086000
2056000
2026000
1998000
1970000
1943000
1917000
1892000
2286000
2010000
1884000
1853000
1829000
1806000
1784000
1762000
1740000
1719000
1699000
1679000
1659000
1640000
1621000
1603000
1663000
3771000
1951000
1767000
1745000
1724000
1703000
1683000
1664000
5239000
7817000
3066000
2615000
2568000
2522000
2478000
2436000
2410000
3130000
5790000
4683000
3272000
7065000
5419000
3621000
3409000
3329000
3253000
5899000
3676000
3398000
3319000
3243000
3170000
3101000
3571000
14660000
5180000
4207000
4086000
3971000
3863000
7931000
4420000
3998000
3888000
3784000
3685000
3592000
3503000
4289000
3523000
3378000
3300000
4444000
7126000
6547000
4065000
6656000
4193000
3871000
3768000
3671000
3578000
3490000
3406000
3326000
3250000
3177000
3108000
3041000
2977000
2916000
2943000
2817000
2756000
2704000
2653000
3191000
2664000
5172000
3006000
2761000
2708000
2658000
2609000
2981000
3262000
4696000
2918000
2978000
2712000
2642000
2594000
3590000
2690000
4228000
2823000
2650000
2602000
2571000
2513000
2468000
2426000
2385000
2346000
2308000
2271000
2235000
2201000
2575000
2220000
2157000
2125000
2094000
2063000
2034000
2005000
1978000
2912000
5136000
3171000
2462000
2381000
2341000
2304000
2267000
2231000
2197000
2164000
2131000
2100000
2628000
2300000
2112000
2071000
2041000
2012000
1984000
1957000
1930000
7214000
6946000
3229000
2874000
2817000
2762000
2709000
2659000
5325000
3218000
2840000
2774000
4814000
3128000
2866000
2805000
2750000
2698000
2648000
2599000
2553000
2508000
2464000
2422000
2382000
2343000
2305000
2268000
2232000
2198000
2164000
2132000
2101000
2221000
2072000
2031000
2002000
1974000
6935000
2891000
2484000
2442000
2947000
2457000
2376000
2337000
2299000
2262000
2227000
2193000
2290000
2154000
2113000
2178000
2356000
2092000
2042000
2013000
1985000
1958000
1931000
1906000
3406000
2154000
2014000
2458000
2463000
2907000
2269000
2108000
2071000
2042000
2013000
1985000
1958000
1931000
1905000
1880000
1856000
2682000
1970000
1883000
1858000
3826000
3174000
3375000
2362000
2244000
2209000
2175000
2142000
2111000
2080000
2050000
2021000
1992000
1965000
1938000
1912000
1887000
1862000
1838000
1815000
4119000
5166000
2615000
2363000
2325000
2287000
2251000
2216000
2182000
2149000
2117000
2086000
2056000
2027000
1998000
1971000
2087000
1946000
1909000
1884000
1859000
2983000
5247000
2580000
2311000
2275000
2239000
2204000
2171000
2138000
2106000
2076000
2046000
2017000
1989000
1961000
1935000
1909000
1884000
1859000
1835000
1812000
1789000
3012000
1979000
1863000
1839000
1815000
1793000
1770000
1749000
1727000
1707000
1687000
1667000
1648000
2693000
1801000
1730000
1687000
1665000
1646000
1627000
1608000
1591000
1573000
1556000
1539000
1523000
1507000
1491000
1475000
1460000
1446000
1431000
1417000
1403000
2026000
1510000
1449000
1441000
1422000
1407000
1843000
1787000
2290000
3294000
3337000
7223000
2866000
2442000
2401000
2361000
2322000
2285000
2249000
2214000
2180000
2147000
2115000
2084000
2054000
2025000
1997000
1969000
1942000
1916000
1891000
1866000
1842000
1818000
1795000
1773000
1751000
1730000
1709000
1689000
1669000
1650000
1631000
1613000
4844000
2689000
2009000
1945000
1919000
1893000
1868000
6377000
2721000
2485000
2344000
2297000
2260000
2225000
2191000
2158000
2125000
2094000
2064000
2508000
3089000
2238000
2135000
2103000
2073000
2043000
2014000
1986000
1959000
1953000
1961000
1893000
1865000
1841000
1817000
1795000
3459000
6096000
3407000
2593000
2430000
2894000
3219000
2498000
2399000
2359000
2321000
4100000
9623000
4699000
3364000
3221000
3150000
3081000
3016000
2953000
3234000
3156000
2963000
2811000
2750000
2697000
2647000
2599000
2552000
2507000
2464000
2472000
4914000
2799000
2565000
2520000
2476000
2433000
2393000
2353000
2315000
6198000
2972000
2634000
2586000
2540000
2496000
2453000
2411000
2553000
2372000
2320000
2283000
2247000
2212000
2178000
4301000
2553000
2358000
2320000
2282000
3040000
2447000
2891000
2423000
3816000
2562000
2411000
2371000
2332000
2294000
2421000
2840000
2447000
2281000
2237000
2203000
2169000
2137000
2105000
2074000
2893000
2498000
2159000
2105000
2074000
2044000
3139000
2214000
2101000
2206000
2068000
2029000
2001000
1973000
1946000
1920000
2121000
1913000
1872000
1847000
2034000
2271000
1883000
1827000
4030000
2212000
2021000
1992000
1965000
1938000
1912000
3697000
2218000
2835000
2286000
2390000
2708000
6636000
4173000
2821000
2681000
2632000
2711000
2858000
2559000
2493000
2450000
2408000
2368000
2330000
2292000
2256000
2221000
2186000
2153000
2121000
2386000
2120000
2068000
2039000
2010000
1982000
1955000
1928000
1902000
1877000
2581000
1968000
1890000
1865000
1841000
1817000
1794000
2522000
3454000
2113000
2039000
1958000
1926000
1901000
2197000
2324000
2814000
2058000
1967000
1940000
1914000
3270000
2134000
2005000
2518000
2057000
1989000
1962000
1935000
1909000
1884000
2004000
1863000
1829000
1805000
1783000
1761000
1739000
1718000
1698000
1845000
1688000
1656000
1637000
2561000
3345000
2972000
3244000
2165000
2046000
2018000
1989000
1962000
1935000
1909000
1884000
1860000
3193000
2073000
1947000
1921000
1895000
1870000
1846000
1822000
1799000
1777000
1794000
1741000
1717000
1697000
1677000
3292000
1936000
1793000
1771000
1749000
1728000
1707000
1687000
1667000
1648000
1629000
1611000
4052000
2020000
1815000
1792000
1877000
1768000
1739000
3410000
3619000
2793000
2157000
2082000
3057000
2630000
2206000
2144000
2112000
2082000
2052000
2022000
1994000
1967000
1940000
1914000
1888000
1864000
1840000
1816000
1793000
1771000
3092000
1979000
1856000
1832000
1809000
1786000
1764000
1743000
1722000
1701000
1681000
1661000
1642000
1624000
1605000
3444000
3763000
2119000
1937000
3540000
2517000
2172000
3150000
4131000
12480000
4338000
3457000
3369000
3290000
3216000
3357000
4264000
3267000
3115000
3048000
2984000
2923000
2864000
2807000
2753000
2700000
2650000
2602000
2555000
2510000
2466000
2424000
2982000
5107000
3405000
2935000
2653000
4153000
8956000
7999000
4145000
3773000
7997000
7467000
4487000
8944000
6868000
4831000
4541000
4400000
4267000
4142000
4024000
3913000
3807000
15290000
5848000
4836000
4676000
4526000
4386000
4254000
4129000
4012000
3901000
3797000
4121000
5363000
12100000
5326000
4458000
4311000
4184000
4064000
3950000
3843000
3741000
3645000
3554000
3467000
3384000
4151000
3405000
5356000
4072000
4033000
3495000
3374000
4836000
4332000
11230000
9504000
8453000
5255000
7246000
12860000
6417000
12020000
