2443000
1566000
1363000
1298000
1260000
1224000
1190000
1157000
1127000
1098000
1071000
1045000
1020000
996200
973700
952100
28760000
8821000
2084000
943900
1915000
10950000
2645000
7610000
39320000
7693000
1666000
752300
739400
7716000
2625000
988500
5653000
2500000
5683000
33890000
25870000
4905000
1095000
622100
3906000
1201000
675700
13920000
2993000
6082000
1504000
682800
550700
543700
537000
530400
4139000
1172000
598700
505500
499700
494000
488400
482900
477600
9257000
2057000
674000
457400
452600
447900
443300
438800
5330000
9928000
11470000
5773000
1268000
496800
409700
405900
402100
398400
394800
6076000
1416000
521300
380900
377500
374300
371100
6129000
1407000
500600
358800
355800
352900
350100
347200
344500
341800
339100
8034000
1727000
516800
328800
326300
323900
321500
319100
316800
314500
312200
310000
307800
305600
303400
301300
45030000
8390000
1373000
293200
291200
289300
287300
285400
12390000
11590000
2222000
498000
276300
274600
272900
271200
767900
358000
278200
264500
262900
6586000
1907000
501700
268800
255200
253700
252200
250800
249300
247900
246500
245100
243700
2442000
639000
8576000
25900000
4808000
8469000
1619000
417600
232000
230700
229500
228300
1457000
448500
254400
223600
222400
221300
23660000
4461000
783000
216900
215800
214700
213700
212600
211600
210600
209500
208500
207500
206500
205600
204600
203600
202700
201700
200800
199900
199000
198100
197200
976400
336500
899900
317900
462900
237800
197200
5715000
1628000
6944000
1382000
344700
186200
185400
184600
183800
183000
182200
181500
180700
180000
179200
2795000
651300
240100
176300
175600
9358000
8332000
1570000
329400
172100
171400
170800
170100
169400
168800
168100
167500
403200
209000
171200
10050000
28810000
5261000
810300
162400
161800
161200
10170000
1970000
400600
158900
158300
157700
157200
156600
156000
155500
154900
154400
153800
153300
152700
12580000
2401000
450700
150600
150100
149600
149100
148500
148000
147500
147000
146500
146000
145600
10890000
29620000
26490000
4626000
35140000
10320000
1686000
236700
141300
140800
140400
139900
139500
139000
138600
138100
137700
137300
136800
136400
136000
135600
135100
134700
134300
133900
133500
133100
132700
132300
8667000
19020000
16380000
2884000
441400
129900
129500
129100
128700
4214000
2112000
451200
157200
126800
126500
126100
125700
125400
125000
124700
124300
6142000
6980000
1312000
261900
122500
122200
121900
121500
121200
120800
817800
246300
136600
119500
34020000
44530000
7861000
1041000
117900
117600
117300
116900
116600
116300
116000
115700
6865000
1336000
277500
114500
114200
5091000
1014000
233300
113000
112700
112400
112100
111800
111500
1712000
484400
164400
112400
110100
660300
209200
24130000
4454000
687500
108500
2238000
493300
159000
107400
8196000
2802000
524400
136100
106100
105900
105600
105300
660100
2502000
533600
159700
104100
103800
103600
103300
9617000
1824000
331900
102400
102100
101900
2632000
26800000
4910000
5605000
17590000
3223000
500500
1e+05
99810
99580
99360
99130
98900
98680
98460
98230
98010
97790
97570
97350
97130
96920
96700
96490
96270
96060
95850
95640
12110000
2269000
384600
94810
509800
49970000
9116000
1294000
10960000
44690000
9626000
1403000
130600
92830
6742000
10840000
1980000
322200
91860
91670
91470
91280
91090
90900
90710
90520
35570000
13040000
2127000
14380000
3244000
538000
103600
89070
88890
17370000
3216000
505000
88180
88000
87820
87640
87470
87290
87120
86940
27480000
5043000
746600
86270
86100
508800
162300
95780
85420
85250
3852000
766500
10300000
1917000
328500
84270
84110
83950
2941000
600700
152300
83300
83150
82990
82830
82670
82510
82360
82200
82050
81890
81740
81580
81430
81280
81130
80970
80820
80670
80520
80370
27300000
5006000
736100
79810
79660
79520
79370
79230
79080
78940
78790
78650
78510
78370
78230
78090
77950
588300
170000
89840
3909000
770500
169500
77000
76870
76730
76600
21790000
16800000
2915000
384600
75990
75860
75730
75600
75470
75330
75200
75070
5892000
4466000
819100
155100
74490
74360
74230
74100
73980
73850
6277000
1537000
284800
81620
73270
2834000
572500
139500
72800
72670
72550
72430
72310
72190
72070
71950
71830
71710
71600
71480
71360
71240
287000
110100
76100
70780
70660
70550
70440
70320
3249000
645400
146600
69890
69780
69670
69560
69440
69330
69220
69110
69000
68890
68780
68680
68570
68460
68350
68240
68140
68030
67920
67820
39060000
8720000
1296000
106000
67370
67260
67160
67050
66950
66850
66750
66640
66540
66440
66340
66240
5290000
18470000
5960000
958900
128700
2473000
501200
123600
65470
65370
65270
65180
65080
64980
64880
64790
64690
64590
64500
64400
7696000
1573000
2713000
509000
122900
63900
63810
5185000
5753000
1049000
178300
63410
63310
63220
63130
63040
62950
864200
207800
82000
62590
62500
62410
10660000
1979000
317600
62120
62030
61940
61850
61760
61680
61590
61500
61420
22180000
18140000
3142000
400500
61130
61040
60960
10730000
1991000
317900
60690
60600
13290000
37730000
7145000
980000
69580
60250
60170
60090
3770000
30890000
10120000
1604000
168600
59720
59640
59560
59480
59400
59320
59230
59150
59070
58990
8252000
5829000
25340000
4560000
644600
58670
20720000
6151000
982300
115200
117100
68920
59630
58140
58060
57990
57910
57830
57750
5175000
4115000
9078000
9270000
1917000
291700
64080
57290
57220
21830000
3997000
581900
16150000
10470000
9858000
12760000
2253000
323500
5874000
1109000
196900
56600
56530
56450
781000
187400
73710
9492000
1764000
283500
56000
55930
55860
55790
55720
55650
55570
55500
55430
55360
55290
55220
5247000
994600
180200
2040000
414000
102700
54770
54700
54640
1430000
6300000
1639000
35350000
6410000
899500
54300
54230
54160
3979000
2143000
398100
87160
2938000
575700
123300
53690
53620
53550
53490
53420
53360
53290
53230
53160
53100
53030
52970
52900
52840
52770
12670000
2335000
356700
52610
2619000
839200
2449000
664900
142100
56970
52260
52200
52140
52070
52010
51950
51890
51830
18700000
9744000
1644000
204000
6933000
1297000
217500
51610
51550
51490
51430
51370
51300
51240
51180
51120
51060
51000
50940
50880
50820
50770
50710
50650
50590
50530
22480000
17710000
3053000
378500
50510
50460
50400
50340
50280
50220
50160
50110
50050
49990
49930
49880
205600
77950
2100000
420000
98980
4371000
831600
153700
49520
49460
49400
49350
5342000
1007000
176800
49220
49170
49110
49060
49000
48950
48890
48840
48780
48730
48670
48620
48560
48510
48460
48400
48350
48290
20190000
3693000
533800
48270
48210
48160
48100
48050
48000
1613000
331100
177300
10930000
2016000
309800
47820
47770
495700
128700
58420
1845000
372900
90850
47460
47410
47360
47300
47250
47200
47150
47100
47050
47000
11880000
5485000
928800
6054000
1120000
189900
284600
89960
52650
46880
46830
46780
46720
46670
46620
997000
218500
69410
46450
46400
5014000
945300
676600
138700
58590
4064000
16720000
3029000
430800
46330
1515000
3936000
737400
133600
46220
46170
46120
46070
46020
45970
45920
45870
45830
45780
1467000
14530000
15350000
2685000
351800
45890
45840
45800
45750
45700
45650
45600
45560
45510
13930000
72050000
12960000
1721000
45690
45640
45600
45550
45500
45450
45410
45360
45310
45260
45220
45170
45120
45080
45030
44980
44940
44890
44840
44800
44750
44700
44660
44610
44570
44520
44480
44430
44380
44340
44290
44250
44200
44160
44110
44070
44020
43980
43940
43890
43850
673100
157600
58900
43690
43640
43600
43550
43510
43470
43420
43380
43340
43290
43250
43210
43160
43120
43080
43040
42990
42950
42910
42870
42820
451500
2519000
11230000
2045000
301900
42840
42800
42760
13820000
6752000
1138000
144500
23600000
4305000
610800
3521000
13410000
28930000
5370000
722800
6752000
1256000
205000
43370
16390000
3001000
437400
43420
43380
43330
43290
43250
43200
2674000
15920000
2893000
1.3e+07
28480000
43320000
15770000
28300000
4919000
667300
44160
44110
44070
44020
43980
43930
43890
43850
43800
43760
35630000
6483000
901600
157700
64410
46500
43710
43660
3825000
727800
134800
19790000
4767000
11430000
2009000
301900
43820
43770
43730
43690
43640
43600
11500000
9684000
2676000
404800
21930000
9094000
1493000
166800
43970
43930
43880
43840
3540000
676400
128100
43740
43700
43660
22650000
4135000
588700
43730
43690
43640
43600
3563000
680500
128400
43510
43460
20390000
7180000
1159000
126900
43570
43530
43480
8139000
4040000
696800
104600
43510
218400
75080
47600
43340
43300
43250
43210
30990000
5644000
789400
43300
43260
43210
43170
43130
14790000
2711000
398700
43180
43130
43090
43050
1436000
22080000
41640000
7375000
950100
43340
43300
1508000
23310000
17690000
3031000
367700
43540
43490
43450
43410
43360
43320
43280
43240
43190
43150
5489000
1505000
260600
54600
4619000
871000
153400
43050
43010
42970
42930
42880
42840
42800
42760
10060000
1856000
284400
15370000
3486000
2236000
367200
35340000
14480000
2351000
237500
43190
43140
43100
7658000
2319000
389200
64770
43090
43040
43000
42960
42920
2486000
484900
101700
2017000
399900
90340
269400
7878000
27070000
31730000
38620000
14580000
3113000
1739000
6055000
1116000
182100
2038000
3569000
10330000
1868000
276600
12940000
2377000
354600
650000
8289000
2412000
399400
65040
1175000
7452000
1375000
217400
43770
43720
43680
43640
43590
43550
43500
43460
14740000
15370000
5933000
7158000
31450000
9461000
1460000
135700
44050
44010
43960
9667000
26330000
8808000
1376000
16940000
3084000
1762000
281900
75970
44300
44250
44210
44160
44120
44070
44030
43980
43940
43890
43850
43800
43760
43720
43670
43630
43580
43540
43500
43450
43410
43370
43320
43280
43240
43190
13610000
2499000
370400
13150000
7426000
1266000
164200
43390
43350
43310
43260
43220
43180
43130
43090
19710000
3602000
517300
43160
43120
43080
43030
42990
42950
42910
42860
1029000
221300
66530
42720
42680
42640
42590
42550
42510
42470
42430
42390
42340
42300
2448000
1187000
228700
59320
42170
42130
42090
42050
42010
41970
41920
41880
41840
41800
41760
41720
41680
17690000
3235000
467100
41770
41730
41690
41650
41610
29500000
43550000
7660000
962200
41970
41930
41890
41850
41810
5022000
20030000
13410000
3865000
24750000
14730000
2484000
290200
42530
42490
15470000
2833000
414300
42550
42510
42470
42430
2839000
55400000
10030000
1365000
42560
42520
42480
17090000
3128000
453500
42550
42500
42460
42420
42380
4808000
904700
157200
42320
6817000
20110000
14240000
2419000
12180000
2192000
329200
42810
42770
42730
42680
42640
42600
42560
42520
42470
42430
42390
42350
42310
42270
42230
42190
42150
2777000
537000
1.5e+07
2737000
401200
42190
42150
42110
1928000
4188000
12560000
2266000
1821000
312700
78230
42170
5791000
1083000
9619000
1750000
269800
42260
42220
42180
42130
42090
42050
42010
41970
41930
41890
41850
2661000
515700
104900
41750
41710
41670
41630
41590
41550
7230000
24910000
7580000
1171000
116600
41810
41770
41730
41690
41650
41610
41570
41540
3330000
1837000
338100
70420
41440
41400
41360
41320
41280
38060000
30120000
5155000
600800
41640
41600
41560
41520
14100000
3442000
535600
62260
11730000
2513000
387900
50290
41650
41610
41570
41530
41490
41450
41410
41370
41330
41290
41250
41210
41180
41140
41100
41060
41020
40980
40940
40900
40870
40830
35380000
6436000
892900
40970
2640000
511200
103500
40870
40830
40790
40750
40720
40680
40640
40600
40560
2223000
435400
93100
40460
40420
40390
40350
40310
11270000
2073000
311200
2990000
3924000
7536000
2071000
334400
57760
40470
40430
40400
40360
40320
40280
40250
40210
5343000
999800
168000
40180
15320000
10770000
11260000
1934000
267300
40580
40550
40510
40470
40430
40400
40360
40320
40280
40250
40210
40170
40130
40100
40060
17750000
26270000
4634000
595500
40420
40380
40340
40310
40270
40230
40200
40160
40120
40080
40050
40010
39970
39940
39900
39860
39830
8107000
28030000
5036000
679700
40120
40080
40040
40000
39970
39930
39890
39860
39820
39790
39750
39710
39680
39640
39600
39570
39530
39500
8463000
1564000
242600
39530
39500
39460
39430
39390
39350
39320
39280
39250
39210
7737000
1437000
462200
82160
44910
39170
39130
39100
39060
39030
38990
38960
38920
38890
38850
38820
38780
38750
38710
38680
38650
6472000
1203000
193800
38640
38610
38570
5182000
4776000
9832000
15490000
14990000
42560000
7567000
1003000
39460
39420
39380
39350
39310
39280
39240
39210
39170
39140
39100
39060
39030
38990
38960
38920
38890
38860
38820
38790
38750
38720
38680
38650
38610
38580
38550
38510
38480
38440
25450000
8835000
1411000
139900
38670
38630
38600
3.6e+07
6546000
1960000
229600
64190
38730
38700
38660
38630
38590
38560
38530
3243000
8683000
1575000
233000
38590
38560
38520
38490
38450
38420
38390
181600
64230
41740
38250
38220
38190
13810000
33770000
9919000
1977000
219500
3263000
5099000
926600
146700
38680
38640
12270000
42790000
13030000
1986000
168300
39120
39080
39050
39010
1555000
1765000
877800
171600
51920
38880
38840
38810
38770
38740
38700
38670
14460000
2648000
386400
38790
38760
38720
38690
38660
38620
23950000
4365000
615000
38780
38750
38710
38680
38650
844700
184500
57990
38530
38490
38460
38420
16020000
2931000
423800
38560
38520
6234000
1699000
5093000
1209000
10180000
1850000
279100
38700
38670
38640
1129000
4989000
1841000
319000
60690
38570
38540
38500
38470
38440
6152000
3683000
645200
99660
38450
38410
8449000
1560000
241200
900300
194400
59170
38370
38330
38300
38270
1095000
229500
63670
38150
1306000
3786000
705400
122900
17730000
3240000
464800
38260
38230
38200
38160
13910000
2548000
6718000
2013000
2552000
5125000
30510000
12310000
1984000
203000
38800
38770
1551000
312300
75140
38660
38630
38590
38560
38530
38490
38460
38420
38390
38360
730000
163500
54940
38240
38200
38170
38130
38100
38070
38030
4434000
833500
144000
37990
37960
37930
37890
4466000
13660000
2465000
361300
40640
38390
38010
1412000
3646000
7785000
1405000
209400
38060
38020
10320000
1898000
285900
3557000
674800
122900
38080
38040
38010
37980
37940
37910
37880
37840
37810
37780
37750
37710
37680
796600
175000
55890
37560
6861000
14130000
10710000
11800000
2040000
278500
38110
38080
38040
38010
37980
37950
37910
9379000
1728000
263200
37970
37940
37910
37870
37840
37810
37770
37740
37710
37680
37640
37610
12260000
2249000
332400
37730
37700
37660
37630
37600
37570
37530
37500
37470
18710000
3416000
487700
37630
37600
37560
37530
13040000
15570000
7749000
1263000
158800
7311000
4639000
807700
117300
38050
38020
37980
37950
37920
37890
37850
37820
37790
37750
37720
37690
37660
37620
9992000
1839000
277700
37700
37660
37630
37600
37570
37530
37500
37470
37440
37400
37370
37340
13730000
17800000
3326000
441100
13400000
4990000
1233000
8915000
15860000
59050000
11070000
1486000
50860
38530
38500
375600
6593000
1222000
195000
38470
38430
38400
38370
38330
38300
38260
38230
38200
38160
38130
38100
38060
2162000
15580000
6025000
2316000
356800
8911000
36960000
25930000
4436000
682700
18270000
16230000
2812000
20240000
11520000
1946000
229700
39610
39570
39540
39500
39470
39430
48260000
8764000
1202000
39600
39560
39530
39490
39450
39420
39380
39350
1065000
7260000
35590000
7027000
977500
54580
39590
39550
39520
39480
39450
39410
39370
39340
39300
4179000
788400
12030000
4687000
3833000
652500
113200
8740000
6089000
35040000
25660000
18400000
3047000
10210000
29010000
5536000
20960000
