945000
936800
925000
912000
898400
883500
868400
853400
838500
823500
808300
793500
779000
765000
751400
738300
725900
1033000
1202000
1253000
1270000
1325000
1511000
1567000
1713000
3207000
3667000
3651000
3574000
3608000
3741000
3681000
3543000
3622000
3637000
3656000
5510000
7728000
7603000
6975000
6591000
6436000
5901000
5396000
5782000
5738000
5657000
5278000
4955000
4554000
4200000
3870000
3606000
3497000
3307000
3115000
2923000
2753000
2591000
2440000
2308000
2193000
2291000
2266000
2192000
2114000
2056000
1978000
1901000
1830000
1860000
2034000
2310000
2468000
2479000
2448000
2406000
2339000
2259000
2188000
2124000
2181000
2150000
2081000
2007000
1943000
1868000
1795000
1838000
1822000
1778000
1725000
1684000
1631000
1577000
1526000
1482000
1440000
1395000
1465000
1469000
1442000
1411000
1390000
1356000
1321000
1287000
1258000
1231000
1199000
1168000
1139000
1109000
1080000
1055000
1992000
2321000
2371000
2367000
2437000
2385000
2308000
2242000
2521000
2911000
2949000
2881000
2823000
2741000
2619000
2501000
2404000
2323000
2232000
2132000
2039000
2074000
2045000
1980000
1911000
1856000
1792000
1727000
1667000
1614000
1565000
1513000
1463000
1416000
1395000
1361000
1456000
2062000
2260000
2525000
2600000
2631000
2570000
2517000
2441000
2378000
2343000
2268000
2191000
2101000
2010000
1924000
2438000
2575000
2543000
2483000
2473000
2390000
2296000
2212000
2148000
2092000
2006000
1926000
1850000
1770000
1697000
1629000
1568000
1510000
1457000
1408000
1362000
1319000
1278000
1241000
1208000
1175000
1150000
1122000
1096000
1070000
1045000
1082000
1090000
1165000
1185000
1185000
1173000
1165000
1146000
1126000
1108000
1089000
1071000
1048000
1024000
1002000
1002000
990000
972200
953800
938100
1020000
1133000
1166000
1169000
1174000
1172000
1155000
1136000
1120000
1107000
1089000
1066000
1043000
1020000
995700
1089000
1646000
1843000
1881000
1896000
1936000
1905000
2085000
2129000
2123000
2099000
2065000
2003000
1934000
1862000
1801000
1745000
1680000
1620000
1563000
1506000
1454000
1610000
1645000
1625000
1594000
1581000
1543000
1501000
1462000
1430000
1400000
1360000
1322000
1285000
1247000
1366000
2081000
3267000
3586000
6323000
7123000
6814000
6285000
6093000
5661000
5229000
4870000
4594000
4367000
4002000
3668000
3381000
3096000
2857000
2658000
2488000
2340000
2210000
2094000
1991000
1898000
1814000
1737000
1667000
1602000
1686000
2114000
2686000
2822000
2813000
2797000
2762000
2662000
2563000
2591000
2597000
2532000
2431000
2342000
2240000
2134000
2037000
1952000
1875000
1799000
1727000
1766000
1864000
1861000
1821000
1786000
1749000
1697000
1645000
1599000
1559000
1525000
1481000
1437000
1394000
2163000
4737000
5258000
5067000
4900000
4879000
4555000
4235000
4008000
3875000
3722000
3458000
3444000
3298000
3083000
2891000
2744000
2726000
2632000
2515000
2408000
2323000
2217000
2117000
2026000
1942000
1896000
1832000
1764000
1699000
1639000
1589000
1537000
2019000
2170000
2170000
2139000
2202000
2166000
2102000
2042000
2193000
2252000
2207000
2146000
2101000
2030000
1952000
1879000
1827000
1817000
1771000
1715000
1659000
1607000
1552000
1500000
1615000
1635000
1611000
1577000
1557000
1518000
1517000
2128000
2330000
2504000
3205000
3436000
3375000
3280000
3233000
3118000
2998000
2863000
2758000
2652000
2508000
2379000
2257000
2136000
2029000
1932000
1844000
1765000
1692000
1625000
1564000
1507000
1454000
1405000
1554000
1589000
1570000
1542000
1542000
3291000
3794000
3776000
4316000
9035000
9303000
8299000
7539000
7374000
7111000
7162000
6776000
6390000
6028000
5480000
4962000
4508000
4085000
3770000
3490000
3227000
4642000
5332000
5203000
5886000
5997000
5653000
5226000
4955000
4659000
5272000
5197000
4906000
4618000
4362000
4034000
3730000
3462000
3255000
3078000
2879000
3731000
3889000
3746000
3575000
3508000
3325000
3136000
2974000
2855000
2751000
2691000
2589000
2754000
2725000
2634000
2527000
2450000
2346000
2306000
2238000
2162000
2089000
2011000
1930000
1852000
1776000
1708000
1645000
1584000
1527000
1474000
1423000
1376000
1332000
1291000
1252000
1216000
1182000
1149000
1119000
1090000
1511000
1661000
1685000
1682000
1713000
1687000
1648000
1613000
1589000
1568000
1523000
1479000
1436000
1388000
1344000
1302000
1262000
1228000
1195000
1162000
1175000
1164000
1142000
1118000
1099000
1076000
1052000
1352000
1758000
1886000
1906000
1933000
1941000
1900000
1854000
1819000
1793000
1752000
1696000
1739000
1785000
1762000
1719000
1682000
1641000
1592000
1543000
1501000
1462000
1515000
1515000
1487000
1453000
1426000
1427000
1404000
1372000
1342000
1318000
1284000
1251000
1219000
1188000
1158000
1128000
1099000
1072000
1045000
1020000
995900
972900
950900
930000
909900
890700
872300
854700
837700
821500
830100
825500
814700
802900
793300
781100
768500
756400
745100
734300
722400
710900
699600
688300
677300
666600
656300
646300
636600
627200
618100
609200
600900
1042000
1249000
1312000
1339000
1396000
1398000
1382000
1366000
1360000
1357000
1329000
1299000
1268000
1231000
1196000
1163000
1194000
1491000
1646000
1677000
1680000
1740000
1736000
1703000
1670000
1650000
1623000
1579000
1534000
1490000
1443000
1396000
1352000
1310000
1271000
1233000
1298000
1307000
1326000
1317000
1307000
1283000
1260000
1303000
1384000
1400000
1386000
1374000
1357000
1327000
1297000
1268000
1243000
1222000
1194000
1166000
1136000
1108000
1080000
1190000
1220000
1214000
1201000
1198000
1178000
1154000
1132000
1114000
1096000
1072000
1049000
1356000
1800000
1939000
1961000
1988000
1999000
1957000
2169000
2227000
2220000
2182000
2148000
2439000
4274000
4704000
4581000
4427000
4392000
4137000
3870000
3809000
5467000
6088000
5823000
5456000
5261000
4884000
4485000
4161000
3934000
3744000
3482000
3237000
3018000
2801000
2835000
2888000
3877000
4066000
3960000
3810000
4854000
5089000
4879000
4626000
4514000
4289000
3987000
3729000
3526000
3339000
3114000
2911000
2730000
2683000
2662000
2822000
3070000
3084000
2997000
2908000
2816000
2699000
3379000
3527000
3455000
4092000
4678000
5128000
5799000
5764000
5476000
5520000
5314000
4964000
4651000
4382000
4108000
3855000
3571000
3326000
3415000
3298000
3120000
2949000
2818000
2667000
2524000
2397000
2291000
2195000
2091000
1996000
1908000
1823000
1745000
1766000
1737000
1686000
1670000
1643000
1597000
1549000
1507000
1466000
1445000
1509000
1522000
2504000
2817000
2842000
2801000
2839000
2751000
2757000
2746000
2700000
2644000
2619000
2540000
2436000
2321000
2226000
2132000
2038000
1950000
1871000
1797000
1724000
1656000
1594000
1535000
1480000
1429000
1381000
1337000
1494000
1534000
1520000
1496000
1529000
1519000
1529000
1516000
1499000
1476000
1444000
1408000
1372000
1335000
1299000
1265000
1230000
1196000
1456000
1678000
1734000
1733000
1901000
1945000
1919000
1883000
1867000
1837000
1788000
1735000
1687000
1636000
1578000
1524000
1473000
1422000
1375000
1331000
1290000
1251000
1215000
1181000
1149000
1118000
1446000
1904000
2043000
2060000
2085000
2091000
2042000
1988000
1946000
1916000
1869000
1805000
1744000
1679000
1613000
1553000
1496000
1444000
1423000
1389000
1350000
1375000
1366000
1339000
1308000
1284000
1255000
1225000
1263000
1264000
1247000
1223000
1205000
1179000
1151000
1125000
1101000
1079000
1054000
1030000
1006000
982900
960500
939100
918600
899100
880300
862400
845300
1064000
1146000
1162000
1164000
1184000
1174000
1156000
1140000
1129000
1134000
1117000
1098000
1226000
1263000
1258000
1245000
1243000
1225000
1202000
1179000
1180000
1170000
1147000
1123000
1101000
1075000
1050000
1026000
1003000
981600
959800
938900
918900
1031000
1113000
1132000
1219000
1261000
1264000
1254000
1248000
1235000
1220000
1199000
1177000
1156000
1128000
1101000
1081000
1056000
1032000
1008000
985700
1016000
1017000
1009000
995600
985800
1014000
1251000
1336000
1352000
1358000
1392000
1445000
1447000
1433000
1422000
1411000
1380000
1348000
1315000
1282000
1250000
1216000
1183000
1152000
1132000
1319000
1642000
1743000
1757000
1769000
1774000
1740000
1699000
1667000
1642000
1608000
1560000
1514000
1745000
6357000
7064000
6552000
6089000
6125000
5592000
5083000
4729000
4554000
4397000
4006000
3698000
3420000
3117000
2874000
2672000
2500000
2350000
2219000
2103000
1999000
1905000
1820000
1743000
1672000
1607000
1546000
1491000
1439000
1391000
1346000
1304000
1264000
1227000
1192000
1159000
1128000
1099000
1071000
1044000
1019000
994800
971800
949900
932600
914100
895500
877400
860400
843600
827300
811700
796700
782300
768200
754600
741400
728700
716400
704500
692900
681800
671000
660600
650400
640600
631100
621900
613400
621800
710000
743000
750800
754500
762500
758600
896400
1007000
1047000
1062000
1507000
1675000
1708000
1792000
2216000
3534000
3875000
3837000
4115000
4206000
4016000
3809000
4448000
4519000
4350000
4104000
3959000
3727000
3466000
3247000
3073000
2992000
3382000
3407000
3846000
5759000
11530000
12350000
15480000
13650000
11980000
10330000
9429000
8231000
7481000
6909000
6250000
5674000
4919000
4323000
3865000
5280000
5437000
5116000
4787000
4666000
4341000
4019000
3761000
3718000
3611000
3382000
3982000
4109000
4490000
4429000
4292000
4061000
3879000
3648000
3451000
3287000
3110000
3327000
3582000
3563000
3425000
4370000
4845000
4727000
4483000
4359000
4158000
3898000
3657000
3590000
3469000
3267000
3067000
2897000
2717000
3334000
3443000
3339000
3209000
3149000
3e+06
2845000
2803000
2732000
2645000
2518000
2412000
2929000
3163000
3129000
3032000
2988000
2877000
2743000
2861000
2931000
2888000
2780000
2688000
2580000
2453000
2335000
2235000
2147000
2053000
1965000
2807000
3039000
3004000
2926000
2928000
2817000
2690000
2581000
2966000
3054000
2960000
2850000
2783000
2651000
2519000
2429000
3090000
5959000
6362000
5983000
5659000
5552000
5186000
6333000
7586000
7438000
6931000
6472000
6031000
5460000
4945000
4581000
4310000
3997000
3664000
3382000
3115000
3020000
2884000
2725000
2577000
2574000
2493000
2385000
2282000
2202000
2115000
2024000
1941000
1866000
1795000
1724000
1849000
1861000
1822000
2146000
2272000
2304000
2280000
3809000
4740000
4777000
4583000
4532000
4355000
4073000
4138000
4097000
3969000
3747000
3546000
3330000
3103000
2899000
2730000
2634000
2507000
2378000
2304000
2213000
2113000
2021000
2121000
3015000
5080000
9662000
10640000
9685000
8888000
8906000
8114000
7237000
6759000
6620000
6818000
6332000
5762000
5990000
5721000
5224000
4811000
4928000
4756000
4458000
4152000
3969000
4034000
3856000
3630000
3431000
3266000
3065000
2878000
2715000
2570000
2441000
2310000
2575000
3071000
3282000
3535000
5620000
6289000
6022000
5649000
5493000
5148000
4764000
4905000
6532000
7003000
6582000
7483000
7393000
6843000
6226000
5851000
5418000
5029000
4614000
4282000
3991000
3642000
3351000
3098000
2862000
2663000
2492000
2344000
2214000
2098000
1994000
1901000
1816000
1739000
1669000
1604000
1544000
1488000
1437000
1389000
1344000
1302000
1474000
1521000
1511000
1763000
1992000
2034000
2016000
2013000
1991000
1947000
1890000
1843000
1802000
1745000
1685000
2056000
2157000
2136000
2093000
2086000
2027000
1959000
1897000
1850000
1807000
1742000
1693000
1639000
1578000
1522000
1471000
1421000
1375000
1332000
1292000
1254000
1218000
1184000
1151000
1121000
1117000
1109000
1090000
1068000
1049000
1028000
1006000
984600
964800
946200
926900
907800
889400
871200
853600
836700
820600
1002000
1069000
1082000
1084000
1100000
1090000
1075000
1061000
1589000
3511000
4021000
3989000
3933000
3967000
3772000
3561000
3405000
3491000
4327000
4993000
5064000
6788000
7946000
7592000
6918000
6523000
6099000
6570000
6332000
5915000
5552000
5208000
4739000
4325000
4099000
8492000
8768000
7859000
7108000
6948000
6227000
6693000
6474000
6131000
5804000
5364000
4895000
4466000
4051000
3925000
3735000
3469000
3237000
3271000
3970000
4667000
4662000
5214000
5237000
5e+06
4672000
4451000
4194000
3961000
3723000
3498000
3297000
3065000
2855000
2671000
2498000
2349000
2218000
2102000
1998000
1904000
1819000
1788000
1736000
2006000
2072000
2050000
2006000
1989000
1933000
1909000
1951000
2244000
2320000
2330000
2299000
2270000
2195000
2264000
2247000
2460000
2496000
2453000
2380000
2324000
2236000
2151000
2073000
2e+06
1933000
1855000
1782000
1712000
1644000
1622000
1580000
1531000
1483000
1441000
1397000
1355000
1315000
1278000
1349000
1881000
2151000
2202000
2203000
2225000
2186000
2122000
2064000
2022000
1982000
1915000
1846000
1834000
1808000
1755000
1697000
1646000
1594000
1541000
1492000
1449000
2403000
3996000
4331000
4234000
4179000
4128000
3897000
3674000
4104000
4216000
4083000
3857000
4209000
4151000
3916000
3690000
3549000
3368000
3161000
2979000
2827000
2685000
2530000
2391000
2265000
2144000
2035000
1938000
1850000
1770000
1697000
1630000
1568000
1511000
1458000
1408000
1362000
1321000
2083000
2339000
2364000
2344000
2459000
2426000
2351000
2283000
2243000
2200000
2114000
2033000
1957000
1873000
1793000
1720000
1688000
1639000
1584000
1531000
1485000
1437000
1392000
1349000
1488000
1522000
1506000
1529000
1601000
1740000
1783000
1776000
1761000
1747000
1706000
1662000
1620000
1579000
1538000
1491000
1444000
1475000
1461000
1427000
1392000
1642000
1911000
2257000
2348000
2368000
2353000
2323000
2256000
2191000
2137000
2079000
2014000
1937000
1859000
1784000
1709000
1641000
1578000
1520000
1467000
1751000
2585000
2825000
2824000
2811000
2819000
2723000
2615000
2529000
2470000
2399000
2292000
2192000
2092000
1989000
1896000
1812000
1735000
1665000
1600000
1541000
1622000
2359000
2583000
2587000
2562000
2580000
2502000
2409000
2331000
2276000
2220000
2128000
2042000
1957000
1867000
1785000
1711000
1643000
1580000
1522000
1468000
1418000
1500000
1508000
1482000
1451000
1431000
1396000
1359000
1325000
1295000
1267000
1233000
1201000
1170000
1239000
1251000
1239000
1220000
1208000
1185000
1160000
1135000
1114000
1094000
1069000
1046000
1022000
998000
974900
952900
931800
911700
892400
874000
856300
9e+05
909300
902600
892700
887600
875300
914000
967100
1104000
1405000
1836000
4039000
4591000
4522000
4384000
4404000
4165000
3918000
3726000
3599000
3474000
3244000
3041000
2851000
2653000
2483000
2336000
2206000
2091000
1988000
1896000
1812000
1735000
1665000
1600000
1540000
1485000
1434000
1386000
1341000
1300000
1260000
1224000
1189000
1605000
1857000
1913000
1912000
1939000
1917000
1873000
3073000
3437000
3485000
3415000
3433000
3293000
3129000
2984000
2882000
2794000
2647000
2515000
2463000
2579000
2545000
2453000
2365000
2293000
2199000
2107000
2025000
1955000
1888000
1813000
1744000
1677000
1611000
1551000
1496000
1704000
2829000
3351000
3424000
3391000
3538000
3658000
3565000
3429000
3338000
3252000
3558000
6529000
7455000
7032000
6512000
6299000
5802000
5265000
4859000
4668000
4526000
4209000
3890000
3604000
3312000
3057000
2842000
2659000
2503000
2363000
2237000
2498000
2529000
2459000
2376000
2329000
2241000
2150000
2067000
2002000
2616000
2774000
2739000
2670000
2654000
2556000
2448000
2352000
2295000
2237000
2142000
2053000
1970000
1880000
1799000
2082000
2147000
2114000
2064000
2046000
2131000
2130000
2208000
2216000
2483000
2520000
2480000
2412000
2363000
2285000
2224000
2272000
2267000
2215000
2141000
2074000
1998000
1917000
1844000
1779000
1834000
1870000
1842000
1795000
1755000
1707000
1819000
1831000
1801000
1782000
1761000
1714000
1662000
1614000
1569000
1527000
1493000
1453000
1411000
1367000
1344000
1365000
1351000
1324000
1622000
1725000
1727000
1710000
1719000
1687000
1647000
1899000
1979000
2140000
2184000
2249000
2358000
3647000
4392000
4428000
4292000
4236000
4066000
3877000
3680000
3525000
3390000
3204000
3008000
2827000
2646000
2483000
2341000
2213000
2099000
1996000
1906000
1822000
1745000
1674000
1610000
1550000
1494000
1442000
1394000
1349000
1365000
1349000
1318000
1287000
1261000
1230000
1199000
1223000
1432000
1499000
1499000
1491000
1493000
1465000
1449000
1483000
1618000
1653000
1637000
1615000
1595000
1753000
1788000
1769000
1813000
1827000
1789000
1742000
1703000
1660000
1617000
1567000
1520000
1476000
1428000
1382000
1339000
1297000
1258000
1221000
1193000
1163000
1133000
1104000
1162000
1386000
1634000
1974000
2086000
2115000
2111000
2100000
2053000
2007000
1965000
1920000
1869000
1991000
1996000
1947000
1888000
1848000
1788000
1726000
1669000
1620000
1576000
1523000
1474000
1427000
1379000
1335000
1490000
1530000
1515000
1491000
1483000
1451000
1415000
1381000
1353000
1328000
1292000
1258000
1537000
1625000
1627000
1611000
1619000
1588000
1549000
1773000
2213000
2512000
2559000
2556000
2771000
2904000
2864000
2787000
2740000
2667000
2560000
2449000
2348000
2252000
2150000
2051000
1959000
1871000
1789000
1714000
1646000
1583000
1702000
1718000
1686000
1647000
1624000
1580000
1534000
1491000
1454000
1420000
1378000
1338000
1300000
1261000
1224000
1395000
1787000
1914000
1928000
2322000
2551000
2574000
2842000
3642000
10420000
10420000
9048000
8123000
8022000
7045000
6251000
6108000
5943000
5664000
5034000
4611000
4199000
3756000
3427000
3172000
2959000
2758000
2584000
2431000
2290000
2166000
2055000
1991000
2293000
2451000
2480000
2441000
2701000
4720000
7017000
7038000
6580000
7960000
9305000
8687000
9994000
10620000
9881000
8765000
8002000
7280000
6558000
5886000
5349000
4971000
8197000
8289000
7485000
6748000
6503000
5856000
5270000
4838000
4575000
4355000
3958000
3671000
3657000
5454000
5735000
5421000
5094000
4966000
4611000
4261000
3987000
3802000
3633000
3373000
3147000
2940000
2839000
2699000
2920000
3e+06
3044000
2967000
2891000
3079000
3250000
5329000
7753000
9485000
8908000
9262000
12530000
11790000
