1590000
1579000
1566000
1554000
1542000
1531000
1519000
1508000
1496000
1485000
1474000
1464000
1453000
1443000
1432000
1422000
27060000
6503000
1628000
1383000
2273000
12570000
2168000
8698000
43800000
4390000
1320000
1311000
1302000
8359000
2526000
1330000
6736000
2699000
6637000
37960000
25520000
2810000
1223000
1216000
4763000
1461000
1194000
15980000
2260000
6985000
1591000
1160000
1153000
1146000
1140000
1133000
3348000
1283000
1115000
1108000
1102000
1096000
1090000
1085000
1079000
8360000
1599000
1062000
1056000
1051000
1045000
1040000
1034000
2823000
10830000
12240000
5655000
1291000
1003000
998400
993500
988600
983800
979000
4244000
1208000
964900
960300
955700
951200
946700
6253000
1326000
933500
929200
924900
920700
916500
912400
908200
904200
900100
896100
892100
888200
884300
880400
876600
872800
869000
865300
861600
857900
854200
850600
847000
843500
840000
39230000
3636000
829600
826200
822800
819500
816100
812800
6976000
11500000
1551000
799900
796700
793600
790500
787400
784300
781300
778200
775200
772300
769300
766400
763500
760600
757700
754900
752100
749300
746500
743700
741000
738300
735600
732900
730200
2916000
28020000
2704000
8823000
1309000
714700
712100
709600
707100
704700
702200
699800
697300
694900
692500
690200
17290000
1898000
683100
680800
678500
676300
674000
671700
669500
667300
665100
662900
660700
658600
656400
654300
652200
650000
648000
645900
643800
641800
639700
637700
635700
633700
631700
629700
627700
625800
623900
621900
620000
6719000
1062000
614300
612500
610600
608800
606900
605100
603300
601500
599700
597900
596100
594400
592600
590900
589200
587400
1737000
7963000
1115000
580700
579000
577300
575700
574000
572400
570800
569200
567600
566000
564400
562800
3145000
30910000
2760000
556600
555100
553500
552000
3269000
747500
547500
546000
544500
543100
541600
540200
538700
537300
535900
534400
533000
531600
530200
528800
527400
526100
524700
523300
522000
520600
519300
517900
516600
515300
514000
512700
511400
947700
31460000
26470000
2237000
38980000
7738000
825500
501200
499900
498700
497500
496200
495000
493800
492600
491400
490200
489000
487800
486600
485500
484300
483100
482000
480800
479700
478500
477400
476300
475200
474000
16200000
16110000
1529000
469600
468500
467400
466400
465300
2473000
2007000
564100
461000
460000
458900
457900
456800
455800
454800
453800
452700
3532000
7153000
922700
448700
447700
446700
445700
444700
443800
442800
441800
440800
439900
438900
37720000
46140000
3575000
435100
434200
433300
432300
431400
430500
429600
428600
427700
6859000
895600
425000
424100
423200
5708000
807400
420600
419700
418800
418000
417100
416200
415400
1691000
600900
419700
412000
411100
979500
451000
27360000
2376000
407000
406200
2473000
555500
403700
402900
9347000
2438000
501600
399700
398900
398100
397400
396600
1004000
3020000
582700
393500
392700
391900
391200
390400
10110000
1098000
388200
387400
386700
385900
2528000
30010000
2536000
5808000
19430000
1744000
380800
380100
379400
378700
378000
377300
376600
375900
375200
374500
373800
373100
372400
371700
371000
370300
369700
369000
368300
367600
367000
366300
5862000
766300
364300
363600
363000
55840000
4413000
361000
12310000
49110000
5605000
486300
357900
357200
6180000
11500000
1138000
354700
354100
353500
352900
352200
351600
351000
350400
349800
33050000
10070000
883700
16160000
2171000
395100
345600
345000
344400
16450000
1519000
342700
342100
341500
340900
340400
339800
339200
338700
338100
21830000
1906000
336400
335800
335300
334700
334200
333600
333100
332500
332000
331400
8672000
939400
329800
329300
328700
328200
327700
327100
326600
326100
325500
325000
324500
324000
323500
322900
322400
321900
321400
320900
320400
319900
319400
318800
318300
317800
317300
316800
316300
14470000
1349000
314900
314400
313900
313400
312900
312400
311900
311500
311000
310500
310000
309500
309100
308600
308100
307700
307200
306700
306300
305800
305300
304900
304400
303900
303500
14510000
15720000
1352000
301700
301200
300800
300300
299900
299400
299000
298600
298100
297700
297200
296800
296400
295900
295500
295100
294600
294200
293800
293300
292900
292500
292100
291600
291200
290800
290400
290000
289500
289100
288700
288300
287900
287500
287100
286700
286300
285800
285400
285000
284600
284200
283800
283400
283000
282600
282200
281800
281500
281100
280700
280300
279900
279500
279100
278700
278300
278000
277600
277200
276800
276400
276100
275700
275300
274900
274600
274200
273800
273400
273100
272700
28670000
4148000
403200
271200
270900
270500
270200
269800
269400
269100
268700
268400
268000
267600
267300
266900
266600
14240000
4230000
480500
265200
1656000
366000
264100
263800
263500
263100
262800
262400
262100
261700
261400
261100
260700
260400
260100
259700
259400
1160000
324500
258400
258100
257700
2744000
5811000
649000
256400
256100
255800
255400
255100
254800
254500
254200
253800
253500
253200
252900
252600
7663000
793000
251600
251300
251000
250700
250400
250100
249700
249400
249100
248800
20840000
17600000
1405000
247600
247300
247000
246700
11350000
1057000
245800
245500
245200
14530000
40930000
3570000
275600
243800
243500
243200
242900
4013000
34420000
7803000
613100
241500
241200
240900
240600
240300
240000
239800
239500
239200
238900
238600
7260000
5566000
27910000
2233000
237300
237000
23390000
4569000
429200
236000
244600
236100
235100
234900
234600
234300
234000
233800
233500
4121000
4034000
9845000
9484000
1171000
254800
231700
231500
231200
24120000
1975000
230500
18260000
9970000
9892000
13330000
1138000
229100
6586000
692800
228300
228100
227800
227600
227300
227000
226800
9954000
936600
226100
225800
225600
225300
225100
224800
224600
224300
224100
223800
223600
223300
223100
3075000
430800
222300
2157000
363200
221600
221400
221100
220900
220600
6772000
1223000
39620000
3094000
219600
219300
219100
218900
2605000
1944000
331400
217900
2996000
420300
217200
217000
216800
216500
216300
216100
215800
215600
215400
215100
214900
214700
214500
214200
214000
213800
6103000
643400
213100
212900
652200
613500
2816000
620800
227900
211600
211400
211100
210900
210700
210500
210200
210000
209800
10550000
8085000
729200
209000
6815000
691000
208400
208200
208000
207700
207500
207300
207100
206900
206700
206500
206300
206000
205800
205600
205400
205200
205000
204800
204600
204400
14570000
16570000
1323000
203700
203500
203300
203100
202900
202600
202400
202200
202000
201800
201600
201400
201200
201000
200800
200600
200400
200200
2e+05
199800
199600
199400
199200
199000
198800
198700
198500
198300
198100
197900
197700
197500
197300
197100
196900
196700
196500
196300
196100
195900
195800
195600
195400
195200
195000
194800
6972000
689300
194300
194100
193900
193700
193500
193300
193200
193000
192800
192600
7213000
704900
192100
191900
191700
191500
191300
191200
191000
190800
190600
190400
190300
190100
189900
189700
189500
189400
189200
189000
188800
979400
4020000
463900
6614000
657200
187800
187600
187500
187300
187100
187000
186800
186600
186400
186300
186100
185900
185700
185600
185400
185200
185100
184900
184700
184600
1167000
18260000
1499000
184000
183800
183600
2764000
371700
183100
183000
182800
182600
182500
182300
182100
182000
181800
181600
181500
181300
7268000
15050000
1229000
180700
180600
180400
180300
180100
179900
179800
179600
179500
179300
5715000
78610000
5876000
178900
178700
178600
178400
178300
178100
177900
177800
177600
177500
177300
177200
177000
176900
176700
176500
176400
176200
176100
175900
175800
175600
175500
175300
175200
175000
174900
174700
174600
174400
174300
174100
173900
173800
173700
173500
173400
173200
173100
172900
172800
172600
172500
172300
172200
172000
171900
171700
171600
171400
171300
171100
171000
170900
170700
170600
170400
170300
170100
170000
169800
169700
169600
169400
169300
169100
169000
168800
5891000
586400
168400
168300
168200
168000
15180000
6090000
520100
167500
26620000
2099000
167200
3908000
14880000
31070000
2604000
185500
7840000
726800
166300
166100
18520000
1506000
165800
165700
165500
165400
165300
165100
165000
2198000
17740000
1437000
14380000
30670000
45280000
12610000
29960000
2290000
164100
164000
163800
163700
163600
163400
163300
163200
163000
162900
162800
37550000
2893000
162500
162400
162300
162100
162000
161900
3993000
441400
161500
22250000
3091000
12400000
1048000
161000
160800
160700
160600
160400
160300
160200
11310000
9628000
1911000
241500
24750000
7771000
584200
159400
159300
159100
159000
158900
2346000
318400
158500
158400
158300
158200
23600000
1870000
157900
157800
157700
157500
157400
157300
157200
157000
156900
156800
21320000
5582000
439900
156500
156400
156300
156100
5913000
3420000
363500
155800
155700
155600
155400
155300
155200
155100
155000
154800
28870000
2251000
154700
154500
154400
154300
154200
154100
13220000
1108000
153900
153700
153600
153500
153400
153300
19940000
43760000
3232000
153200
153100
153000
152900
25440000
17100000
1255000
152800
152600
152500
152400
152300
152200
152100
151900
151800
151700
151600
151500
151400
151300
151100
151000
150900
150800
150700
150600
150500
150400
150200
150100
150000
149900
149800
149700
149600
14280000
1934000
2116000
289000
38650000
12010000
810300
149400
149300
149100
149000
2102000
1300000
222400
148600
148500
148400
148300
148200
148100
148000
147900
147800
147700
147600
147400
147300
5719000
29190000
32280000
39350000
11680000
1738000
1735000
6712000
618800
147500
147400
3659000
11170000
933400
147200
12430000
1044000
147000
146900
7808000
1696000
219000
146600
146500
6535000
612900
146300
146200
146100
146000
145900
145800
145700
145600
145500
6066000
14660000
4815000
7399000
34370000
6878000
457400
145500
145400
145300
145100
9375000
28200000
6739000
480800
18850000
1511000
1193000
221600
145000
144900
144800
144700
144600
144500
144400
144300
144200
144100
144000
143900
143800
143700
143600
143500
143400
143300
143200
143100
143000
142900
142800
142700
142600
142500
142400
142300
142200
142100
12910000
6703000
553000
141900
141800
141700
141600
141500
141400
141300
141200
141100
12950000
1077000
141000
140900
140800
140700
140600
140500
140400
140300
140200
140100
140000
139900
139800
139800
139700
139600
139500
139400
139300
139200
139100
139000
138900
138800
138700
138600
138500
138400
138300
138200
138100
138000
137900
137800
137700
137700
137600
137500
137400
137300
13260000
1095000
137200
137100
137000
136900
136800
136700
31800000
44960000
3241000
137200
137100
137000
136900
136900
136800
5040000
21670000
12620000
2721000
27040000
13550000
973600
137100
137000
136900
16860000
1358000
136900
136800
136700
136600
136500
2668000
61440000
4600000
136700
136600
136500
136400
18550000
1481000
136400
136300
136200
136100
136000
135900
4998000
490800
135700
135600
7422000
21570000
13500000
1e+06
13310000
1098000
135800
135700
135600
135500
135400
135300
135200
135100
135000
134900
134800
134800
134700
134600
134500
134400
134300
134200
134100
134000
15160000
1231000
134000
133900
133800
133700
958800
4466000
13570000
1092000
1811000
256000
133400
133300
6191000
575500
10590000
896600
133100
133000
132900
132800
132700
132600
132500
132500
132400
132300
132200
132100
132000
131900
131900
131800
131700
131600
131500
131400
131300
4466000
26560000
5521000
385800
131400
131300
131200
131100
131000
131000
130900
130800
130700
130600
130500
130400
130400
130300
130200
130100
130000
129900
34930000
28380000
2008000
130400
130300
130300
130200
130100
9756000
1795000
200200
129900
12540000
1437000
159100
129700
129600
129600
129500
129400
129300
129200
129200
129100
129000
128900
128800
128700
128700
128600
128500
128400
128300
128200
128200
128100
128000
127900
27120000
2099000
128000
128000
1527000
229900
127700
127600
127600
127500
127400
127300
127200
127200
127100
127000
126900
126800
126800
126700
126600
126500
126400
126400
2307000
285500
126200
371000
3906000
8058000
1489000
184600
125900
125800
125700
125600
125500
125500
125400
125300
125200
125100
125100
125000
124900
9858000
9782000
11340000
896300
124900
124800
124800
124700
124600
124500
124400
124400
124300
124200
124100
124100
124000
123900
123800
123800
8261000
26250000
1989000
123900
123800
123700
123700
123600
123500
123400
123400
123300
123200
123100
123100
123000
122900
122800
122800
122700
122600
122500
27340000
2110000
122700
122600
122500
122400
122400
122300
122200
122100
122100
122000
121900
121800
121800
121700
121600
121500
121500
121400
121300
121300
121200
121100
121000
121000
120900
120800
120700
120700
120600
120500
120500
120400
120300
120200
120200
120100
120000
120000
119900
119800
119700
119700
119600
119500
119500
119400
119300
119200
119200
119100
119000
119000
118900
118800
118800
118700
118600
118500
118500
2201000
4545000
10520000
16180000
14920000
45250000
3342000
119000
119000
118900
118800
118700
118700
118600
118500
118500
118400
118300
118300
118200
118100
118100
118000
117900
117800
117800
117700
117600
117600
117500
117400
117400
117300
117200
117200
117100
117000
117000
16720000
6044000
461300
116900
116900
116800
116700
39100000
2964000
1270000
201100
116900
116800
116800
116700
116600
116600
116500
116400
1692000
9288000
777700
116300
116200
116100
116100
116000
115900
115900
115800
115700
115700
115600
115500
115500
115400
14340000
35730000
7015000
974800
155100
3699000
5407000
482900
115600
115500
115400
13600000
45870000
9403000
555400
115900
115800
115700
115700
115600
732200
1791000
840500
159600
115300
115200
115200
115100
115100
115000
114900
114900
14590000
1172000
114800
114800
114700
114600
114600
114500
114400
24720000
1912000
114500
114500
114400
114300
114300
114200
114100
114100
114000
114000
113900
113800
113800
15280000
1221000
113700
113700
113600
6363000
1176000
5556000
830800
11330000
931100
113500
113400
113300
113300
732900
5496000
1532000
188200
113000
113000
112900
112800
112800
112700
3881000
3239000
320800
112500
112500
112400
7473000
649900
112300
548000
144000
112100
112100
112000
111900
111900
111800
111800
111700
111600
111600
3495000
358500
111400
18280000
1438000
111500
111400
111300
111300
111200
10830000
894100
7235000
1560000
2662000
5534000
33230000
10150000
669900
111400
111300
111200
111200
111100
111100
111000
110900
110900
110800
110800
110700
110600
110600
110500
110500
110400
110300
110300
110200
110100
110100
110000
110000
109900
109800
109800
109700
109700
109600
109600
109500
109400
109400
7845000
674200
109300
109200
109200
109100
109000
733600
8134000
691700
108900
108800
108800
7152000
623000
108700
1736000
227500
108500
108500
108400
108400
108300
108200
108200
108100
108100
108000
108000
107900
107800
107800
107700
107700
107600
107600
107500
13460000
10270000
11980000
925400
107600
107500
107500
107400
107400
107300
107200
107200
107100
107100
107000
107000
106900
106800
106800
106700
106700
106600
106600
106500
106500
106400
106300
3521000
355600
106200
106200
106100
106000
106000
105900
105900
105800
105800
105700
9868000
818500
105600
105600
105500
105500
105400
9023000
15480000
6811000
516600
105500
5818000
4211000
374800
105400
105300
105200
105200
105100
105100
105000
105000
104900
104900
104800
104800
104700
104600
104600
104500
104500
104400
104400
104300
104300
104200
104200
104100
104100
104000
103900
103900
103800
103800
3317000
17290000
1547000
118900
14920000
3952000
747500
9872000
16620000
63170000
5184000
145700
104900
104800
104700
104700
5327000
486000
104600
104600
104500
104400
104400
104300
104300
104200
104200
104100
104100
104000
104000
103900
103900
11060000
4402000
1783000
207900
9860000
39780000
24340000
1726000
288900
20310000
15940000
1154000
22180000
10560000
750800
105000
105000
104900
104800
104800
104700
104700
51100000
3829000
105100
105000
105000
104900
104900
104800
104800
104700
104700
104600
7022000
38430000
3551000
155000
104900
104800
104800
104700
104700
104600
104600
104500
104500
104400
2758000
298200
13290000
3819000
3686000
351300
104400
9745000
5783000
37980000
24320000
17300000
1246000
11140000
3.1e+07
2683000
22550000
