87460
87450
87420
87400
87370
87340
87300
87270
87230
87200
87160
87120
87090
87050
87010
86970
86930
88630
90680
92420
93910
95290
97330
99130
101300
107200
113100
118000
122200
125800
129300
132400
134900
137700
140200
142900
149900
160000
169200
176800
183400
189300
194000
197700
203600
209000
214400
218800
222300
224900
226900
228300
229500
230600
231600
232200
232600
232800
232900
232800
232700
232600
233800
234900
235800
236400
237000
237300
237500
237600
237800
239900
244400
249300
253400
256700
259500
261500
263000
264200
265200
266500
267500
268100
268400
268600
268600
268500
269600
270600
271300
271800
272200
272400
272500
272500
272400
272300
272100
271900
271600
271300
270900
270600
270200
269900
269500
269200
268800
268400
268100
267700
267400
267000
266700
272400
278200
282700
286400
289700
292000
293600
295000
296900
301300
305200
308100
310400
312200
313300
314100
314600
315100
315300
315300
315100
314900
314500
314100
313700
313200
312700
312300
311800
311300
310800
310400
309900
309400
308900
308500
308000
312600
317200
323200
328500
332900
336200
338700
340600
342100
343200
344000
344400
344500
344400
344100
347000
349900
352000
353600
354900
355700
356100
356400
356600
356600
356500
356200
355800
355300
354700
354200
353600
353000
352300
351700
351100
350500
349900
349300
348700
348100
347500
346900
346300
345700
345100
344500
343900
343300
342700
342100
341600
341000
340400
339800
339200
338700
338100
337500
337000
336400
335800
335300
334700
334200
333600
333000
332500
331900
331400
330800
330300
329800
329200
328700
328100
327600
327100
326500
326000
325500
324900
330600
336200
340600
344100
347100
349200
350500
351700
352600
353200
353500
353500
353300
352900
352500
351900
351400
350800
350200
349600
349000
348400
347800
347200
346600
346000
345400
344800
344200
343600
343100
342500
341900
341300
340700
340100
344400
356600
368000
392000
417200
438000
454500
468100
478900
486800
493100
498200
501800
504000
505200
505500
505100
504500
503600
502500
501400
500200
499000
497800
496600
495400
494200
493000
491800
490600
491000
498400
505200
510300
514300
517500
519500
520600
522100
524000
525200
525800
526000
525600
525000
524100
523200
522200
521100
519900
519500
522400
524900
526500
527600
528300
528500
528300
527900
527400
526700
525900
524800
523700
541700
585500
626500
659300
686600
708500
724000
735400
745000
752700
757800
760800
766600
770600
772400
773100
773000
776200
778500
779600
780100
779900
779000
777400
775600
773700
772300
770800
768900
766700
764400
762400
760200
778800
796800
809700
819600
829300
835900
839600
842400
852300
861600
867700
871700
874000
874700
873900
872700
871600
872300
872200
871200
869500
867300
864700
861800
867100
871800
874400
875700
876300
875700
875800
902800
928300
952100
991200
1025000
1050000
1067000
1081000
1091000
1096000
1100000
1102000
1101000
1099000
1095000
1091000
1086000
1080000
1075000
1069000
1064000
1058000
1053000
1047000
1042000
1036000
1031000
1026000
1022000
1017000
1012000
1007000
1063000
1117000
1158000
1205000
1318000
1420000
1495000
1553000
1601000
1643000
1692000
1730000
1757000
1774000
1783000
1785000
1781000
1774000
1765000
1755000
1743000
1786000
1840000
1877000
1937000
1988000
2020000
2038000
2051000
2057000
2091000
2117000
2131000
2136000
2135000
2127000
2114000
2100000
2086000
2070000
2052000
2070000
2083000
2085000
2083000
2078000
2068000
2055000
2041000
2028000
2012000
1996000
1979000
1969000
1958000
1945000
1930000
1916000
1900000
1884000
1868000
1853000
1837000
1821000
1805000
1789000
1773000
1758000
1742000
1727000
1713000
1698000
1684000
1670000
1656000
1642000
1629000
1616000
1603000
1590000
1577000
1565000
1553000
1541000
1529000
1517000
1506000
1495000
1484000
1473000
1462000
1451000
1441000
1431000
1420000
1410000
1400000
1391000
1381000
1372000
1362000
1353000
1344000
1335000
1326000
1317000
1309000
1300000
1292000
1284000
1289000
1294000
1295000
1294000
1293000
1289000
1284000
1279000
1274000
1268000
1262000
1255000
1247000
1240000
1233000
1225000
1218000
1210000
1203000
1196000
1189000
1182000
1175000
1168000
1161000
1155000
1148000
1141000
1135000
1129000
1122000
1116000
1110000
1104000
1098000
1092000
1086000
1080000
1074000
1068000
1063000
1057000
1051000
1046000
1040000
1035000
1030000
1024000
1019000
1014000
1009000
1004000
998900
994000
989000
984200
979400
974600
969900
965200
960600
956000
951400
946900
942500
938000
933700
929300
925000
920800
916600
912400
908200
904100
904100
905400
905700
905100
904000
902200
899800
897100
894300
891300
888100
884700
881100
877500
873700
870000
866300
866800
869700
871400
871900
872600
872600
871500
869900
868100
865900
863300
860500
857400
854200
850800
847300
843800
840400
836900
833400
830000
826500
823200
819800
816400
813100
809800
808500
807000
805100
803000
800800
798300
795600
792900
790200
787400
784500
781600
778700
775700
772700
773500
774000
773700
772900
771800
770200
768300
766200
764100
761800
759300
756800
768600
792800
813200
828500
840700
849800
855400
868700
880700
889300
895100
899000
913800
966300
1015000
1052000
1081000
1104000
1118000
1128000
1139000
1192000
1246000
1285000
1314000
1336000
1350000
1357000
1361000
1364000
1364000
1361000
1357000
1350000
1343000
1344000
1350000
1395000
1434000
1461000
1481000
1534000
1583000
1616000
1640000
1659000
1670000
1672000
1672000
1669000
1664000
1656000
1646000
1635000
1629000
1627000
1641000
1666000
1685000
1696000
1701000
1703000
1701000
1741000
1776000
1798000
1849000
1910000
1973000
2048000
2107000
2147000
2188000
2216000
2232000
2238000
2238000
2232000
2221000
2206000
2189000
2191000
2190000
2182000
2171000
2158000
2142000
2124000
2107000
2089000
2070000
2051000
2032000
2012000
1992000
1973000
1957000
1941000
1925000
1912000
1899000
1885000
1870000
1855000
1839000
1824000
1820000
1817000
1892000
1959000
2003000
2034000
2055000
2066000
2071000
2077000
2079000
2075000
2073000
2066000
2055000
2040000
2025000
2008000
1991000
1973000
1956000
1938000
1920000
1902000
1884000
1867000
1850000
1833000
1816000
1800000
1785000
1770000
1755000
1740000
1726000
1711000
1702000
1692000
1681000
1670000
1659000
1647000
1635000
1623000
1611000
1598000
1586000
1574000
1569000
1575000
1578000
1577000
1586000
1591000
1591000
1589000
1585000
1579000
1572000
1564000
1555000
1545000
1535000
1524000
1513000
1502000
1491000
1480000
1469000
1458000
1448000
1438000
1427000
1417000
1410000
1425000
1439000
1446000
1449000
1451000
1449000
1445000
1440000
1435000
1428000
1421000
1413000
1404000
1394000
1385000
1376000
1366000
1357000
1348000
1339000
1330000
1321000
1313000
1304000
1296000
1287000
1279000
1271000
1263000
1255000
1247000
1240000
1232000
1224000
1217000
1210000
1202000
1195000
1188000
1181000
1174000
1167000
1160000
1154000
1147000
1141000
1134000
1128000
1121000
1115000
1109000
1103000
1097000
1091000
1085000
1079000
1073000
1068000
1062000
1056000
1051000
1045000
1040000
1034000
1029000
1024000
1019000
1013000
1008000
1003000
998300
993300
988400
983600
978700
974000
969300
964600
960000
955400
950800
946300
941900
937500
933100
928800
924500
920200
916000
911900
907700
903600
899600
895500
891500
887600
883700
879800
875900
872100
868300
864600
860900
857200
853500
849900
846300
851700
856600
859400
860900
861800
862700
862600
861900
860900
859300
857100
854500
851600
848600
845300
842000
838600
835200
831800
828400
836500
844000
848800
852000
854200
854900
854400
853400
852400
850600
848400
845800
842800
911800
982600
1037000
1080000
1116000
1141000
1157000
1170000
1181000
1187000
1190000
1190000
1187000
1183000
1177000
1171000
1165000
1159000
1152000
1146000
1139000
1133000
1126000
1120000
1114000
1108000
1102000
1096000
1090000
1084000
1078000
1072000
1066000
1061000
1055000
1050000
1044000
1039000
1033000
1028000
1023000
1018000
1012000
1007000
1002000
997300
992400
987500
982600
977800
973100
968300
963700
959100
954500
950000
945500
941000
936600
932300
927900
923700
919400
915200
911000
906900
902800
898800
894700
890800
886800
882900
879000
875200
871400
867600
869800
876000
880500
883100
909600
934100
951200
968100
997800
1056000
1107000
1145000
1186000
1219000
1240000
1255000
1292000
1323000
1343000
1357000
1367000
1371000
1370000
1368000
1365000
1363000
1385000
1404000
1437000
1514000
1665000
1816000
2008000
2168000
2286000
2368000
2427000
2466000
2490000
2502000
2505000
2498000
2483000
2463000
2438000
2514000
2579000
2615000
2636000
2648000
2646000
2635000
2621000
2617000
2607000
2590000
2635000
2673000
2727000
2765000
2786000
2791000
2787000
2775000
2759000
2739000
2716000
2721000
2747000
2762000
2762000
2836000
2914000
2959000
2984000
2997000
2997000
2983000
2964000
2948000
2927000
2899000
2868000
2834000
2798000
2835000
2862000
2869000
2866000
2858000
2840000
2816000
2791000
2766000
2738000
2707000
2676000
2702000
2733000
2745000
2746000
2741000
2727000
2707000
2699000
2698000
2689000
2673000
2653000
2629000
2602000
2574000
2546000
2517000
2488000
2460000
2503000
2539000
2555000
2560000
2560000
2551000
2534000
2517000
2532000
2540000
2535000
2525000
2510000
2490000
2467000
2444000
2467000
2611000
2731000
2809000
2861000
2896000
2907000
2992000
3119000
3211000
3264000
3295000
3304000
3292000
3270000
3246000
3217000
3183000
3144000
3102000
3058000
3013000
2969000
2926000
2884000
2843000
2803000
2764000
2726000
2689000
2653000
2618000
2584000
2551000
2519000
2488000
2457000
2427000
2398000
2375000
2353000
2336000
2317000
2401000
2501000
2569000
2614000
2645000
2659000
2658000
2652000
2643000
2629000
2610000
2586000
2559000
2530000
2500000
2470000
2440000
2411000
2382000
2354000
2326000
2300000
2273000
2248000
2293000
2416000
2636000
2850000
3011000
3130000
3238000
3308000
3346000
3367000
3387000
3434000
3455000
3452000
3484000
3498000
3488000
3465000
3467000
3461000
3439000
3410000
3378000
3360000
3334000
3301000
3265000
3226000
3184000
3140000
3096000
3053000
3010000
2967000
2924000
2927000
2937000
2958000
3090000
3215000
3292000
3337000
3364000
3370000
3359000
3377000
3500000
3610000
3671000
3789000
3873000
3911000
3920000
3917000
3898000
3865000
3824000
3778000
3725000
3668000
3609000
3548000
3488000
3429000
3371000
3315000
3261000
3208000
3157000
3108000
3060000
3014000
2969000
2925000
2883000
2841000
2801000
2762000
2725000
2688000
2652000
2617000
2583000
2550000
2518000
2486000
2456000
2426000
2397000
2368000
2340000
2313000
2287000
2261000
2235000
2229000
2221000
2208000
2193000
2178000
2160000
2141000
2122000
2103000
2083000
2063000
2044000
2024000
2004000
1984000
1964000
1945000
1927000
1908000
1890000
1872000
1855000
1838000
1821000
1805000
1788000
1773000
1757000
1742000
1727000
1712000
1697000
1683000
1669000
1655000
1641000
1628000
1615000
1602000
1589000
1577000
1564000
1562000
1558000
1552000
1545000
1538000
1529000
1520000
1510000
1554000
1675000
1780000
1856000
1915000
1958000
1983000
1997000
2007000
2024000
2083000
2157000
2213000
2324000
2450000
2539000
2597000
2638000
2663000
2725000
2771000
2797000
2807000
2807000
2795000
2773000
2756000
2945000
3111000
3215000
3284000
3331000
3348000
3418000
3472000
3500000
3507000
3500000
3477000
3440000
3400000
3377000
3348000
3311000
3270000
3255000
3315000
3405000
3460000
3546000
3606000
3630000
3631000
3621000
3601000
3571000
3534000
3493000
3447000
3396000
3344000
3292000
3239000
3188000
3138000
3090000
3043000
2997000
2952000
2909000
2867000
2869000
2865000
2851000
2831000
2810000
2783000
2755000
2740000
2765000
2780000
2784000
2781000
2770000
2751000
2747000
2739000
2758000
2767000
2764000
2753000
2736000
2714000
2688000
2662000
2635000
2606000
2576000
2546000
2515000
2484000
2454000
2424000
2395000
2367000
2339000
2312000
2285000
2260000
2234000
2213000
2258000
2305000
2333000
2349000
2358000
2357000
2348000
2337000
2325000
2310000
2292000
2271000
2249000
2225000
2202000
2178000
2155000
2132000
2110000
2088000
2066000
2115000
2226000
2313000
2372000
2415000
2441000
2451000
2452000
2471000
2486000
2488000
2482000
2505000
2519000
2518000
2511000
2501000
2485000
2465000
2444000
2422000
2398000
2374000
2348000
2322000
2296000
2270000
2245000
2220000
2196000
2172000
2149000
2126000
2103000
2081000
2060000
2039000
2018000
2023000
2025000
2021000
2014000
2007000
1997000
1984000
1971000
1957000
1942000
1927000
1910000
1894000
1877000
1860000
1843000
1826000
1810000
1793000
1777000
1762000
1746000
1731000
1716000
1702000
1687000
1673000
1659000
1646000
1639000
1633000
1625000
1617000
1607000
1597000
1587000
1576000
1565000
1554000
1543000
1532000
1521000
1509000
1498000
1487000
1477000
1481000
1501000
1516000
1525000
1530000
1532000
1530000
1525000
1521000
1515000
1508000
1499000
1490000
1480000
1470000
1459000
1449000
1439000
1428000
1418000
1438000
1454000
1464000
1470000
1473000
1472000
1468000
1464000
1459000
1453000
1446000
1438000
1429000
1419000
1410000
1400000
1390000
1381000
1371000
1362000
1353000
1363000
1371000
1374000
1376000
1375000
1372000
1367000
1362000
1357000
1351000
1344000
1336000
1328000
1320000
1311000
1303000
1294000
1286000
1278000
1270000
1262000
1254000
1246000
1238000
1231000
1223000
1216000
1209000
1201000
1194000
1187000
1180000
1173000
1166000
1159000
1153000
1146000
1140000
1133000
1127000
1120000
1114000
1108000
1102000
1096000
1090000
1084000
1078000
1072000
1067000
1061000
1055000
1050000
1044000
1039000
1034000
1028000
1023000
1018000
1013000
1008000
1003000
997600
996100
1011000
1039000
1117000
1189000
1244000
1286000
1319000
1341000
1356000
1367000
1375000
1379000
1378000
1375000
1369000
1362000
1354000
1346000
1337000
1328000
1320000
1311000
1303000
1294000
1286000
1278000
1270000
1262000
1254000
1246000
1238000
1231000
1223000
1216000
1208000
1210000
1217000
1222000
1224000
1224000
1223000
1220000
1269000
1316000
1350000
1376000
1396000
1408000
1414000
1417000
1419000
1418000
1415000
1409000
1404000
1411000
1415000
1416000
1414000
1412000
1407000
1401000
1394000
1388000
1380000
1372000
1364000
1356000
1347000
1338000
1329000
1340000
1403000
1467000
1515000
1551000
1585000
1617000
1639000
1654000
1665000
1671000
1696000
1807000
1920000
2001000
2060000
2104000
2130000
2142000
2149000
2153000
2155000
2152000
2143000
2129000
2113000
2095000
2075000
2056000
2036000
2017000
1997000
2009000
2018000
2018000
2015000
2009000
1999000
1986000
1973000
1960000
1999000
2031000
2049000
2058000
2062000
2059000
2051000
2041000
2031000
2018000
2004000
1987000
1970000
1952000
1934000
1945000
1954000
1955000
1952000
1947000
1951000
1952000
1961000
1967000
1993000
2011000
2019000
2020000
2018000
2011000
2002000
2003000
2004000
1999000
1990000
1980000
1966000
1952000
1936000
1921000
1910000
1905000
1897000
1886000
1875000
1862000
1862000
1860000
1854000
1847000
1838000
1827000
1815000
1802000
1789000
1775000
1761000
1747000
1732000
1718000
1703000
1693000
1682000
1671000
1692000
1710000
1719000
1723000
1725000
1722000
1715000
1725000
1732000
1747000
1759000
1770000
1785000
1863000
1949000
2011000
2055000
2087000
2105000
2112000
2113000
2112000
2106000
2095000
2081000
2064000
2046000
2026000
2007000
1987000
1968000
1949000
1930000
1912000
1894000
1876000
1858000
1841000
1824000
1808000
1792000
1776000
1760000
1745000
1729000
1715000
1700000
1686000
1672000
1658000
1644000
1631000
1617000
1604000
1592000
1579000
1567000
1554000
1543000
1531000
1520000
1509000
1497000
1495000
1491000
1486000
1481000
1476000
1469000
1461000
1453000
1444000
1436000
1426000
1417000
1408000
1398000
1389000
1379000
1370000
1361000
1352000
1343000
1334000
1325000
1316000
1307000
1299000
1303000
1321000
1336000
1345000
1351000
1354000
1353000
1351000
1348000
1344000
1339000
1332000
1325000
1318000
1310000
1301000
1293000
1285000
1277000
1269000
1261000
1253000
1245000
1237000
1230000
1222000
1215000
1208000
1200000
1193000
1186000
1179000
1172000
1165000
1159000
1152000
1145000
1139000
1132000
1126000
1120000
1113000
1107000
1101000
1095000
1092000
1106000
1125000
1139000
1149000
1162000
1177000
1186000
1193000
1197000
1199000
1198000
1196000
1193000
1188000
1183000
1178000
1172000
1165000
1159000
1152000
1146000
1139000
1133000
1126000
1120000
1114000
1108000
1102000
1096000
1090000
1084000
1078000
1072000
1066000
1061000
1055000
1050000
1044000
1045000
1045000
1044000
1058000
1075000
1087000
1107000
1145000
1264000
1377000
1464000
1531000
1585000
1620000
1643000
1668000
1688000
1699000
1704000
1703000
1697000
1688000
1677000
1666000
1654000
1642000
1629000
1616000
1604000
1591000
1579000
1566000
1566000
1571000
1574000
1575000
1590000
1676000
1798000
1896000
1968000
2075000
2199000
2288000
2417000
2553000
2651000
2713000
2753000
2776000
2781000
2776000
2765000
2748000
2893000
3018000
3092000
3137000
3167000
3173000
3161000
3146000
3129000
3105000
3074000
3038000
3021000
3138000
3235000
3288000
3318000
3334000
3328000
3309000
3286000
3262000
3231000
3194000
3154000
3110000
3072000
3034000
3040000
3049000
3057000
3053000
3041000
3056000
3078000
3232000
3453000
3691000
3860000
4028000
4315000
4522000
