1950000
1937000
1915000
1893000
1871000
1850000
1829000
1808000
1788000
1769000
1749000
1731000
1712000
1694000
1677000
1660000
1714000
1946000
1992000
1976000
1955000
1967000
2047000
2056000
2263000
2673000
2700000
2661000
2618000
2611000
2653000
2631000
2617000
2639000
2642000
2828000
3403000
3707000
3679000
3600000
3553000
3521000
3453000
3483000
3615000
3618000
3616000
3548000
3473000
3399000
3329000
3262000
3212000
3195000
3141000
3081000
3023000
2968000
2914000
2862000
2812000
2805000
2861000
2828000
2781000
2734000
2688000
2644000
2602000
2579000
2627000
2745000
2857000
2875000
2834000
2786000
2739000
2693000
2649000
2606000
2588000
2602000
2569000
2530000
2491000
2453000
2416000
2408000
2430000
2403000
2369000
2335000
2301000
2269000
2238000
2207000
2177000
2148000
2133000
2162000
2142000
2115000
2088000
2061000
2035000
2010000
1985000
1961000
1937000
1914000
1892000
1870000
1849000
1828000
1934000
2367000
2407000
2379000
2344000
2310000
2278000
2246000
2252000
2381000
2462000
2443000
2408000
2372000
2338000
2305000
2272000
2241000
2210000
2180000
2151000
2135000
2159000
2145000
2118000
2091000
2064000
2038000
2013000
1988000
1964000
1940000
1917000
1895000
1873000
1851000
1852000
1971000
2221000
2262000
2318000
2299000
2268000
2237000
2206000
2176000
2149000
2127000
2101000
2074000
2048000
2022000
2050000
2260000
2267000
2239000
2209000
2179000
2150000
2122000
2094000
2067000
2041000
2016000
1991000
1967000
1943000
1920000
1897000
1875000
1854000
1833000
1812000
1792000
1772000
1753000
1734000
1716000
1698000
1680000
1663000
1646000
1630000
1624000
1641000
1650000
1688000
1679000
1663000
1646000
1629000
1613000
1597000
1582000
1566000
1551000
1537000
1522000
1508000
1497000
1484000
1470000
1457000
1455000
1521000
1565000
1559000
1545000
1530000
1516000
1502000
1488000
1475000
1461000
1448000
1435000
1423000
1410000
1409000
1531000
1746000
1764000
1748000
1729000
1711000
1713000
1761000
1752000
1735000
1716000
1698000
1680000
1663000
1646000
1630000
1613000
1597000
1582000
1566000
1551000
1562000
1620000
1616000
1601000
1585000
1570000
1555000
1540000
1525000
1511000
1497000
1483000
1470000
1457000
1457000
1586000
1867000
2100000
2258000
2642000
2713000
2681000
2638000
2596000
2555000
2515000
2476000
2439000
2402000
2367000
2333000
2300000
2267000
2236000
2205000
2176000
2147000
2119000
2091000
2064000
2038000
2013000
1988000
1964000
1956000
2038000
2270000
2412000
2402000
2369000
2335000
2301000
2269000
2246000
2256000
2246000
2218000
2188000
2159000
2130000
2103000
2076000
2049000
2024000
1999000
1987000
2027000
2071000
2056000
2031000
2006000
1981000
1957000
1934000
1911000
1889000
1869000
1848000
1827000
1887000
2427000
2915000
2943000
2897000
2846000
2797000
2749000
2703000
2658000
2615000
2573000
2566000
2600000
2571000
2532000
2492000
2480000
2496000
2467000
2431000
2395000
2360000
2326000
2293000
2260000
2233000
2219000
2193000
2164000
2135000
2109000
2087000
2143000
2383000
2392000
2361000
2337000
2324000
2294000
2263000
2260000
2326000
2320000
2290000
2259000
2227000
2197000
2168000
2140000
2125000
2123000
2100000
2073000
2047000
2021000
1996000
1996000
2068000
2057000
2033000
2007000
1983000
1965000
2039000
2308000
2349000
2457000
2616000
2605000
2566000
2526000
2487000
2449000
2413000
2377000
2343000
2309000
2277000
2245000
2214000
2184000
2155000
2127000
2099000
2072000
2046000
2020000
1995000
1971000
1947000
1951000
2031000
2022000
1999000
1974000
2146000
2685000
2733000
2752000
3121000
3758000
3805000
3730000
3646000
3624000
3724000
3799000
3735000
3652000
3571000
3493000
3419000
3348000
3280000
3214000
3151000
3328000
3850000
3952000
4019000
4170000
4114000
4016000
3918000
3825000
3892000
4065000
4006000
3913000
3819000
3731000
3646000
3565000
3488000
3414000
3343000
3470000
3792000
3768000
3688000
3605000
3526000
3450000
3378000
3308000
3241000
3189000
3160000
3155000
3244000
3204000
3143000
3083000
3025000
2975000
2938000
2888000
2837000
2788000
2741000
2695000
2651000
2608000
2566000
2526000
2487000
2449000
2413000
2377000
2342000
2309000
2276000
2245000
2214000
2184000
2155000
2126000
2189000
2431000
2439000
2407000
2372000
2337000
2304000
2272000
2240000
2209000
2180000
2150000
2122000
2095000
2068000
2042000
2016000
1991000
1967000
1943000
1925000
1922000
1902000
1880000
1859000
1838000
1817000
1849000
2053000
2201000
2197000
2170000
2141000
2113000
2086000
2059000
2033000
2008000
1983000
1968000
1985000
2001000
1982000
1959000
1935000
1912000
1890000
1868000
1847000
1837000
1855000
1843000
1823000
1803000
1786000
1777000
1759000
1741000
1722000
1704000
1686000
1669000
1652000
1635000
1619000
1603000
1587000
1571000
1556000
1542000
1527000
1513000
1499000
1485000
1471000
1458000
1445000
1432000
1420000
1408000
1401000
1390000
1378000
1367000
1355000
1344000
1333000
1322000
1311000
1301000
1290000
1280000
1270000
1260000
1250000
1241000
1231000
1222000
1213000
1204000
1195000
1186000
1221000
1484000
1527000
1518000
1505000
1491000
1477000
1464000
1451000
1438000
1425000
1413000
1400000
1388000
1377000
1365000
1357000
1394000
1530000
1558000
1549000
1540000
1539000
1527000
1513000
1499000
1485000
1472000
1458000
1445000
1433000
1420000
1408000
1395000
1384000
1372000
1367000
1393000
1392000
1399000
1390000
1379000
1367000
1361000
1386000
1416000
1410000
1398000
1386000
1375000
1363000
1352000
1340000
1329000
1319000
1308000
1297000
1287000
1277000
1279000
1338000
1338000
1328000
1317000
1307000
1296000
1286000
1276000
1266000
1256000
1246000
1264000
1431000
1554000
1560000
1546000
1532000
1517000
1529000
1594000
1592000
1577000
1562000
1582000
1763000
2107000
2142000
2120000
2092000
2065000
2039000
2023000
2146000
2484000
2554000
2528000
2490000
2452000
2415000
2379000
2345000
2311000
2279000
2247000
2216000
2186000
2177000
2247000
2405000
2655000
2657000
2618000
2684000
2918000
2943000
2899000
2849000
2800000
2752000
2706000
2661000
2618000
2576000
2535000
2496000
2482000
2510000
2559000
2664000
2735000
2709000
2667000
2623000
2581000
2654000
2885000
2878000
2916000
3133000
3270000
3441000
3565000
3518000
3487000
3503000
3443000
3372000
3303000
3237000
3174000
3115000
3056000
3049000
3131000
3094000
3037000
2981000
2927000
2875000
2824000
2775000
2728000
2683000
2639000
2597000
2555000
2516000
2500000
2510000
2479000
2452000
2436000
2403000
2368000
2334000
2301000
2270000
2269000
2310000
2475000
2858000
2876000
2831000
2782000
2735000
2706000
2709000
2688000
2647000
2619000
2610000
2573000
2533000
2494000
2456000
2419000
2384000
2349000
2315000
2282000
2251000
2220000
2190000
2160000
2132000
2104000
2077000
2079000
2169000
2160000
2133000
2110000
2102000
2088000
2088000
2068000
2042000
2017000
1992000
1968000
1944000
1921000
1898000
1876000
1855000
1877000
2031000
2101000
2087000
2079000
2123000
2107000
2081000
2055000
2029000
2004000
1979000
1955000
1932000
1909000
1887000
1865000
1844000
1823000
1803000
1783000
1763000
1744000
1726000
1707000
1690000
1727000
1932000
2081000
2081000
2056000
2031000
2005000
1981000
1957000
1933000
1910000
1888000
1866000
1845000
1824000
1804000
1784000
1764000
1747000
1732000
1715000
1707000
1721000
1708000
1690000
1673000
1656000
1639000
1632000
1645000
1633000
1618000
1602000
1586000
1570000
1555000
1541000
1526000
1512000
1498000
1484000
1471000
1457000
1444000
1431000
1419000
1407000
1394000
1383000
1396000
1521000
1529000
1517000
1503000
1489000
1475000
1462000
1449000
1436000
1423000
1411000
1411000
1487000
1488000
1476000
1463000
1450000
1437000
1424000
1412000
1404000
1392000
1380000
1369000
1357000
1346000
1335000
1324000
1313000
1303000
1292000
1282000
1285000
1348000
1374000
1375000
1409000
1404000
1393000
1381000
1369000
1358000
1347000
1335000
1325000
1314000
1303000
1293000
1283000
1272000
1263000
1253000
1247000
1260000
1254000
1245000
1236000
1231000
1266000
1376000
1384000
1374000
1363000
1358000
1375000
1368000
1357000
1345000
1334000
1323000
1313000
1302000
1292000
1281000
1271000
1261000
1252000
1260000
1361000
1465000
1470000
1458000
1445000
1433000
1420000
1408000
1396000
1384000
1372000
1360000
1364000
1618000
2294000
2373000
2349000
2315000
2283000
2251000
2220000
2190000
2160000
2132000
2104000
2077000
2051000
2025000
2e+06
1975000
1951000
1928000
1905000
1883000
1862000
1840000
1820000
1799000
1780000
1760000
1741000
1723000
1704000
1687000
1669000
1652000
1635000
1619000
1603000
1587000
1572000
1557000
1542000
1527000
1513000
1499000
1485000
1472000
1458000
1445000
1433000
1420000
1408000
1396000
1384000
1372000
1360000
1349000
1338000
1327000
1316000
1306000
1295000
1285000
1275000
1265000
1255000
1245000
1236000
1226000
1217000
1208000
1201000
1214000
1279000
1281000
1273000
1263000
1253000
1261000
1354000
1391000
1386000
1418000
1592000
1607000
1603000
1649000
1815000
2078000
2099000
2095000
2143000
2128000
2101000
2119000
2279000
2278000
2250000
2219000
2189000
2159000
2131000
2103000
2082000
2123000
2278000
2338000
2582000
3149000
3823000
4225000
4644000
4594000
4473000
4352000
4237000
4128000
4024000
3926000
3832000
3743000
3658000
3576000
3834000
4325000
4304000
4199000
4092000
3991000
3894000
3802000
3750000
3721000
3646000
3759000
3994000
4072000
4168000
4093000
3994000
3897000
3804000
3716000
3632000
3552000
3574000
3736000
3806000
3755000
3887000
4210000
4256000
4167000
4063000
3962000
3867000
3776000
3718000
3677000
3602000
3524000
3448000
3376000
3479000
3751000
3721000
3642000
3561000
3484000
3410000
3351000
3319000
3258000
3194000
3132000
3173000
3464000
3496000
3435000
3364000
3295000
3229000
3202000
3264000
3259000
3203000
3141000
3081000
3023000
2967000
2913000
2862000
2812000
2763000
2871000
3244000
3249000
3190000
3128000
3069000
3011000
2956000
2976000
3125000
3099000
3043000
2987000
2932000
2880000
2829000
2893000
3455000
4042000
4045000
3954000
3859000
3775000
3925000
4355000
4570000
4492000
4373000
4257000
4147000
4042000
3943000
3848000
3758000
3672000
3590000
3512000
3452000
3437000
3382000
3315000
3267000
3260000
3205000
3143000
3083000
3025000
2969000
2915000
2864000
2814000
2765000
2761000
2819000
2788000
2817000
2968000
2964000
2940000
3098000
3663000
3795000
3736000
3653000
3571000
3494000
3458000
3487000
3444000
3375000
3306000
3239000
3176000
3114000
3055000
2998000
2943000
2890000
2847000
2818000
2773000
2727000
2721000
2909000
3476000
4216000
4914000
5073000
4990000
4933000
4923000
4798000
4672000
4597000
4634000
4719000
4618000
4611000
4737000
4642000
4515000
4470000
4517000
4437000
4322000
4209000
4173000
4198000
4112000
4011000
3913000
3820000
3731000
3646000
3565000
3488000
3414000
3429000
3677000
3853000
3911000
4229000
4757000
4800000
4683000
4551000
4425000
4306000
4283000
4583000
5052000
5083000
5154000
5373000
5270000
5136000
4981000
4831000
4689000
4556000
4430000
4311000
4198000
4091000
3989000
3892000
3800000
3712000
3628000
3548000
3472000
3398000
3328000
3261000
3196000
3133000
3074000
3016000
2961000
2907000
2856000
2806000
2758000
2768000
2862000
2835000
2855000
3010000
3059000
3017000
2962000
2909000
2857000
2807000
2759000
2713000
2668000
2624000
2673000
2851000
2837000
2791000
2744000
2698000
2653000
2610000
2569000
2528000
2489000
2452000
2415000
2379000
2345000
2311000
2278000
2247000
2216000
2186000
2157000
2128000
2101000
2074000
2047000
2024000
2010000
1994000
1971000
1948000
1924000
1902000
1880000
1858000
1837000
1816000
1796000
1776000
1757000
1738000
1720000
1702000
1728000
1856000
1859000
1840000
1819000
1799000
1779000
1760000
1819000
2259000
2722000
2753000
2713000
2668000
2625000
2583000
2542000
2528000
2645000
2908000
3047000
3180000
3613000
3752000
3697000
3616000
3536000
3599000
3754000
3706000
3626000
3546000
3469000
3396000
3339000
3811000
4707000
4730000
4608000
4479000
4358000
4408000
4626000
4550000
4429000
4310000
4197000
4090000
3988000
3937000
3920000
3839000
3750000
3731000
3934000
4282000
4429000
4464000
4585000
4495000
4376000
4260000
4150000
4045000
3946000
3851000
3761000
3675000
3593000
3514000
3439000
3367000
3298000
3231000
3168000
3107000
3048000
2999000
2965000
2994000
3161000
3136000
3080000
3022000
2966000
2920000
2908000
2976000
3105000
3083000
3050000
2997000
2943000
2920000
2948000
2958000
3042000
3008000
2955000
2901000
2850000
2800000
2753000
2706000
2662000
2618000
2577000
2536000
2497000
2467000
2448000
2414000
2379000
2344000
2311000
2278000
2246000
2215000
2202000
2364000
2626000
2668000
2634000
2592000
2551000
2512000
2473000
2436000
2400000
2364000
2330000
2304000
2292000
2277000
2248000
2218000
2187000
2158000
2130000
2102000
2223000
2726000
3069000
3070000
3017000
2962000
2908000
2857000
2872000
2996000
2982000
2932000
2941000
3055000
3031000
2978000
2924000
2872000
2822000
2773000
2726000
2681000
2637000
2594000
2553000
2514000
2475000
2438000
2401000
2366000
2332000
2299000
2266000
2235000
2204000
2175000
2146000
2118000
2226000
2573000
2594000
2559000
2530000
2514000
2479000
2442000
2406000
2370000
2336000
2303000
2270000
2239000
2208000
2178000
2152000
2137000
2111000
2084000
2058000
2032000
2006000
1982000
1982000
2054000
2044000
2025000
2030000
2062000
2120000
2114000
2089000
2062000
2036000
2011000
1986000
1962000
1938000
1915000
1893000
1879000
1884000
1867000
1846000
1862000
1999000
2108000
2206000
2195000
2167000
2139000
2111000
2083000
2057000
2031000
2006000
1981000
1957000
1934000
1911000
1889000
1867000
1845000
1825000
1846000
2044000
2303000
2316000
2287000
2255000
2224000
2194000
2164000
2136000
2108000
2081000
2054000
2028000
2003000
1979000
1955000
1931000
1908000
1886000
1864000
1859000
1962000
2244000
2262000
2236000
2205000
2175000
2146000
2118000
2091000
2064000
2038000
2013000
1988000
1964000
1940000
1917000
1895000
1873000
1851000
1830000
1810000
1805000
1837000
1824000
1805000
1785000
1765000
1746000
1728000
1709000
1691000
1674000
1657000
1640000
1640000
1672000
1664000
1650000
1633000
1617000
1601000
1585000
1570000
1555000
1540000
1525000
1511000
1497000
1483000
1470000
1457000
1444000
1431000
1418000
1406000
1400000
1420000
1413000
1402000
1390000
1378000
1372000
1402000
1439000
1543000
1683000
1908000
2336000
2375000
2346000
2313000
2280000
2248000
2217000
2187000
2158000
2130000
2102000
2075000
2049000
2023000
1998000
1974000
1950000
1926000
1904000
1882000
1860000
1839000
1818000
1798000
1778000
1759000
1740000
1721000
1703000
1685000
1668000
1651000
1696000
1896000
1951000
1937000
1915000
1893000
1871000
1951000
2316000
2352000
2335000
2303000
2271000
2240000
2209000
2179000
2150000
2122000
2094000
2074000
2097000
2167000
2153000
2126000
2099000
2072000
2045000
2020000
1995000
1971000
1947000
1924000
1901000
1879000
1857000
1836000
1852000
2070000
2435000
2505000
2485000
2466000
2489000
2509000
2479000
2442000
2406000
2435000
2749000
3335000
3453000
3403000
3334000
3266000
3201000
3139000
3085000
3051000
3022000
2978000
2925000
2873000
2823000
2774000
2727000
2682000
2638000
2596000
2628000
2759000
2741000
2697000
2653000
2610000
2568000
2528000
2489000
2574000
2821000
2819000
2775000
2728000
2682000
2638000
2596000
2555000
2517000
2478000
2441000
2404000
2369000
2335000
2382000
2515000
2504000
2468000
2431000
2426000
2459000
2465000
2485000
2513000
2593000
2571000
2532000
2493000
2455000
2423000
2422000
2445000
2428000
2394000
2359000
2325000
2292000
2260000
2229000
2212000
2251000
2261000
2235000
2205000
2176000
2167000
2229000
2213000
2186000
2165000
2137000
2109000
2082000
2056000
2030000
2005000
1982000
1959000
1935000
1915000
1910000
1925000
1908000
1932000
2088000
2090000
2066000
2040000
2015000
1990000
1999000
2109000
2121000
2170000
2169000
2181000
2353000
2707000
2809000
2781000
2735000
2689000
2649000
2613000
2573000
2533000
2494000
2456000
2419000
2383000
2348000
2315000
2282000
2250000
2219000
2189000
2160000
2131000
2103000
2076000
2050000
2024000
1999000
1975000
1951000
1932000
1927000
1907000
1885000
1863000
1842000
1821000
1806000
1838000
1946000
1943000
1922000
1899000
1877000
1856000
1843000
1873000
1926000
1916000
1894000
1872000
1875000
1942000
1934000
1919000
1923000
1905000
1883000
1861000
1840000
1820000
1799000
1779000
1760000
1741000
1723000
1704000
1687000
1669000
1652000
1635000
1619000
1603000
1587000
1586000
1649000
1771000
1874000
1967000
1961000
1939000
1916000
1893000
1871000
1850000
1829000
1809000
1806000
1847000
1836000
1816000
1796000
1776000
1757000
1738000
1719000
1701000
1684000
1666000
1649000
1633000
1616000
1629000
1699000
1696000
1679000
1662000
1645000
1628000
1612000
1596000
1581000
1565000
1550000
1580000
1696000
1700000
1684000
1667000
1650000
1633000
1649000
1767000
1901000
1951000
1938000
1933000
1984000
2005000
1987000
1963000
1940000
1917000
1894000
1872000
1851000
1830000
1809000
1789000
1770000
1751000
1732000
1713000
1696000
1699000
1750000
1742000
1725000
1707000
1689000
1671000
1654000
1637000
1621000
1605000
1589000
1574000
1559000
1544000
1559000
1673000
1805000
1810000
1828000
1944000
1969000
1979000
2088000
2529000
3267000
3334000
3278000
3213000
3150000
3089000
3063000
3097000
3053000
2998000
2943000
2890000
2839000
2790000
2743000
2697000
2652000
2609000
2568000
2528000
2489000
2451000
2414000
2458000
2610000
2643000
2626000
2634000
2873000
3567000
3879000
3845000
3942000
4284000
4473000
4592000
4969000
5075000
4955000
4809000
4669000
4537000
4412000
4294000
4182000
4591000
5465000
5445000
5279000
5111000
4952000
4804000
4664000
4532000
4407000
4289000
4180000
4149000
4493000
5142000
5119000
4974000
4824000
4683000
4550000
4424000
4305000
4193000
4086000
3984000
3888000
3830000
3796000
3835000
3964000
3972000
3937000
3852000
3848000
3944000
4280000
5111000
5739000
5926000
5943000
6433000
6942000
7132000
