1031000
1042000
1031000
1016000
999200
981100
962600
944500
927000
910200
893900
878300
863200
848600
834500
820800
807600
1205000
1346000
1382000
1400000
1409000
1612000
1625000
1778000
3426000
3643000
3621000
3564000
3410000
3520000
3399000
3230000
3300000
3217000
3290000
5454000
7663000
7412000
6935000
6409000
6034000
5439000
4911000
5448000
5159000
5174000
4884000
4539000
4203000
3886000
3601000
3351000
3238000
3063000
2897000
2747000
2607000
2477000
2358000
2251000
2153000
2286000
2244000
2178000
2112000
2038000
1960000
1886000
1817000
1809000
2009000
2325000
2476000
2467000
2419000
2342000
2247000
2151000
2061000
1979000
2e+06
1949000
1888000
1831000
1771000
1711000
1654000
1723000
1697000
1658000
1619000
1575000
1528000
1482000
1439000
1399000
1361000
1325000
1300000
1270000
1239000
1211000
1183000
1155000
1129000
1104000
1080000
1058000
1036000
1015000
994600
975300
956700
938700
1750000
1904000
1943000
1964000
1934000
1871000
1803000
1740000
1865000
2130000
2142000
2113000
2070000
2005000
1930000
1858000
1791000
1728000
1670000
1616000
1565000
1537000
1507000
1468000
1430000
1393000
1356000
1320000
1286000
1254000
1223000
1194000
1166000
1139000
1114000
1090000
1143000
1697000
1797000
2041000
2088000
2065000
2015000
1949000
1878000
1809000
1746000
1686000
1631000
1579000
1531000
1485000
1881000
1927000
1914000
1894000
1849000
1787000
1725000
1667000
1613000
1563000
1515000
1470000
1428000
1388000
1351000
1315000
1281000
1249000
1219000
1190000
1162000
1136000
1111000
1087000
1063000
1041000
1020000
999800
980200
961400
943300
937000
928900
1011000
1019000
1013000
1005000
990500
972400
953900
936100
918900
902400
886500
871100
856200
841800
828000
814500
801500
788900
826100
913400
927100
928000
924100
912800
897500
881800
866500
851800
837600
823900
810600
797700
785200
833900
1313000
1412000
1444000
1462000
1447000
1412000
1458000
1439000
1411000
1382000
1349000
1315000
1281000
1249000
1219000
1190000
1162000
1136000
1110000
1086000
1063000
1091000
1082000
1066000
1049000
1030000
1010000
990400
971200
952700
934900
917800
901300
885400
870100
904100
1429000
2225000
2381000
4412000
4947000
4860000
4686000
4412000
4081000
3765000
3492000
3258000
3053000
2873000
2714000
2572000
2444000
2328000
2223000
2127000
2040000
1959000
1884000
1815000
1751000
1692000
1636000
1584000
1535000
1492000
1906000
2421000
2490000
2485000
2444000
2360000
2258000
2159000
2135000
2103000
2037000
1970000
1903000
1835000
1770000
1709000
1652000
1599000
1550000
1503000
1533000
1646000
1640000
1615000
1585000
1545000
1500000
1456000
1415000
1376000
1339000
1304000
1271000
1239000
2118000
4603000
4869000
4807000
4675000
4394000
4052000
3736000
3468000
3236000
3034000
2857000
2944000
2843000
2721000
2607000
2489000
2545000
2465000
2372000
2283000
2192000
2101000
2015000
1936000
1864000
1828000
1774000
1718000
1664000
1613000
1574000
1529000
2191000
2282000
2277000
2258000
2259000
2185000
2101000
2023000
2196000
2210000
2161000
2105000
2038000
1962000
1888000
1819000
1769000
1771000
1727000
1679000
1632000
1584000
1536000
1490000
1654000
1655000
1630000
1603000
1564000
1519000
1518000
2287000
2399000
2589000
3403000
3457000
3367000
3253000
3096000
2921000
2756000
2610000
2478000
2359000
2251000
2153000
2063000
1981000
1904000
1834000
1769000
1708000
1651000
1598000
1548000
1502000
1458000
1416000
1523000
1517000
1492000
1466000
1432000
3328000
3593000
3591000
4194000
8678000
8659000
7966000
7357000
6612000
6292000
6516000
6014000
5508000
5061000
4626000
4226000
3883000
3593000
3345000
3129000
2940000
4552000
5129000
4997000
5958000
5804000
5396000
4997000
4593000
4206000
4832000
4644000
4368000
4119000
3848000
3575000
3329000
3116000
2928000
2763000
2615000
3468000
3493000
3392000
3286000
3132000
2955000
2786000
2636000
2502000
2381000
2271000
2171000
2372000
2341000
2276000
2210000
2131000
2047000
1965000
1890000
1821000
1757000
1697000
1641000
1588000
1539000
1493000
1449000
1408000
1370000
1333000
1299000
1266000
1234000
1205000
1176000
1149000
1123000
1099000
1075000
1053000
1363000
1414000
1420000
1419000
1398000
1364000
1327000
1293000
1260000
1229000
1200000
1172000
1145000
1119000
1095000
1071000
1049000
1027000
1007000
986900
967800
949500
931900
914800
898500
882700
867400
1090000
1397000
1461000
1482000
1484000
1458000
1420000
1381000
1344000
1308000
1275000
1243000
1213000
1211000
1189000
1165000
1142000
1118000
1094000
1071000
1048000
1027000
1006000
990900
973000
955100
937800
920900
904300
888300
872900
857900
843500
829600
816100
803000
790400
778100
766300
754800
743600
732700
722200
712000
702000
692400
683000
673800
664900
656200
647800
639500
631500
623700
616000
608600
601300
594200
587300
580500
573900
567400
561100
554900
548900
542900
537200
531500
525900
520500
515200
510000
504900
499800
494900
806800
901000
934200
956900
959100
946200
928900
912000
895800
880000
864900
850200
836100
822400
809100
796300
783800
984500
1065000
1084000
1091000
1108000
1095000
1075000
1056000
1035000
1014000
994200
974900
956300
938400
921100
904500
888500
873000
858100
847500
836100
854200
848800
839300
829300
817500
838200
896700
902300
899000
892400
880700
866300
851600
837400
823600
810300
797500
785000
772900
761200
749800
830100
840700
839400
836300
827600
815300
802200
789600
777400
765500
754100
742900
994200
1324000
1399000
1428000
1435000
1414000
1378000
1564000
1575000
1558000
1536000
1503000
1782000
3353000
3588000
3582000
3531000
3381000
3181000
2986000
2958000
4652000
5081000
4940000
4741000
4457000
4119000
3798000
3520000
3282000
3074000
2892000
2731000
2586000
2457000
2582000
2688000
3928000
4014000
3911000
3780000
4933000
5020000
4774000
4524000
4231000
3915000
3623000
3370000
3152000
2960000
2791000
2641000
2506000
2519000
2550000
2814000
3138000
3123000
3035000
2922000
2783000
2638000
3509000
3534000
3430000
4265000
4751000
5223000
6013000
5783000
5401000
5431000
5050000
4638000
4279000
3952000
3657000
3400000
3177000
2983000
3212000
3120000
2989000
2864000
2728000
2589000
2460000
2342000
2236000
2139000
2051000
1969000
1894000
1824000
1759000
1779000
1738000
1690000
1688000
1648000
1603000
1558000
1513000
1469000
1428000
1521000
1522000
2728000
2912000
2918000
2896000
2801000
2664000
2617000
2561000
2461000
2362000
2351000
2271000
2184000
2102000
2021000
1943000
1869000
1801000
1738000
1680000
1625000
1573000
1525000
1480000
1437000
1397000
1359000
1323000
1436000
1434000
1414000
1393000
1378000
1354000
1368000
1351000
1324000
1297000
1267000
1236000
1207000
1178000
1151000
1125000
1100000
1077000
1262000
1423000
1447000
1449000
1574000
1573000
1545000
1515000
1478000
1437000
1397000
1359000
1323000
1289000
1256000
1225000
1196000
1168000
1142000
1116000
1092000
1068000
1046000
1025000
1004000
984400
1246000
1619000
1692000
1713000
1709000
1674000
1623000
1572000
1524000
1479000
1436000
1396000
1358000
1322000
1288000
1255000
1225000
1195000
1167000
1141000
1115000
1109000
1089000
1069000
1048000
1028000
1007000
987600
990100
976600
960900
945400
929100
912400
896100
880400
865200
850600
836400
822700
809400
796600
784100
772100
760400
749100
738100
727400
717000
835000
855200
858400
858900
851500
838800
825000
811700
798800
786300
774200
762400
855100
868300
867800
865200
856300
843200
829200
815800
802700
790100
777800
766000
754500
743300
732500
722000
711700
701800
692100
682700
673600
711800
752400
757900
828000
840300
838900
833800
824100
811600
798700
786200
774100
762300
750900
739900
729100
718700
708600
698700
689100
679800
670800
661900
653300
645000
661400
853900
894300
908000
915800
910400
934800
927900
916300
904300
890500
875400
860400
845900
831900
818300
805200
792500
780200
768200
868600
1088000
1134000
1150000
1154000
1140000
1118000
1093000
1070000
1047000
1026000
1005000
985500
1077000
4038000
4435000
4430000
4382000
4171000
3872000
3583000
3336000
3122000
2934000
2768000
2620000
2487000
2367000
2259000
2160000
2069000
1986000
1910000
1839000
1773000
1712000
1655000
1602000
1552000
1505000
1461000
1419000
1380000
1343000
1308000
1274000
1242000
1212000
1184000
1156000
1130000
1105000
1081000
1058000
1037000
1016000
995300
976000
957300
939400
922100
905500
889400
873900
858900
844500
830500
817000
803900
791200
779000
767100
755500
744300
733500
722900
712700
702700
693000
683600
674400
665500
656800
648400
726000
738400
739500
738800
732800
723300
881700
976100
997600
1007000
1478000
1565000
1582000
1672000
2041000
3283000
3452000
3431000
3732000
3634000
3447000
3263000
3962000
3899000
3729000
3567000
3371000
3163000
2970000
2800000
2649000
2586000
3157000
3153000
3743000
5829000
11670000
12400000
16720000
14300000
1.2e+07
10180000
8524000
7162000
6158000
5426000
4859000
4406000
4033000
3720000
3454000
5610000
5612000
5329000
5064000
4705000
4309000
3953000
3652000
3572000
3374000
3180000
4096000
4144000
4724000
4630000
4393000
4130000
3846000
3571000
3325000
3112000
2925000
3221000
3547000
3529000
3414000
4634000
5010000
4829000
4600000
4319000
4001000
3698000
3435000
3313000
3130000
2956000
2800000
2655000
2520000
3356000
3389000
3298000
3200000
3056000
2887000
2726000
2605000
2480000
2364000
2259000
2161000
2805000
3010000
2978000
2915000
2811000
2676000
2540000
2629000
2654000
2575000
2486000
2391000
2288000
2188000
2095000
2010000
1932000
1859000
1792000
2681000
2787000
2764000
2726000
2635000
2512000
2390000
2279000
2637000
2624000
2553000
2481000
2387000
2283000
2182000
2089000
2705000
5393000
5564000
5387000
5171000
4812000
4400000
5758000
6961000
6640000
6200000
5734000
5207000
4704000
4279000
3927000
3631000
3377000
3157000
2965000
2795000
2645000
2509000
2388000
2277000
2241000
2161000
2079000
2003000
1929000
1857000
1790000
1728000
1670000
1616000
1565000
1587000
1556000
1519000
1822000
1871000
1905000
1890000
3316000
4008000
4026000
3952000
3793000
3563000
3326000
3256000
3132000
2975000
2827000
2686000
2550000
2425000
2311000
2208000
2113000
2027000
1947000
1873000
1805000
1742000
1683000
1795000
2733000
4621000
8786000
9811000
9200000
8554000
8278000
7332000
6452000
5774000
5421000
5704000
5333000
9098000
6097000
5248000
4815000
5251000
4388000
4039000
3789000
3562000
6925000
4098000
3460000
3223000
2853000
2563000
2397000
2286000
2184000
2092000
2007000
1929000
2089000
2535000
2704000
2971000
4958000
5401000
5238000
5008000
4682000
4306000
3954000
4146000
5909000
6215000
5910000
7205000
6831000
6326000
5799000
5266000
4767000
4336000
3976000
3672000
3413000
3188000
2992000
2820000
2666000
2529000
2405000
2293000
2191000
2098000
2013000
1934000
1861000
1794000
1731000
1673000
1619000
1568000
1520000
1475000
1432000
1392000
1435000
1417000
1389000
1656000
1828000
1841000
1829000
1797000
1746000
1688000
1633000
1581000
1532000
1487000
1443000
1731000
1760000
1744000
1723000
1684000
1632000
1581000
1532000
1486000
1443000
1403000
1364000
1328000
1293000
1261000
1230000
1200000
1172000
1145000
1120000
1095000
1072000
1049000
1028000
1007000
987200
968100
949800
932100
915100
898700
882900
867600
852900
838600
824800
811500
798600
786100
774000
762200
750900
920600
951800
958700
961800
953600
938000
920800
904200
1434000
3122000
3394000
3434000
3414000
3282000
3093000
2909000
2745000
2780000
3646000
4314000
4386000
6339000
7403000
7013000
6506000
5962000
5376000
6062000
5698000
5257000
4879000
4494000
4122000
3795000
3640000
9006000
8781000
8045000
7458000
6700000
5902000
6708000
6258000
5730000
5285000
4836000
4406000
4033000
3720000
3687000
3489000
3288000
3107000
3239000
4234000
5033000
4944000
5694000
5495000
5118000
4745000
4369000
4015000
3705000
3441000
3213000
3014000
2839000
2683000
2544000
2419000
2306000
2203000
2109000
2022000
1943000
1870000
1802000
1739000
2108000
2134000
2104000
2068000
2009000
1936000
1888000
1935000
2286000
2306000
2323000
2285000
2214000
2130000
2222000
2174000
2440000
2434000
2375000
2307000
2222000
2131000
2043000
1962000
1887000
1818000
1754000
1694000
1638000
1586000
1538000
1492000
1449000
1408000
1369000
1333000
1298000
1265000
1234000
1297000
1911000
2122000
2156000
2157000
2115000
2041000
1962000
1887000
1818000
1754000
1694000
1638000
1586000
1543000
1498000
1455000
1415000
1376000
1339000
1304000
1271000
2168000
3516000
3697000
3693000
3617000
3443000
3229000
3028000
3303000
3257000
3127000
2998000
3392000
3339000
3205000
3073000
2923000
2766000
2618000
2486000
2366000
2258000
2159000
2069000
1986000
1909000
1838000
1773000
1711000
1654000
1601000
1551000
1504000
1460000
1419000
1379000
1342000
1307000
2032000
2148000
2160000
2156000
2154000
2086000
2008000
1935000
1865000
1798000
1735000
1677000
1622000
1571000
1523000
1478000
1435000
1395000
1357000
1321000
1287000
1255000
1224000
1195000
1256000
1249000
1231000
1225000
1267000
1399000
1424000
1417000
1400000
1373000
1338000
1304000
1270000
1239000
1209000
1180000
1153000
1127000
1102000
1079000
1056000
1231000
1428000
1709000
1764000
1768000
1748000
1704000
1651000
1598000
1548000
1501000
1457000
1416000
1377000
1340000
1305000
1272000
1240000
1210000
1181000
1367000
2053000
2172000
2194000
2189000
2135000
2054000
1972000
1897000
1827000
1762000
1702000
1645000
1593000
1543000
1497000
1453000
1412000
1373000
1336000
1302000
1294000
1972000
2082000
2095000
2093000
2046000
1973000
1898000
1828000
1763000
1702000
1646000
1593000
1544000
1497000
1454000
1413000
1374000
1337000
1302000
1269000
1237000
1208000
1179000
1152000
1126000
1101000
1078000
1055000
1033000
1012000
992100
972900
954300
936500
953300
944500
935100
922900
908600
893200
877800
862700
848100
834000
820400
807200
794500
782100
770100
758500
747200
736200
725600
715300
705200
695500
686000
676800
667800
659000
650500
680200
723300
843900
1096000
1423000
3127000
3407000
3434000
3407000
3275000
3088000
2904000
2741000
2596000
2466000
2348000
2241000
2144000
2055000
1973000
1897000
1827000
1762000
1702000
1646000
1593000
1543000
1497000
1453000
1412000
1373000
1337000
1302000
1269000
1237000
1207000
1179000
1152000
1504000
1671000
1697000
1700000
1678000
1634000
1583000
2796000
2966000
3011000
2992000
2895000
2754000
2610000
2479000
2360000
2252000
2154000
2064000
2033000
2230000
2210000
2158000
2101000
2031000
1954000
1880000
1811000
1748000
1688000
1633000
1581000
1532000
1486000
1443000
1403000
1675000
2946000
3350000
3413000
3382000
3422000
3500000
3353000
3188000
3029000
2867000
3268000
6570000
7263000
6916000
6509000
5972000
5367000
4823000
4376000
4048000
3825000
3600000
3375000
3172000
2986000
2817000
2664000
2527000
2403000
2291000
2190000
2578000
2577000
2514000
2448000
2359000
2257000
2158000
2068000
1985000
2746000
2818000
2777000
2725000
2628000
2504000
2383000
2273000
2173000
2081000
1997000
1920000
1848000
1782000
1720000
2079000
2105000
2075000
2040000
1983000
2084000
2063000
2164000
2147000
2451000
2451000
2394000
2327000
2243000
2149000
2079000
2151000
2134000
2077000
2016000
1949000
1879000
1811000
1747000
1688000
1732000
1768000
1739000
1701000
1658000
1610000
1734000
1722000
1688000
1665000
1623000
1576000
1529000
1484000
1441000
1401000
1362000
1326000
1292000
1259000
1228000
1264000
1250000
1229000
1574000
1626000
1625000
1617000
1586000
1541000
1495000
1710000
1721000
1879000
1912000
1952000
2068000
3381000
3966000
3971000
3887000
3723000
3498000
3268000
3062000
2881000
2721000
2578000
2449000
2333000
2228000
2131000
2043000
1962000
1888000
1818000
1754000
1694000
1638000
1586000
1537000
1491000
1448000
1407000
1368000
1332000
1297000
1264000
1233000
1203000
1175000
1148000
1122000
1098000
1262000
1281000
1275000
1265000
1244000
1216000
1187000
1186000
1303000
1310000
1298000
1283000
1259000
1373000
1374000
1357000
1374000
1355000
1326000
1296000
1265000
1234000
1205000
1176000
1149000
1123000
1099000
1075000
1052000
1031000
1010000
990100
970900
952400
934700
917600
925300
1126000
1329000
1621000
1683000
1693000
1678000
1639000
1590000
1541000
1495000
1451000
1410000
1382000
1347000
1313000
1281000
1250000
1219000
1190000
1163000
1136000
1111000
1087000
1064000
1042000
1020000
999900
1080000
1084000
1074000
1063000
1047000
1027000
1006000
986200
967200
948900
931200
914300
1079000
1105000
1106000
1103000
1089000
1068000
1046000
1183000
1490000
1679000
1717000
1720000
1844000
1925000
1900000
1861000
1813000
1756000
1697000
1641000
1589000
1540000
1494000
1450000
1409000
1370000
1334000
1299000
1266000
1235000
1253000
1235000
1212000
1189000
1164000
1138000
1113000
1089000
1066000
1043000
1022000
1002000
982100
963200
945000
1018000
1314000
1373000
1388000
1722000
1844000
1858000
2117000
4846000
8015000
7915000
7437000
6890000
6190000
5495000
4915000
4791000
4446000
4117000
3833000
3570000
3329000
3116000
2929000
2763000
2616000
2483000
2364000
2256000
2157000
2067000
1984000
1908000
2200000
2317000
2341000
2306000
2572000
4705000
6848000
6759000
6431000
7928000
9084000
8304000
10180000
10510000
9329000
8244000
7267000
6360000
5596000
4993000
4514000
4123000
8393000
8170000
7509000
6969000
6295000
5589000
4988000
4510000
4119000
3793000
3516000
3278000
3387000
5818000
5912000
5636000
5352000
4957000
4521000
4129000
3802000
3524000
3285000
3077000
2894000
2732000
2695000
2583000
2971000
3065000
3136000
3062000
2943000
3204000
3348000
5823000
8262000
10040000
9328000
9743000
13460000
11850000
