1011000
1004000
995500
986500
976800
967000
957400
948000
938800
929700
920800
912100
903600
895200
887000
878900
1151000
1108000
1123000
1141000
1128000
1122000
1204000
1217000
9497000
3868000
2619000
2771000
2044000
1724000
1765000
1765000
1746000
1795000
1799000
4369000
3708000
3341000
3372000
3181000
3014000
2983000
2912000
2844000
3073000
3067000
3131000
3104000
3033000
2956000
2872000
2788000
2709000
2668000
2605000
2539000
2478000
2417000
2357000
2300000
2246000
2198000
2251000
2227000
2188000
2153000
2109000
2064000
2021000
1979000
1954000
2058000
2215000
2288000
2288000
2268000
2230000
2182000
2133000
2087000
2043000
2036000
2003000
1966000
1931000
1895000
1858000
1824000
1854000
1837000
1810000
1784000
1754000
1723000
1693000
1663000
1635000
1608000
1581000
1556000
1531000
1507000
1484000
1461000
1439000
1418000
1397000
1377000
1358000
1339000
1321000
1303000
1285000
1268000
9369000
3625000
2345000
2478000
1746000
1432000
1398000
1378000
1359000
1377000
1471000
1482000
1476000
1468000
1450000
1429000
1408000
1388000
1368000
1349000
1330000
1312000
1294000
1277000
1260000
1244000
1228000
1213000
1198000
1183000
1169000
1155000
1141000
1128000
1114000
1102000
1089000
2987000
1750000
1473000
1582000
1433000
1358000
1346000
1330000
1312000
1295000
1277000
1261000
1244000
1229000
1213000
1199000
1295000
1308000
1303000
1300000
1286000
1270000
1253000
1237000
1221000
1206000
1191000
1177000
1162000
1149000
1135000
1122000
1109000
1096000
1084000
1072000
1060000
1049000
1037000
1026000
1015000
1005000
994500
984300
974400
964600
955100
945700
936500
927500
918700
910000
901500
893200
885000
876900
869000
861300
853700
846200
838800
831600
824500
817500
810600
803900
797200
790700
784300
778000
771700
765600
759600
753700
747800
742100
736400
730900
725400
720000
714600
709400
5566000
2133000
1373000
1459000
1026000
843900
828600
821600
814600
807800
801100
794500
788000
781700
775400
769200
763100
757100
751200
745400
739700
734100
728600
723100
717700
712400
707200
702100
697000
692000
687100
682200
677500
672700
668100
663500
2511000
4748000
2052000
19520000
6463000
3256000
3435000
1810000
1143000
1101000
1089000
1076000
1065000
1053000
1042000
1030000
1020000
1009000
998400
988200
978200
968300
958700
949300
940000
930900
922000
913300
904800
896300
888600
930800
1040000
1063000
1070000
1073000
1066000
1054000
1043000
1042000
1044000
1037000
1028000
1019000
1009000
998500
988200
978200
968400
958800
949500
954900
994400
998100
994800
991000
982700
972800
963100
953600
944200
935100
926100
917300
1874000
14920000
5279000
3201000
3376000
2139000
1623000
1575000
1549000
1525000
1501000
1478000
1457000
1499000
1493000
1478000
1463000
1445000
1477000
1469000
1453000
1438000
1419000
1399000
1379000
1359000
1340000
1333000
1318000
1302000
1286000
1270000
1258000
1248000
1502000
1553000
1559000
1569000
1576000
1557000
1534000
1515000
1590000
1606000
1595000
1583000
1564000
1539000
1515000
1492000
1476000
1481000
1467000
1449000
1431000
1411000
1391000
1373000
1448000
1452000
1441000
1432000
1415000
1395000
1399000
1721000
1786000
1873000
2176000
2224000
2215000
2203000
2164000
2117000
2071000
2027000
1985000
1945000
1906000
1869000
1834000
1799000
1766000
1734000
1703000
1674000
1645000
1617000
1591000
1565000
1540000
1516000
1514000
1497000
1476000
1457000
11870000
4770000
3190000
3382000
24020000
8421000
5032000
5383000
3431000
2592000
2592000
2752000
2741000
2700000
2656000
2592000
2524000
2459000
2397000
2339000
2283000
5709000
3580000
3217000
3315000
3315000
3225000
3163000
3106000
3022000
2942000
3177000
3163000
3098000
3042000
2961000
2872000
2788000
2709000
2634000
2564000
2851000
2850000
2804000
2768000
2701000
2627000
2557000
2490000
2427000
2367000
2310000
2255000
2206000
2238000
2210000
2169000
2132000
2089000
2044000
2002000
1961000
1921000
1884000
1847000
1812000
1779000
1746000
1715000
1685000
1656000
1628000
1601000
1575000
1549000
1525000
1501000
1478000
1456000
1434000
1413000
1392000
1872000
1490000
1390000
1381000
1318000
1282000
1264000
1248000
1232000
1216000
1201000
1186000
1172000
1158000
1144000
1131000
1118000
1105000
1092000
1080000
1068000
1056000
1045000
1034000
1023000
1012000
1001000
991500
1013000
1122000
1143000
1146000
1148000
1139000
1126000
1113000
1100000
1088000
1076000
1064000
1052000
1041000
1030000
1019000
1008000
997600
987400
977400
967600
958000
948600
939300
930300
921400
912700
904100
895700
887500
879400
871400
863600
856000
848500
841100
833800
826600
819600
812700
805900
799300
792700
786200
779900
773600
767500
761400
755500
749600
743800
738200
732600
727000
721600
716300
711000
705800
700700
695600
690600
685700
680900
676100
671400
666800
662200
657700
653300
648900
644600
640300
636100
631900
6263000
2194000
1299000
1394000
885300
675200
661500
657000
652600
648200
643900
639600
635400
631200
627100
623100
619100
615400
646600
665800
669000
670600
674400
671800
667800
663900
659600
655100
650700
646300
642000
637800
633600
629500
625400
621400
617400
613500
609600
605800
602000
598300
594600
591000
587500
603000
604400
602800
601500
598500
594900
591200
587600
584100
580600
577100
573700
570300
567000
563800
583300
586000
585000
584500
581800
578400
574900
571500
568200
564900
561600
558800
640900
743500
770200
784400
792100
789000
783200
840300
850400
850100
850900
846800
6076000
2618000
1861000
1972000
1528000
1331000
1305000
1288000
1698000
1777000
1857000
1894000
1880000
1853000
1821000
1787000
1754000
1723000
1693000
1663000
1635000
1608000
1582000
1630000
1759000
2078000
2141000
2148000
2155000
2505000
2596000
2585000
2572000
2526000
2463000
2401000
2342000
2287000
2233000
2182000
2134000
2089000
2095000
2119000
2241000
2384000
2396000
2376000
2343000
2293000
2249000
2609000
2652000
2638000
2987000
3205000
3420000
3748000
3756000
3691000
3764000
3678000
3560000
3452000
3337000
3224000
3119000
3020000
2934000
3037000
2996000
2927000
2865000
2789000
2710000
2635000
2564000
2497000
2434000
2373000
2316000
2261000
2209000
2160000
2141000
2102000
2061000
2048000
2014000
1975000
1939000
1902000
1865000
1830000
1876000
8967000
4234000
3171000
3286000
2645000
2343000
2277000
2255000
2236000
2195000
2153000
2150000
2115000
2074000
2035000
1994000
1954000
1915000
1877000
1841000
1807000
1773000
1741000
1710000
1680000
1651000
1623000
1596000
1571000
1570000
1551000
1529000
1508000
1486000
1466000
1471000
1459000
1441000
1424000
1404000
1384000
1364000
1345000
1327000
1309000
1291000
1275000
1314000
1379000
1385000
1381000
1436000
1435000
1421000
1409000
1391000
1371000
1352000
1333000
1315000
1297000
1280000
1263000
1247000
1231000
1215000
1200000
1185000
1171000
1157000
1143000
1130000
1117000
1156000
1293000
1319000
1323000
1325000
1312000
1295000
1278000
1261000
1245000
1229000
1213000
1198000
1183000
1169000
1155000
1141000
1128000
1115000
1102000
1090000
1078000
1066000
1054000
1043000
1031000
1020000
1010000
999300
989100
979000
969200
959500
950100
940800
931700
922800
914100
905500
897100
888800
880700
872700
864900
857200
849700
842300
835000
827800
820800
813900
807000
800400
793800
787300
780900
774700
768500
762400
756500
750600
744800
739100
733500
727900
722500
717100
711800
706600
701500
696400
691500
686500
681700
676900
672200
667600
663000
658500
654000
649600
645300
641000
636800
632700
639500
638300
635400
632600
628900
624900
620900
616900
613000
609100
605300
601500
597800
594100
590500
586900
583400
579900
576400
573000
569600
566300
563400
621900
634800
637600
641400
639600
643600
641500
638200
635000
631200
627100
623100
619100
615100
611200
607400
603600
599900
596200
600200
664800
679100
682800
686800
684500
679800
675100
670400
665800
661200
656700
652300
33980000
9923000
4598000
5165000
2167000
936900
872700
864900
857200
849700
842200
834900
827800
820700
813800
807000
800300
793700
787300
780900
774600
768500
762400
756400
750600
744800
739100
733400
727900
722500
717100
711800
706600
701500
696400
691400
686500
681700
676900
672200
667500
663000
658400
654000
649600
645200
641000
636700
632600
628500
624400
620400
616400
612500
608700
604900
601100
597400
593700
590100
586500
583000
579500
576000
572600
569200
565900
562600
559300
556100
552900
549800
546700
543600
540600
537600
534900
580600
611700
619100
624300
761500
793700
802800
836500
1898000
1451000
1361000
1402000
1405000
1380000
1368000
1361000
1536000
1564000
1561000
1560000
1543000
1519000
1495000
1472000
1450000
1450000
1627000
1657000
7118000
2.2e+07
8205000
17130000
8921000
5262000
4730000
3597000
3083000
2968000
2879000
2794000
2715000
2640000
2569000
2502000
4781000
3692000
3402000
3416000
3192000
3034000
2938000
2850000
2769000
2761000
2702000
2649000
3031000
3101000
3340000
3363000
3301000
3228000
3133000
3034000
2940000
2852000
2775000
2914000
3069000
3071000
4074000
3812000
3831000
3812000
3669000
3538000
3416000
3298000
3189000
3125000
3036000
2947000
2863000
2781000
2718000
3116000
3147000
3100000
3064000
2986000
2896000
2811000
2731000
2655000
2583000
2515000
2458000
2770000
2874000
2854000
2828000
2771000
2697000
2625000
2647000
2654000
2607000
2556000
2500000
2438000
2378000
2320000
2265000
2213000
2163000
3753000
2927000
2713000
2720000
2561000
2453000
2389000
2331000
2281000
2425000
2419000
2382000
2349000
2301000
2247000
2195000
2153000
14570000
6240000
4361000
4564000
3448000
2928000
2841000
3312000
3744000
3771000
3741000
3671000
3551000
3423000
3304000
3193000
3090000
2993000
2902000
2816000
2735000
2659000
2587000
2519000
2454000
2393000
2334000
2279000
2226000
2175000
2127000
2081000
2037000
1994000
1954000
1915000
1877000
1841000
1808000
1866000
1866000
1870000
14820000
5660000
3760000
3995000
2823000
2320000
2251000
2199000
2150000
2113000
2070000
2027000
1987000
1947000
1908000
1871000
1835000
1801000
1767000
1735000
1705000
1675000
1646000
1619000
8613000
15760000
25450000
10640000
6636000
5517000
4285000
2850000
2604000
2570000
2438000
6651000
3597000
2881000
12360000
5062000
3333000
3638000
6404000
3204000
2547000
2552000
3827000
7406000
3478000
2668000
2563000
2017000
1797000
1756000
1724000
1694000
1665000
1636000
1609000
1585000
1728000
1792000
16130000
5994000
3803000
4046000
2746000
2189000
2120000
2078000
2472000
2735000
2859000
4820000
3737000
3439000
3432000
3206000
3051000
2957000
2869000
2785000
2706000
2631000
2561000
2494000
2431000
2370000
2313000
2259000
2207000
2157000
2109000
2064000
2020000
1979000
1939000
1900000
1863000
1828000
1794000
1761000
1729000
1699000
1669000
1641000
1613000
1586000
1571000
1612000
1605000
1587000
1570000
1547000
1522000
1499000
1476000
1453000
1432000
1412000
1492000
1497000
1485000
1476000
1457000
1436000
1414000
1394000
1374000
1355000
1336000
1318000
1300000
1283000
1266000
1249000
1233000
1218000
1202000
1188000
1173000
1159000
1145000
1132000
1119000
1106000
1093000
1081000
1069000
1057000
1046000
1035000
1024000
1013000
1002000
992000
981900
972000
962300
952800
943500
934900
983600
989400
985900
983300
975600
965900
956300
1158000
14330000
5098000
3071000
3306000
2132000
1633000
1585000
1559000
1535000
1567000
1829000
2035000
6712000
3738000
3293000
3403000
2979000
2772000
2706000
2969000
2971000
2920000
2877000
2806000
2726000
2651000
17560000
7560000
5284000
5507000
4146000
3501000
3371000
3714000
3700000
3614000
3541000
3431000
3312000
3201000
3101000
3105000
3035000
2953000
2882000
2968000
3412000
3761000
3790000
4125000
4115000
4e+06
3888000
3749000
3607000
3475000
3352000
3238000
3132000
3032000
2939000
2851000
2768000
2690000
2616000
2547000
2480000
2418000
2358000
2301000
2253000
2426000
2428000
2394000
2364000
2316000
2262000
2220000
2245000
2435000
2445000
2448000
2426000
2378000
2327000
2372000
2346000
2483000
2482000
2444000
2407000
2354000
2298000
2244000
2193000
2144000
2097000
2052000
2009000
1968000
1928000
1890000
1854000
1819000
1785000
1752000
1721000
1691000
1661000
1633000
1639000
1971000
2083000
2096000
2104000
2079000
2037000
1995000
1954000
1915000
1878000
1842000
1807000
1774000
1741000
1710000
1681000
1652000
1624000
1597000
1571000
6939000
6150000
3598000
3305000
2888000
2433000
2278000
2221000
2173000
2250000
2247000
2214000
2187000
2345000
2351000
2319000
2291000
2246000
2195000
2146000
2099000
2054000
2011000
1969000
1930000
1892000
1855000
1820000
1786000
1754000
1722000
1692000
1662000
1634000
1607000
1580000
1555000
1530000
5378000
2673000
2059000
2111000
1752000
1600000
1571000
1547000
1524000
1501000
1478000
1455000
1434000
1413000
1392000
1372000
1353000
1334000
1316000
1298000
1281000
1264000
1248000
1232000
1216000
1201000
1186000
1172000
1158000
1145000
1194000
1204000
1198000
1193000
1181000
1167000
1153000
1140000
1126000
1113000
1101000
1088000
1076000
1064000
1053000
1042000
1059000
1128000
1232000
1253000
1258000
1257000
1245000
1229000
1213000
1198000
1183000
1169000
1155000
1141000
1128000
1115000
1102000
1090000
1078000
1066000
1718000
1425000
1357000
1374000
1323000
1289000
1271000
1255000
1239000
1223000
1207000
1193000
1178000
1164000
1150000
1136000
1123000
1110000
1097000
1085000
1073000
2436000
1562000
1363000
1386000
1264000
1204000
1187000
1173000
1159000
1145000
1131000
1118000
1105000
1093000
1081000
1069000
1057000
1045000
1034000
1023000
1012000
1002000
991600
981500
971700
962000
952500
943100
934000
925100
916300
907600
899200
890900
882700
874700
866900
859200
851600
844100
836800
829600
822500
815600
808800
802000
795400
788900
782500
776200
770000
763900
758000
752000
746200
740500
734900
729300
723900
718500
713200
707900
702800
698000
743000
844100
21460000
6721000
3468000
3825000
1979000
1214000
1165000
1151000
1138000
1125000
1112000
1099000
1087000
1074000
1063000
1051000
1040000
1029000
1018000
1007000
996600
986400
976500
966700
957100
947700
938500
929400
920500
911800
903300
894900
886700
944800
956200
988400
996400
992800
987200
978500
3483000
1947000
1609000
1677000
1473000
1374000
1353000
1334000
1316000
1298000
1281000
1264000
1248000
1243000
1314000
1320000
1313000
1307000
1293000
1276000
1259000
1243000
1227000
1211000
1196000
1182000
1167000
1153000
1140000
1127000
4475000
2470000
2084000
2182000
1914000
1830000
1874000
1862000
1840000
1816000
1788000
10170000
4780000
3691000
3870000
3142000
2795000
2708000
2634000
2563000
2504000
2471000
2427000
2374000
2322000
2269000
2217000
2167000
2119000
2073000
2029000
1993000
2163000
2173000
2149000
2129000
2090000
2046000
2003000
1962000
1932000
2265000
2314000
2301000
2295000
2255000
2204000
2154000
2107000
2062000
2018000
1977000
1937000
1898000
1862000
1830000
1993000
2006000
1987000
1972000
1942000
1989000
1983000
2032000
2033000
2175000
2184000
2158000
2133000
2093000
2049000
2015000
2053000
2047000
2018000
1988000
1952000
1914000
1877000
1841000
1807000
1811000
1825000
1806000
1781000
1755000
1726000
1783000
1774000
1752000
1736000
1710000
1680000
1652000
1624000
1597000
1571000
1546000
1521000
1498000
1475000
1453000
1457000
1442000
1427000
1609000
1638000
1633000
1631000
1611000
1585000
1561000
1643000
1646000
1718000
1737000
1756000
11160000
4651000
3320000
3499000
2655000
2284000
2221000
2171000
2123000
2077000
2033000
1991000
1950000
1911000
1874000
1838000
1804000
1770000
1738000
1707000
1678000
1649000
1621000
1594000
1568000
1543000
1519000
1495000
1472000
1450000
1428000
1407000
1387000
1367000
1348000
1330000
1312000
1294000
1277000
1260000
1244000
1228000
1212000
1197000
1183000
1169000
1202000
1201000
1191000
1183000
2672000
1597000
1349000
1364000
1227000
1162000
1147000
1134000
1122000
1109000
1096000
1084000
1072000
1060000
1048000
1037000
1026000
1015000
1005000
994300
984200
974200
964500
954900
945900
973100
1042000
1147000
1171000
1177000
1178000
1167000
1153000
1140000
1126000
1113000
1101000
1088000
1076000
1064000
1053000
1041000
1030000
1019000
1009000
998200
987900
977900
968100
958500
949000
939800
930700
921800
913100
904500
896100
887900
879800
871800
864000
856400
848800
841500
843600
838900
832700
826800
820100
813200
806700
841100
943800
1008000
1025000
1034000
1072000
1102000
1103000
1099000
1092000
1081000
1069000
1057000
1045000
1034000
1023000
1012000
1002000
991600
981500
971700
962000
952500
943100
934000
925100
916300
907600
899200
890900
882700
874700
866900
859200
851600
844100
836800
829600
823200
886200
898700
899700
1006000
1050000
1061000
2585000
37110000
11290000
5653000
6126000
2870000
1544000
1462000
1441000
1468000
1459000
1443000
1428000
1409000
1389000
1369000
1350000
1331000
1313000
1295000
1278000
1261000
1245000
1229000
1213000
1199000
1257000
1294000
1309000
1310000
5102000
3596000
2890000
2931000
6688000
5754000
3935000
11650000
5768000
4385000
4417000
3636000
3267000
3155000
3054000
2959000
2870000
13210000
6410000
4834000
4966000
4e+06
3517000
3376000
3261000
3153000
3052000
2957000
2868000
2787000
6760000
4651000
4136000
4172000
3789000
3543000
3412000
3293000
3183000
3080000
2984000
2893000
2808000
2729000
2696000
2639000
2835000
2890000
2923000
2896000
2842000
2975000
7038000
6319000
6253000
6152000
5762000
19100000
9699000
16260000
