481100
212300
167300
125900
117000
116900
116700
116600
116500
116300
116200
116000
115900
115800
115600
115500
8267000
3180000
1498000
461900
408700
3991000
1169000
3357000
16930000
4724000
2451000
576800
193000
2734000
1125000
617400
2288000
1109000
2515000
16930000
14550000
5089000
2007000
506100
1878000
691500
492800
7029000
2037000
3851000
1142000
655300
355400
291200
290400
289500
1181000
522300
411700
310000
287800
286900
286100
285300
284500
3422000
1108000
720900
364900
288800
288000
287100
286300
832900
4827000
6300000
3933000
1534000
669400
354500
311300
310300
309300
308400
1578000
640600
483400
338700
307300
306400
305400
2642000
918300
629800
364400
307400
306500
305600
304600
303700
302800
301900
301000
300100
299200
298300
297400
296500
295600
294800
293900
293000
292200
291300
290500
289700
288800
288000
17110000
4703000
2629000
723400
318900
317900
316900
315900
2421000
5973000
1949000
1081000
451400
327900
326800
325700
324700
323600
322600
321600
320500
319500
318500
317500
316500
315500
314500
313500
312500
311600
310600
309600
308700
307700
306800
305800
304900
13230000
3695000
6252000
1728000
905600
434600
334000
332900
331800
330700
329600
328500
327400
326400
325300
7645000
2245000
1342000
511800
335100
334000
332900
331800
330700
329600
328500
327400
326400
325300
324300
323200
322200
321100
320100
319100
318100
317100
316100
315100
314100
313100
312100
311200
310200
309200
308300
307300
306400
1085000
509500
412700
323600
304000
303100
302100
301200
300300
299400
298500
297700
296800
295900
295000
294200
293300
292400
291600
2066000
756700
537300
335600
292200
291300
290500
289600
288800
288000
287200
286300
285500
284700
283900
14580000
4038000
2275000
655100
311100
310100
751800
424700
369300
318200
306700
305700
304800
303900
303000
302100
301100
300200
299300
298500
297600
296700
295800
294900
294100
293200
292400
291500
290700
289800
289000
288100
287300
286500
285700
284900
13060000
15910000
5284000
23310000
8560000
3889000
1212000
432900
373300
371900
370500
369100
367800
366400
365100
363800
362500
361100
359900
358600
357300
356000
354800
353500
352300
351000
349800
348600
347400
346200
6376000
9873000
3266000
1602000
556500
364500
363200
361800
1251000
1359000
682800
486300
376900
357200
355900
354700
353400
352200
350900
349700
1707000
4255000
1466000
873800
437800
351300
350100
348900
347700
346500
345300
344100
342900
341700
20640000
30520000
9680000
4315000
1011000
412800
411100
409400
407800
406100
404500
402800
3836000
1301000
876400
485900
402000
3277000
1154000
797800
470500
399900
398300
396800
395200
393600
1054000
615800
494700
411900
388700
694900
465600
15200000
4268000
2439000
763800
1520000
698000
559400
431800
5299000
2446000
1281000
632100
427100
407200
405600
404000
734900
1903000
816900
603300
433500
398000
396400
394800
5650000
1771000
1122000
525500
397800
396300
1520000
17330000
4915000
5707000
1.2e+07
3566000
1947000
695700
444300
442300
440300
438400
436500
434600
432700
430900
429000
427200
425400
423600
421800
420000
418300
416500
414800
413100
411400
409700
2277000
896900
665100
451800
405400
33620000
9108000
5010000
7785000
31660000
10040000
4958000
1340000
520900
3710000
7871000
2652000
1480000
660000
500700
498200
495700
493300
490800
488400
486100
19760000
10070000
4343000
11530000
3645000
1995000
814700
525600
512800
10290000
3071000
1862000
750700
513300
510600
508100
505500
502900
500400
497900
12280000
3583000
2127000
788700
503300
500800
498300
495800
493300
490900
488500
486200
4148000
1444000
990700
573600
483400
481100
478800
476500
474300
472000
469800
467600
465400
463300
461100
459000
456900
454900
452800
450800
448700
446700
444700
442800
440800
438900
437000
435100
433200
3956000
1355000
919200
518200
431800
429900
428100
426300
424500
422700
420900
419100
417400
415700
413900
412200
410500
408900
407200
405600
403900
402300
400700
399100
397500
395900
394400
5381000
9591000
3156000
1617000
602600
411700
410000
408300
406700
405000
403400
401800
400200
398600
397000
395400
393900
392300
390800
389300
387800
386300
384800
383300
381800
380400
379000
377500
376100
374700
373300
371900
370500
369200
367800
366500
365100
363800
362500
361200
359900
358600
357300
356000
354800
353500
352300
351100
349800
348600
347400
346200
345000
343800
342600
341500
340300
339200
338000
336900
335800
334600
333500
332400
331300
330200
329100
328100
327000
325900
324900
323800
322800
321700
320700
11400000
4216000
2120000
742200
363200
338400
337200
336100
335000
333800
332700
331600
330500
329500
328400
327300
326200
5574000
3218000
1453000
670500
939500
483800
412800
347500
332800
331700
330600
329500
328400
327400
326300
325200
324200
323100
322100
321100
320000
319000
318000
317000
316000
315000
675800
2853000
1006000
663200
376900
317300
316300
315300
314300
313300
312400
311400
310400
309500
308500
307600
3163000
1057000
704700
380500
311000
310100
309100
308200
307200
306300
305400
304400
10200000
11220000
3864000
1718000
538000
337400
336300
6242000
1884000
1155000
484600
341800
8136000
24640000
7497000
3695000
956500
394200
387100
385600
2427000
20220000
8522000
3850000
1270000
488800
420000
418200
416500
414800
413100
411400
409700
408000
406400
4070000
4019000
17270000
4975000
2654000
814900
13850000
5410000
2682000
981600
494200
456300
454100
451900
449800
447800
445800
443900
441900
2428000
2898000
6378000
6832000
2619000
1279000
597500
462700
456400
14590000
4160000
2415000
11580000
8232000
8712000
10570000
3390000
1701000
4586000
1526000
1044000
600200
504300
501800
499300
496800
494300
6142000
1972000
1273000
630600
492700
490200
487900
485500
483100
480800
478500
476200
474000
471800
469500
1728000
796300
639000
1541000
736700
605700
485100
457900
455800
453800
3930000
1652000
25070000
6883000
3798000
1064000
484100
481800
1636000
1636000
861100
622600
1995000
867000
680200
508300
470100
467900
465700
463600
461400
459300
457200
455100
453100
451000
449000
447000
445000
443100
2461000
969600
718900
488400
472100
648400
1912000
956000
665800
483300
433600
428900
427000
425200
423400
421600
419900
418100
4620000
5442000
2029000
1068000
4080000
1360000
919700
514900
427700
425900
424100
422300
420600
418800
417000
415300
413600
411900
410200
408500
406900
405200
403600
402000
400400
398800
5728000
10240000
3353000
1708000
622300
418100
416300
414600
412900
411200
409500
407900
406200
404600
402900
401300
399700
398100
396600
395000
393400
391900
390400
388900
387400
385900
384400
382900
381400
380000
378600
377100
375700
374300
372900
371500
370200
368800
367400
366100
364800
363400
362100
360800
359500
358200
357000
355700
354400
353200
351900
350700
349500
348300
347100
345900
344700
343500
342300
341200
340000
2402000
878800
623400
388700
338000
336900
335700
334600
333500
332400
331300
330200
329100
328100
327000
325900
324900
323800
322800
321700
320700
319700
318700
317600
3048000
1034000
697300
387200
320700
319700
318700
317700
316600
315700
314700
313700
312700
311700
310800
309800
308800
307900
306900
306000
305100
304100
303200
8339000
2413000
1422000
511400
317700
1263000
564600
447200
339200
315500
314500
313500
312600
311600
310600
309700
308700
307800
306800
2066000
7881000
2419000
1343000
494400
322800
321700
320700
319700
318700
317600
316600
315600
1722000
4.6e+07
12380000
6636000
1468000
379200
377700
376300
374900
373500
372100
370700
369400
368000
366700
365300
364000
362700
361400
360100
358800
357500
356200
355000
353700
352500
351200
350000
348800
347600
346400
345200
344000
342800
341600
340500
339300
338200
337000
335900
334800
333700
332600
331500
330400
329300
328200
327100
326100
325000
324000
322900
321900
320800
319800
318800
317800
316800
315800
314800
313800
312800
311900
310900
309900
309000
308000
307100
306100
305200
304300
684100
402600
354800
310800
300800
299900
7419000
4375000
1872000
794100
14420000
4006000
2274000
2727000
8836000
19160000
5958000
2875000
5031000
1500000
974200
493900
10500000
3042000
1796000
649600
405500
403900
402300
400700
399100
1443000
10270000
3061000
9588000
20080000
32540000
15580000
24370000
6717000
3179000
962500
519300
516600
514000
511400
508800
506200
503600
501100
498600
23720000
6577000
3711000
1078000
518300
515600
513000
510400
2743000
1092000
813600
14410000
4971000
10380000
2993000
1608000
707700
519200
516500
513800
511200
508600
7246000
7727000
3586000
1616000
16370000
8339000
3649000
1417000
618400
526500
523700
521000
1770000
843400
686400
542000
509300
506800
15080000
4320000
2520000
866600
514300
511600
509000
506500
503900
501400
498900
496400
13180000
6229000
2882000
1145000
565000
504500
502000
3604000
2941000
1355000
800400
539000
497400
495000
492500
490100
487700
485400
483000
17490000
4937000
2837000
907600
497000
494500
492100
489700
7943000
2440000
1519000
672200
490900
488500
486200
483800
11780000
30090000
9028000
4460000
1167000
524300
521600
16520000
14410000
5274000
2261000
774700
538900
536000
533100
530300
527500
524700
522000
519300
516600
513900
511300
508700
506100
503600
501100
498600
496100
493700
491200
488800
486500
484100
481800
479500
477200
474900
472700
6437000
2458000
2483000
961400
24630000
12570000
5317000
1884000
650600
509300
506700
786900
1142000
687500
583300
509900
493900
491500
489100
486700
484300
482000
479700
477400
475100
472900
470700
2282000
18610000
24320000
31670000
15500000
6378000
3057000
5223000
1797000
1150000
648500
2618000
8080000
2659000
1559000
8512000
2586000
1621000
734300
5315000
2434000
1368000
745400
555200
4366000
1537000
1062000
625300
530600
527800
525000
522300
519600
516900
514200
2404000
10070000
5510000
6969000
23910000
9651000
4358000
1451000
613700
544200
541200
6407000
19700000
8949000
3904000
13490000
3800000
2882000
1030000
657000
580400
561600
558500
555400
552300
549300
546300
543300
540400
537500
534600
531800
529000
526200
523400
520700
518000
515300
512700
510100
507500
504900
502400
499900
497400
494900
492500
490100
487700
4095000
4693000
1841000
1028000
570300
489700
487300
484900
482600
480300
478000
475700
6804000
2133000
1351000
631900
477800
475500
473300
471100
468800
466700
464500
462300
460200
458100
456000
454000
451900
449900
447900
445900
443900
441900
440000
438100
436200
434300
432400
430500
428700
426900
425000
423200
421500
419700
417900
416200
414500
412800
411100
409400
407700
406100
6219000
1929000
1211000
551300
410100
408400
406800
405100
18850000
31290000
9793000
4490000
1095000
467600
465400
463300
461200
3158000
14080000
10810000
5050000
1.9e+07
12670000
4821000
1949000
696700
515900
11270000
3329000
2e+06
778000
517100
514500
511800
1971000
41660000
11380000
6182000
1523000
541300
538400
12460000
3657000
2183000
829100
539900
537000
534200
531300
3642000
1341000
954600
599100
5230000
15330000
12420000
4530000
10480000
2968000
1725000
753100
544800
541900
539000
536100
533200
530400
527600
524800
522100
519400
516700
514000
511400
508800
506200
503700
501200
498700
9300000
2802000
1714000
713900
500200
497700
860400
2989000
9391000
2987000
2634000
948000
632300
523100
4100000
1441000
7516000
2294000
1401000
659800
500800
498300
495800
493400
491000
488600
486200
483900
481500
479200
476900
474700
472400
470200
468000
465800
463700
461500
459400
2202000
16970000
6862000
3241000
1138000
528900
479700
477400
475100
472900
470700
468500
466300
464100
462000
459800
457700
455700
453600
451500
449500
447500
20570000
21780000
7446000
3185000
879800
492000
489500
487200
5534000
2348000
1326000
684900
8053000
2691000
1592000
706100
497000
489200
486900
484500
482200
479800
477600
475300
473000
470800
468600
466400
464300
462100
460000
457900
455800
453700
451700
449700
447700
445700
13170000
3780000
2210000
766900
1128000
633000
548600
470800
452800
450700
448700
446700
444700
442700
440800
438900
436900
435000
433200
431300
429400
427600
425800
424000
422200
420400
418700
416900
1742000
5063000
2177000
1163000
586600
430500
417900
416200
414500
412800
411100
409400
407700
406100
404400
402800
401200
3937000
6352000
8142000
2745000
1359000
564500
420400
418700
416900
415200
413500
411800
410100
408400
406800
405100
403500
401900
400300
398700
1994000
15420000
4450000
2468000
773900
421800
420000
418300
416500
414800
413100
411400
409700
408000
406400
404700
403100
401500
399900
398300
396700
395100
12900000
3675000
2133000
715000
413300
411600
409900
408300
406600
405000
403300
401700
400100
398500
396900
395400
393800
392300
390700
389200
387700
386200
384700
383200
381800
380300
378900
377500
376100
374600
373200
371900
370500
369100
367800
366400
365100
363800
362400
361100
359800
358500
357300
356000
354700
353500
352200
351000
349800
348600
347400
346100
345000
343800
342600
341400
340300
339100
338000
336800
335700
334600
1720000
6267000
10590000
11080000
29870000
8498000
4192000
1040000
410300
408700
407000
405400
403700
402100
400500
398900
397300
395700
394200
392600
391100
389600
388100
386600
385100
383600
382100
380700
379200
377800
376400
375000
373600
372200
370800
369400
368100
7529000
4893000
2056000
916900
443800
378800
377400
23210000
6362000
4192000
1128000
499400
424600
407500
405800
404200
402600
401000
399400
1111000
5671000
1829000
1120000
525500
401900
400300
398700
397100
395500
394000
392400
390900
389400
387800
386300
384900
8241000
22910000
9298000
4376000
1342000
2545000
3792000
1452000
874400
504400
434800
7996000
30410000
12280000
5420000
1639000
572600
487200
484800
482500
743900
1463000
1093000
697600
543500
480700
470400
468200
466000
463800
461700
459600
8772000
2638000
1612000
668000
466400
464200
462100
460000
457900
15290000
4344000
2513000
830600
472500
470300
468100
465900
463800
461600
459500
457400
455300
453300
451200
8851000
2653000
1616000
663000
459400
3915000
1704000
4058000
1568000
7402000
2259000
1367000
628600
471300
469100
770200
3543000
1871000
1039000
618800
479300
463300
461200
459100
457000
2271000
2531000
1125000
720000
493100
452700
4423000
1492000
1001000
758100
506700
478900
453300
446200
444300
442300
440400
438400
436500
434600
432700
2028000
848500
649900
10710000
3116000
1853000
691300
443800
441800
439900
5940000
1881000
5203000
2149000
2533000
3929000
21790000
10770000
4543000
1605000
600500
489200
486900
484500
482200
479800
477600
475300
473000
470800
468600
466400
464300
462100
460000
457900
455800
453700
451700
449700
447700
445700
443700
441700
439800
437900
436000
434100
432200
430300
428500
426700
424800
1576000
724000
580200
447900
418500
416800
415000
413300
4675000
1529000
1002000
517900
414000
3888000
1323000
893200
1240000
607600
514500
428900
409400
407800
406100
404500
402800
401200
399600
398000
396400
394900
393300
391800
390300
388800
387200
385800
384300
5456000
6871000
8731000
2880000
1398000
559900
407400
405700
404100
402500
400900
399300
397700
396100
394500
393000
391500
389900
388400
386900
385400
384000
382500
381000
379600
378200
376700
375300
373900
372500
371100
369800
368400
367100
365700
364400
363100
361800
360500
3523000
1188000
796800
437100
359900
358600
357300
4586000
9735000
6274000
2442000
1013000
3480000
3244000
1341000
742000
433300
382200
380700
379300
377800
376400
375000
373600
372200
370800
369500
368100
366800
365400
364100
362800
361500
360200
358900
357600
356300
355100
353800
352600
351300
350100
348900
347700
346500
345300
8939000
2719000
1569000
8949000
4153000
2199000
6374000
10810000
41740000
12100000
6001000
1411000
454800
445100
443100
3180000
1159000
819300
507300
439700
437700
435800
433900
432100
430200
428400
426500
424700
422900
421200
419400
417600
5595000
3788000
2505000
1048000
6115000
25970000
20750000
7415000
3001000
13540000
1.3e+07
4653000
16380000
10230000
3998000
1666000
668100
527300
524500
521800
519100
516400
34460000
9400000
5209000
1359000
541000
538100
535200
532400
529500
526800
524000
521300
4839000
26240000
8008000
4148000
1199000
554400
540600
537700
534800
532000
529100
526400
523600
520900
2095000
928500
9287000
4613000
4402000
1560000
870800
6868000
5430000
26970000
21570000
17840000
5742000
9480000
22670000
7047000
18150000
