2166000
1634000
1586000
1436000
1391000
1319000
1241000
1173000
1127000
1085000
1046000
1010000
976100
944500
914900
887200
12450000
4928000
4049000
2333000
2614000
6460000
2635000
5075000
23540000
7459000
6883000
3555000
3582000
5741000
2832000
1972000
3679000
2399000
4122000
20230000
17040000
8621000
5847000
4330000
5369000
3040000
2028000
8073000
3067000
5562000
2550000
2550000
1935000
1659000
1345000
1199000
1851000
1242000
1209000
1063000
1042000
990000
931000
881400
855600
3342000
1452000
1438000
1053000
1066000
974800
855300
762500
1186000
4082000
5488000
3996000
2468000
1930000
1647000
1396000
1087000
894800
829400
1761000
1034000
1017000
860000
854300
809200
753800
2252000
1096000
1087000
848900
855200
797200
721600
662000
647400
633500
620100
607300
595000
583200
571900
561000
550500
540400
530700
521300
512300
503500
495100
486900
479000
471300
463900
12560000
3510000
3535000
1764000
1920000
1564000
1070000
701500
2283000
4532000
1965000
1731000
1239000
1226000
1050000
849700
731600
713800
696800
680700
665300
650500
636500
623000
610100
597700
585800
574300
563400
552800
542600
532800
523300
514200
505400
496900
562000
9016000
2666000
5354000
2122000
2237000
1594000
1278000
939100
815700
720300
703100
686600
671000
656000
641700
5629000
1898000
1902000
1163000
1219000
1064000
851000
690000
674100
659000
644600
630700
617500
604800
592600
580900
569700
558900
548500
538400
528800
519500
510500
501800
493400
485300
477400
469800
462400
455300
448400
441700
435200
1418000
680500
679000
530700
538900
505600
460800
426000
420000
414100
408400
402800
397400
392100
387000
382000
377100
372400
367700
1817000
733700
735200
521000
537300
492200
430400
383400
378500
373700
369000
364500
360000
355700
491700
8772000
2521000
2525000
1306000
1413000
1165000
1369000
707400
698600
608800
606400
581100
549800
524500
515300
506500
497900
489600
481600
473900
466400
459200
452100
445300
438700
432300
426000
420000
414100
408400
402800
397400
392100
387000
382000
377100
8593000
10910000
4634000
21080000
8476000
7049000
3882000
3259000
2498000
1709000
1087000
1e+06
967200
936200
907100
879800
854100
829900
807000
785400
764900
745400
727000
709400
692700
676700
661500
646900
633000
619600
4848000
6735000
2984000
2373000
1686000
1620000
1293000
950500
1319000
1317000
995800
902100
832400
805900
756600
708400
680400
665000
650300
636200
1443000
2734000
1309000
1187000
909800
901300
803000
691000
622500
609600
597200
585400
574000
563000
14380000
24410000
9057000
7049000
4218000
4071000
2903000
1650000
1017000
983200
951100
921100
3229000
1464000
1446000
1082000
1090000
2866000
1364000
1281000
988200
992800
919800
826100
752400
733600
1082000
822100
786900
718600
704800
847700
694700
10430000
3103000
3118000
1678000
2484000
1670000
1266000
861400
3922000
2110000
1694000
1211000
1160000
1061000
905500
776600
921900
1533000
954200
915000
791600
781600
738100
688100
3612000
1404000
1401000
959700
987200
890300
1379000
12030000
3638000
5557000
10140000
4507000
3871000
2285000
1976000
1645000
1247000
989000
956500
926200
897700
871000
845800
822100
799600
778400
758200
739100
721000
703700
687200
671500
656500
642200
1953000
958200
950800
747000
753400
25230000
6677000
6658000
7692000
28990000
10560000
8314000
4020000
4057000
5464000
7160000
2927000
2531000
1845000
1798000
1532000
1240000
1066000
1028000
993200
960500
15110000
7517000
5211000
10120000
4881000
4272000
2555000
2026000
1696000
8051000
2800000
2767000
1751000
1802000
1573000
1269000
1037000
1002000
968500
937400
9125000
2957000
2950000
1725000
1808000
1546000
1191000
922700
894500
867900
842900
819300
3382000
1441000
1429000
1035000
1051000
958800
837700
743700
725300
707800
691200
675300
660100
645600
631700
618500
605700
593500
581800
570500
559700
549200
539200
529500
520100
511100
502400
494000
485900
3332000
1209000
1213000
793100
825500
737700
616700
524900
515800
506900
498300
490000
482000
474300
466800
459500
452500
445600
439000
432600
426300
420300
414400
408600
403100
397600
392400
3248000
5149000
2171000
1769000
1222000
1192000
958400
707200
579500
568300
557500
547200
537200
527600
518300
509300
500700
492300
484200
476400
468900
461500
454400
447500
440800
434400
428100
421900
416000
410200
404600
399100
393800
388600
383600
378700
373900
369200
364700
360200
355900
351700
347500
343500
339500
335700
331900
328200
324600
321100
317700
314300
311000
307800
304600
301500
298500
295500
292600
289700
286900
284100
281400
278800
276200
273600
271100
268700
266300
263900
261600
259300
257000
254800
252600
5634000
2050000
1761000
983000
996600
848700
620700
442700
424500
418500
412700
407000
401500
396100
390800
385700
380800
3235000
1792000
1298000
884500
1124000
826300
690400
530800
508000
492300
473200
457400
450400
443700
437100
430700
424500
418500
412700
407000
401400
396100
390800
385700
380800
375900
838400
1728000
804600
737700
560700
560600
502900
435600
394400
389200
384200
379200
374400
369800
365200
360700
1892000
748600
750700
525000
542600
495500
430500
381300
376400
371700
367100
362600
5455000
6499000
2921000
2196000
1561000
1478000
1132000
4225000
1517000
1516000
1005000
1039000
5715000
20100000
6542000
5739000
3127000
3186000
2450000
1553000
2365000
16980000
7368000
5514000
3205000
3018000
2505000
1737000
1152000
1049000
1012000
978300
946600
916900
889000
3363000
3258000
13880000
4527000
4300000
2476000
12800000
5693000
4279000
2380000
2311000
1989000
1503000
1115000
1042000
1006000
972800
941300
911900
2270000
2513000
4984000
5464000
2965000
2342000
1797000
1609000
1315000
11170000
3465000
3454000
9700000
7703000
8672000
9836000
4775000
3980000
5562000
2985000
2506000
1695000
1514000
1385000
1227000
1101000
1061000
4737000
1940000
1919000
1347000
1367000
1231000
1055000
917600
889600
863400
838600
815300
793200
772300
752500
1497000
915700
902000
1345000
919100
884900
757800
728700
698300
661800
2540000
1269000
17530000
4944000
4966000
2499000
2621000
2068000
2215000
1668000
1217000
1073000
1945000
1188000
1120000
911400
887200
839800
782100
735300
717300
700200
683900
668400
653500
639300
625700
612700
600200
588200
2008000
933600
928100
710400
794200
798100
1415000
849500
778500
657500
642900
606200
561500
527300
516200
507300
498700
490400
2869000
3206000
1639000
1295000
2953000
1471000
1316000
872400
826500
760200
671700
603200
591100
579500
568300
557500
547200
537200
527600
518300
509300
500700
492300
484200
476400
468800
3716000
6160000
2549000
2089000
1421000
1388000
1112000
812000
656500
642100
628400
615300
602700
590600
579000
567800
557100
546700
536800
527200
517900
509000
500300
492000
483900
476100
468500
461200
454100
447200
440600
434100
427800
421700
415700
410000
404400
398900
393600
388400
383400
378500
373700
369000
364500
360000
355700
351500
347300
1070000
528500
528000
419600
426300
402300
369900
345000
341000
337100
333300
329600
1428000
609300
610900
448900
461300
427200
380300
344500
340500
336600
332900
329100
325500
322000
318500
315100
311800
308600
305400
302300
299200
296200
692300
394500
1587000
645200
653900
468800
467400
419800
369700
331600
328000
324400
320900
317400
314000
310700
307500
304400
301300
298200
295200
292300
289500
286700
283900
3991000
1239000
1252000
714300
764100
1198000
647200
537200
454000
456500
436300
409900
389200
384100
379200
374400
369700
365100
360700
1593000
4302000
1609000
1441000
929800
941400
785500
599900
487000
479100
471400
464000
456800
1457000
36840000
9506000
9386000
4062000
4499000
3395000
1895000
813900
791900
771100
751300
732500
714700
697700
681500
666100
651300
637200
623700
610700
598300
586400
574900
563900
553300
543100
533300
523800
514700
505800
497300
489100
481100
473400
465900
458700
451600
444800
438200
431800
425600
419500
413700
408000
402400
397000
391700
386600
381600
376800
372000
367400
362900
358500
354200
350000
345900
341900
338000
334200
330400
326800
323200
319700
316300
313000
309700
306500
303300
300300
926000
458800
459000
365900
372200
351900
3513000
2250000
1432000
974800
9008000
2861000
2726000
2505000
6777000
15920000
5700000
4688000
5839000
3519000
2894000
1747000
9149000
3210000
3072000
1811000
1880000
1622000
1277000
1015000
981000
1676000
8148000
2863000
8665000
17640000
30060000
15830000
25690000
10260000
9214000
5480000
4127000
2740000
1912000
1386000
1323000
1265000
1212000
1163000
1118000
19060000
5472000
5456000
2772000
2971000
2412000
1651000
1084000
2447000
1371000
1342000
10520000
3951000
8732000
3397000
3391000
2336000
1980000
1499000
1239000
1050000
1013000
5229000
5480000
3315000
2368000
13080000
7122000
4904000
2962000
2574000
2234000
1671000
1199000
1854000
1243000
1209000
1063000
1042000
990100
10640000
3326000
3321000
1876000
1978000
1672000
1256000
943000
913500
885800
859800
835200
8930000
4309000
3223000
2023000
1898000
1662000
1273000
3011000
2481000
1664000
1343000
1191000
1124000
988000
862400
808500
786800
766200
746700
11720000
3486000
3495000
1872000
2001000
1666000
1206000
860800
5484000
2004000
1997000
1300000
1341000
1187000
980700
822700
8146000
23270000
7712000
6642000
3679000
3712000
2789000
13180000
11020000
5687000
3978000
3049000
2770000
2063000
1399000
1146000
1102000
1062000
1025000
989800
957400
927000
898400
871700
846400
822700
800200
778900
758700
739600
721400
704100
687600
671900
656900
642500
628800
615600
603000
4491000
1811000
2224000
1222000
17520000
8778000
5896000
3364000
2995000
2535000
1752000
1567000
1460000
1148000
1053000
976600
942600
888600
836300
802700
781300
761000
741800
723500
706100
689500
673700
2030000
12110000
17560000
26350000
14290000
9720000
7030000
8180000
4500000
3060000
1840000
3134000
7953000
3140000
2792000
11450000
4120000
3836000
3670000
7166000
4340000
2791000
1782000
4515000
7889000
3138000
2487000
1601000
1568000
1257000
914900
724700
707200
690600
674700
1370000
5621000
3350000
4909000
17720000
7752000
5888000
3390000
3040000
2445000
1665000
4740000
14880000
7228000
5124000
12250000
5211000
5158000
2760000
2369000
1930000
1527000
1203000
1139000
1084000
1045000
1009000
975000
943500
914000
886300
860200
835600
812400
790500
769800
750100
731400
713600
696700
680500
665100
650400
636300
622800
609900
597500
585600
574200
3565000
3030000
1772000
1334000
1120000
1048000
869500
702100
638900
625400
612300
599900
4246000
1520000
1522000
981500
1021000
906100
749200
629900
616700
604000
591900
580200
569000
558200
547800
537800
528200
518900
509900
501300
492900
484800
476900
469300
462000
454900
448000
441300
434800
428500
422300
416400
410600
405000
399500
394200
389000
383900
379000
374200
369500
365000
3135000
1075000
1083000
678400
713200
631000
516600
430300
10350000
2.2e+07
7688000
6267000
3594000
3551000
2588000
1512000
925900
2727000
10270000
8269000
5213000
16630000
11460000
7004000
4494000
3359000
2833000
9948000
3386000
3189000
1984000
2039000
1765000
1405000
2069000
34310000
9279000
9119000
4215000
4578000
3535000
10450000
3215000
3189000
1930000
2e+06
1721000
1350000
1068000
2850000
1464000
1438000
1142000
3877000
10960000
9243000
4855000
9603000
4300000
3973000
2446000
2004000
1630000
1342000
1121000
1080000
1041000
1005000
971500
940200
910900
883400
857500
833100
810000
788200
767600
748000
729400
5785000
1997000
1997000
1245000
1297000
1137000
1141000
2148000
5929000
2326000
2766000
1594000
1596000
1290000
3267000
1437000
5336000
2042000
2063000
1406000
1349000
1150000
970100
832000
809000
787200
766600
747100
728600
710900
694100
678100
662800
648200
634200
620800
608000
595700
583800
1708000
10340000
4564000
3437000
2064000
1957000
1645000
1180000
831600
772800
752900
734100
716200
699100
682800
667300
652500
638300
624800
611800
599300
587400
13370000
15100000
6639000
4781000
3282000
3047000
2189000
1335000
4432000
2194000
1906000
1376000
6321000
2641000
2367000
1499000
1505000
1336000
1105000
925300
892800
866400
841500
818000
795700
774700
754800
735800
717800
700700
684400
668800
653900
639700
626100
613000
600500
588500
9127000
2740000
2754000
1499000
1994000
1450000
1097000
774300
762100
734200
702500
675300
660200
645700
631800
618500
605800
593600
581800
570500
559700
549300
539200
529500
581100
527300
518900
505300
1385000
2902000
1521000
1212000
902600
865100
763800
636000
553300
536300
526700
517500
508500
499900
491600
483500
475700
2593000
3673000
5079000
2269000
1919000
1399000
1277000
1003000
778900
666000
651200
637100
623600
610700
598200
586300
574900
563900
553300
543100
2167000
10070000
3259000
3039000
1723000
1790000
1452000
1027000
743100
724700
707300
690600
674800
659600
645100
631300
618000
605300
593100
581400
570100
559300
9088000
2713000
2728000
1476000
1582000
1327000
973600
708800
692100
676200
661000
646400
632500
619200
606400
594200
582400
571100
560300
549800
539700
530000
520700
511600
502900
494500
486300
478400
470800
463400
456200
449300
442600
436000
429700
423500
417500
411700
406000
400500
395200
390000
384900
379900
375100
370400
365800
361400
357000
352700
348600
344500
340600
336700
332900
329200
325600
322000
318600
315200
311800
403100
1102000
2810000
5255000
6451000
23100000
7305000
6655000
3508000
3408000
2510000
1548000
928300
899700
872900
847600
823700
801200
779900
759700
740500
722300
704900
688400
672600
657600
643200
629400
616200
603600
591500
579800
568600
557800
547500
537500
527900
518600
4808000
3038000
1991000
1367000
1212000
1101000
879900
16890000
4674000
5125000
2415000
2616000
2069000
1406000
896600
854700
818600
796400
775300
1186000
3977000
1638000
1569000
1105000
1118000
995700
841700
732700
714900
697900
681700
666200
651400
637300
623800
610800
5154000
16630000
7123000
5461000
3184000
4348000
4607000
2410000
1685000
1341000
1291000
6633000
25760000
10770000
7918000
4516000
4229000
3326000
2104000
1263000
1342000
1762000
1496000
1262000
1142000
1079000
1025000
959200
904200
870900
845700
822000
6081000
2131000
2127000
1339000
1391000
1220000
989200
813300
791400
10500000
3209000
3214000
1775000
1885000
1586000
1175000
866800
841900
818300
796100
775000
755100
736100
718100
5870000
2011000
2012000
1246000
1301000
3265000
1647000
3304000
1648000
5754000
2265000
2178000
1423000
1373000
1169000
1151000
2809000
1738000
1408000
1110000
1054000
977900
865300
773900
743300
1784000
1847000
1200000
1035000
909700
876500
3089000
1310000
1279000
1054000
979900
900700
777200
696700
677800
658100
640400
626700
613700
601100
589100
1523000
809200
801900
6634000
2187000
2169000
1253000
1296000
1115000
864200
4027000
1525000
3966000
1955000
2637000
3465000
16730000
8546000
5732000
3456000
3051000
2534000
1756000
1155000
1023000
988500
956100
925800
897300
870600
845500
821700
799300
778100
758000
738900
720700
703400
687000
671300
656300
642000
628200
615100
602500
590400
578800
567700
556900
546600
536600
527000
517800
1909000
864000
861600
651600
663100
615900
552500
530000
2677000
1057000
1054000
732800
754600
2590000
1082000
1017000
1178000
864000
802900
653700
594800
572400
545300
522900
513800
505000
496500
488300
480300
472600
465200
458000
451000
444200
437600
431200
425000
3350000
3845000
5438000
2370000
2032000
1463000
1312000
1010000
777800
659700
645200
631400
618100
605400
593200
581500
570200
559400
548900
538900
529200
519900
510900
502200
493800
485600
477800
732300
531400
525500
480900
477900
464000
447200
433200
426900
420800
414900
409200
2297000
890900
894000
616000
637500
579300
499000
2463000
5319000
3790000
2250000
1648000
3081000
2804000
1670000
1225000
1018000
971000
856500
745900
695900
679800
664400
649700
635700
622200
609300
597000
585100
573700
562700
552200
542000
532200
522800
513700
504900
496400
488200
480200
472500
465100
457900
450900
444100
686300
5202000
1771000
1699000
5881000
3168000
2542000
5012000
8600000
37400000
11390000
10130000
5074000
5120000
3748000
2156000
3024000
1561000
1530000
1218000
1210000
1123000
1017000
930900
902200
875200
849800
825800
803100
781700
761400
742100
723800
4108000
2805000
2401000
1512000
4965000
20890000
16870000
8490000
5777000
14160000
13170000
6723000
15590000
10120000
6659000
4343000
3229000
2688000
2047000
1481000
1295000
1240000
28560000
7795000
7766000
3676000
3989000
3145000
1998000
1149000
1105000
1065000
1027000
992100
3525000
20150000
6460000
5844000
3117000
3210000
2540000
1675000
1080000
1032000
997100
964100
933300
904400
1846000
1098000
6142000
3262000
3777000
2034000
1892000
5261000
4138000
21380000
17220000
16650000
7937000
11740000
22290000
9046000
18810000
