1060000
1057000
1049000
1041000
1031000
1021000
1011000
1001000
990200
978900
967500
956100
944700
933400
922300
911200
977400
1096000
1178000
1210000
1227000
1278000
1331000
1395000
1733000
2095000
2277000
2332000
2352000
2398000
2459000
2514000
2581000
2634000
2679000
3120000
3901000
4423000
4566000
4537000
4503000
4431000
4368000
4534000
4669000
4721000
4667000
4544000
4370000
4217000
4103000
4006000
3956000
3894000
3780000
3627000
3486000
3360000
3243000
3129000
3019000
2981000
2955000
2897000
2810000
2723000
2635000
2549000
2474000
2446000
2485000
2576000
2677000
2718000
2699000
2652000
2600000
2552000
2512000
2472000
2467000
2460000
2426000
2375000
2323000
2271000
2223000
2227000
2232000
2207000
2164000
2116000
2065000
2015000
1972000
1930000
1887000
1842000
1838000
1849000
1841000
1816000
1787000
1754000
1720000
1690000
1662000
1631000
1599000
1567000
1535000
1503000
1473000
1448000
1685000
1991000
2155000
2200000
2208000
2187000
2160000
2157000
2258000
2436000
2556000
2587000
2567000
2527000
2486000
2458000
2453000
2447000
2421000
2369000
2311000
2305000
2312000
2297000
2261000
2221000
2176000
2126000
2078000
2032000
1987000
1940000
1892000
1843000
1810000
1785000
1792000
1980000
2179000
2324000
2410000
2440000
2423000
2396000
2379000
2362000
2346000
2321000
2284000
2234000
2185000
2142000
2275000
2452000
2537000
2543000
2517000
2471000
2420000
2385000
2357000
2316000
2262000
2206000
2147000
2090000
2041000
1998000
1957000
1919000
1881000
1835000
1788000
1745000
1705000
1665000
1632000
1601000
1574000
1546000
1519000
1491000
1462000
1462000
1469000
1492000
1511000
1513000
1499000
1481000
1463000
1445000
1429000
1412000
1393000
1372000
1350000
1328000
1318000
1314000
1305000
1292000
1275000
1293000
1349000
1395000
1410000
1408000
1398000
1382000
1368000
1359000
1349000
1334000
1317000
1300000
1284000
1268000
1291000
1465000
1658000
1759000
1791000
1797000
1785000
1848000
1932000
1977000
1980000
1965000
1938000
1906000
1883000
1866000
1847000
1825000
1802000
1774000
1739000
1705000
1733000
1789000
1812000
1802000
1778000
1747000
1715000
1690000
1668000
1642000
1612000
1580000
1549000
1517000
1539000
1751000
2196000
2542000
3218000
3871000
4165000
4187000
4155000
4091000
4012000
3961000
3915000
3827000
3700000
3578000
3461000
3355000
3276000
3208000
3135000
3054000
2974000
2870000
2764000
2665000
2572000
2480000
2385000
2296000
2275000
2397000
2659000
2834000
2873000
2845000
2794000
2735000
2692000
2697000
2713000
2693000
2642000
2580000
2513000
2453000
2405000
2364000
2324000
2278000
2224000
2205000
2237000
2253000
2233000
2193000
2145000
2095000
2049000
2009000
1968000
1929000
1890000
1848000
1805000
1980000
2734000
3386000
3639000
3672000
3639000
3548000
3480000
3475000
3466000
3402000
3304000
3279000
3243000
3178000
3116000
3060000
3040000
3035000
3003000
2924000
2838000
2753000
2673000
2590000
2505000
2438000
2375000
2309000
2243000
2180000
2118000
2062000
2171000
2314000
2370000
2356000
2341000
2313000
2276000
2248000
2285000
2325000
2324000
2296000
2255000
2207000
2163000
2129000
2102000
2085000
2066000
2030000
1986000
1943000
1903000
1863000
1863000
1890000
1894000
1871000
1838000
1803000
1778000
1934000
2123000
2248000
2475000
2669000
2731000
2722000
2713000
2691000
2659000
2632000
2603000
2553000
2491000
2436000
2380000
2330000
2287000
2246000
2198000
2150000
2102000
2047000
1992000
1938000
1887000
1836000
1839000
1872000
1879000
1857000
1829000
2228000
2689000
2914000
3096000
4113000
5020000
5318000
5296000
5212000
5159000
5286000
5445000
5453000
5309000
5104000
4894000
4697000
4546000
4434000
4297000
4155000
4554000
5081000
5258000
5438000
5577000
5508000
5318000
5147000
4980000
5097000
5209000
5152000
4967000
4757000
4552000
4370000
4236000
4129000
4010000
3852000
4048000
4270000
4289000
4190000
4067000
3933000
3808000
3712000
3610000
3491000
3402000
3324000
3333000
3332000
3284000
3204000
3124000
3042000
2989000
2937000
2873000
2797000
2715000
2631000
2544000
2464000
2395000
2329000
2266000
2203000
2142000
2079000
2019000
1964000
1912000
1862000
1812000
1763000
1717000
1673000
1632000
1743000
1894000
1968000
1975000
1965000
1937000
1907000
1891000
1881000
1861000
1830000
1796000
1760000
1724000
1693000
1667000
1642000
1622000
1604000
1575000
1564000
1559000
1545000
1523000
1498000
1471000
1444000
1514000
1720000
1881000
1941000
1952000
1944000
1922000
1908000
1908000
1903000
1882000
1853000
1849000
1879000
1901000
1900000
1887000
1869000
1847000
1821000
1793000
1764000
1764000
1776000
1770000
1745000
1716000
1701000
1691000
1678000
1660000
1636000
1607000
1581000
1557000
1533000
1507000
1480000
1455000
1430000
1405000
1381000
1356000
1332000
1312000
1294000
1274000
1253000
1232000
1211000
1191000
1171000
1162000
1160000
1154000
1141000
1126000
1111000
1096000
1084000
1072000
1059000
1045000
1031000
1017000
1003000
989500
976800
964300
952100
940100
927700
915400
903500
891900
1006000
1183000
1297000
1343000
1364000
1367000
1363000
1370000
1384000
1388000
1381000
1368000
1352000
1334000
1320000
1310000
1324000
1421000
1542000
1612000
1633000
1646000
1653000
1651000
1647000
1643000
1630000
1610000
1587000
1563000
1538000
1516000
1496000
1476000
1457000
1438000
1452000
1472000
1485000
1487000
1477000
1458000
1436000
1443000
1476000
1502000
1505000
1495000
1477000
1457000
1439000
1426000
1412000
1401000
1390000
1372000
1352000
1332000
1312000
1337000
1374000
1389000
1383000
1370000
1353000
1335000
1321000
1309000
1294000
1275000
1256000
1327000
1511000
1668000
1739000
1762000
1764000
1753000
1817000
1900000
1942000
1943000
1929000
1999000
2436000
2882000
3093000
3141000
3134000
3086000
3036000
3064000
3510000
3997000
4196000
4181000
4095000
3968000
3856000
3800000
3762000
3696000
3592000
3463000
3329000
3208000
3178000
3224000
3523000
3795000
3872000
3805000
4006000
4247000
4320000
4279000
4200000
4069000
3921000
3807000
3707000
3596000
3481000
3372000
3265000
3200000
3184000
3239000
3360000
3422000
3395000
3310000
3209000
3112000
3272000
3455000
3493000
3623000
3883000
4155000
4464000
4646000
4646000
4653000
4629000
4546000
4430000
4313000
4185000
4054000
3928000
3806000
3796000
3780000
3715000
3621000
3519000
3405000
3286000
3176000
3076000
2971000
2858000
2750000
2644000
2547000
2461000
2421000
2387000
2336000
2292000
2243000
2185000
2127000
2075000
2025000
1980000
1967000
1969000
2244000
2540000
2673000
2687000
2672000
2631000
2620000
2654000
2679000
2660000
2633000
2603000
2553000
2499000
2457000
2416000
2374000
2333000
2291000
2231000
2172000
2118000
2066000
2015000
1961000
1908000
1857000
1809000
1821000
1863000
1875000
1857000
1841000
1829000
1818000
1811000
1801000
1779000
1750000
1719000
1688000
1658000
1629000
1602000
1575000
1549000
1606000
1745000
1840000
1867000
1919000
1958000
1959000
1949000
1945000
1929000
1903000
1877000
1849000
1816000
1783000
1755000
1726000
1700000
1675000
1646000
1614000
1584000
1555000
1524000
1492000
1460000
1525000
1730000
1894000
1956000
1966000
1957000
1933000
1917000
1916000
1910000
1888000
1857000
1823000
1787000
1754000
1728000
1709000
1692000
1685000
1674000
1649000
1641000
1639000
1627000
1603000
1576000
1547000
1518000
1518000
1526000
1519000
1501000
1479000
1455000
1432000
1412000
1393000
1373000
1351000
1330000
1307000
1284000
1262000
1242000
1223000
1203000
1184000
1165000
1145000
1197000
1280000
1326000
1336000
1334000
1324000
1311000
1305000
1302000
1304000
1301000
1292000
1324000
1364000
1381000
1382000
1378000
1374000
1369000
1361000
1361000
1360000
1350000
1335000
1317000
1298000
1281000
1265000
1250000
1234000
1218000
1199000
1180000
1199000
1254000
1293000
1328000
1357000
1365000
1362000
1358000
1355000
1347000
1337000
1325000
1310000
1292000
1276000
1264000
1257000
1249000
1238000
1224000
1222000
1232000
1236000
1231000
1221000
1218000
1291000
1377000
1420000
1430000
1438000
1455000
1472000
1482000
1486000
1480000
1466000
1450000
1435000
1418000
1402000
1386000
1370000
1354000
1345000
1399000
1524000
1637000
1691000
1704000
1697000
1681000
1670000
1665000
1658000
1641000
1618000
1591000
1625000
2535000
3481000
3899000
3971000
3960000
3859000
3761000
3753000
3766000
3712000
3601000
3484000
3352000
3232000
3150000
3084000
3026000
2973000
2914000
2808000
2704000
2614000
2534000
2451000
2358000
2270000
2190000
2115000
2046000
1982000
1921000
1865000
1812000
1762000
1715000
1670000
1628000
1588000
1550000
1514000
1479000
1446000
1416000
1386000
1360000
1337000
1314000
1290000
1267000
1244000
1221000
1200000
1180000
1160000
1140000
1121000
1103000
1085000
1068000
1051000
1035000
1020000
1005000
989800
975300
961200
947600
934300
923900
920700
945800
980700
998900
1002000
998600
992400
1019000
1093000
1153000
1178000
1284000
1423000
1504000
1552000
1687000
2060000
2395000
2560000
2698000
2789000
2797000
2783000
2986000
3177000
3234000
3212000
3171000
3100000
3030000
2985000
2944000
2913000
3035000
3152000
3308000
3827000
5224000
6537000
7999000
8780000
8694000
8179000
7718000
7355000
7071000
6838000
6567000
6221000
5838000
5511000
5242000
5627000
6101000
6221000
6085000
5857000
5567000
5257000
5039000
4907000
4744000
4523000
4556000
4635000
4768000
4808000
4733000
4587000
4440000
4305000
4158000
4017000
3876000
3876000
3957000
3983000
3922000
4141000
4452000
4567000
4523000
4427000
4292000
4133000
4010000
3953000
3878000
3759000
3627000
3495000
3368000
3520000
3700000
3737000
3678000
3599000
3479000
3354000
3308000
3277000
3206000
3104000
3002000
3103000
3269000
3341000
3318000
3263000
3185000
3101000
3115000
3177000
3180000
3123000
3047000
2958000
2870000
2798000
2738000
2676000
2611000
2544000
2759000
3006000
3099000
3084000
3043000
2970000
2898000
2854000
2963000
3066000
3070000
3017000
2945000
2860000
2789000
2755000
2952000
3759000
4462000
4690000
4649000
4540000
4422000
4754000
5443000
5850000
5845000
5654000
5410000
5150000
4967000
4861000
4745000
4591000
4426000
4247000
4041000
3943000
3882000
3796000
3684000
3614000
3521000
3392000
3268000
3158000
3042000
2921000
2809000
2705000
2606000
2515000
2510000
2518000
2490000
2554000
2650000
2691000
2681000
3082000
3649000
3942000
3985000
3948000
3856000
3742000
3778000
3865000
3866000
3785000
3683000
3561000
3441000
3353000
3279000
3229000
3184000
3124000
3043000
2955000
2868000
2788000
2771000
3033000
3731000
5088000
6271000
6744000
6714000
6656000
6505000
6305000
6199000
6163000
6199000
6136000
5943000
5932000
5930000
5813000
5668000
5690000
5674000
5531000
5312000
5113000
4997000
4893000
4743000
4552000
4353000
4161000
3982000
3814000
3665000
3527000
3380000
3394000
3585000
3751000
3853000
4410000
4973000
5174000
5122000
5005000
4835000
4661000
4702000
5236000
5726000
5832000
6081000
6236000
6148000
5972000
5829000
5657000
5457000
5267000
5057000
4819000
4585000
4388000
4202000
4026000
3877000
3733000
3575000
3426000
3291000
3148000
3009000
2876000
2754000
2639000
2528000
2427000
2333000
2248000
2169000
2096000
2028000
2048000
2093000
2097000
2168000
2279000
2338000
2339000
2323000
2296000
2258000
2224000
2196000
2160000
2116000
2072000
2175000
2302000
2354000
2351000
2329000
2292000
2253000
2224000
2196000
2158000
2111000
2071000
2031000
1987000
1947000
1908000
1871000
1835000
1801000
1761000
1720000
1681000
1644000
1608000
1570000
1547000
1532000
1512000
1486000
1460000
1432000
1404000
1379000
1355000
1332000
1307000
1284000
1260000
1238000
1216000
1196000
1177000
1220000
1288000
1325000
1330000
1326000
1315000
1301000
1293000
1430000
1973000
2480000
2713000
2775000
2783000
2749000
2726000
2744000
2808000
3071000
3411000
3629000
4109000
4722000
5048000
5072000
5006000
4903000
5060000
5208000
5206000
5079000
4903000
4698000
4500000
4381000
5425000
6435000
6699000
6532000
6297000
5962000
5993000
6183000
6206000
6019000
5742000
5432000
5126000
4890000
4787000
4694000
4558000
4408000
4332000
4464000
4791000
4954000
5138000
5211000
5102000
4898000
4727000
4575000
4421000
4267000
4109000
3940000
3770000
3620000
3486000
3367000
3265000
3166000
3057000
2944000
2840000
2733000
2655000
2582000
2612000
2659000
2646000
2590000
2527000
2458000
2409000
2403000
2486000
2564000
2585000
2565000
2525000
2472000
2469000
2485000
2550000
2609000
2617000
2577000
2525000
2473000
2425000
2384000
2342000
2296000
2243000
2186000
2129000
2075000
2040000
2015000
1983000
1942000
1899000
1853000
1808000
1766000
1727000
1722000
1879000
2075000
2179000
2202000
2194000
2166000
2136000
2122000
2112000
2090000
2053000
2013000
1989000
1983000
1973000
1953000
1929000
1903000
1873000
1837000
1801000
2031000
2608000
3063000
3231000
3252000
3218000
3150000
3108000
3286000
3472000
3513000
3459000
3525000
3582000
3568000
3531000
3492000
3429000
3355000
3279000
3186000
3089000
2997000
2910000
2818000
2727000
2644000
2559000
2478000
2404000
2335000
2260000
2185000
2118000
2057000
1997000
1938000
1881000
2061000
2308000
2429000
2445000
2452000
2440000
2411000
2394000
2384000
2355000
2309000
2261000
2214000
2166000
2124000
2087000
2063000
2046000
2023000
1982000
1937000
1895000
1854000
1813000
1821000
1857000
1866000
1862000
1875000
1932000
1975000
1986000
1977000
1957000
1927000
1898000
1872000
1846000
1816000
1783000
1751000
1746000
1755000
1749000
1729000
1790000
1935000
2108000
2226000
2271000
2268000
2244000
2218000
2199000
2181000
2157000
2122000
2080000
2036000
1995000
1956000
1922000
1891000
1861000
1827000
1890000
2169000
2428000
2535000
2549000
2529000
2485000
2448000
2435000
2420000
2384000
2334000
2280000
2222000
2169000
2127000
2093000
2063000
2032000
1994000
1945000
1935000
2146000
2379000
2479000
2484000
2462000
2417000
2373000
2352000
2335000
2302000
2254000
2203000
2148000
2096000
2053000
2016000
1981000
1948000
1913000
1867000
1820000
1820000
1841000
1838000
1810000
1777000
1740000
1703000
1672000
1644000
1614000
1582000
1550000
1518000
1524000
1542000
1543000
1531000
1514000
1492000
1468000
1447000
1428000
1408000
1385000
1361000
1336000
1312000
1290000
1269000
1249000
1230000
1211000
1191000
1171000
1170000
1183000
1186000
1178000
1165000
1151000
1149000
1169000
1231000
1346000
1533000
2068000
2590000
2842000
2911000
2927000
2903000
2880000
2888000
2895000
2864000
2804000
2739000
2668000
2604000
2557000
2518000
2479000
2438000
2392000
2324000
2256000
2194000
2135000
2073000
2009000
1947000
1889000
1834000
1783000
1735000
1689000
1646000
1605000
1701000
1870000
1972000
1996000
1991000
1968000
1939000
2243000
2591000
2765000
2802000
2797000
2749000
2696000
2678000
2672000
2645000
2598000
2547000
2508000
2532000
2569000
2570000
2543000
2505000
2459000
2397000
2343000
2293000
2241000
2185000
2126000
2066000
2010000
1958000
1910000
1939000
2272000
2646000
2836000
2880000
2909000
2955000
2976000
2982000
2976000
2939000
3006000
3699000
4466000
4821000
4850000
4769000
4624000
4488000
4421000
4385000
4321000
4213000
4079000
3920000
3760000
3631000
3526000
3435000
3350000
3256000
3129000
3122000
3154000
3131000
3054000
2959000
2856000
2758000
2677000
2606000
2744000
2908000
2956000
2919000
2863000
2791000
2723000
2678000
2651000
2612000
2549000
2480000
2410000
2342000
2284000
2353000
2440000
2463000
2439000
2394000
2384000
2388000
2418000
2439000
2499000
2551000
2554000
2520000
2479000
2435000
2400000
2407000
2423000
2410000
2369000
2320000
2268000
2220000
2178000
2136000
2134000
2155000
2154000
2122000
2081000
2037000
2050000
2077000
2077000
2059000
2031000
1992000
1951000
1915000
1883000
1849000
1819000
1793000
1762000
1727000
1699000
1690000
1685000
1670000
1740000
1834000
1875000
1874000
1861000
1838000
1810000
1880000
1971000
2056000
2107000
2139000
2176000
2503000
2927000
3183000
3260000
3260000
3217000
3177000
3160000
3147000
3108000
3042000
2966000
2884000
2802000
2734000
2673000
2616000
2562000
2504000
2443000
2379000
2315000
2252000
2189000
2122000
2055000
1994000
1937000
1883000
1854000
1838000
1811000
1775000
1738000
1699000
1662000
1652000
1715000
1789000
1819000
1815000
1797000
1771000
1754000
1765000
1822000
1870000
1880000
1865000
1840000
1878000
1934000
1960000
1988000
2004000
1992000
1964000
1939000
1915000
1888000
1863000
1837000
1806000
1772000
1738000
1704000
1672000
1642000
1613000
1586000
1559000
1532000
1502000
1505000
1573000
1702000
1871000
1988000
2030000
2029000
2017000
2002000
1991000
1983000
1967000
1939000
1971000
2012000
2019000
2004000
1986000
1963000
1937000
1914000
1888000
1855000
1818000
1781000
1742000
1703000
1666000
1689000
1737000
1755000
1745000
1722000
1693000
1663000
1640000
1620000
1596000
1567000
1537000
1593000
1686000
1736000
1743000
1736000
1720000
1700000
1758000
1940000
2130000
2235000
2266000
2316000
2389000
2442000
2465000
2468000
2449000
2414000
2373000
2332000
2291000
2250000
2209000
2168000
2126000
2083000
2036000
1990000
1947000
1957000
1984000
1981000
1952000
1917000
1877000
1835000
1799000
1768000
1734000
1698000
1661000
1625000
1589000
1557000
1592000
1750000
1892000
1952000
2061000
2186000
2252000
2338000
2602000
3933000
5126000
5542000
5503000
5364000
5139000
4973000
5059000
5142000
5060000
4871000
4673000
4456000
4271000
4151000
4051000
3950000
3846000
3729000
3552000
3387000
3251000
3130000
3028000
3048000
3130000
3150000
3100000
3121000
3659000
4586000
5169000
5288000
5621000
6215000
6477000
6979000
7584000
7758000
7500000
7170000
6846000
6515000
6240000
6026000
5797000
6609000
7411000
7519000
7222000
6919000
6572000
6242000
6022000
5844000
5579000
5259000
4977000
4790000
5231000
5698000
5792000
5655000
5476000
5249000
4991000
4813000
4674000
4504000
4299000
4085000
3877000
3748000
3652000
3694000
3757000
3784000
3742000
3633000
3613000
3658000
4210000
5196000
6178000
6599000
6824000
7713000
8321000
8999000
