237600
232500
226400
220100
214200
208500
203200
198100
193300
188700
184300
180100
176100
172300
168700
165200
162400
5862000
4752000
3345000
2222000
1810000
4992000
3324000
6466000
432200000
1.01e+08
47090000
874500
2.942e-23
6.689e-23
8.165e-23
8.715e-23
1.59e-22
1.958e-22
3.7e-22
4.081e-20
7.405e-19
9.058e-19
9.814e-19
9.828e-19
1.438e-18
1.544e-18
1.594e-18
9.068e-18
1.081e-17
1.654e-11
3.855e-12
1.808e-12
3.361e-14
2.532e-17
2.532e-17
2.532e-17
3.543e-17
3.779e-17
3.889e-17
3.891e-17
3.891e-17
3.891e-17
3.891e-17
3.891e-17
3.891e-17
1.027e-16
1.176e-16
1.246e-16
1.247e-16
1.247e-16
1.247e-16
4.135e-12
9.639e-13
4.522e-13
9.012e-15
2.466e-15
4.487e-15
5.044e-15
5.219e-15
5.223e-15
5.223e-15
5.223e-15
5.223e-15
5.223e-15
8.929e-15
9.793e-15
1.02e-14
1.021e-14
1.021e-14
1.021e-14
-1.059e-09
-2.467e-10
-1.157e-10
-2.127e-12
2.259e-14
2.259e-14
2.259e-14
2.259e-14
2.259e-14
2.259e-14
2.259e-14
2.259e-14
3.91e-14
4.295e-14
4.475e-14
4.479e-14
4.479e-14
4.479e-14
4.479e-14
4.479e-14
4.479e-14
4.479e-14
4.479e-14
4.479e-14
4.479e-14
4.479e-14
4.479e-14
4.479e-14
1.035e-11
2.103e-11
2.408e-11
2.501e-11
2.502e-11
2.502e-11
2.502e-11
2.502e-11
8.587e-11
3.327e-10
3.936e-10
4.192e-10
4.196e-10
4.196e-10
4.196e-10
4.196e-10
4.196e-10
4.196e-10
4.201e-10
4.032e-10
4.158e-10
6.947e-10
8.071e-10
8.482e-10
8.538e-10
8.539e-10
8.539e-10
8.539e-10
8.539e-10
8.539e-10
8.539e-10
8.539e-10
8.539e-10
8.539e-10
8.539e-10
8.539e-10
2.256e-09
7.713e-08
9.439e-08
2.588e-07
2.953e-07
3.124e-07
3.127e-07
3.129e-07
3.128e-07
1236000
288100
135100
2510
3.127e-07
3.127e-07
3.127e-07
5.083e-06
6.195e-06
6.716e-06
6.726e-06
6.726e-06
6.726e-06
6.726e-06
6.726e-06
6.726e-06
6.726e-06
6.726e-06
6.726e-06
6.726e-06
6.726e-06
6.726e-06
6.726e-06
6.726e-06
6.726e-06
6.726e-06
6.726e-06
6.726e-06
6.726e-06
6.726e-06
6.726e-06
6.726e-06
6.726e-06
6.726e-06
6.726e-06
6.726e-06
6.726e-06
6.726e-06
1.047e-05
1.194e-05
2.806e-05
3.177e-05
3.347e-05
3.35e-05
3.35e-05
3.35e-05
3.35e-05
3.35e-05
3.35e-05
3.35e-05
3.35e-05
3.35e-05
3.35e-05
3.35e-05
3.35e-05
3.35e-05
3.35e-05
3.35e-05
8.44e-05
0.0002213
0.000256
0.0002697
0.00027
0.00027
0.00027
0.00027
0.00027
0.00027
0.00027
0.00027
0.00027
0.00027
0.00027
0.0007684
0.03941
0.04845
0.05266
0.05274
0.05274
0.05274
0.1295
0.1473
0.1557
0.1559
0.1559
0.1559
0.1559
0.1559
0.1559
0.1559
0.1559
0.1559
0.1559
0.1559
0.1559
0.4826
0.5587
0.5944
0.5951
0.5951
0.5951
0.5951
0.5951
0.5951
0.5951
0.5951
0.5951
0.5951
0.5951
1.68
95.25
2270
17470000
4094000
1952000
83970
50080
49800
49490
49190
48890
48590
48300
48010
47720
47440
47160
46890
46610
46340
46080
45810
45550
45290
45040
44790
44540
44290
44050
83690
985500
5917000
3627000
2656000
1785000
1414000
1181000
1017000
1266000
1340000
1214000
1063000
930500
828000
746500
680000
624600
577800
537600
502700
816700
1658000
1557000
1370000
1153000
997000
879700
787900
714000
653000
608500
565600
527800
536100
65390000
15560000
7492000
507600
358600
342900
328600
315400
303300
292000
281600
271900
565900
594600
584200
543700
508100
847700
845000
799800
724400
661700
609200
564600
526200
492800
541100
528800
504700
474600
447400
448600
432300
11080000
4342000
2914000
1568000
1578000
1367000
1186000
1022000
2388000
2370000
1980000
1574000
1287000
1094000
952900
845600
807300
961500
908600
835300
752900
685200
629000
581500
1686000
1594000
1420000
1188000
1023000
899300
1055000
36050000
8523000
4118000
2269000
2018000
1750000
1399000
1171000
1010000
889800
796000
720500
658500
606500
562300
524200
491000
461900
436000
413000
392300
373600
356600
341100
326900
313900
301800
1004000
1034000
981300
869000
2158000
710400000
165700000
77590000
21650000
4710000
2209000
41030
3.144e-41
3.213e-41
1.059e-09
2.467e-10
1.157e-10
2.149e-12
3.287e-40
3.308e-40
3.311e-40
3.312e-40
3.312e-40
3.312e-40
3.312e-40
-4.234e-09
-9.869e-10
-4.628e-10
-8.598e-12
-1.323e-10
-3.084e-11
-1.446e-11
-2.687e-13
1.156e-36
1.156e-36
7.53e-36
1.101e-35
1.239e-35
1.269e-35
1.273e-35
1.273e-35
2.646e-10
6.168e-11
2.893e-11
5.374e-13
1.273e-35
-2.068e-12
-4.819e-13
-2.26e-13
-4.198e-15
5.222e-34
5.223e-34
5.223e-34
5.223e-34
5.223e-34
-1.059e-09
-2.467e-10
-1.157e-10
-2.149e-12
2.673e-33
2.879e-33
2.901e-33
2.902e-33
2.902e-33
3.195e-33
3.276e-33
3.312e-33
3.314e-33
-8.27e-12
-1.928e-12
-9.039e-13
-1.679e-14
3.314e-33
3.314e-33
3.314e-33
3.314e-33
3.314e-33
3.314e-33
3.314e-33
3.314e-33
3.314e-33
3.314e-33
3.314e-33
3.314e-33
3.314e-33
3.314e-33
-4.234e-09
-9.869e-10
-4.628e-10
-8.598e-12
1.172e-31
1.173e-31
1.173e-31
1.173e-31
1.173e-31
1.173e-31
1.173e-31
-6.616e-11
-1.542e-11
-7.231e-12
-1.343e-13
1.173e-31
1.173e-31
1.173e-31
1.173e-31
3.308e-11
7.711e-12
3.616e-12
6.717e-14
1.492e-31
1.493e-31
1.493e-31
1.493e-31
1.493e-31
1.964e-30
1.385e-29
1.672e-29
1.798e-29
1.8e-29
1.8e-29
1.8e-29
1.8e-29
1.8e-29
6.616e-11
1.542e-11
7.231e-12
1.343e-13
3.929e-29
4.306e-29
4.451e-29
4.454e-29
4.454e-29
4.454e-29
4.454e-29
4.454e-29
4.454e-29
6.905e-29
7.781e-29
8.12e-29
-2.646e-10
-6.168e-11
-2.893e-11
-5.374e-13
9.338e-29
9.34e-29
9.34e-29
9.34e-29
9.34e-29
9.34e-29
5.169e-13
1.205e-13
5.65e-14
1.05e-15
9.34e-29
5.169e-13
1.205e-13
5.65e-14
1.05e-15
9.34e-29
9.34e-29
9.34e-29
9.34e-29
9.34e-29
9.34e-29
9.34e-29
1.059e-09
2.467e-10
1.157e-10
2.149e-12
8.27e-12
1.928e-12
9.039e-13
1.679e-14
9.637e-29
9.637e-29
9.637e-29
9.637e-29
9.637e-29
9.637e-29
9.637e-29
9.637e-29
9.637e-29
9.637e-29
9.637e-29
9.637e-29
9.637e-29
9.637e-29
-2.646e-10
-6.168e-11
-2.893e-11
-5.374e-13
2.528e-26
2.576e-26
2.577e-26
2.577e-26
2.577e-26
2.577e-26
2.577e-26
2.577e-26
2.577e-26
2.577e-26
2.577e-26
-1.323e-10
-3.084e-11
-1.446e-11
-2.687e-13
3.919e-25
6.603e-25
7.422e-25
7.631e-25
4.135e-12
9.638e-13
4.52e-13
8.396e-15
1.009e-24
1.009e-24
1.009e-24
1.009e-24
1.009e-24
1.009e-24
1.009e-24
1.009e-24
1.009e-24
-2.646e-10
-6.168e-11
-2.893e-11
-5.374e-13
2.697e-24
2.859e-24
2.932e-24
2.933e-24
2.933e-24
4.641e-24
-4.135e-12
-9.638e-13
-4.52e-13
-8.396e-15
1.072e-23
1.072e-23
1.072e-23
1.072e-23
1.072e-23
1.072e-23
1.072e-23
1.072e-23
1.072e-23
1.072e-23
1.072e-23
3.55e-23
4.128e-23
4.398e-23
4.403e-23
5.169e-13
1.205e-13
5.65e-14
1.05e-15
4.403e-23
4.403e-23
1.323e-10
3.084e-11
1.446e-11
2.687e-13
7.478e-21
-6.616e-11
-1.542e-11
-7.231e-12
-1.343e-13
3.035e-20
3.554e-20
3.798e-20
3.802e-20
3.802e-20
-4.234e-09
-1.053e-09
-4.782e-10
-1.583e-11
-1.343e-13
5.662e-17
5.662e-17
5.662e-17
8.625e-17
5.293e-10
1.234e-10
5.787e-11
1.092e-12
5.346e-13
1.382e-13
7.418e-14
1.873e-14
1.768e-14
1.768e-14
1.768e-14
1.768e-14
1.768e-14
1.768e-14
4.44e-14
8.685e-14
2.959e-12
3.629e-12
3.942e-12
3.948e-12
6.63e-11
1.086e-10
1.219e-10
1.251e-10
1.256e-10
1.257e-10
1.299e-10
1.267e-10
1.262e-10
1.258e-10
1.258e-10
1.258e-10
1.258e-10
2.133e-10
1.402e-09
1.353e-09
3.603e-09
4.219e-09
4.491e-09
4.511e-09
4.511e-09
4.511e-09
8.654e-08
1.057e-07
1.167e-07
9.876e-07
3.198e-06
1.078e-05
5.557e-05
6.635e-05
7.106e-05
0.0001439
0.0001609
0.0001688
0.000169
0.000169
0.000169
0.000171
0.0001715
0.0001717
0.0005641
0.0006555
0.0006984
0.0006992
0.0006992
0.0006992
0.0006992
0.0006992
0.0006992
0.0006992
0.0006992
0.0006992
0.0006992
0.0006992
0.0006992
0.001154
0.00126
0.00131
0.001625
0.001699
0.001733
0.001734
0.001734
0.001734
0.001869
0.003995
0.004754
0.7337
0.9035
0.9832
0.9846
0.9846
0.9846
1.421
1.793
1.904
1.935
2.653
2.821
2.899
2.901
2.901
2.901
2.901
2.901
2.901
2.901
2.901
2.901
2.901
2.901
2.901
2.901
2.901
2.901
10.82
12.66
13.53
13.54
16.34
17.65
23.7
25.65
26.4
26.47
26.47
26.47
26.47
26.47
26.47
26.47
26.47
26.47
214.5
590.7
688.7
725.3
1606
1810
1906
1907
1907
1907
1906
1906
1905
1905
1904
1904
1903
1903
1902
1902
1902
1901
1901
1900
1900
1899
30170
237900
279100
291000
281100
271400
262400
253900
246000
238600
231600
225100
218800
213000
207400
202100
197100
192300
191100
187400
183500
276200
289000
289300
279300
269700
260800
252500
365000
376400
372100
355500
340100
326000
313000
301100
290000
279700
270100
261200
252800
245000
237600
230700
224200
218000
212200
206600
201400
1846000
1764000
1570000
1288000
1094000
953200
845800
760800
691800
634500
586200
544900
1995000
1837000
1604000
1309000
1109000
964400
854500
767800
714300
657300
607400
563100
524900
491600
462400
436500
413400
392700
373900
356900
341400
1063000
1631000
1521000
2609000
2159000
1778000
1415000
1182000
1018000
896000
800800
724500
661800
609300
564700
526300
492800
463500
437500
414200
554700
554600
536500
502500
472100
665400
5726000
3550000
2640000
1784000
1427000
1815000
1588000
1369000
1152000
996100
879000
787300
713500
652600
601600
558100
520500
487800
459100
2349000
11080000
4506000
2913000
1600000
1293000
1098000
956100
848000
762600
693200
635700
587300
25420000
1.047e+09
245500000
113900000
2115000
-8.396e-15
2.934e-67
2.934e-67
2.934e-67
2.934e-67
2.934e-67
2.934e-67
2.934e-67
-5.293e-10
-1.229e-10
-5.721e-11
2.637e-10
6.174e-11
2.893e-11
5.374e-13
2.934e-67
2.934e-67
2.934e-67
2.934e-67
2.934e-67
2.934e-67
2.934e-67
2.934e-67
2.934e-67
2.934e-67
2.934e-67
2.934e-67
2.934e-67
2.934e-67
2.934e-67
2.934e-67
2.934e-67
2.934e-67
2.934e-67
2.934e-67
2.934e-67
2.934e-67
2.934e-67
2.934e-67
2.646e-10
6.168e-11
2.066e-11
-9.66e-12
-2.832e-12
-9.207e-13
-1.679e-14
2.934e-67
2.934e-67
2.934e-67
2.934e-67
5.169e-13
1.205e-13
5.65e-14
1.05e-15
2.934e-67
2.934e-67
-8.27e-12
-1.928e-12
-9.039e-13
-1.679e-14
2.934e-67
3.308e-11
7.711e-12
3.616e-12
6.717e-14
3.095e-67
6.573e-67
1.046e-66
1.35e-66
1.535e-66
1.633e-66
-2.117e-09
-4.935e-10
-2.314e-10
-4.299e-12
2.064e-65
1.294e-64
3.457e-64
5.668e-64
9.189e-64
3.043e-63
6.616e-11
1.542e-11
7.231e-12
1.343e-13
1.161e-60
1.425e-60
1.565e-60
5.584e-60
1.095e-59
1.521e-59
1.773e-59
1.897e-59
1.952e-59
1.976e-59
1.985e-59
1.989e-59
2.325e-59
8.475e-59
1.647e-58
6.223e-58
18210000
4244000
13980000
2832000
1311000
24350
3.331e-53
3.522e-53
3.594e-53
3.62e-53
3.63e-53
3.633e-53
3.634e-53
3.634e-53
3.634e-53
3.634e-53
8.212e-52
2.926e-51
4.836e-51
5.955e-51
6.455e-51
6.641e-51
6.704e-51
6.725e-51
9.021e-51
6.616e-11
1.542e-11
7.231e-12
1.343e-13
-1.654e-11
-3.855e-12
-1.808e-12
-3.358e-14
1.393e-48
1.403e-48
1.407e-48
1.408e-48
1.408e-48
3.684e-48
1.16e-47
1.968e-47
2.423e-47
2.205e-46
8.102e-46
1.266e-45
1.497e-45
1.582e-45
1.607e-45
1.613e-45
1.615e-45
2.065e-45
2.31e-45
2.43e-45
2.465e-45
2.474e-45
2.476e-45
2.222e-44
4.61e-44
5.954e-44
6.503e-44
6.665e-44
6.705e-44
6.715e-44
5.169e-13
1.205e-13
5.65e-14
1.05e-15
9.126e-44
5.293e-10
1.234e-10
5.785e-11
1.075e-12
3.025e-42
3.046e-42
3.05e-42
5.946e-42
9.828e-42
1.176e-41
1.25e-41
-2.646e-10
-6.168e-11
-2.893e-11
-1.329e-10
-3.084e-11
-1.446e-11
-2.687e-13
4.234e-09
9.869e-10
4.628e-10
8.598e-12
9.87e-40
1.004e-39
1.007e-39
1.007e-39
2.117e-09
4.935e-10
2.314e-10
4.299e-12
7.958e-39
8.007e-39
8.014e-39
8.016e-39
8.016e-39
1487000
346600
162600
3020
4.424e-35
4.454e-35
4.737e-35
9.059e-34
-6.616e-11
-1.542e-11
-7.231e-12
-1.343e-13
1.224e-32
1.224e-32
1.224e-32
1.224e-32
1.224e-32
1.224e-32
1.224e-32
1.224e-32
1.224e-32
-2.646e-10
-6.168e-11
3.724e-11
1.073e-09
2.54e-10
1.158e-10
2.149e-12
3.351e-32
3.351e-32
3.351e-32
3.351e-32
3.351e-32
3.351e-32
-5.293e-10
-1.234e-10
-5.785e-11
-1.075e-12
-2.117e-09
-4.935e-10
-2.314e-10
-4.299e-12
1718000
400400
187700
3488
-2.149e-12
6.422e-28
6.422e-28
6.422e-28
-5.293e-10
-1.234e-10
-5.785e-11
-1.075e-12
1.721e-27
1.721e-27
1.721e-27
1.721e-27
-1.059e-09
-2.467e-10
-1.157e-10
-2.149e-12
2.011e-27
2.078e-27
2.11e-27
2.11e-27
5.445e-27
14010000
24070000
6380000
4126000
2731000
7594000
1852000
1789000
5516000
4573000
11210000
3215000
1214000
8265000
1909000
1251000
4963000
9947000
6344000
1847000
615300
6051000
11040000
2900000
1729000
174500
72670
1350
-1.198e-10
-6.192e-11
-2.039e-12
-4.52e-13
-8.396e-15
3.308e-23
1.524e-22
1.024e-21
1.059e-09
12920000
3011000
2024000
168800
66840
1242
1.122e-19
1.122e-19
3.424e-19
1.29e-17
2.646e-10
2.179e-09
5.224e-10
2.319e-10
4.299e-12
4.837e-16
4.9e-16
4.901e-16
4.901e-16
4.901e-16
4.901e-16
4.901e-16
4.901e-16
3.308e-11
7.711e-12
3.616e-12
6.766e-14
4.901e-16
4.901e-16
4.901e-16
4.901e-16
4.901e-16
4.901e-16
4.901e-16
4.901e-16
4.901e-16
4.901e-16
4.901e-16
4.901e-16
4.901e-16
4.901e-16
4.901e-16
4.901e-16
1.806e-15
2.113e-15
2.117e-09
4.935e-10
2.314e-10
4.331e-12
3.378e-14
3.381e-14
3.381e-14
3.381e-14
3.381e-14
3.381e-14
3.381e-14
3.381e-14
3.381e-14
-3.275e-11
-7.31e-12
-3.183e-12
3.664e-13
4.336e-13
4.336e-13
6.659e-11
1.585e-11
9.733e-12
1.05e-12
6.595e-13
4.378e-13
4.336e-13
-7.837e-12
-1.494e-12
-4.704e-13
4.168e-13
4.336e-13
4.336e-13
4.336e-13
4.336e-13
4.336e-13
4.336e-13
4.336e-13
4.336e-13
4.632e-13
5.107e-13
5.234e-13
5.279e-13
5.28e-13
5.28e-13
8.798e-12
2.456e-12
1.432e-12
5.448e-13
5.28e-13
5.28e-13
5.28e-13
5.28e-13
5.28e-13
5.28e-13
5.28e-13
4.621e-12
5.575e-12
6.023e-12
6.031e-12
-6.013e-11
-9.39e-12
-1.2e-12
5.897e-12
3042000
709000
332500
6177
9.29e-08
9.29e-08
9.29e-08
9.29e-08
9.29e-08
1.66e-07
2.618e-06
1.212e-05
1.766e-05
1559000
363300
170400
3165
0.002839
0.002839
0.02214
0.02664
0.02875
0.02879
0.02879
0.02879
0.02879
0.03899
122.3
150.7
164.1
164.3
164.3
164.3
1616
1954
2112
2114
2114
2113
2113
2112
3709
4079
4252
4253
9849
155000
788000
854700
3844000
2888000
2274000
1672000
1347000
1136000
984300
869900
780100
707600
647700
597400
554500
517400
485100
456600
431400
408800
388500
370100
407700
400200
2820000
2390000
1992000
1536000
1262000
1076000
1093000
1557000
6615000
3790000
3109000
2088000
1639000
1328000
2188000
1893000
5071000
3338000
2485000
1749000
1394000
1167000
1008000
887800
794300
719200
657400
605600
561500
523500
577700
557800
529900
496200
466400
440100
416600
395500
376500
774800
21450000
6006000
3382000
1065000
900500
804400
727400
664200
611300
566400
527800
494200
537600
597500
580600
548700
512600
480800
452900
428000
454200
63550000
14870000
6996000
195600
66340
65790
65260
64730
307700
389500
405700
390400
1650000
1656000
1487000
1241000
1061000
928700
826600
745300
679000
623800
577100
537000
502200
471700
444800
420800
399300
379900
362400
346400
331800
318300
306000
294500
283900
286400
27380000
6671000
3321000
407700
425200
423400
411200
390800
372300
355400
340000
325900
312900
301000
289900
279600
298700
294400
286900
276900
267500
258800
250600
242900
719500
762000
743100
828300
1168000
2624000
2410000
1979000
1556000
1275000
1085000
946800
840800
756800
688500
631700
583800
712600
691000
652400
601800
3334000
7149000
11120000
4831000
2900000
1679000
1344000
1134000
982700
868700
779100
706800
647000
596800
554000
517000
484700
456300
431100
408600
3018000
57880000
13650000
6259000
121500
5385
5382
5378
5374
5371
5367
5364
5360
5356
5353
5349
5346
5342
5339
5335
5332
10750
524100
600500
609600
565900
527300
493800
464300
438200
414900
394000
375100
358000
342400
328100
315000
302800
291600
281200
271600
262500
254100
454900
476900
471700
445200
421200
399600
380200
362600
346600
332000
318500
306100
294700
568200
593000
596600
558100
522300
489400
460400
434700
411800
391200
372600
355700
340300
326200
313200
301200
290100
279800
270200
261300
252900
384200
398000
393800
375200
358100
342400
574300
946400
3046000
15050000
31260000
42830000
11270000
3988000
204700
131900
129800
127700
125700
123800
121900
120000
118200
116500
114800
113200
111600
110100
108600
107100
105700
104300
103000
101700
100400
99150
97930
96750
95590
94460
93350
92280
91220
90220
2052000
3234000
2601000
2009000
1543000
1267000
1270000
141900000
33090000
15470000
287400
0.01161
0.01162
0.01162
0.01162
0.01162
0.01162
0.01162
0.01162
0.01548
0.04705
0.05462
0.05798
0.05804
0.05804
0.05804
0.05804
0.05804
0.05804
0.05804
0.05804
0.05804
0.05804
0.05804
0.05804
0.05804
0.3506
38.11
78.09
94.77
99.49
147.5
279.1
312.4
325.6
325.8
325.8
1636
709400
1600000
1540000
1356000
1143000
989800
874100
783500
800900
881800
883800
818900
745300
679100
623900
577200
537100
502300
471800
444900
2619000
2267000
1909000
1491000
1233000
1055000
923800
822800
747400
16490000
4925000
2923000
1126000
954700
846900
761700
692500
635700
587400
545900
510000
478600
450900
426400
3110000
2551000
2092000
1588000
1295000
2236000
2051000
3011000
2440000
6583000
3768000
2685000
1787000
1414000
1181000
1116000
1759000
1763000
1536000
1286000
1093000
952900
845500
760600
691600
1161000
1518000
1399000
1219000
1046000
916900
2096000
1870000
1608000
1402000
1197000
1040000
913000
814300
735400
670800
620800
575400
536000
501300
516000
755000
750700
712500
6464000
3717000
2720000
1786000
1414000
1181000
1018000
4392000
3114000
4816000
3441000
3165000
7300000
94260000
22280000
10120000
187900
1438000
335100
157200
2986
67.26
67.26
67.26
67.26
67.26
67.26
67.26
67.26
67.26
67.26
67.26
67.26
67.26
67.25
67.25
67.25
67.25
67.25
67.25
67.25
67.25
77.41
79.77
80.88
80.9
80.9
80.9
80.9
96.41
561.7
671
721.4
722.3
722.2
722.1
722.1
1043
2817
3247
3432
3434
3572000
837900
396900
2841000
666000
316100
12940
7192
7186
7180
7173
7167
7160
7154
7148
7141
7135
7129
7122
7116
7110
7103
7097
7091
13290
85850
306600
1338000
1347000
1238000
1061000
928300
826300
745100
678800
623700
576900
1114000
1094000
1014000
894100
799400
723300
660800
608500
564000
525700
492300
463000
437000
413900
393100
1386000
1368000
1254000
1072000
936900
833000
750600
683300
627400
580200
539700
504800
4026000
2979000
2345000
1702000
1365000
1148000
993600
3841000
15640000
6532000
3968000
2017000
3209000
3632000
2735000
2047000
1563000
1279000
1088000
948700
842300
758000
689400
632500
584500
543400
507800
476700
449200
424700
1025000
1035000
973600
862800
774500
703000
643900
594100
551700
515000
483000
454700
429700
407300
387100
1471000
11560000
4533000
2959000
8649000
5121000
3570000
11150000
53580000
21050000
9729000
3061000
1822000
1432000
1193000
1027000
1846000
1666000
1450000
1208000
1037000
910100
812000
733600
669300
615600
570100
531000
496900
467100
440700
417100
396100
2679000
3368000
3045000
2289000
6392000
362200000
84720000
39440000
8461000
5268000
1653000
9819000
2204000
1030000
19140
1.429e-14
1.431e-14
1.431e-14
1.431e-14
1.431e-14
1.431e-14
1.431e-14
1.35e-11
1.665e-11
1.812e-11
1.815e-11
1.815e-11
1.815e-11
1.815e-11
1.815e-11
1.815e-11
1.815e-11
1.815e-11
1.854e-11
4.28e-09
8.132e-09
1.012e-08
1.064e-08
1.074e-08
1.075e-08
1.075e-08
1.075e-08
1.075e-08
1.074e-08
1.075e-08
1.075e-08
1.075e-08
1.075e-08
1.616e-08
1.742e-08
8.686e-08
1.414e-07
2.302e-07
2.513e-07
2.583e-07
7.967e-07
1.645e-06
0.0002481
5329000
1242000
4989000
20390000
4993000
11580000
