1885000
1873000
1852000
1827000
1802000
1777000
1753000
1729000
1706000
1684000
1662000
1641000
1620000
1600000
1580000
1561000
1543000
1744000
1848000
1880000
1870000
1856000
1940000
1957000
2023000
2521000
2703000
2748000
2714000
2664000
2706000
2697000
2662000
2688000
2676000
2716000
3270000
3867000
4022000
3993000
3890000
3851000
3764000
3669000
3862000
3855000
3908000
3842000
3750000
3646000
3546000
3450000
3360000
3305000
3233000
3158000
3083000
3011000
2942000
2875000
2812000
2752000
2789000
2766000
2724000
2670000
2616000
2564000
2514000
2466000
2431000
2512000
2655000
2733000
2726000
2685000
2633000
2581000
2530000
2482000
2434000
2420000
2388000
2349000
2308000
2268000
2228000
2191000
2210000
2194000
2168000
2134000
2099000
2066000
2033000
2001000
1971000
1941000
1912000
1884000
1857000
1830000
1805000
1780000
1755000
1732000
1709000
1686000
1664000
1643000
1622000
1602000
1583000
1563000
1545000
1772000
1858000
1883000
1869000
1846000
1821000
1795000
1771000
1780000
1863000
1881000
1874000
1851000
1827000
1801000
1777000
1752000
1729000
1706000
1684000
1662000
1641000
1620000
1600000
1580000
1561000
1542000
1524000
1506000
1489000
1472000
1455000
1439000
1423000
1407000
1392000
1377000
1522000
1576000
1655000
1670000
1664000
1647000
1627000
1607000
1588000
1568000
1549000
1531000
1513000
1495000
1478000
1554000
1576000
1576000
1562000
1545000
1527000
1509000
1492000
1474000
1458000
1441000
1425000
1410000
1395000
1380000
1365000
1351000
1337000
1323000
1309000
1296000
1283000
1271000
1258000
1246000
1234000
1222000
1211000
1200000
1189000
1178000
1167000
1157000
1146000
1136000
1126000
1117000
1107000
1097000
1088000
1079000
1070000
1061000
1053000
1044000
1036000
1028000
1019000
1011000
1004000
995800
988100
981500
974500
967400
960200
953200
946200
939300
932500
925800
919200
912700
906300
899900
893700
887600
998700
1049000
1069000
1069000
1062000
1055000
1047000
1038000
1030000
1022000
1014000
1006000
998200
990500
983000
975500
968200
961000
953900
946900
940000
933200
926500
919900
913400
906900
900600
894400
888200
882100
876100
870200
864400
858600
853000
847400
933300
1089000
1161000
1432000
1582000
1639000
1643000
1629000
1611000
1592000
1573000
1554000
1535000
1517000
1499000
1482000
1465000
1449000
1433000
1417000
1401000
1386000
1372000
1357000
1343000
1329000
1315000
1302000
1289000
1276000
1313000
1419000
1458000
1465000
1455000
1440000
1425000
1410000
1404000
1402000
1393000
1381000
1367000
1353000
1339000
1325000
1311000
1298000
1285000
1273000
1273000
1307000
1314000
1310000
1299000
1287000
1274000
1262000
1250000
1238000
1226000
1214000
1203000
1192000
1415000
1886000
2093000
2159000
2150000
2122000
2089000
2057000
2024000
1993000
1963000
1933000
1965000
1959000
1941000
1915000
1887000
1910000
1902000
1883000
1858000
1832000
1807000
1782000
1757000
1734000
1721000
1703000
1683000
1662000
1640000
1624000
1606000
1816000
1892000
1912000
1896000
1890000
1871000
1848000
1823000
1880000
1900000
1893000
1872000
1847000
1821000
1796000
1771000
1752000
1753000
1740000
1721000
1699000
1677000
1656000
1635000
1692000
1703000
1696000
1678000
1657000
1637000
1633000
1877000
1968000
2048000
2258000
2318000
2319000
2288000
2250000
2212000
2175000
2139000
2104000
2070000
2037000
2005000
1974000
1945000
1916000
1887000
1860000
1834000
1808000
1783000
1758000
1735000
1711000
1689000
1685000
1671000
1653000
1633000
1614000
2114000
2323000
2395000
2533000
3299000
3592000
3652000
3587000
3498000
3508000
3654000
3642000
3577000
3485000
3394000
3307000
3223000
3144000
3069000
2997000
2931000
3368000
3618000
3658000
3915000
3935000
3875000
3772000
3666000
3566000
3766000
3765000
3705000
3608000
3511000
3417000
3329000
3244000
3164000
3087000
3016000
3236000
3265000
3233000
3162000
3088000
3016000
2946000
2880000
2817000
2756000
2698000
2643000
2664000
2638000
2597000
2548000
2499000
2452000
2406000
2361000
2319000
2278000
2238000
2199000
2162000
2127000
2092000
2058000
2026000
1994000
1964000
1934000
1906000
1878000
1851000
1824000
1799000
1774000
1750000
1726000
1704000
1688000
1669000
1649000
1628000
1608000
1588000
1569000
1550000
1531000
1513000
1496000
1478000
1462000
1445000
1429000
1413000
1398000
1383000
1368000
1354000
1340000
1326000
1313000
1299000
1286000
1274000
1261000
1278000
1371000
1405000
1411000
1402000
1388000
1374000
1360000
1345000
1332000
1318000
1305000
1292000
1279000
1266000
1254000
1242000
1230000
1218000
1207000
1196000
1185000
1174000
1163000
1153000
1143000
1133000
1123000
1113000
1103000
1094000
1085000
1076000
1067000
1058000
1050000
1041000
1033000
1025000
1016000
1008000
1001000
992900
985400
977900
970500
963300
956100
949100
942200
935300
928600
921900
915400
909000
902600
896300
890100
884000
878000
872100
866200
860400
854700
849100
843600
838100
832700
827300
822100
816900
811700
806600
801600
796700
850100
880600
892400
892200
888000
882600
876900
871000
865200
859500
853800
848200
842600
837200
831800
826400
821200
846500
867400
874500
873500
873700
870400
865800
860400
854800
849300
843700
838200
832800
827500
822200
817000
811900
806800
801800
796800
791900
787100
782300
777600
773000
768400
763800
775600
778800
778000
774500
770300
765800
761400
756900
752500
748200
743900
739600
735400
731200
727100
741700
746600
746800
743900
740100
736100
732000
727900
723800
719800
715800
711800
773500
863700
905700
920200
920100
915800
910100
951100
966500
970400
966300
960200
1019000
1264000
1382000
1428000
1430000
1419000
1406000
1391000
1402000
1654000
1803000
1855000
1853000
1833000
1809000
1785000
1760000
1737000
1714000
1691000
1669000
1648000
1627000
1659000
1701000
1959000
2051000
2073000
2054000
2280000
2379000
2398000
2371000
2332000
2291000
2252000
2213000
2175000
2139000
2104000
2070000
2037000
2041000
2060000
2149000
2260000
2284000
2268000
2235000
2198000
2162000
2404000
2473000
2479000
2684000
2852000
3024000
3246000
3275000
3235000
3271000
3230000
3169000
3095000
3023000
2953000
2887000
2823000
2762000
2840000
2829000
2791000
2736000
2680000
2626000
2573000
2522000
2474000
2427000
2382000
2338000
2296000
2256000
2217000
2202000
2173000
2141000
2127000
2100000
2070000
2038000
2007000
1976000
1946000
1978000
1979000
2406000
2557000
2596000
2565000
2520000
2473000
2451000
2434000
2400000
2360000
2351000
2321000
2286000
2247000
2208000
2171000
2135000
2100000
2066000
2034000
2002000
1971000
1941000
1912000
1884000
1857000
1831000
1805000
1801000
1785000
1764000
1741000
1718000
1698000
1698000
1687000
1670000
1650000
1630000
1609000
1590000
1570000
1551000
1533000
1515000
1497000
1525000
1581000
1594000
1588000
1623000
1625000
1615000
1597000
1578000
1560000
1541000
1523000
1505000
1488000
1471000
1454000
1438000
1422000
1406000
1391000
1376000
1362000
1347000
1333000
1320000
1306000
1335000
1444000
1484000
1492000
1481000
1466000
1450000
1434000
1419000
1403000
1388000
1373000
1359000
1344000
1331000
1317000
1304000
1291000
1278000
1265000
1253000
1241000
1229000
1217000
1206000
1195000
1184000
1173000
1162000
1152000
1142000
1132000
1122000
1112000
1103000
1093000
1084000
1075000
1066000
1058000
1049000
1040000
1032000
1024000
1016000
1008000
1e+06
992400
984800
977300
970000
962800
955600
948600
941700
934800
928100
921500
914900
908500
902100
896900
891200
885400
879400
873500
867600
861800
856100
850400
844900
839400
833900
828600
823300
818100
812900
807800
802800
797800
792900
788100
783300
778600
773900
779300
779300
777000
773100
768700
764300
759800
755400
751000
746600
742300
738100
733900
729700
725600
721600
717600
713600
709700
705800
702000
698200
694400
738000
757600
765100
764300
761100
763300
761900
759000
755000
750800
746500
742200
738000
733800
729700
725600
721500
717500
713500
715800
763300
784600
792500
791600
788100
783700
779200
774600
770000
765400
760900
756400
758000
1099000
1290000
1376000
1394000
1389000
1377000
1364000
1350000
1336000
1322000
1309000
1296000
1283000
1270000
1258000
1246000
1234000
1222000
1211000
1199000
1188000
1177000
1167000
1156000
1146000
1136000
1126000
1116000
1107000
1097000
1088000
1079000
1070000
1061000
1052000
1044000
1035000
1027000
1019000
1011000
1003000
995500
987900
980400
973000
965700
958500
951400
944500
937600
930800
924200
917600
911100
904700
898400
892200
886100
880000
874100
868200
862400
856600
851000
845400
839900
834500
829100
823800
818600
813400
808300
803300
798300
793400
788600
829900
866400
881100
883200
996500
1048000
1068000
1087000
1167000
1389000
1486000
1519000
1574000
1585000
1579000
1563000
1693000
1735000
1743000
1727000
1706000
1684000
1663000
1642000
1621000
1616000
1747000
1790000
1930000
2293000
3057000
3506000
4250000
4409000
4378000
4253000
4121000
3993000
3872000
3758000
3650000
3549000
3453000
3362000
3278000
3902000
4055000
4049000
3946000
3832000
3721000
3616000
3517000
3491000
3422000
3345000
3672000
3750000
3973000
3959000
3883000
3776000
3669000
3567000
3470000
3378000
3292000
3398000
3539000
3554000
3499000
3901000
4096000
4094000
4e+06
3885000
3771000
3663000
3561000
3499000
3417000
3334000
3250000
3169000
3095000
3417000
3477000
3452000
3374000
3290000
3208000
3130000
3055000
2984000
2916000
2851000
2790000
3035000
3148000
3149000
3095000
3026000
2957000
2891000
2903000
2911000
2875000
2821000
2763000
2705000
2649000
2595000
2544000
2494000
2447000
2402000
2714000
2802000
2807000
2760000
2706000
2651000
2597000
2546000
2658000
2666000
2640000
2592000
2542000
2493000
2446000
2401000
2588000
3304000
3540000
3578000
3508000
3421000
3335000
3720000
4121000
4189000
4122000
4005000
3885000
3771000
3663000
3561000
3464000
3373000
3286000
3203000
3125000
3051000
2979000
2912000
2847000
2785000
2726000
2669000
2614000
2562000
2512000
2464000
2417000
2372000
2329000
2288000
2248000
2209000
2172000
2219000
2223000
2225000
2202000
2656000
2951000
3033000
3009000
2950000
2886000
2823000
2762000
2715000
2662000
2610000
2558000
2508000
2460000
2414000
2369000
2326000
2285000
2245000
2206000
2169000
2133000
2098000
2081000
2387000
2927000
3821000
4300000
4405000
4365000
4403000
4317000
4201000
4071000
4012000
4153000
4116000
4027000
4174000
4136000
4047000
3930000
3967000
3922000
3837000
3732000
3627000
3637000
3575000
3495000
3405000
3317000
3233000
3154000
3078000
3005000
2936000
2871000
2829000
2994000
3072000
3181000
3808000
4064000
4086000
3995000
3881000
3768000
3661000
3740000
4304000
4530000
4520000
4883000
4875000
4796000
4641000
4483000
4332000
4189000
4056000
3931000
3813000
3702000
3598000
3499000
3406000
3317000
3233000
3154000
3078000
3005000
2936000
2871000
2808000
2747000
2690000
2634000
2581000
2530000
2481000
2434000
2389000
2345000
2303000
2262000
2223000
2201000
2235000
2225000
2199000
2165000
2130000
2095000
2062000
2029000
1998000
1967000
1938000
2006000
2015000
2003000
1976000
1947000
1918000
1890000
1863000
1836000
1810000
1785000
1761000
1737000
1714000
1691000
1669000
1648000
1627000
1607000
1587000
1568000
1549000
1530000
1512000
1495000
1478000
1461000
1444000
1428000
1413000
1397000
1382000
1368000
1353000
1339000
1325000
1312000
1299000
1286000
1273000
1261000
1248000
1289000
1300000
1298000
1288000
1276000
1264000
1252000
1240000
1436000
1895000
2095000
2158000
2148000
2120000
2088000
2055000
2023000
2042000
2269000
2479000
2561000
2955000
3259000
3328000
3293000
3220000
3145000
3360000
3382000
3344000
3267000
3188000
3111000
3037000
3011000
4145000
4507000
4566000
4449000
4308000
4171000
4473000
4473000
4388000
4252000
4117000
3989000
3868000
3754000
3743000
3670000
3582000
3487000
3533000
3916000
4251000
4286000
4521000
4486000
4384000
4246000
4111000
3983000
3862000
3749000
3642000
3541000
3445000
3355000
3269000
3187000
3110000
3036000
2965000
2898000
2834000
2773000
2714000
2658000
2798000
2813000
2787000
2734000
2679000
2624000
2580000
2590000
2748000
2772000
2773000
2731000
2679000
2626000
2656000
2634000
2744000
2746000
2715000
2664000
2611000
2559000
2509000
2461000
2415000
2370000
2327000
2286000
2246000
2207000
2170000
2134000
2099000
2065000
2032000
2001000
1970000
1940000
1911000
1907000
2164000
2292000
2324000
2303000
2267000
2229000
2192000
2155000
2119000
2085000
2052000
2019000
1988000
1958000
1928000
1900000
1872000
1845000
1819000
1794000
1770000
2057000
2481000
2633000
2658000
2622000
2574000
2525000
2477000
2534000
2538000
2512000
2470000
2588000
2607000
2586000
2542000
2494000
2447000
2401000
2357000
2314000
2273000
2234000
2196000
2159000
2123000
2088000
2055000
2023000
1991000
1961000
1931000
1903000
1875000
1848000
1822000
1796000
1772000
1912000
1953000
1956000
1934000
1918000
1895000
1870000
1843000
1817000
1792000
1768000
1744000
1720000
1697000
1675000
1654000
1633000
1612000
1592000
1573000
1554000
1535000
1517000
1500000
1482000
1465000
1449000
1433000
1417000
1457000
1470000
1467000
1455000
1440000
1424000
1409000
1393000
1378000
1364000
1350000
1336000
1322000
1308000
1295000
1282000
1295000
1352000
1443000
1474000
1477000
1465000
1450000
1435000
1419000
1404000
1389000
1374000
1359000
1345000
1331000
1318000
1304000
1291000
1278000
1266000
1254000
1404000
1464000
1483000
1476000
1462000
1446000
1430000
1415000
1399000
1384000
1370000
1355000
1341000
1327000
1314000
1301000
1288000
1275000
1262000
1250000
1238000
1345000
1386000
1397000
1389000
1376000
1362000
1348000
1334000
1320000
1307000
1294000
1281000
1268000
1256000
1244000
1232000
1220000
1209000
1198000
1187000
1176000
1165000
1155000
1145000
1134000
1125000
1115000
1105000
1096000
1087000
1078000
1069000
1060000
1051000
1043000
1034000
1026000
1018000
1010000
1002000
994400
986800
979300
971900
964600
957500
950400
943500
936600
929900
923200
916600
910200
903800
897500
891300
885200
879200
873200
867300
861500
855800
850200
884400
966100
1071000
1394000
1543000
1600000
1602000
1589000
1571000
1553000
1535000
1517000
1499000
1482000
1465000
1448000
1432000
1417000
1401000
1386000
1371000
1357000
1343000
1329000
1315000
1302000
1289000
1276000
1264000
1251000
1239000
1227000
1216000
1205000
1193000
1182000
1233000
1278000
1292000
1289000
1279000
1267000
1256000
1512000
1623000
1674000
1673000
1658000
1639000
1619000
1599000
1579000
1560000
1542000
1523000
1514000
1570000
1583000
1578000
1562000
1545000
1527000
1509000
1492000
1474000
1458000
1441000
1425000
1410000
1395000
1380000
1365000
1448000
1763000
1937000
2001000
1999000
2014000
2052000
2049000
2028000
1999000
1970000
2081000
2682000
3003000
3092000
3064000
3002000
2936000
2871000
2808000
2754000
2722000
2683000
2636000
2585000
2534000
2485000
2438000
2392000
2348000
2306000
2266000
2398000
2423000
2409000
2371000
2330000
2289000
2249000
2210000
2174000
2428000
2502000
2509000
2473000
2429000
2385000
2342000
2300000
2259000
2220000
2182000
2146000
2111000
2076000
2044000
2167000
2194000
2187000
2156000
2123000
2156000
2154000
2194000
2189000
2297000
2312000
2296000
2261000
2223000
2186000
2155000
2181000
2181000
2160000
2129000
2096000
2062000
2030000
1998000
1968000
1968000
1979000
1966000
1943000
1915000
1888000
1928000
1927000
1911000
1889000
1864000
1838000
1812000
1787000
1763000
1739000
1716000
1693000
1671000
1650000
1629000
1629000
1617000
1601000
1733000
1776000
1782000
1765000
1744000
1721000
1699000
1758000
1768000
1825000
1839000
1854000
1893000
2248000
2474000
2541000
2528000
2487000
2442000
2397000
2353000
2311000
2270000
2231000
2193000
2156000
2120000
2086000
2052000
2020000
1989000
1958000
1929000
1901000
1873000
1846000
1820000
1794000
1770000
1746000
1722000
1699000
1677000
1656000
1635000
1614000
1594000
1575000
1556000
1537000
1519000
1501000
1484000
1467000
1450000
1434000
1418000
1403000
1429000
1431000
1424000
1411000
1396000
1421000
1423000
1416000
1410000
1399000
1386000
1372000
1357000
1343000
1330000
1316000
1303000
1290000
1277000
1264000
1252000
1240000
1228000
1217000
1205000
1194000
1183000
1172000
1162000
1183000
1241000
1333000
1366000
1371000
1362000
1350000
1336000
1323000
1309000
1296000
1283000
1271000
1258000
1246000
1234000
1222000
1211000
1200000
1188000
1178000
1167000
1156000
1146000
1136000
1126000
1116000
1107000
1097000
1088000
1079000
1070000
1061000
1053000
1044000
1036000
1027000
1019000
1011000
1013000
1009000
1004000
996600
989200
981700
974300
998800
1081000
1145000
1169000
1171000
1194000
1220000
1225000
1220000
1211000
1200000
1189000
1178000
1167000
1157000
1147000
1137000
1127000
1117000
1107000
1098000
1089000
1079000
1071000
1062000
1053000
1044000
1036000
1028000
1020000
1012000
1004000
996100
988400
980900
973500
966200
959000
952000
999000
1018000
1023000
1095000
1138000
1156000
1213000
1333000
1908000
2180000
2279000
2277000
2248000
2212000
2175000
2192000
2176000
2149000
2116000
2082000
2049000
2017000
1986000
1956000
1926000
1898000
1870000
1843000
1817000
1792000
1767000
1743000
1793000
1833000
1849000
1839000
1913000
2370000
2858000
3021000
3037000
3335000
3668000
3731000
4165000
4434000
4439000
4336000
4201000
4069000
3943000
3825000
3714000
3615000
4674000
4952000
4959000
4807000
4638000
4477000
4325000
4183000
4050000
3925000
3808000
3698000
3728000
4539000
4747000
4727000
4585000
4431000
4284000
4144000
4014000
3891000
3776000
3667000
3565000
3468000
3418000
3345000
3511000
3562000
3591000
3532000
3451000
3546000
3618000
4430000
5232000
5891000
5918000
6129000
7126000
7198000
