121700
121700
121600
121500
121400
121300
121200
121100
121000
120900
120800
120700
120600
120500
120400
120300
244500
170600
147600
146000
150000
202200
163200
205400
556500
259400
221700
221400
221100
284200
243900
232700
281800
254500
300500
851400
734600
405900
370600
369700
426700
382500
376100
756300
452300
573500
444500
427000
425900
424700
423500
422300
470700
430200
424000
422800
421700
420500
419400
418200
417100
599800
452500
432800
431500
430300
429100
427900
426700
447800
696700
772500
623000
508800
496600
495000
493400
491800
490200
488600
555500
500600
492200
490600
489100
487500
485900
623500
513500
498100
496400
494800
493200
491700
490100
488500
487000
485400
483900
482400
480900
479400
477900
476400
474900
473400
472000
470500
469100
467700
466200
464800
463400
462000
1256000
637100
556400
554400
552400
550400
548500
546500
642500
911100
628100
591300
589000
586700
584500
582300
580100
577900
575700
573600
571400
569300
567200
565100
563000
561000
558900
556900
554900
552900
550900
548900
546900
545000
543100
541100
539200
1297000
695200
975700
684500
645100
642400
639800
637100
634500
631800
629200
626700
624100
621600
619100
1159000
721000
662900
660100
657300
654400
651700
648900
646200
643400
640800
638100
635400
632800
630200
627600
625100
622500
620000
617500
615000
612600
610100
607700
605300
602900
600600
598200
595900
593600
591300
589000
586800
584500
582300
580100
577900
575700
573600
571400
569300
567200
565100
563000
561000
558900
556900
554900
552900
550900
548900
546900
545000
543100
541100
539200
537400
535500
533600
531800
529900
528100
526300
524500
522700
520900
519100
1352000
695800
610100
607700
605300
602900
600500
598200
595800
593500
591200
589000
586700
584500
582300
580000
577900
575700
573500
571400
569300
567200
565100
563000
560900
558900
556900
554800
552800
550800
548900
546900
545000
543000
541100
539200
1261000
1751000
826400
2579000
1413000
972000
934600
929000
923400
917800
912400
906900
901600
896300
891100
885900
880800
875800
870800
865900
861000
856200
851400
846700
842100
837500
832900
828400
823900
819500
1128000
1741000
1017000
923800
918300
912800
907400
902000
991700
1006000
912400
897100
891900
886700
881600
876600
871600
866600
861700
856900
944800
1215000
926600
886700
881600
876500
871500
866600
861700
856900
852100
847400
842700
838100
3176000
4481000
1705000
1372000
1359000
1347000
1336000
1324000
1313000
1301000
1290000
1280000
1697000
1352000
1299000
1288000
1277000
1630000
1336000
1289000
1278000
1267000
1257000
1247000
1237000
1227000
1298000
1231000
1208000
1198000
1189000
1218000
1179000
3213000
1582000
1364000
1352000
1535000
1366000
1334000
1322000
2106000
1600000
1390000
1363000
1351000
1339000
1328000
1316000
1347000
1483000
1328000
1299000
1288000
1277000
1267000
1256000
1907000
1380000
1303000
1292000
1282000
1271000
1399000
4025000
1794000
2061000
3528000
1906000
1690000
1672000
1654000
1636000
1619000
1602000
1585000
1569000
1553000
1537000
1522000
1507000
1492000
1478000
1463000
1450000
1436000
1423000
1409000
1397000
1384000
1371000
1550000
1383000
1351000
1339000
1327000
6940000
2418000
1824000
3038000
8676000
3464000
2540000
2473000
2433000
3209000
4119000
2717000
2513000
2472000
2433000
2395000
2357000
2322000
2287000
2253000
2220000
6688000
4134000
2761000
4963000
3151000
2784000
2724000
2676000
2630000
4865000
3013000
2734000
2686000
2639000
2594000
2551000
2509000
2468000
2429000
2390000
4941000
2832000
2527000
2486000
2446000
2407000
2369000
2333000
2298000
2264000
2231000
2198000
2935000
2282000
2172000
2141000
2112000
2083000
2055000
2027000
2001000
1975000
1950000
1925000
1901000
1878000
1855000
1832000
1811000
1789000
1769000
1748000
1729000
1709000
1690000
1672000
1654000
1636000
1619000
1602000
1585000
1569000
1553000
1537000
1522000
1507000
1492000
1478000
1463000
1450000
1436000
1423000
1409000
1397000
1384000
1371000
1359000
1347000
1336000
1324000
1313000
1301000
1290000
1280000
1269000
1259000
1248000
1238000
1449000
2352000
1463000
1342000
1330000
1319000
1308000
1297000
1286000
1275000
1264000
1254000
1244000
1234000
1224000
1214000
1205000
1195000
1186000
1177000
1168000
1159000
1150000
1142000
1133000
1125000
1117000
1108000
1101000
1093000
1085000
1077000
1070000
1062000
1055000
1048000
1041000
1034000
1027000
1020000
1013000
1006000
999800
993300
986900
980600
974300
968100
962100
956000
950100
944200
938500
932700
927100
921500
916000
910500
905100
899800
894600
889400
884200
879100
874100
869200
864200
859400
854600
849800
845200
840500
835900
831400
826900
1477000
1084000
912000
893800
888600
883500
878400
873400
868500
863500
858700
853900
849200
844500
839900
835300
830700
1153000
1027000
888100
870100
914800
871600
861900
857000
852300
847500
842900
838200
833700
829200
824700
820300
815900
811600
807300
803100
798900
794700
790600
786600
782500
778600
774600
957200
807100
784400
780400
776500
772600
768700
764800
761000
757300
753600
749900
746200
742600
739000
979700
783500
755300
751600
748000
744300
740700
737200
733600
730100
726700
723200
1586000
1698000
980600
895600
890400
885300
880200
1599000
1008000
928700
923100
917500
1897000
3853000
1587000
1275000
1261000
1251000
1241000
1231000
1478000
4367000
2371000
1615000
1545000
1530000
1514000
1500000
1485000
1471000
1457000
1443000
1429000
1416000
1403000
2059000
2005000
4354000
2011000
1703000
1685000
4070000
2423000
1941000
1890000
1867000
1845000
1822000
1801000
1780000
1759000
1739000
1720000
1701000
2038000
2102000
2731000
2794000
2003000
1865000
1839000
1817000
1796000
4274000
2285000
2009000
4390000
3691000
3749000
4355000
2686000
2457000
3366000
2568000
2432000
2394000
2357000
2321000
2286000
2252000
2219000
3584000
2423000
2246000
2214000
2182000
2151000
2121000
2092000
2064000
2036000
2009000
1983000
1958000
1933000
1909000
2083000
1904000
1862000
2035000
1858000
1817000
1796000
1775000
1754000
1734000
2356000
1882000
6483000
2681000
2171000
2141000
2111000
2082000
2297000
2253000
2061000
2016000
2269000
2025000
1972000
1947000
1922000
1898000
1875000
1852000
1830000
1808000
1787000
1766000
1746000
1726000
1707000
1688000
1670000
1652000
1836000
1657000
1619000
1602000
1585000
1589000
1826000
1615000
1553000
1535000
1520000
1505000
1490000
1476000
1462000
1448000
1434000
1421000
1992000
2247000
1573000
1483000
2132000
1582000
1499000
1484000
1470000
1456000
1442000
1429000
1416000
1403000
1390000
1377000
1365000
1353000
1341000
1329000
1318000
1307000
1296000
1285000
1274000
1263000
1635000
2701000
1549000
1396000
1383000
1371000
1359000
1347000
1335000
1324000
1312000
1301000
1290000
1279000
1269000
1258000
1248000
1238000
1228000
1218000
1208000
1199000
1190000
1180000
1171000
1162000
1154000
1145000
1137000
1128000
1120000
1112000
1104000
1096000
1088000
1080000
1073000
1065000
1058000
1051000
1043000
1036000
1029000
1023000
1016000
1009000
1002000
995900
989500
983100
976800
970600
964500
958500
952500
946600
940800
935100
929400
923800
918200
912700
907300
902000
896700
891500
886300
881200
876200
871200
866200
861400
856500
851800
847100
842400
837800
833200
828700
824200
819800
815500
811100
806900
802600
869200
809800
798500
794400
790300
786200
782200
778200
774300
770400
766500
762700
758900
755200
751500
747800
744200
740600
737000
733500
730000
726500
723100
1347000
849200
782500
778500
774600
848000
783400
771800
767900
764100
760300
756500
752800
749100
745500
741900
738300
734800
731200
786700
1383000
865500
796700
792600
788500
784500
780500
776500
772600
768700
764900
761100
814100
5631000
1754000
1253000
1243000
1233000
1223000
1213000
1204000
1194000
1185000
1176000
1167000
1158000
1150000
1141000
1132000
1124000
1116000
1108000
1100000
1092000
1084000
1077000
1069000
1062000
1054000
1047000
1040000
1033000
1026000
1019000
1013000
1006000
999300
992800
986400
980100
973800
967700
961600
955600
949700
943800
938000
932300
926700
921100
915600
910100
904700
899400
894200
889000
883800
878800
873700
868800
863900
859000
854200
849500
844800
840200
835600
831000
826500
822100
817700
813400
809100
804800
800600
796400
792300
788200
784200
1287000
1105000
881500
855200
2555000
1180000
999900
1251000
2046000
3284000
1557000
1325000
1982000
1434000
1354000
1342000
3187000
1671000
1466000
1452000
1439000
1425000
1412000
1399000
1387000
1562000
3213000
1710000
2990000
4856000
8280000
4498000
7087000
3465000
2971000
2914000
2859000
2806000
2755000
2706000
2659000
2613000
2569000
2526000
2485000
7862000
3537000
2937000
2881000
2828000
2776000
2726000
2678000
3185000
2701000
2600000
5861000
3397000
4678000
3176000
2937000
2881000
2828000
2776000
2726000
2678000
2632000
4183000
4170000
3104000
2790000
6574000
4540000
3243000
3072000
3011000
2952000
2896000
2842000
3059000
2796000
2720000
2672000
2626000
2581000
5986000
3210000
2811000
2760000
2711000
2664000
2618000
2574000
2531000
2489000
2449000
2411000
5358000
3527000
2709000
2604000
2560000
2517000
2476000
3179000
2980000
2517000
2434000
2396000
2358000
2323000
2288000
2254000
2221000
2189000
2158000
6132000
2870000
2422000
2384000
2348000
2312000
2278000
2244000
3995000
2523000
2305000
2271000
2237000
2205000
2173000
2143000
4758000
8927000
3576000
2881000
2828000
2776000
2726000
6447000
6325000
3557000
3194000
3128000
3065000
3004000
2946000
2890000
2836000
2784000
2734000
2686000
2639000
2594000
2551000
2509000
2468000
2429000
2390000
2353000
2318000
2283000
2249000
2216000
2185000
2154000
2124000
2095000
2066000
2039000
2012000
2662000
2187000
2234000
2041000
7522000
4428000
2720000
2538000
2496000
2456000
2417000
2379000
2421000
2322000
2280000
2246000
2213000
2182000
2151000
2121000
2092000
2063000
2036000
2009000
1983000
1957000
1933000
2009000
5639000
7152000
9304000
5721000
3711000
3608000
4625000
3415000
3206000
3139000
3530000
5178000
3413000
3137000
5370000
3460000
3159000
3094000
4217000
3373000
3074000
2999000
2941000
3733000
3013000
2873000
2820000
2768000
2719000
2671000
2625000
2581000
2538000
2496000
2586000
4595000
3379000
3743000
8477000
4697000
3322000
3162000
3098000
3036000
2976000
4280000
8557000
4989000
3577000
7345000
4096000
3812000
3564000
3462000
3385000
3311000
3240000
3172000
3108000
3045000
2985000
2928000
2873000
2819000
2768000
2718000
2671000
2625000
2580000
2537000
2496000
2455000
2416000
2379000
2342000
2307000
2272000
2239000
2206000
2175000
2144000
2114000
2086000
2057000
2713000
2140000
2043000
2016000
1989000
1964000
1939000
1915000
1891000
1868000
1845000
2815000
2012000
1889000
1866000
1843000
1821000
1800000
1779000
1758000
1738000
1719000
1700000
1681000
1663000
1645000
1627000
1610000
1593000
1577000
1561000
1545000
1529000
1514000
1499000
1485000
1470000
1456000
1443000
1429000
1416000
1403000
1390000
1378000
1365000
1353000
1341000
1330000
1318000
1307000
1296000
1285000
1274000
1821000
1376000
1309000
1298000
1287000
1276000
1266000
1255000
4159000
6285000
2415000
1939000
1914000
1891000
1868000
1845000
1823000
2305000
4302000
3989000
2632000
6300000
4698000
2845000
2623000
2578000
2535000
5037000
2972000
2668000
2622000
2577000
2534000
2493000
2820000
13100000
4520000
3369000
3295000
3225000
3158000
6825000
3748000
3294000
3224000
3157000
3093000
3031000
2972000
3640000
3016000
2888000
2834000
3886000
6544000
6044000
3581000
6043000
3716000
3355000
3283000
3213000
3147000
3083000
3022000
2963000
2906000
2852000
2799000
2748000
2700000
2653000
2607000
2563000
2521000
2480000
2440000
2401000
2364000
4369000
2694000
2447000
2409000
2371000
2335000
2381000
2934000
4371000
2657000
2670000
2426000
2363000
2327000
3205000
2435000
3902000
2583000
2383000
2346000
2311000
2276000
2243000
2210000
2179000
2148000
2118000
2089000
2061000
2033000
2006000
1980000
1955000
1930000
1906000
1883000
1860000
1837000
1815000
2019000
4846000
2933000
2167000
2083000
2055000
2028000
2001000
1975000
1950000
1925000
1901000
1878000
1855000
1833000
1811000
1790000
1769000
1749000
1729000
1710000
1691000
4957000
6112000
2717000
2297000
2263000
2230000
2198000
2166000
3328000
2478000
2205000
2159000
4008000
2517000
2241000
2203000
2172000
2141000
2111000
2082000
2054000
2027000
2001000
1975000
1949000
1925000
1901000
1877000
1855000
1832000
1811000
1789000
1769000
1748000
1728000
1709000
1690000
1672000
3364000
1986000
1793000
1772000
1863000
1755000
1724000
1704000
1686000
1667000
1649000
1632000
1614000
1597000
1581000
1565000
1549000
1533000
1518000
1503000
1488000
1474000
1460000
1446000
1433000
1419000
1406000
1393000
1381000
2104000
1579000
1421000
1399000
1386000
1374000
1362000
1350000
1338000
1326000
1315000
1304000
1293000
1282000
1271000
1261000
1477000
1929000
2478000
1526000
1402000
1389000
1377000
1365000
1352000
1341000
1329000
1317000
1306000
1295000
1284000
1274000
1263000
1253000
1242000
1232000
1223000
3159000
1600000
1391000
1378000
1366000
1354000
1342000
1330000
1319000
1307000
1296000
1285000
1275000
1264000
1254000
1244000
1233000
1224000
1214000
1204000
1195000
2428000
1445000
1310000
1299000
1288000
1277000
1267000
1256000
1246000
1236000
1226000
1216000
1207000
1197000
1188000
1179000
1170000
1161000
1152000
1144000
1135000
1127000
1119000
1110000
1102000
1095000
1087000
1079000
1072000
1064000
1057000
1049000
1042000
1035000
1028000
1021000
1015000
1008000
1001000
994900
988400
982100
975800
969600
963500
957500
951600
945700
939900
934100
928500
922900
917300
911900
906400
901100
895800
890600
885500
880400
875300
870400
865400
1371000
2050000
2084000
4756000
1804000
1429000
1416000
1403000
1390000
1378000
1366000
1353000
1342000
1330000
1318000
1307000
1296000
1285000
1274000
1264000
1254000
1243000
1233000
1223000
1214000
1204000
1195000
1185000
1176000
1167000
1159000
1150000
1141000
1133000
1124000
1116000
1793000
1578000
1235000
1192000
1183000
1174000
1165000
4488000
1817000
1587000
1475000
1449000
1435000
1422000
1408000
1396000
1383000
1371000
1358000
1460000
2317000
1511000
1399000
1386000
1374000
1362000
1350000
1338000
1326000
1315000
1303000
1292000
1282000
1271000
1260000
1250000
2285000
5127000
2509000
1802000
1690000
2046000
2259000
1777000
1704000
1685000
1666000
3078000
7723000
3832000
2469000
2338000
2303000
2269000
2236000
2203000
2229000
2401000
2256000
2125000
2087000
2059000
2031000
2004000
1978000
1953000
1928000
1904000
3384000
2183000
2007000
1981000
1955000
1930000
1906000
1883000
1860000
4713000
2404000
2086000
2057000
2030000
2003000
1977000
1952000
1927000
1903000
1880000
1857000
1835000
1813000
1792000
3279000
2069000
1894000
1871000
1848000
2474000
2005000
2441000
1995000
3077000
2118000
1973000
1948000
1924000
1900000
1928000
2432000
2067000
1901000
1867000
1844000
1822000
1801000
1780000
1759000
2044000
2085000
1794000
1744000
1724000
1705000
2417000
1816000
1723000
1739000
1692000
1670000
1652000
1634000
1617000
1600000
1583000
1567000
1551000
1536000
1520000
1763000
1540000
1499000
3381000
1842000
1631000
1614000
1597000
1581000
1564000
2521000
1725000
2366000
1842000
1932000
2250000
5436000
3615000
2267000
2117000
2088000
2060000
2032000
2005000
1979000
1954000
1929000
1905000
1882000
1859000
1836000
1815000
1793000
1772000
1752000
1732000
1713000
1694000
1675000
1657000
1639000
1622000
1605000
1588000
1572000
1556000
1540000
1525000
1509000
1495000
1480000
1466000
1452000
1438000
1425000
1412000
1399000
1386000
1374000
1361000
1349000
1831000
1419000
1356000
1344000
1333000
1825000
1410000
1346000
1417000
1341000
1321000
1310000
1299000
1288000
1277000
1267000
1256000
1246000
1236000
1226000
1216000
1207000
1197000
1188000
1179000
1170000
1161000
1152000
1144000
1441000
1844000
2087000
1387000
1297000
1286000
1275000
1265000
1254000
1244000
1234000
1224000
1214000
1205000
1195000
1186000
1177000
1168000
1159000
1150000
1142000
1133000
1125000
1117000
1109000
1101000
1093000
1085000
1077000
1070000
1062000
1055000
1048000
1041000
1034000
1027000
1020000
1013000
1007000
1044000
1002000
991100
984700
978400
972200
966100
1424000
2093000
1600000
1166000
1118000
1478000
1440000
1186000
1151000
1143000
1134000
1126000
1118000
1109000
1101000
1094000
1086000
1078000
1071000
1063000
1056000
1049000
1041000
1034000
1027000
1021000
1014000
1007000
1001000
994100
987700
981300
975100
968900
962800
956800
950800
945000
939200
1667000
1084000
990300
2044000
1389000
1145000
1789000
2354000
7678000
2579000
1871000
1842000
1820000
1799000
1778000
2248000
1839000
1769000
1749000
1729000
1709000
1690000
1672000
1654000
1636000
1619000
1602000
1585000
1569000
1553000
1537000
1522000
2345000
2036000
1788000
1605000
2617000
6207000
5826000
2707000
2357000
5391000
5071000
2966000
6030000
4908000
3287000
3068000
3007000
2949000
2893000
2839000
2787000
2737000
12010000
4494000
3469000
3391000
3317000
3246000
3178000
3113000
3050000
2990000
2933000
2877000
3808000
10240000
4409000
3474000
3381000
3308000
3237000
3170000
3105000
3043000
2983000
2926000
2870000
2817000
3108000
2788000
4728000
3511000
3443000
2934000
2828000
4257000
3809000
10330000
8870000
7713000
4526000
6421000
11690000
5686000
10900000
