1689000
1656000
1623000
1591000
1560000
1530000
1502000
1474000
1448000
1422000
1397000
1374000
1351000
1328000
1307000
1286000
21560000
4879000
1544000
1379000
2006000
8833000
1881000
6195000
32940000
3654000
1540000
1511000
1483000
6971000
2367000
1482000
5310000
2339000
5108000
28560000
19180000
2724000
1636000
1604000
4233000
1740000
1533000
12390000
2283000
5780000
1813000
1501000
1473000
1447000
1421000
1397000
3426000
1510000
1351000
1329000
1307000
1286000
1266000
1247000
1228000
6638000
1610000
1230000
1211000
1193000
1176000
1159000
1143000
3698000
7170000
7944000
4e+06
1390000
1216000
1198000
1180000
1163000
1147000
1130000
4327000
1345000
1115000
1100000
1085000
1071000
1057000
4715000
1308000
1049000
1036000
1023000
1010000
997400
985200
973400
961800
950500
4509000
1197000
947600
936600
925900
915400
905200
895200
885400
875800
866400
857200
848200
839400
830800
822300
29200000
2940000
1035000
1021000
1009000
996300
984100
972300
7931000
7684000
1465000
1038000
1024000
1012000
999100
986900
975000
963300
952000
940900
930100
3917000
1416000
949400
920400
910000
899900
890000
880300
870800
861500
852500
843600
834900
826300
818000
5262000
16650000
2019000
6062000
1345000
993800
981700
969900
958400
947200
1317000
955500
919700
909300
899200
889300
14640000
1911000
982500
970700
959100
947900
936900
926200
915700
905400
895400
885600
876000
866600
857400
848400
839600
831000
822500
814300
806100
798200
790400
782700
775200
767900
760700
753600
746600
739800
733100
2993000
1134000
4329000
1008000
763100
756000
749000
742100
735400
728800
722300
715900
709600
703400
697400
1030000
711400
683000
677300
671700
4943000
4535000
967700
725000
718600
712200
706000
699900
693900
688000
682200
676500
670900
665400
660000
5438000
16420000
1864000
829300
820900
812600
804600
5096000
1124000
829600
821200
813000
804900
796900
789200
781500
774100
766700
759500
752500
745500
738700
6108000
1140000
775200
767800
760600
753500
746600
739700
733000
726500
720000
713600
707400
701300
5579000
17510000
15760000
1919000
25660000
5503000
1365000
1169000
1153000
1137000
1121000
1105000
1090000
1076000
1062000
1048000
1035000
1021000
1009000
996300
984200
972300
960800
949500
938400
927700
917200
906900
896800
887000
4379000
12580000
10550000
1651000
1052000
1038000
1025000
1012000
999500
3215000
1990000
1046000
977500
965900
954400
943300
932400
921800
911400
901200
891300
3588000
4615000
1166000
920600
910200
900100
890100
880500
871000
861700
974900
853300
836400
827900
22540000
30480000
3083000
1196000
1178000
1161000
1145000
1129000
1113000
1098000
1083000
1069000
5400000
1371000
1067000
1053000
1040000
4344000
1264000
1030000
1017000
1004000
991900
979900
968200
956700
1916000
1053000
935200
921600
911200
1192000
914100
16620000
2064000
1004000
991600
2352000
1071000
967700
956200
6419000
2183000
1031000
963200
951800
940700
929900
919300
1209000
2178000
992000
898600
888700
879100
869600
860400
6136000
1252000
890800
881100
871600
862300
2105000
17930000
2135000
4298000
12540000
1851000
1083000
1069000
1055000
1042000
1028000
1015000
1003000
990500
978500
966800
955400
944200
933300
922600
912200
902000
892100
882400
872800
863500
854400
845500
6745000
1286000
883600
874100
917200
35890000
3454000
1103000
8426000
34430000
4625000
1436000
1343000
1321000
5454000
8645000
1839000
1347000
1325000
1303000
1283000
1263000
1243000
1224000
1206000
1188000
26850000
7844000
1697000
12360000
2561000
1429000
1378000
1355000
1332000
13750000
2222000
1369000
1346000
1324000
1303000
1282000
1262000
1243000
1224000
1206000
20210000
2596000
1306000
1285000
1265000
1246000
1227000
1208000
1191000
1173000
2738000
1261000
7727000
1628000
1172000
1156000
1139000
1123000
2027000
1163000
1087000
1072000
1058000
1045000
1031000
1018000
1006000
993300
981300
969500
958000
946800
935800
925100
914700
904400
894400
884600
875100
865700
856500
16640000
2035000
971300
959800
948500
937500
926700
916200
906000
895900
886100
876500
867100
857900
848900
840100
831400
823000
814700
806600
1977000
882300
796100
788400
780800
773300
766000
12160000
9554000
1463000
924700
914300
904000
894000
884300
874700
865300
856200
847200
2748000
2812000
987400
856500
847600
838800
830200
821700
813500
805400
3163000
1161000
822900
802400
794500
1511000
835400
779600
772200
764900
757700
750700
743800
737000
730400
723800
717400
711100
704900
698800
692900
687000
681200
675500
669900
664400
659000
653700
648500
643300
1157000
672500
632900
628000
623200
618400
613700
609100
604600
600100
595700
591300
587000
582800
578700
574600
570500
566500
562600
558700
554900
551100
547400
19420000
2859000
786700
721800
715400
709200
703000
697000
691000
685200
679400
673700
668200
662700
657300
652000
2407000
10330000
2815000
850300
748100
1816000
817200
738900
732200
725700
719200
712900
706600
700500
694500
688600
682800
677100
671500
666000
3557000
945700
2023000
773900
679000
673300
667800
2913000
3443000
871800
691800
685900
680200
674500
668900
663500
658100
652800
647500
642400
637300
632400
627500
5957000
1021000
660800
655400
650200
645000
639900
634900
629900
625100
620300
615600
11950000
9182000
1302000
781300
773800
766500
759300
6442000
1186000
799600
791800
784100
7913000
24390000
2849000
1056000
1026000
1013000
1e+06
988100
3418000
22340000
5654000
1373000
1151000
1135000
1119000
1104000
1089000
1074000
1060000
1046000
1033000
1020000
1007000
6150000
4305000
18150000
2307000
1164000
1147000
15810000
3837000
1355000
1229000
1237000
1195000
1176000
1159000
1142000
1126000
1111000
1096000
1081000
4168000
3431000
6930000
6727000
1701000
1161000
1132000
1117000
1101000
16160000
2216000
1194000
12490000
7154000
7357000
10190000
1959000
1371000
5457000
1642000
1346000
1324000
1303000
1282000
1419000
1255000
1225000
7596000
1682000
1238000
1219000
1201000
1183000
1166000
1149000
1133000
1118000
1102000
1087000
1073000
1059000
1045000
4043000
1246000
1032000
2306000
1104000
1005000
992900
980900
969100
1509000
5091000
1567000
26020000
2823000
1139000
1123000
1107000
1092000
3314000
2178000
1142000
1065000
2915000
1178000
1041000
1027000
1014000
1002000
989500
977600
965900
954500
943300
932500
921800
911400
901300
891300
881600
872100
7403000
1355000
909900
899800
1894000
1140000
2157000
1083000
890100
873400
864100
855000
846000
837300
828700
820300
812000
804000
10400000
5275000
1167000
907700
4874000
1193000
917900
907600
897500
887700
878000
868600
859400
850300
841500
832800
824300
816000
807900
799900
792000
784400
776800
769500
762200
755100
12800000
10150000
1501000
925100
914600
904400
894400
884600
875000
865700
856500
847500
838700
830100
821700
813400
805300
797400
1183000
812500
778800
2847000
924800
779200
771800
764500
757300
750300
2840000
898200
751700
744800
738000
731300
724800
718400
712000
705800
699700
693700
687800
682000
676300
670700
665200
659800
654500
649200
644100
10300000
1370000
720200
713800
707600
701400
695400
689500
683700
677900
672300
666800
6654000
1113000
707600
701500
695500
689500
683700
678000
1009000
692400
664500
659100
653800
648500
643400
638300
633300
628400
623600
618800
614100
5965000
2856000
789500
3893000
901600
680700
675000
669400
663900
658500
653200
648000
642900
637800
632800
627900
623100
618300
613600
609000
2325000
732600
664300
612900
604900
2294000
9464000
1273000
685400
679700
882800
2712000
819200
678500
672900
667300
661900
656500
651200
646000
640900
635900
630900
626000
621200
8040000
8189000
1211000
737900
731200
724600
718200
711900
705700
699600
693600
687700
681900
7094000
49620000
4312000
1066000
1052000
1038000
1025000
1012000
999700
987500
975600
963900
952600
941500
930600
920000
909700
899600
889700
880000
870500
861200
852200
843300
834600
826100
817700
809500
801500
793600
785900
778400
770900
763700
756500
749500
742600
735900
729300
722700
716300
710100
703900
697800
691900
686000
680200
674600
669000
663500
658100
652800
647600
642400
637400
632400
627500
622700
617900
613300
608600
604100
599600
595200
590900
586600
582400
578200
574100
570100
1171000
5877000
971100
616100
611500
606900
602400
7823000
3503000
836400
673700
13590000
1655000
787400
2679000
8086000
18720000
2328000
1013000
5665000
1330000
1006000
993700
12210000
1817000
1055000
1041000
1028000
1015000
1003000
990300
978300
2581000
11690000
1757000
9712000
20780000
32970000
10320000
23320000
3040000
1582000
1552000
1522000
1494000
1467000
1441000
1415000
1391000
1367000
1344000
1322000
29080000
3343000
1464000
1438000
1413000
1388000
1365000
1342000
3880000
1498000
1306000
16520000
3207000
9903000
1986000
1396000
1373000
1350000
1327000
1306000
1285000
1265000
8960000
7245000
2392000
1375000
18480000
6714000
1706000
1404000
1380000
1357000
1335000
1313000
3332000
1430000
1274000
1254000
1235000
1216000
17640000
2416000
1299000
1279000
1259000
1239000
1221000
2820000
1309000
1184000
1167000
1150000
15270000
4600000
1416000
1237000
1218000
1200000
1182000
6072000
3291000
1317000
1182000
1165000
1148000
1132000
1116000
1101000
1086000
1072000
1058000
22290000
2624000
1191000
1174000
1157000
1141000
1125000
1109000
10690000
1812000
1156000
1140000
1124000
1109000
1094000
1079000
16060000
31440000
3350000
1375000
1352000
1330000
1832000
19360000
13620000
2206000
1445000
1420000
1395000
1372000
1349000
1326000
1305000
1284000
1264000
1245000
1226000
3566000
1703000
1222000
1182000
3714000
1344000
1157000
1141000
1125000
1109000
1094000
1080000
1066000
1052000
1038000
6717000
1442000
1049000
10930000
2240000
2322000
1179000
27230000
8645000
1694000
1299000
1278000
1258000
1239000
5406000
2151000
1276000
1215000
1197000
1180000
1163000
1146000
1130000
1180000
1104000
1085000
2176000
1141000
1053000
1040000
6287000
19710000
22980000
29760000
9945000
2701000
2712000
6415000
1837000
1487000
2535000
4166000
9620000
2001000
1440000
11380000
2129000
1438000
1413000
7733000
2454000
1441000
1376000
1396000
6618000
1714000
1340000
1318000
1297000
1276000
1256000
1237000
1218000
1200000
1183000
9777000
10910000
4175000
5807000
25900000
6319000
1712000
1471000
1445000
1419000
1395000
8491000
21960000
6310000
1757000
15440000
2504000
2517000
1587000
1494000
1467000
1440000
1415000
1391000
1367000
1344000
1322000
1301000
1280000
1260000
1241000
1222000
1204000
1186000
1169000
1152000
1136000
1120000
1105000
1090000
1076000
1061000
1048000
1034000
1021000
1008000
8567000
1555000
1037000
9860000
5175000
1343000
1095000
1080000
1066000
1052000
1039000
1025000
1013000
1e+06
987800
13020000
1872000
1056000
1043000
1029000
1016000
1004000
991400
979400
967600
956200
945000
934100
923400
913000
902800
892800
883100
873500
864200
855000
846100
837300
828800
820400
1400000
1247000
833600
799200
791400
783800
776200
768900
761600
754500
747500
740700
734000
727400
720900
714500
708300
9775000
1395000
783500
776000
768700
761400
754300
747400
18450000
28680000
2880000
1093000
1078000
1064000
1050000
1037000
1023000
4327000
14400000
8805000
2749000
19420000
10250000
1882000
1345000
1323000
1301000
12860000
2133000
1339000
1317000
1296000
1275000
1255000
3041000
47390000
4576000
1475000
1448000
1423000
1398000
14940000
2359000
1429000
1404000
1380000
1357000
1335000
1313000
4505000
1521000
1286000
1266000
5892000
16090000
10780000
1985000
10990000
2087000
1422000
1397000
1374000
1351000
1328000
1307000
1286000
1266000
1246000
1227000
1209000
1191000
1174000
1157000
1140000
1125000
1109000
1094000
2187000
1149000
11340000
1829000
1129000
1113000
1098000
1084000
2083000
3785000
9402000
1681000
2165000
1187000
1102000
1087000
4987000
1356000
7605000
1563000
1113000
1098000
1083000
1069000
1055000
1041000
1028000
1015000
1002000
990000
978000
966300
2142000
1033000
942400
931500
920900
910600
900400
890500
880800
4534000
16960000
4251000
1185000
1028000
1015000
1002000
990000
978100
966400
954900
943800
932900
1906000
1661000
967000
912000
901800
891900
882200
872600
863300
24860000
18980000
2280000
1176000
1159000
1143000
1127000
1111000
9644000
2331000
1194000
1138000
9056000
1962000
1187000
1154000
1138000
1122000
1107000
1092000
1077000
1063000
1049000
1036000
1023000
1010000
997300
985100
973200
961700
950300
939300
928500
918000
907700
897600
887700
878100
22990000
2532000
1045000
1032000
2480000
1116000
1006000
993700
981700
969900
958400
947200
936200
925500
915000
904800
1604000
941000
884100
874500
865200
856000
847000
838300
6103000
1233000
873100
1981000
2817000
5121000
1591000
938300
901500
891600
881900
872400
863000
853900
845000
836300
827700
2536000
945000
822500
814300
8948000
6368000
7623000
1395000
959400
948200
937200
926400
915900
905700
895600
885800
876200
866800
857600
848600
839800
831200
822700
814500
10210000
16870000
2044000
1009000
996500
984300
972500
960900
949600
938600
927800
917300
907000
896900
887100
877500
868100
858800
849800
841000
832300
4314000
18420000
2159000
992400
980400
968600
957200
946000
935000
924300
913900
903700
893700
883900
874300
865000
855800
846900
838100
829500
821100
812800
4093000
1053000
826100
817800
809600
801600
793700
786000
778400
771000
763700
756600
749600
4173000
1003000
897800
768200
752400
745500
738600
732000
725400
719000
712600
706400
700300
694300
688400
682600
676900
671300
665700
660300
655000
3126000
832300
662000
656600
651400
646200
3279000
2966000
5842000
8688000
8163000
28680000
2907000
1069000
1055000
1041000
1028000
1015000
1003000
990400
978400
966700
955300
944100
933200
922600
912200
902000
892000
882300
872800
863400
854300
845400
836700
828100
819700
811500
803400
795500
787800
780200
772700
765400
14750000
4155000
1062000
896600
886700
877100
867700
24600000
2642000
1774000
1088000
1027000
1014000
1001000
989000
977100
965400
954000
942900
2598000
6600000
1344000
962200
950800
939800
929000
918400
908100
898000
888200
878500
869100
859800
850800
841900
833200
8933000
22460000
5196000
1606000
1101000
3299000
4343000
1294000
1071000
1057000
1044000
9473000
32560000
7115000
1586000
1316000
1295000
1274000
1254000
1235000
2020000
2273000
1643000
1211000
1169000
1152000
1136000
1120000
1105000
1090000
1075000
1061000
10670000
1764000
1108000
1093000
1079000
1065000
1051000
1037000
1024000
17060000
2216000
1131000
1116000
1101000
1086000
1071000
1057000
1162000
1039000
1018000
1006000
993400
981400
969600
11590000
1747000
1025000
1012000
999600
5141000
1664000
4380000
1443000
7975000
1520000
1044000
1030000
1017000
1005000
1610000
4342000
1862000
1038000
983100
971300
959800
948500
937500
926800
4276000
2872000
1057000
932000
921400
911000
5843000
1268000
928100
1293000
937000
901900
892000
882200
872700
863400
1003000
857000
838300
829700
1321000
2821000
964300
824900
11320000
1611000
901800
891900
882200
872600
863300
8662000
1443000
5015000
1762000
2427000
4231000
21790000
7245000
1468000
1136000
1120000
1105000
1588000
1113000
1066000
1052000
1039000
1025000
1012000
999900
987700
975800
964100
952800
941700
930800
920200
909900
899800
889800
880200
870700
861400
852300
843400
1971000
915100
830900
822500
814200
806100
798100
2014000
8180000
1355000
860500
851400
842600
833900
825400
2674000
4930000
1133000
860100
851000
842200
5999000
1228000
875400
2395000
977100
866200
857000
848000
839200
830600
822200
813900
805800
797800
790000
782400
774900
767500
760300
753300
746300
739500
732800
3820000
8156000
5880000
7368000
1336000
913700
903500
893500
883700
874200
864800
855700
846700
4641000
1128000
865700
856500
847600
838800
830200
821700
813500
805400
797400
789600
782000
774500
767200
6706000
1214000
810600
802600
794700
787000
779400
771900
764700
757500
750500
743600
9899000
1440000
822900
814700
806500
798600
790800
7372000
9459000
4751000
1162000
932800
5194000
3526000
1111000
947300
936300
925600
915100
904900
894900
885100
875500
866100
856900
847900
839100
830500
822100
813800
5341000
1152000
841600
833000
824500
816200
808000
8e+05
792200
784500
777000
769600
762300
755200
748200
7090000
10300000
1601000
888300
9383000
3267000
1353000
6994000
11240000
46220000
4665000
1345000
1300000
1279000
1259000
1240000
5462000
1530000
1229000
1211000
1193000
1175000
1158000
1142000
1126000
1111000
1096000
1081000
1067000
1053000
1039000
1026000
1084000
11500000
4009000
2169000
1146000
7214000
28310000
18220000
2455000
1505000
15980000
13200000
2222000
18020000
9302000
2032000
1559000
1529000
1501000
1473000
1447000
1421000
1397000
42410000
4338000
1566000
1536000
1507000
1479000
1453000
1427000
1402000
1378000
1355000
1582000
6361000
29750000
3923000
1539000
1476000
1450000
1424000
1399000
1375000
1352000
1330000
1308000
1288000
1267000
3704000
1418000
9707000
3607000
3549000
1447000
1284000
7314000
4835000
29060000
19440000
14380000
2443000
9896000
25960000
3658000
19310000
