1720000
1692000
1654000
1615000
1577000
1542000
1507000
1474000
1443000
1413000
1384000
1357000
1330000
1305000
1280000
1256000
1233000
1670000
1849000
1852000
1814000
1788000
1994000
2004000
2140000
3553000
3807000
3678000
3499000
3328000
3461000
3384000
3237000
3307000
3241000
3318000
5089000
6886000
6636000
6071000
5563000
5370000
5009000
4661000
5264000
5057000
5082000
4792000
4477000
4195000
3946000
3726000
3529000
3442000
3293000
3141000
3001000
2873000
2755000
2646000
2546000
2453000
2583000
2539000
2456000
2371000
2291000
2216000
2145000
2079000
2057000
2253000
2550000
2670000
2613000
2523000
2434000
2349000
2270000
2197000
2127000
2141000
2095000
2035000
1976000
1921000
1868000
1817000
1884000
1862000
1818000
1772000
1727000
1684000
1643000
1604000
1567000
1532000
1498000
1465000
1434000
1405000
1376000
1349000
1323000
1297000
1273000
1250000
1227000
1205000
1184000
1164000
1145000
1126000
1107000
1672000
1838000
1836000
1798000
1754000
1711000
1669000
1629000
1701000
1907000
1920000
1880000
1832000
1785000
1739000
1695000
1654000
1615000
1577000
1541000
1507000
1474000
1443000
1413000
1384000
1356000
1330000
1304000
1280000
1256000
1233000
1211000
1190000
1170000
1150000
1131000
1127000
1521000
1624000
1779000
1785000
1750000
1708000
1667000
1627000
1589000
1552000
1518000
1485000
1453000
1422000
1393000
1643000
1687000
1663000
1627000
1590000
1554000
1519000
1486000
1454000
1423000
1394000
1366000
1339000
1313000
1288000
1264000
1241000
1219000
1198000
1177000
1157000
1138000
1119000
1101000
1083000
1066000
1050000
1034000
1018000
1003000
988800
974600
960900
1004000
1006000
995800
982500
968800
955300
942100
929300
916800
904600
892700
881200
869900
859000
848300
837900
827700
817800
808100
865100
875800
870000
860500
850200
839800
829600
819700
809900
800400
791100
782100
773200
764500
769400
1070000
1169000
1179000
1166000
1149000
1130000
1140000
1130000
1113000
1096000
1078000
1062000
1045000
1030000
1014000
999400
984900
970900
957200
944000
931100
918500
906300
894400
882800
871500
860500
849800
839300
829100
819100
809400
799900
790700
781600
772700
1068000
1531000
1656000
2623000
3004000
2977000
2870000
2756000
2649000
2549000
2456000
2369000
2289000
2214000
2143000
2078000
2016000
1957000
1902000
1850000
1801000
1754000
1710000
1668000
1628000
1590000
1553000
1518000
1485000
1453000
1686000
2044000
2092000
2051000
1995000
1939000
1886000
1834000
1827000
1819000
1781000
1737000
1694000
1653000
1613000
1576000
1540000
1506000
1473000
1442000
1460000
1556000
1555000
1527000
1495000
1464000
1433000
1403000
1375000
1348000
1321000
1296000
1272000
1249000
1893000
3504000
3847000
3734000
3553000
3377000
3216000
3069000
2934000
2812000
2699000
2595000
2701000
2644000
2551000
2460000
2374000
2444000
2395000
2319000
2243000
2171000
2104000
2040000
1980000
1924000
1899000
1856000
1808000
1762000
1717000
1686000
1648000
2217000
2328000
2286000
2218000
2203000
2147000
2083000
2021000
2185000
2210000
2159000
2096000
2033000
1974000
1918000
1865000
1828000
1839000
1805000
1761000
1717000
1675000
1634000
1596000
1747000
1755000
1721000
1680000
1640000
1602000
1604000
2239000
2371000
2489000
3078000
3111000
3001000
2878000
2761000
2652000
2552000
2459000
2372000
2291000
2216000
2146000
2080000
2017000
1959000
1904000
1852000
1802000
1756000
1711000
1669000
1629000
1591000
1554000
1610000
1597000
1565000
1531000
1497000
2843000
3217000
3168000
3532000
6413000
6749000
6243000
5716000
5261000
5247000
5661000
5359000
4972000
4627000
4326000
4061000
3828000
3620000
3434000
3266000
3114000
4467000
5001000
4794000
5501000
5327000
4961000
4619000
4319000
4056000
4682000
4554000
4284000
4029000
3800000
3595000
3411000
3246000
3096000
2959000
2834000
3522000
3541000
3392000
3234000
3086000
2951000
2827000
2712000
2607000
2510000
2420000
2336000
2484000
2451000
2374000
2296000
2220000
2150000
2084000
2021000
1963000
1907000
1855000
1805000
1758000
1714000
1672000
1631000
1593000
1556000
1522000
1488000
1456000
1426000
1396000
1368000
1341000
1315000
1290000
1266000
1243000
1406000
1433000
1415000
1389000
1362000
1336000
1310000
1285000
1261000
1238000
1216000
1195000
1174000
1154000
1135000
1116000
1098000
1081000
1064000
1048000
1032000
1016000
1001000
986900
972800
959100
945800
1080000
1309000
1360000
1351000
1329000
1304000
1280000
1257000
1234000
1212000
1191000
1170000
1150000
1131000
1113000
1095000
1077000
1061000
1044000
1029000
1013000
998400
984000
970000
956300
943100
930200
917700
905500
893600
882000
870800
859800
849100
838600
828400
818500
808800
799300
790000
781000
772200
763500
755100
746800
738700
730800
723100
715500
708000
700800
693700
686700
679800
673100
666600
660100
653800
647600
641500
635500
629700
623900
618300
612700
607300
601900
596700
591500
586400
581400
576500
571700
566900
562300
743600
825100
841100
837900
829800
820400
810900
801400
792100
783000
774100
765400
756900
748600
740500
732600
724800
826900
883200
890700
884100
887200
880300
870100
859500
848900
838400
828300
818300
808600
799100
789900
780800
772000
763400
754900
746600
738600
732400
725200
717700
710300
703000
713800
755200
762800
758300
751100
743300
735400
727600
719900
712400
705100
697800
690800
683900
677100
670400
717000
727600
724600
718300
711200
704000
696800
689800
682900
676100
669500
663000
820200
1039000
1100000
1101000
1089000
1073000
1057000
1180000
1203000
1192000
1174000
1155000
1337000
2194000
2436000
2418000
2349000
2273000
2199000
2130000
2160000
3206000
3594000
3516000
3358000
3201000
3056000
2923000
2801000
2689000
2585000
2490000
2401000
2318000
2241000
2359000
2466000
3392000
3492000
3363000
3210000
4099000
4245000
4054000
3831000
3625000
3439000
3271000
3118000
2980000
2853000
2737000
2630000
2531000
2555000
2598000
2841000
3119000
3079000
2960000
2838000
2724000
2618000
3385000
3441000
3307000
3961000
4367000
4736000
5330000
5104000
4759000
4820000
4566000
4281000
4023000
3794000
3590000
3407000
3242000
3092000
3334000
3261000
3122000
2985000
2859000
2742000
2635000
2535000
2443000
2358000
2278000
2204000
2134000
2069000
2007000
2013000
1971000
1918000
1909000
1868000
1820000
1772000
1727000
1684000
1644000
1732000
1734000
2733000
2951000
2889000
2783000
2675000
2573000
2549000
2520000
2443000
2359000
2358000
2297000
2224000
2154000
2088000
2025000
1966000
1911000
1858000
1808000
1761000
1717000
1674000
1634000
1595000
1559000
1524000
1490000
1551000
1542000
1513000
1481000
1456000
1433000
1448000
1434000
1407000
1380000
1352000
1326000
1301000
1276000
1253000
1230000
1208000
1187000
1303000
1433000
1445000
1425000
1509000
1508000
1482000
1451000
1421000
1392000
1364000
1338000
1312000
1287000
1263000
1240000
1218000
1196000
1176000
1156000
1136000
1118000
1100000
1082000
1065000
1049000
1200000
1472000
1528000
1514000
1486000
1455000
1425000
1396000
1368000
1341000
1315000
1290000
1266000
1243000
1220000
1199000
1178000
1158000
1139000
1120000
1102000
1084000
1067000
1051000
1035000
1019000
1004000
989700
975500
961700
948300
935300
922600
910300
898300
886600
875200
864100
853300
842800
832500
822400
812600
803100
793700
784600
775700
766900
758400
792900
797800
792000
783900
775300
766700
758200
749800
741700
733700
725900
718300
760900
769200
764800
757500
749600
741500
733600
725800
718200
710700
703300
696200
689100
682300
675500
668900
662400
656000
649800
643700
637600
631700
648400
649900
692300
701800
698900
693100
686500
679800
673100
666500
660100
653800
647600
641500
635500
629700
623900
618200
612700
607300
601900
596600
591500
586400
583400
703700
743200
747800
743200
736300
748500
746800
740400
732900
725200
717600
710200
702900
695700
688700
681800
675100
668500
662000
701500
831500
868600
870000
862400
852600
842400
832200
822200
812400
802800
793500
784300
818200
2011000
2538000
2591000
2526000
2441000
2358000
2278000
2204000
2134000
2069000
2007000
1950000
1895000
1843000
1794000
1748000
1704000
1662000
1622000
1585000
1548000
1514000
1481000
1449000
1419000
1390000
1362000
1335000
1309000
1285000
1261000
1238000
1216000
1194000
1174000
1154000
1135000
1116000
1098000
1081000
1064000
1047000
1031000
1016000
1001000
986500
972500
958800
945500
932500
919900
907700
895700
884100
872800
861800
851000
840500
830300
820300
810500
801000
791700
782600
773700
765100
756600
748300
740200
732200
761500
765200
759800
752300
744300
736300
859600
944100
959000
952800
1272000
1364000
1365000
1404000
1652000
2423000
2591000
2545000
2706000
2661000
2570000
2478000
2996000
3020000
2915000
2799000
2688000
2585000
2489000
2401000
2318000
2296000
2764000
2794000
3228000
4665000
8341000
9332000
12490000
11080000
9470000
8250000
7315000
6574000
5973000
5474000
5054000
4695000
4384000
4112000
3873000
5915000
5947000
5519000
5102000
4738000
4422000
4146000
3903000
3868000
3693000
3504000
4406000
4450000
4931000
4740000
4442000
4166000
3921000
3703000
3509000
3334000
3176000
3482000
3804000
3752000
3578000
4649000
4990000
4750000
4447000
4170000
3925000
3707000
3512000
3427000
3279000
3128000
2989000
2862000
2745000
3529000
3574000
3427000
3266000
3116000
2977000
2851000
2735000
2628000
2529000
2438000
2353000
2943000
3143000
3066000
2943000
2822000
2709000
2604000
2688000
2722000
2645000
2550000
2458000
2371000
2291000
2216000
2145000
2079000
2017000
1959000
2690000
2810000
2738000
2639000
2541000
2449000
2363000
2283000
2586000
2586000
2506000
2420000
2337000
2259000
2186000
2117000
2604000
4518000
4778000
4544000
4267000
4012000
3785000
4950000
5986000
5739000
5308000
4918000
4578000
4283000
4023000
3794000
3590000
3407000
3242000
3092000
2956000
2831000
2716000
2611000
2513000
2423000
2339000
2260000
2187000
2119000
2054000
1993000
1936000
1882000
1832000
1783000
1737000
1694000
1653000
1892000
1936000
1947000
1908000
2977000
3580000
3554000
3401000
3241000
3093000
2957000
2888000
2817000
2713000
2609000
2512000
2422000
2338000
2260000
2186000
2118000
2053000
1993000
1936000
1882000
1831000
1783000
1846000
2588000
3977000
6716000
7614000
7142000
6607000
6569000
6066000
5561000
5129000
4977000
5380000
5116000
4764000
5219000
4989000
4657000
4354000
4509000
4363000
4115000
3878000
3665000
3765000
3625000
3446000
3279000
3126000
2987000
2860000
2743000
2635000
2536000
2444000
2514000
2937000
3076000
3271000
4915000
5299000
5024000
4685000
4379000
4108000
3870000
4117000
5676000
5963000
5580000
6608000
6280000
5838000
5379000
4975000
4627000
4325000
4061000
3827000
3620000
3433000
3266000
3114000
2976000
2849000
2733000
2627000
2528000
2436000
2351000
2272000
2198000
2129000
2064000
2003000
1945000
1891000
1839000
1790000
1744000
1701000
1659000
1619000
1581000
1770000
1914000
1907000
1864000
1816000
1769000
1724000
1682000
1641000
1602000
1565000
1530000
1733000
1757000
1726000
1686000
1646000
1607000
1570000
1535000
1501000
1468000
1437000
1407000
1379000
1351000
1325000
1300000
1275000
1252000
1229000
1207000
1186000
1166000
1146000
1127000
1109000
1091000
1074000
1057000
1041000
1025000
1010000
995300
981000
967100
953500
940400
927600
915100
903000
891200
879700
868500
988200
1017000
1013000
1e+06
986700
972800
959200
945900
1344000
2448000
2757000
2733000
2643000
2547000
2455000
2369000
2289000
2351000
3006000
3525000
3569000
4854000
5652000
5409000
5024000
4673000
4366000
5098000
4939000
4621000
4323000
4060000
3827000
3619000
3545000
7526000
7827000
7121000
6435000
5861000
5381000
6352000
6055000
5571000
5140000
4769000
4449000
4170000
3924000
3944000
3772000
3577000
3396000
3547000
4504000
5222000
5027000
5586000
5326000
4948000
4607000
4308000
4046000
3814000
3608000
3423000
3256000
3105000
2968000
2842000
2727000
2620000
2522000
2431000
2346000
2267000
2194000
2125000
2060000
2398000
2420000
2355000
2280000
2206000
2136000
2091000
2142000
2475000
2489000
2469000
2398000
2318000
2242000
2338000
2301000
2541000
2528000
2449000
2366000
2287000
2212000
2142000
2076000
2014000
1956000
1901000
1849000
1800000
1753000
1709000
1667000
1627000
1589000
1552000
1518000
1484000
1453000
1422000
1461000
1985000
2191000
2182000
2126000
2064000
2003000
1946000
1891000
1840000
1791000
1745000
1701000
1660000
1620000
1582000
1546000
1512000
1479000
1447000
1417000
1388000
2055000
3067000
3228000
3134000
3005000
2878000
2760000
2652000
2868000
2860000
2762000
2657000
2988000
2979000
2872000
2758000
2650000
2550000
2457000
2371000
2290000
2215000
2144000
2078000
2016000
1958000
1903000
1851000
1802000
1755000
1710000
1668000
1628000
1590000
1554000
1519000
1486000
1454000
1938000
2042000
2015000
1964000
1942000
1896000
1846000
1797000
1751000
1706000
1664000
1625000
1587000
1550000
1516000
1483000
1451000
1420000
1391000
1363000
1337000
1311000
1286000
1262000
1256000
1238000
1216000
1197000
1230000
1338000
1363000
1348000
1324000
1300000
1276000
1252000
1230000
1208000
1187000
1166000
1147000
1128000
1109000
1091000
1074000
1172000
1319000
1521000
1553000
1532000
1502000
1470000
1439000
1409000
1381000
1353000
1327000
1301000
1277000
1253000
1231000
1209000
1188000
1167000
1147000
1222000
1664000
1773000
1761000
1724000
1683000
1643000
1604000
1567000
1532000
1498000
1465000
1434000
1405000
1376000
1349000
1323000
1297000
1273000
1250000
1227000
1205000
1612000
1714000
1702000
1668000
1630000
1592000
1555000
1521000
1487000
1455000
1425000
1395000
1367000
1340000
1314000
1290000
1265000
1242000
1220000
1199000
1178000
1158000
1138000
1120000
1101000
1084000
1067000
1050000
1035000
1019000
1004000
989400
975200
961500
948100
935100
922400
910100
898100
886400
875000
863900
853100
842600
832300
822300
812500
802900
793500
784400
775500
766800
758300
749900
741800
733800
726000
718300
710900
703500
696300
699000
728900
821200
1006000
1239000
2203000
2488000
2478000
2406000
2327000
2250000
2178000
2110000
2046000
1986000
1929000
1876000
1825000
1777000
1732000
1689000
1648000
1608000
1571000
1536000
1502000
1469000
1438000
1408000
1380000
1352000
1326000
1300000
1276000
1252000
1230000
1208000
1187000
1401000
1529000
1535000
1510000
1480000
1449000
1418000
2227000
2434000
2442000
2377000
2300000
2225000
2154000
2088000
2025000
1966000
1911000
1858000
1842000
2011000
2010000
1963000
1910000
1858000
1809000
1762000
1717000
1674000
1634000
1596000
1559000
1524000
1490000
1458000
1428000
1656000
2588000
2950000
2945000
2844000
2859000
2953000
2874000
2764000
2656000
2555000
2916000
5188000
5895000
5593000
5178000
4805000
4481000
4198000
3948000
3755000
3636000
3491000
3326000
3169000
3026000
2896000
2776000
2666000
2564000
2470000
2383000
2755000
2760000
2670000
2572000
2478000
2391000
2309000
2232000
2161000
2842000
2929000
2842000
2734000
2629000
2530000
2439000
2354000
2274000
2200000
2131000
2065000
2004000
1946000
1892000
2212000
2242000
2188000
2124000
2060000
2158000
2147000
2235000
2211000
2469000
2465000
2392000
2313000
2237000
2165000
2114000
2192000
2186000
2131000
2068000
2007000
1949000
1895000
1843000
1794000
1826000
1862000
1832000
1788000
1743000
1699000
1810000
1804000
1765000
1730000
1690000
1649000
1610000
1573000
1537000
1503000
1471000
1439000
1410000
1381000
1353000
1379000
1366000
1342000
1633000
1691000
1670000
1635000
1598000
1561000
1526000
1692000
1707000
1827000
1842000
1863000
1950000
2900000
3386000
3351000
3213000
3071000
2937000
2814000
2701000
2597000
2500000
2411000
2328000
2250000
2177000
2109000
2045000
1985000
1929000
1875000
1825000
1777000
1731000
1688000
1647000
1608000
1571000
1535000
1501000
1469000
1438000
1408000
1379000
1352000
1325000
1300000
1276000
1252000
1326000
1328000
1309000
1285000
1262000
1239000
1217000
1200000
1296000
1307000
1290000
1267000
1245000
1324000
1329000
1309000
1310000
1292000
1269000
1247000
1224000
1203000
1182000
1161000
1142000
1123000
1105000
1087000
1070000
1054000
1038000
1022000
1007000
992100
977900
964100
950600
1081000
1236000
1443000
1480000
1463000
1436000
1407000
1379000
1351000
1325000
1300000
1275000
1252000
1229000
1207000
1186000
1166000
1146000
1127000
1109000
1091000
1074000
1057000
1041000
1025000
1010000
995300
1006000
998600
985900
972200
958700
945400
932500
919900
907600
895700
884100
872800
952500
968600
962000
950500
937900
925300
913000
993300
1196000
1330000
1346000
1330000
1397000
1457000
1450000
1424000
1396000
1368000
1341000
1315000
1290000
1266000
1243000
1221000
1199000
1179000
1159000
1139000
1120000
1102000
1085000
1068000
1051000
1035000
1020000
1005000
990000
975800
962000
948600
935600
922900
910600
898600
886900
896500
1084000
1136000
1135000
1334000
1424000
1431000
1586000
1941000
4370000
4979000
4787000
4489000
4209000
3959000
3737000
3781000
3629000
3448000
3280000
3127000
2988000
2861000
2744000
2636000
2537000
2445000
2359000
2279000
2205000
2135000
2070000
2008000
2220000
2320000
2323000
2263000
2477000
4046000
5665000
5607000
5232000
6355000
7386000
6898000
8444000
8857000
7980000
7118000
6418000
5844000
5367000
4962000
4616000
4316000
7996000
8025000
7243000
6529000
5938000
5446000
5030000
4674000
4366000
4097000
3859000
3648000
3778000
5990000
6106000
5669000
5230000
4848000
4518000
4230000
3977000
3753000
3553000
3373000
3211000
3064000
3030000
2920000
3314000
3397000
3424000
3296000
3147000
3402000
3547000
5603000
7608000
8970000
8211000
8490000
11640000
10550000
