982500
948200
911200
876800
844900
815300
787700
762000
737800
715200
693900
673900
655000
637100
620200
604200
25240000
7445000
1168000
564200
1320000
10920000
2138000
7336000
40230000
6625000
685600
461300
452400
6831000
2113000
568800
5452000
2164000
5480000
34680000
25650000
3722000
490200
373300
3623000
876000
374400
13970000
2497000
5774000
1182000
361000
326600
322200
317800
313600
2026000
576500
311100
297700
294000
290400
286800
283400
280000
6503000
1257000
305000
267300
264300
261400
258500
255700
1150000
9311000
11360000
5399000
860700
259900
237600
235300
232900
230700
228400
2631000
603900
235300
219900
217900
215900
213900
4889000
948800
234300
206400
204600
202900
201200
199400
197800
196100
194500
192900
191400
189800
188300
186800
185300
183900
182500
181100
179700
178300
177000
175700
174400
173100
171800
28600000
4660000
326300
167000
165800
164700
163500
162400
3853000
10190000
1671000
210600
157000
156000
155000
154000
153000
152000
151000
150100
149100
148200
147200
146300
145400
144500
143700
142800
141900
141100
140300
139400
138600
137800
137000
136200
135400
21590000
3523000
7641000
1299000
172900
131100
130300
129600
128900
128200
127500
126800
126200
125500
124800
12060000
2009000
189400
122400
121700
121100
120500
119900
119300
118700
118100
117500
116900
116300
115800
115200
114600
114100
113500
113000
112500
111900
111400
110900
110400
109800
109300
108800
108300
107800
107300
106900
106400
105900
105400
105000
104500
104000
103600
103100
102700
102200
101800
101400
100900
100500
100100
99650
99230
98820
98410
98000
1291000
285800
103500
96430
96040
95650
95260
94880
94500
94120
93750
93380
93010
92650
92290
25140000
4048000
230800
91140
90790
90440
328300
127400
90760
89100
88760
88430
88100
87770
87450
87130
86810
86490
86170
85860
85550
85240
84940
84630
84330
84030
83730
83440
83140
82850
82560
82280
81990
81710
81430
81150
21420000
25200000
3635000
35540000
9668000
910200
103100
80540
80270
80000
79730
79460
79200
78930
78670
78410
78150
77890
77640
77380
77130
76880
76630
76380
76140
75890
75650
75410
75170
74930
8043000
14560000
2208000
148400
74660
74430
74190
73960
1401000
1541000
279500
80230
73000
72780
72560
72330
72110
71890
71680
71460
2087000
6220000
1003000
103600
70930
70710
70500
70290
70090
69880
69670
69470
69260
69060
33960000
44890000
6492000
288900
69220
69020
68820
68620
68420
68220
68030
67830
5648000
949100
98640
67420
67230
4776000
810800
93150
66770
66590
66400
66210
66030
65840
1128000
318000
84650
65660
65010
570000
144500
24720000
3958000
201900
64610
1876000
350500
74270
64020
8090000
2577000
305400
70840
63750
63580
63410
63240
593900
2455000
430400
75680
62680
62510
62350
62180
8620000
1414000
109900
62140
61980
61810
1845000
27270000
4325000
5062000
17790000
2768000
157100
62590
62420
62260
62090
61930
61770
61610
61450
61290
61130
60970
60820
60660
60510
60350
60200
60050
59890
59740
59590
59440
2260000
407000
71570
59190
59040
50760000
8068000
341500
10780000
45620000
8579000
546400
69140
60470
4978000
10490000
1613000
114700
60870
60710
60560
60400
60250
60090
59940
59790
2.8e+07
11030000
1252000
14410000
2894000
231200
64200
60860
60700
14020000
2265000
138600
60850
60690
60540
60380
60230
60070
59920
59770
16470000
2652000
151400
60000
59850
59700
59550
59400
59250
59100
58960
58810
5195000
870200
87460
58760
58610
58470
58320
58180
58040
57890
57750
57610
57470
57330
57190
57060
56920
56780
56650
56510
56380
56240
56110
55980
55840
55710
55580
55450
55320
2049000
370200
66390
55180
55050
54920
54790
54670
54540
54410
54290
54170
54040
53920
53800
53670
53550
53430
53310
53190
53070
52950
52830
52720
52600
52480
52370
5327000
13740000
2113000
125200
53620
53500
53380
53260
53140
53020
52900
52790
52670
52550
52440
52320
52200
52090
51970
51860
51750
51630
51520
51410
51300
51190
51080
50970
50860
50750
50640
50530
50420
50320
50210
50100
50000
49890
49790
49680
49580
49480
49370
49270
49170
49060
48960
48860
48760
48660
48560
48460
48360
48260
48170
48070
47970
47870
47780
47680
47580
47490
47390
47300
47200
47110
47020
46920
46830
46740
46650
46550
46460
46370
46280
15200000
3982000
375300
56090
47420
47330
47230
47140
47050
46950
46860
46770
46670
46580
46490
46400
46310
7516000
3744000
486500
61360
1033000
203000
52720
47150
47050
46960
46870
46770
46680
46590
46500
46410
46320
46230
46140
46050
45960
45870
45780
45690
45600
45510
45430
4368000
728400
69860
45740
45650
45560
45480
45390
45300
45210
45130
45040
44960
44870
44790
5007000
829000
72870
45200
45110
45020
44940
44850
44770
44680
44600
44520
17420000
16790000
2355000
124800
46840
46750
46660
9624000
1560000
100700
47400
47300
12570000
38040000
6177000
308200
51530
49370
49270
49160
3218000
31310000
9280000
910000
75440
51120
51010
50900
50790
50680
50570
50460
50360
50250
50140
5741000
5086000
25480000
3983000
190000
52270
20950000
5623000
528100
66030
53290
53170
53050
52930
52820
52700
52580
52460
52350
3059000
3548000
8857000
8993000
1571000
139200
55830
54220
54090
21610000
3460000
174700
16320000
10130000
9411000
12570000
1870000
119800
5692000
947700
89070
57590
57450
57320
57180
57040
56900
8449000
1383000
103900
57130
56990
56860
56720
56580
56450
56310
56180
56050
55910
55780
55650
1826000
335300
65440
1676000
311500
64510
55370
55240
55120
54990
5555000
1374000
36150000
5743000
256300
56050
55920
55780
1765000
1658000
275900
63240
2374000
422100
68760
55740
55610
55480
55350
55220
55090
54960
54830
54710
54580
54460
54330
54210
54080
53960
2364000
418900
66850
53890
53760
303200
2306000
594200
95990
54690
53510
53390
53270
53150
53030
52910
52800
52680
5751000
7244000
1079000
88730
5701000
946100
85510
53990
53870
53740
53620
53500
53380
53260
53140
53020
52900
52780
52670
52550
52430
52320
52200
52090
51970
51860
6538000
14840000
2264000
129900
53230
53110
52990
52870
52750
52640
52520
52400
52290
52170
52060
51940
51830
51720
51600
51490
51380
51270
51160
51050
50940
50830
50720
50610
50500
50390
50290
50180
50070
49970
49860
49760
49650
49550
49450
49340
49240
49140
49040
48940
48830
48730
48630
48530
48430
48340
48240
48140
48040
47940
47850
47750
47650
47560
47460
47370
47270
1152000
221800
53310
47070
46980
46890
46790
46700
46610
46520
46430
46340
46240
46150
46060
45980
45890
45800
45710
45620
45530
45450
45360
45270
3221000
547200
63160
45410
45320
45240
45150
45060
44980
44890
44810
44720
44640
44550
44470
44390
44300
44220
44140
44060
43970
43890
43810
13370000
2150000
119000
44820
44730
1647000
297900
53630
44640
44550
44470
44380
44300
44220
44140
44050
43970
43890
43810
2121000
13050000
2059000
115600
45010
44920
44840
44750
44670
44580
44500
44410
44330
1801000
71810000
11350000
443300
45670
45580
45490
45400
45320
45230
45140
45060
44970
44890
44800
44720
44630
44550
44460
44380
44300
44220
44130
44050
43970
43890
43810
43730
43640
43560
43480
43400
43320
43250
43170
43090
43010
42930
42850
42780
42700
42620
42550
42470
42390
42320
42240
42170
42090
42020
41940
41870
41790
41720
41650
41570
41500
41430
41360
41280
41210
41140
41070
41000
40930
40860
40790
40720
40650
40580
40510
40440
40370
40300
40230
40160
40090
11620000
5992000
757300
64870
23790000
3793000
175300
3222000
13300000
29080000
4604000
231300
6722000
1101000
84010
46810
16460000
2639000
139100
47780
47690
47590
47500
47400
47310
1632000
15880000
2519000
12760000
28820000
43670000
14660000
28120000
4293000
201300
53550
53430
53310
53190
53070
52950
52830
52720
52600
52480
33670000
5363000
240300
53210
53100
52980
52860
52740
3243000
556800
70690
20030000
4341000
11190000
1775000
115000
54590
54460
54340
54210
54090
53960
9623000
9273000
2296000
251500
22470000
8763000
997400
85280
56410
56280
56140
56010
1659000
309200
64830
55780
55650
55520
21060000
3373000
173000
56060
55930
55800
55660
55530
55400
55270
55150
55020
18330000
6407000
705100
75370
55970
55840
55710
4554000
3256000
474600
70100
56120
55990
55860
55730
55600
55470
55340
55210
24760000
3957000
193300
55770
55640
55510
55380
55250
10900000
1769000
116100
55690
55560
55430
55300
55170
16390000
41450000
6278000
272600
56600
56460
56330
22850000
17440000
2361000
134400
57600
57460
57320
57180
57040
56900
56770
56630
56500
56360
56230
56090
55960
55830
55700
55570
55440
55310
55180
55050
54920
54790
54670
54540
54420
54290
54170
54040
7439000
1880000
1874000
322800
35380000
13860000
1553000
101900
56050
55920
55780
55650
863400
183100
59900
55280
55150
55030
54900
54770
54650
54520
54390
54270
54140
54020
53900
1797000
26660000
31880000
38700000
13650000
2346000
1563000
6218000
1004000
90730
2858000
1591000
9589000
1539000
109000
16270000
2617000
146700
3858000
9144000
4258000
551900
71710
5432000
10580000
1613000
109200
55260
55140
55010
54880
54750
54630
54500
54380
54250
9510000
4780000
6943000
32190000
8846000
836600
78450
56960
56820
56690
8214000
26620000
8251000
855200
17340000
2785000
1013000
194400
63520
58600
58460
58310
58170
58030
57890
57740
57600
57460
57330
57190
57050
56910
56770
56640
56500
56370
56230
56100
55970
55840
55710
55570
55440
55310
55190
55060
54930
54800
2464000
5501000
868900
83560
55260
55130
55010
54880
54750
54620
54500
54370
9103000
1484000
105200
54760
54630
54510
54380
54260
54130
54010
53890
53760
53640
53520
53400
53280
53160
53040
52920
52800
52690
52570
52450
52340
52220
52110
51990
51880
51760
51650
51540
51430
51320
51200
51090
50980
50870
50770
50660
50550
50440
50330
8124000
1326000
95860
50850
50750
50640
50530
50420
29060000
43940000
6422000
271100
52390
52270
52160
52040
51930
4276000
20270000
13100000
3296000
25240000
14440000
1844000
114200
56000
55870
15420000
2483000
141900
56340
56200
56070
55940
2177000
57060000
9019000
372000
56710
56570
56440
17010000
2735000
151300
56890
56750
56620
56480
56350
4344000
733700
80350
56380
6619000
20490000
14040000
1885000
12260000
1976000
126300
58670
58530
58380
58240
58100
57950
57810
57670
57530
57390
57250
57110
56980
56840
56700
56570
56430
56300
56170
12610000
2039000
126500
56590
56450
56320
567100
3969000
12730000
1984000
1594000
289400
65400
57090
5482000
914100
9626000
1564000
110900
57690
57550
57410
57270
57130
56990
56860
56720
56580
56450
56310
56180
56050
55910
55780
55650
55520
55390
55260
55130
2289000
24690000
7008000
681900
73740
56340
56200
56070
55940
55810
55670
55540
55410
55280
55160
55030
54900
54770
54650
54520
54390
54270
29680000
28630000
3994000
188800
55830
55700
55570
55440
7422000
2062000
229900
60530
11340000
2190000
174600
58290
56210
56070
55940
55810
55680
55550
55420
55290
55160
55030
54900
54780
54650
54520
54400
54270
54150
54030
53900
53780
53660
53540
17120000
2749000
149200
54160
1026000
207600
59370
53850
53720
53600
53480
53360
53240
53120
53000
52880
52760
52650
52530
52410
52300
52180
52070
51950
51840
51730
51610
51500
671300
7032000
1846000
201500
55940
51920
51800
51690
51580
51460
51350
51240
51130
51020
50910
50800
50690
4069000
8753000
10920000
1609000
105900
52610
52500
52380
52270
52150
52040
51920
51810
51690
51580
51470
51360
51250
51140
51030
142900
23690000
3784000
183200
51750
51630
51520
51410
51300
51190
51080
50970
50860
50750
50640
50530
50420
50320
50210
50100
50000
49890
18100000
2901000
151200
50730
50620
50510
50400
50300
50190
50080
49980
49870
49770
49660
49560
49450
49350
49250
49150
49040
48940
48840
48740
48640
48540
48440
48340
48240
48150
48050
47950
47850
47760
47660
47570
47470
47380
47280
47190
47090
47000
46910
46810
46720
46630
46540
46450
46350
46260
46170
46080
45990
45900
45820
45730
45640
45550
45460
45380
45290
45200
45120
506900
9133000
15330000
14660000
43210000
6614000
278300
49480
49370
49270
49170
49070
48960
48860
48760
48660
48560
48460
48360
48260
48170
48070
47970
47870
47780
47680
47590
47490
47390
47300
47210
47110
47020
46920
46830
46740
46650
9927000
5737000
755100
71020
47970
47870
47770
36170000
5753000
1255000
207600
54420
48730
48630
48530
48430
48330
48230
48140
1057000
8327000
1337000
94060
48820
48720
48620
48520
48420
48320
48220
48120
48020
47930
47830
47730
47640
12620000
34140000
9021000
1306000
146400
3187000
4950000
764300
75790
51190
51080
12270000
43800000
12120000
1139000
83610
53480
53360
53240
53120
415000
1538000
811200
144800
55890
52820
52700
52590
52470
52350
52240
52120
12990000
2097000
124900
52790
52670
52550
52440
52320
52210
22470000
3593000
177700
52950
52830
52710
52590
52480
52360
52250
52130
52020
51900
51790
51670
13180000
2125000
125500
52370
52250
5529000
1448000
4988000
1100000
10300000
1663000
110600
53910
53780
53660
499700
4900000
1712000
223000
59000
53860
53740
53620
53500
53380
2700000
2968000
462800
67700
53700
53580
6326000
1045000
88860
358800
101900
55360
53550
53430
53310
53190
53070
52950
52830
52710
52600
2337000
413500
65350
16510000
2653000
145000
53320
53200
53080
52960
8586000
1401000
6523000
1881000
2393000
5103000
31340000
11850000
1323000
95010
56280
56140
56010
55880
55750
55620
55480
55350
55230
55100
54970
54840
54710
54590
54460
54340
54210
54090
53970
53840
53720
53600
53480
53360
53240
53120
53000
52880
52760
52640
52530
52410
52300
52180
52070
51950
51840
51720
51610
51500
51390
6008000
992700
84990
51760
51640
5265000
875400
81070
1106000
218400
57780
51810
51690
51580
51470
51360
51250
51140
51030
50920
50810
50700
50590
50480
50370
50270
50160
50050
49950
5864000
9246000
11540000
1701000
108700
52120
52010
51890
51780
51670
51550
51440
51330
51220
51110
51000
50890
50780
50670
50560
50460
50350
50240
50130
50030
49920
49820
49710
49610
49510
49400
49300
49200
49090
48990
48890
48790
48690
48590
2697000
467000
63450
48620
48520
48430
48330
6228000
14390000
7188000
913700
78540
4710000
4017000
587800
69630
51550
51440
51330
51220
51110
51000
50890
50780
50670
50560
50450
50350
50240
50130
50030
49920
49820
49710
49610
49500
49400
49300
49200
49090
48990
48890
48790
48690
48590
48490
11450000
2040000
142700
13620000
4686000
926900
8991000
1.6e+07
60490000
9811000
456000
56330
53420
53300
53180
4258000
717600
76880
53380
53260
53140
53020
52900
52780
52660
52550
52430
52310
52200
52080
51970
51860
7677000
4397000
1904000
277800
8972000
37920000
25710000
3447000
340600
18810000
16270000
2255000
20650000
11380000
1449000
103300
58250
58100
57960
57820
57680
57540
47490000
7550000
321900
57950
57810
57670
57530
57390
57250
57110
56980
56840
5978000
36410000
6295000
351400
61290
57760
57620
57480
57340
57200
57060
56920
56790
56650
2085000
377100
12240000
4475000
3598000
558000
75000
8905000
6013000
3.6e+07
25660000
17920000
2462000
10330000
29840000
4900000
21220000
