1035000
1032000
1028000
1023000
1019000
1013000
1008000
1003000
997100
991600
986200
980800
975500
970300
965100
959900
14890000
6337000
4236000
3360000
2594000
8917000
3754000
7025000
27280000
8357000
7062000
5157000
3017000
7528000
4041000
2480000
4882000
2588000
5126000
23470000
19670000
9080000
6913000
4429000
5911000
4020000
2663000
10140000
3212000
6094000
3056000
2096000
2131000
1592000
1355000
1093000
2016000
1109000
1023000
956400
859800
891300
855900
807900
783100
4740000
1773000
1568000
1344000
1011000
1132000
1016000
854800
1457000
6489000
8350000
5732000
3387000
2492000
2016000
1831000
1491000
1072000
822000
2329000
1115000
1031000
939500
804200
851200
803000
3695000
1452000
1288000
1120000
872300
961600
875000
754900
695900
670900
668400
665900
663500
661000
658600
656200
653900
651500
649200
646800
644500
642200
640000
637700
635400
633200
631000
19720000
5459000
4488000
3422000
1838000
2429000
1885000
1124000
3392000
7182000
2636000
2187000
1638000
1228000
1335000
1060000
773500
638700
591700
589800
587900
586000
584100
582200
580300
578400
576600
574800
572900
571100
569300
567500
565800
564000
562200
560500
558800
15050000
4224000
8123000
3851000
2413000
2604000
1806000
1372000
962400
665900
575800
538800
537200
535600
534000
8588000
2570000
2160000
1709000
1040000
1289000
1059000
736900
581600
518600
517200
515700
514200
512700
511300
509900
508400
507000
505600
504200
502800
501400
5e+05
498600
497200
495900
494500
493100
491800
490500
489100
487800
486500
1334000
698700
654400
605800
534200
559300
533900
498900
481500
473700
472500
471300
470000
468800
467600
466400
465200
464000
462800
2582000
997300
888600
769200
592300
657000
595600
510200
468600
451300
450100
449000
447900
446800
445700
17050000
4648000
3804000
2877000
1500000
2015000
2063000
1013000
668200
511300
467100
482300
466500
444700
433800
428800
427800
426700
425700
424700
423700
422700
421800
420800
419800
418800
417900
416900
415900
415000
414000
413100
412100
411200
410300
409300
15320000
17850000
6884000
27520000
11520000
7822000
6457000
3496000
3145000
2219000
1161000
635800
417100
396800
395900
395000
394200
393300
392400
391600
390700
389900
389100
388200
387400
386600
385700
384900
384100
383300
6600000
10310000
3754000
2983000
2001000
1501000
1584000
1098000
1574000
1479000
766100
672800
550300
511600
509500
449000
398500
375300
368400
367700
1781000
4457000
1597000
1328000
1002000
735600
810700
647700
471600
388800
359600
358900
358200
357500
21690000
30530000
10950000
8499000
5349000
3958000
4121000
2569000
1176000
539700
349900
349200
3955000
1261000
1077000
875500
576000
3710000
1349000
1052000
814100
535400
628800
542200
421400
363100
1033000
568600
492300
450200
389100
730100
469000
15960000
4320000
3499000
2642000
2513000
2110000
1602000
917000
5669000
2540000
1650000
1276000
781900
866200
744100
516400
735400
1907000
771500
676000
563500
450500
486200
429500
5886000
1729000
1437000
1129000
670800
841900
1865000
17750000
4897000
7051000
14420000
4864000
4639000
3250000
1758000
1670000
1110000
622400
392800
310200
309700
309200
308600
308100
307600
307100
306600
306000
305500
305000
304500
304000
303500
303000
2217000
786500
688900
581700
422600
32390000
8503000
6809000
11870000
31670000
12710000
9267000
5839000
3100000
6660000
9408000
3369000
2256000
1414000
993600
1094000
789300
481500
338400
290800
290300
18250000
9067000
4996000
12890000
4747000
4204000
3297000
1686000
1425000
9947000
2829000
2184000
1605000
857300
1136000
880300
522700
350700
281700
281300
11250000
3056000
2500000
1888000
978700
1319000
1007000
570800
361100
277000
276500
276100
4034000
1226000
1036000
825600
513800
630200
522900
373200
301000
272000
271500
271100
270700
270300
269900
269500
269100
268700
268300
267900
267500
267100
266700
266300
266000
265600
265200
264800
264400
3754000
1147000
969600
774700
485100
593200
493600
354600
287600
260600
260200
259800
259500
259100
258700
258300
258000
257600
257200
256900
256500
256200
255800
255400
255100
254700
254400
5342000
9836000
3383000
2678000
1794000
1264000
1377000
938700
511600
314100
250500
250100
249800
249400
249100
248700
248400
248100
247700
247400
247000
246700
246400
246000
245700
245400
245000
244700
244400
244000
243700
243400
243100
242700
242400
242100
241800
241400
241100
240800
240500
240200
239800
239500
239200
238900
238600
238300
237900
237600
237300
237000
236700
236400
236100
235800
235500
235200
234900
234500
234200
233900
233600
233300
233000
232700
232400
232100
231800
231500
231200
231000
230700
230400
230100
12220000
4305000
2920000
2198000
1146000
1433000
1124000
617300
346800
235100
226900
226600
226300
226000
225800
225500
225200
6046000
3396000
1832000
1421000
1543000
1061000
912600
593800
357100
301700
268600
240500
226900
221300
221100
220800
220500
220300
220000
219700
219500
219200
218900
218700
218400
218100
615800
3417000
1082000
902600
696600
452000
536700
432600
301600
239200
215300
215000
214800
214500
214300
214000
3807000
1123000
940600
740000
442000
553400
451100
308000
239200
211500
211200
211000
11630000
12240000
4835000
3735000
2279000
1876000
1835000
7445000
2141000
1558000
1136000
611500
9e+06
25560000
8071000
6148000
4133000
2479000
2936000
1968000
3043000
20490000
8529000
5222000
3805000
2087000
2390000
1840000
938200
431600
226000
203400
203200
202900
202700
4047000
3965000
17450000
5322000
4048000
3057000
15090000
6897000
4444000
2912000
1399000
1566000
1233000
658500
342300
210900
199000
198700
198500
2282000
2763000
6555000
7250000
3163000
2370000
1639000
1245000
1110000
14460000
3863000
3022000
12630000
8589000
10080000
12150000
4825000
3825000
6409000
2682000
2178000
1388000
660000
596500
437100
291000
220800
5680000
1581000
1303000
996800
541800
712200
556000
337800
232800
190700
190500
190300
190100
189900
189700
1502000
521500
454700
1481000
550800
535600
436800
293400
302300
260800
3868000
1424000
23740000
6539000
5067000
3887000
1908000
2461000
2943000
2e+06
831500
544800
1969000
755800
669300
507700
318200
340600
288800
226000
195800
183600
183400
183200
183000
182800
182600
182500
182300
182100
2250000
705300
600200
484700
340600
597900
1870000
788800
563800
441300
316200
344600
297000
229600
194200
180200
179000
178900
4532000
5406000
2104000
1652000
4799000
1800000
1615000
1116000
559200
563300
425400
276600
205100
176400
176200
176100
175900
175700
175600
175400
175200
175000
174900
174700
174500
174400
5653000
10440000
3529000
2774000
1825000
1259000
1379000
909200
451800
240400
172500
172400
172200
172000
171900
171700
171600
171400
171200
171100
170900
170700
170600
170400
170300
170100
169900
169800
169600
169500
169300
169100
169000
168800
168700
168500
168400
168200
168000
167900
167700
167600
167400
167300
167100
167000
166800
166700
166500
166300
166200
166000
165900
165700
165600
165400
165300
165100
165000
164800
164700
2227000
686400
581700
466600
295500
359500
300700
218600
179100
163200
163000
162900
162800
162600
162500
162300
162200
162000
161900
161700
161600
161400
161300
161200
3505000
1007000
837500
651000
373800
477500
382400
249400
185400
159700
159600
159400
159300
159200
159000
158900
158700
158600
158500
158300
158200
158100
157900
9600000
2548000
2069000
1542000
759700
2240000
1085000
649400
402900
232300
269100
235200
187900
165100
155900
155700
155600
155500
155300
2306000
9012000
2694000
2153000
1511000
888900
1086000
764200
392700
217500
153900
153800
153600
1879000
45690000
11920000
9535000
6878000
3194000
4547000
3196000
1371000
496600
152200
152100
151900
151800
151700
151600
151400
151300
151200
151100
150900
150800
150700
150600
150400
150300
150200
150100
149900
149800
149700
149600
149400
149300
149200
149100
148900
148800
148700
148600
148500
148300
148200
148100
148000
147800
147700
147600
147500
147400
147200
147100
147000
146900
146800
146600
146500
146400
146300
146200
146100
145900
145800
145700
145600
145500
145300
145200
145100
145000
144900
489000
231800
214200
194900
166300
176800
8817000
5138000
2605000
1978000
16420000
5020000
4084000
4956000
10170000
21460000
7695000
5454000
8008000
3329000
3306000
2198000
11590000
3389000
2589000
1819000
853500
1150000
847600
425400
222500
1237000
10510000
2918000
10580000
20840000
31760000
17520000
27140000
11300000
8176000
6673000
3900000
2894000
1595000
631500
268400
139500
139400
139300
139200
21530000
5553000
4469000
3276000
1503000
2168000
1560000
709900
2470000
686900
576900
13230000
4273000
10160000
4091000
2547000
2447000
1508000
1197000
722600
330800
190600
6417000
6744000
3332000
2239000
15650000
8133000
4811000
3473000
1766000
1759000
1408000
740900
1466000
447700
364400
301200
207300
242400
13640000
3563000
2861000
2104000
991100
1408000
1027000
493000
236600
134000
133900
133800
11970000
5422000
3110000
2334000
1225000
1403000
1137000
3663000
2738000
1195000
921600
574200
530200
495200
325800
200500
145000
132100
132000
16080000
4169000
3360000
2471000
1149000
1645000
1191000
557400
7434000
1949000
1585000
1184000
588900
812000
607800
322400
10920000
27340000
8504000
6663000
4407000
2711000
3167000
16580000
13370000
5492000
4047000
2350000
2071000
1932000
1104000
475600
196200
128800
128700
128600
128500
128400
128300
128200
128200
128100
128000
127900
127800
127700
127600
127500
127400
127300
127200
127200
127100
127000
126900
6101000
2083000
2577000
1378000
23150000
11890000
6514000
4782000
2468000
2621000
2127000
1341000
1101000
370300
284600
229500
188300
199200
171800
143000
129600
125000
124900
124800
124700
124600
124500
1964000
17310000
22260000
29780000
16910000
10180000
8208000
9238000
5357000
3586000
1849000
2669000
7431000
2394000
1794000
8285000
2499000
2284000
1634000
5087000
2523000
1617000
1065000
538400
4038000
1343000
978700
679500
347800
451100
352400
214500
148200
121700
121600
1857000
8875000
4727000
6729000
22610000
9470000
6389000
4584000
2516000
2544000
1795000
6174000
17700000
7985000
4830000
14350000
4827000
4980000
3345000
1589000
1444000
908400
469200
242700
135300
124000
119400
119400
119300
119200
119100
119000
119000
118900
118800
118700
118700
118600
118500
118400
118300
118300
118200
118100
118000
118000
117900
117800
117700
3658000
4337000
1675000
1309000
830700
665200
667800
432600
232900
142300
116900
116800
6443000
1718000
1397000
1044000
520000
716600
536700
285300
164400
116100
116000
115900
115800
115800
115700
115600
115500
115500
115400
115300
115300
115200
115100
115000
115000
114900
114800
114700
114700
114600
114500
114400
114400
114300
114200
114200
114100
114000
113900
113900
113800
113700
6150000
1642000
1335000
998800
498500
686000
514400
274500
18640000
29660000
10150000
7857000
4939000
3453000
3701000
2259000
918100
3138000
13330000
10310000
5748000
19510000
13100000
6965000
5386000
2997000
2381000
11720000
3483000
2405000
1607000
739400
1045000
765500
1820000
36200000
9428000
7540000
5432000
2523000
3590000
13350000
3817000
2576000
1700000
801900
1139000
830600
399900
3021000
826000
682500
524800
4568000
13800000
11280000
5080000
11400000
4296000
3584000
2847000
1432000
1128000
679300
317000
168500
109100
109100
109000
108900
108900
108800
108700
108700
108600
108500
108500
108400
108400
8384000
2203000
1783000
1322000
636000
893200
1038000
2948000
8636000
2636000
3061000
1692000
1067000
1166000
4301000
1325000
7117000
2215000
1589000
1348000
736100
786900
543800
271600
153800
106700
106600
106600
106500
106400
106400
106300
106300
106200
106100
106100
106000
105900
105900
1908000
15980000
6430000
4011000
2898000
1562000
1819000
1373000
667700
277900
120900
105100
105100
105000
105000
104900
104800
104800
104700
104700
104600
104500
19380000
20160000
7847000
6003000
3560000
2901000
2825000
1628000
5679000
2059000
1264000
955300
7792000
2697000
2026000
1392000
656500
814100
610000
313700
165200
105000
103200
103100
103000
103000
102900
102900
102800
102800
102700
102600
102600
102500
102500
102400
102300
102300
12580000
3260000
2628000
1932000
1596000
1462000
1072000
537600
241500
167900
148000
120200
106900
101500
101400
101400
101300
101300
101200
101100
101100
101000
101000
100900
100900
100800
100700
100700
1409000
4953000
1984000
1328000
943100
582600
646500
480700
262500
147300
103700
1e+05
99970
99910
99860
99800
99750
3724000
6299000
8407000
3279000
2368000
1695000
1239000
1139000
682600
306200
146800
99090
99040
98980
98930
98870
98820
98770
98710
98660
1628000
15560000
4225000
3375000
2407000
1205000
1631000
1141000
512800
213200
98070
98020
97960
97910
97860
97810
97750
97700
97650
97590
97540
97490
13100000
3389000
2729000
2004000
926800
1331000
961300
444600
196300
96970
96910
96860
96810
96760
96710
96660
96600
96550
96500
96450
96400
96350
96300
96240
96190
96140
96090
96040
95990
95940
95890
95840
95790
95730
95680
95630
95580
95530
95480
95430
95380
95330
95280
95230
95180
95130
95080
95030
94980
94930
94880
94830
94780
94730
94680
94630
94580
94530
94480
94430
94390
94340
1602000
6429000
10950000
11890000
30990000
10170000
7795000
5725000
3294000
3390000
2110000
851700
292600
93660
93610
93560
93510
93470
93420
93370
93320
93270
93230
93180
93130
93080
93030
92990
92940
92890
92840
92790
92750
92700
92650
92600
92560
7520000
4755000
2300000
1745000
974300
974500
849800
23430000
6034000
5438000
3631000
1694000
2370000
1661000
769600
312100
109900
96890
91670
834400
5624000
1595000
1282000
922700
502900
647800
466400
239700
132000
91170
91120
91070
91030
90980
90940
90890
8342000
22590000
9509000
6404000
4214000
4731000
6290000
3112000
1811000
906500
508400
8460000
28780000
12040000
7527000
5192000
3051000
3352000
2396000
1093000
660400
1149000
746500
415300
320800
229600
222000
194800
141200
106500
92240
89470
8494000
2217000
1791000
1322000
625500
886600
647700
313700
153200
14440000
3722000
2995000
2194000
1005000
1451000
1043000
472300
198300
88640
88600
88560
88510
88470
88430
8690000
2266000
1829000
1350000
637000
4535000
1936000
4329000
1756000
7673000
2634000
1932000
1492000
776500
815300
873100
3496000
1607000
925400
692700
407600
446200
362900
214400
127600
1988000
2249000
896800
705800
454900
374300
4540000
1304000
989900
929100
408000
526400
395800
212100
139200
101200
92490
88280
86580
86540
86500
1751000
507900
423400
10930000
2875000
2390000
1751000
806900
1104000
790500
6128000
1625000
5455000
2542000
2908000
4824000
21220000
10920000
6062000
4319000
2418000
2456000
1892000
925500
353600
119900
85410
85370
85330
85290
85250
85210
85170
85130
85090
85050
85010
84970
84930
84890
84850
84810
84770
84730
84690
84650
84610
84570
84530
84490
84450
84410
84370
1125000
347800
295000
236900
150600
182900
153300
111900
4548000
1212000
985800
737400
368100
4138000
1299000
937900
1423000
510800
584500
438200
229900
184500
134800
104100
89300
83370
83330
83290
83250
83210
83170
83140
83100
83060
83020
82980
82940
5281000
6818000
9115000
3615000
2547000
1891000
1364000
1209000
706300
300500
133000
82500
82460
82420
82380
82350
82310
82270
82230
82200
82160
82120
82080
82050
82010
81970
81940
81900
81860
81820
81790
81750
81710
81680
81640
81600
81570
81530
81490
3270000
888400
726700
549000
284700
383800
293100
4577000
9911000
6496000
3328000
2309000
4711000
4390000
2284000
1473000
757500
545900
498000
310200
163100
97320
80670
80630
80590
80560
80520
80490
80450
80410
80380
80340
80310
80270
80240
80200
80170
80130
80090
80060
80020
79990
79950
79920
79880
79850
8965000
2457000
1911000
10200000
4571000
3410000
8174000
12030000
41260000
13190000
9687000
6791000
3757000
4352000
2837000
4020000
1094000
662500
5e+05
262200
351300
269800
155700
100900
79000
78960
78930
78890
78860
78820
78790
78750
5476000
3561000
2591000
1522000
6716000
25370000
20350000
9203000
6667000
15970000
15010000
7551000
18100000
11140000
5820000
4651000
2561000
1967000
1505000
773800
317200
117900
3e+07
7652000
6134000
4466000
1987000
2917000
2066000
877300
306100
77710
77680
77640
3995000
23410000
6936000
5278000
3687000
1935000
2484000
1706000
731500
258800
80430
77250
77220
77190
1503000
438000
8180000
3918000
4193000
2206000
1323000
6977000
5306000
24660000
20050000
17870000
8978000
12390000
24100000
9502000
20240000
