771600
768800
765200
761200
757200
753300
749400
745500
741700
737900
734100
730400
726800
723100
719500
715900
712400
783700
829300
851200
857100
858200
894200
908900
941200
1133000
1226000
1268000
1276000
1270000
1297000
1306000
1305000
1327000
1335000
1362000
1596000
1867000
1981000
2016000
2006000
2013000
1999000
1979000
2082000
2108000
2160000
2159000
2141000
2114000
2084000
2054000
2026000
2012000
1991000
1967000
1942000
1916000
1891000
1866000
1842000
1819000
1847000
1846000
1834000
1815000
1793000
1771000
1749000
1728000
1713000
1766000
1859000
1920000
1932000
1921000
1900000
1876000
1852000
1828000
1805000
1801000
1787000
1769000
1749000
1728000
1708000
1688000
1704000
1699000
1688000
1671000
1652000
1633000
1615000
1597000
1580000
1563000
1546000
1529000
1513000
1498000
1482000
1467000
1452000
1438000
1424000
1410000
1396000
1383000
1369000
1357000
1344000
1331000
1319000
1469000
1531000
1555000
1552000
1539000
1523000
1508000
1492000
1498000
1557000
1575000
1575000
1563000
1548000
1532000
1516000
1500000
1484000
1469000
1454000
1440000
1426000
1412000
1398000
1384000
1371000
1358000
1346000
1333000
1321000
1309000
1297000
1286000
1274000
1263000
1252000
1241000
1341000
1381000
1442000
1459000
1458000
1448000
1435000
1421000
1407000
1394000
1380000
1367000
1354000
1342000
1329000
1383000
1400000
1402000
1394000
1382000
1369000
1356000
1344000
1331000
1319000
1307000
1295000
1284000
1272000
1261000
1250000
1240000
1229000
1219000
1208000
1198000
1189000
1179000
1169000
1160000
1151000
1141000
1133000
1124000
1115000
1106000
1098000
1090000
1082000
1073000
1066000
1058000
1050000
1042000
1035000
1028000
1020000
1013000
1006000
999100
992200
985500
978800
972200
965700
959300
952900
946700
940500
934400
928400
922500
916600
910800
905100
899400
893900
888400
882900
877600
872300
867000
950700
989500
1007000
1009000
1004000
997900
991300
984600
977900
971400
964900
958400
952100
945900
939700
933600
927600
921700
915900
910100
904400
898700
893200
887700
882300
876900
871600
866400
861200
856100
851000
846000
841100
836200
831400
826700
888300
1010000
1069000
1285000
1407000
1460000
1471000
1463000
1451000
1437000
1423000
1409000
1395000
1382000
1369000
1356000
1343000
1331000
1318000
1307000
1295000
1283000
1272000
1261000
1250000
1239000
1229000
1218000
1208000
1198000
1218000
1298000
1330000
1339000
1334000
1323000
1312000
1300000
1295000
1295000
1288000
1279000
1268000
1258000
1247000
1236000
1226000
1215000
1205000
1195000
1195000
1221000
1228000
1227000
1219000
1210000
1200000
1190000
1180000
1171000
1161000
1152000
1143000
1134000
1312000
1682000
1856000
1925000
1930000
1912000
1889000
1865000
1841000
1818000
1795000
1773000
1797000
1795000
1783000
1765000
1744000
1762000
1757000
1745000
1727000
1707000
1687000
1668000
1648000
1630000
1619000
1605000
1590000
1573000
1556000
1543000
1528000
1697000
1762000
1785000
1778000
1774000
1760000
1742000
1723000
1768000
1786000
1783000
1769000
1749000
1729000
1708000
1688000
1673000
1673000
1663000
1648000
1631000
1613000
1595000
1578000
1624000
1634000
1631000
1617000
1601000
1583000
1579000
1778000
1857000
1929000
2103000
2158000
2168000
2148000
2120000
2089000
2060000
2031000
2002000
1975000
1948000
1922000
1897000
1872000
1848000
1824000
1802000
1779000
1758000
1736000
1716000
1695000
1676000
1656000
1648000
1634000
1618000
1601000
1584000
1994000
2172000
2245000
2366000
2968000
3218000
3296000
3269000
3207000
3215000
3331000
3333000
3293000
3229000
3159000
3091000
3026000
2963000
2903000
2846000
2790000
3131000
3338000
3388000
3606000
3637000
3602000
3531000
3449000
3368000
3524000
3530000
3492000
3422000
3344000
3268000
3195000
3126000
3059000
2995000
2934000
3101000
3126000
3106000
3054000
2993000
2932000
2874000
2817000
2763000
2711000
2660000
2612000
2620000
2595000
2561000
2519000
2477000
2435000
2394000
2355000
2317000
2280000
2244000
2210000
2176000
2144000
2112000
2082000
2052000
2023000
1995000
1968000
1941000
1915000
1890000
1866000
1842000
1818000
1796000
1774000
1752000
1731000
1710000
1690000
1671000
1651000
1633000
1614000
1596000
1579000
1562000
1545000
1529000
1513000
1497000
1481000
1466000
1452000
1437000
1423000
1409000
1395000
1382000
1369000
1356000
1343000
1331000
1319000
1316000
1389000
1415000
1422000
1415000
1403000
1390000
1377000
1364000
1351000
1338000
1326000
1314000
1302000
1290000
1279000
1268000
1257000
1246000
1235000
1225000
1214000
1204000
1194000
1184000
1175000
1165000
1156000
1147000
1138000
1129000
1120000
1111000
1103000
1094000
1086000
1078000
1070000
1062000
1054000
1047000
1039000
1032000
1024000
1017000
1010000
1003000
996100
989300
982500
975900
969300
962900
956500
950200
944000
937800
931800
925800
919900
914100
908300
902600
897000
891500
886000
880600
875200
870000
864800
859600
854500
849500
844500
839600
873700
894200
902300
902100
898200
893100
887800
882400
877100
871800
866500
861400
856300
851200
846200
841300
836400
854000
870100
875700
875300
875300
872300
868200
863400
858400
853300
848300
843400
838500
833600
828800
824100
819400
814800
810200
805700
801200
796800
792400
788100
783800
779600
775400
782700
784100
782900
779800
775900
771900
767800
763800
759700
755800
751800
747900
744100
740300
736500
748000
751800
752000
749700
746200
742500
738800
735000
731300
727600
724000
720400
773000
850600
888400
903500
905000
901400
896500
930600
944100
948300
945900
940800
989700
1192000
1293000
1337000
1345000
1338000
1327000
1315000
1323000
1524000
1647000
1698000
1704000
1692000
1674000
1655000
1636000
1618000
1600000
1582000
1565000
1548000
1532000
1557000
1591000
1796000
1876000
1903000
1895000
2071000
2155000
2179000
2166000
2139000
2109000
2078000
2049000
2020000
1992000
1965000
1938000
1913000
1915000
1930000
2002000
2094000
2120000
2114000
2090000
2062000
2033000
2224000
2285000
2298000
2465000
2602000
2746000
2932000
2969000
2951000
2985000
2960000
2917000
2864000
2809000
2755000
2703000
2653000
2605000
2665000
2660000
2634000
2593000
2548000
2504000
2461000
2420000
2380000
2341000
2303000
2267000
2232000
2198000
2165000
2149000
2125000
2097000
2085000
2062000
2037000
2009000
1982000
1955000
1929000
1954000
1954000
2309000
2442000
2487000
2473000
2437000
2398000
2378000
2363000
2335000
2303000
2294000
2269000
2240000
2207000
2174000
2142000
2110000
2080000
2050000
2021000
1993000
1966000
1939000
1913000
1888000
1864000
1840000
1817000
1806000
1789000
1770000
1749000
1729000
1709000
1708000
1698000
1683000
1665000
1647000
1628000
1610000
1592000
1575000
1558000
1541000
1525000
1542000
1588000
1599000
1595000
1625000
1627000
1619000
1604000
1587000
1570000
1553000
1537000
1520000
1505000
1489000
1474000
1459000
1444000
1430000
1416000
1402000
1389000
1375000
1362000
1349000
1337000
1350000
1439000
1473000
1482000
1474000
1461000
1447000
1433000
1419000
1405000
1392000
1378000
1365000
1352000
1340000
1327000
1315000
1303000
1292000
1280000
1269000
1258000
1247000
1236000
1226000
1215000
1205000
1195000
1185000
1176000
1166000
1157000
1148000
1139000
1130000
1121000
1112000
1104000
1095000
1087000
1079000
1071000
1063000
1055000
1048000
1040000
1033000
1025000
1018000
1011000
1004000
997000
990100
983400
976700
970100
963700
957300
951000
944700
938600
932500
926500
920600
914800
909000
903300
897700
892200
886700
881300
875900
870600
865400
860200
855100
850100
845100
840200
835300
830500
825800
821100
816400
811800
808800
805100
801000
796700
792400
788100
783800
779600
775400
771300
767200
763100
759100
755100
751200
747300
743500
739700
735900
732100
728500
724800
721200
756300
772100
778800
778600
775500
776800
775200
772400
768800
764900
760900
756900
753000
749100
745200
741400
737600
733900
730100
728800
768600
786700
794400
794500
791400
787500
783300
779200
775000
770800
766800
762700
761500
1049000
1208000
1288000
1311000
1309000
1300000
1289000
1278000
1267000
1256000
1245000
1234000
1224000
1213000
1203000
1193000
1183000
1174000
1164000
1155000
1146000
1137000
1128000
1119000
1110000
1102000
1094000
1085000
1077000
1069000
1061000
1054000
1046000
1039000
1031000
1024000
1017000
1009000
1002000
995500
988700
981900
975300
968800
962300
955900
949600
943400
937300
931200
925300
919400
913500
907800
902100
896500
891000
885500
880100
874800
869500
864300
859100
854100
849000
844100
839200
834300
829500
824800
820100
815500
810900
806300
801900
797400
826000
854000
866000
868500
963600
1008000
1027000
1045000
1112000
1292000
1376000
1410000
1459000
1469000
1466000
1456000
1558000
1595000
1605000
1597000
1582000
1565000
1548000
1532000
1516000
1511000
1616000
1653000
1767000
2051000
2636000
2996000
3570000
3734000
3748000
3684000
3597000
3510000
3426000
3346000
3269000
3196000
3127000
3060000
2996000
3468000
3605000
3628000
3572000
3490000
3409000
3330000
3254000
3234000
3183000
3124000
3381000
3453000
3641000
3650000
3602000
3526000
3443000
3363000
3286000
3212000
3141000
3223000
3340000
3361000
3325000
3649000
3816000
3834000
3777000
3689000
3598000
3510000
3426000
3372000
3305000
3235000
3165000
3097000
3032000
3293000
3349000
3340000
3283000
3213000
3143000
3076000
3011000
2949000
2890000
2833000
2778000
2977000
3074000
3084000
3046000
2988000
2929000
2870000
2875000
2880000
2851000
2806000
2755000
2704000
2654000
2606000
2559000
2514000
2471000
2429000
2688000
2765000
2778000
2745000
2697000
2648000
2601000
2554000
2644000
2651000
2631000
2592000
2548000
2504000
2461000
2419000
2570000
3166000
3379000
3436000
3395000
3324000
3251000
3559000
3892000
3969000
3937000
3850000
3752000
3657000
3566000
3479000
3396000
3318000
3242000
3171000
3102000
3036000
2973000
2913000
2855000
2799000
2745000
2694000
2644000
2596000
2550000
2505000
2462000
2421000
2381000
2342000
2304000
2268000
2233000
2251000
2246000
2244000
2223000
2606000
2859000
2944000
2939000
2894000
2839000
2785000
2732000
2685000
2637000
2590000
2545000
2500000
2458000
2416000
2376000
2338000
2300000
2264000
2229000
2195000
2162000
2130000
2103000
2356000
2805000
3544000
3964000
4089000
4085000
4125000
4064000
3977000
3876000
3826000
3938000
3915000
3851000
3972000
3946000
3882000
3791000
3817000
3782000
3715000
3631000
3543000
3545000
3493000
3427000
3352000
3276000
3203000
3133000
3066000
3002000
2940000
2881000
2830000
2960000
3026000
3120000
3642000
3870000
3913000
3857000
3766000
3672000
3580000
3638000
4098000
4299000
4314000
4623000
4633000
4583000
4469000
4340000
4213000
4092000
3978000
3871000
3768000
3671000
3579000
3492000
3409000
3329000
3254000
3181000
3112000
3046000
2982000
2922000
2863000
2807000
2753000
2701000
2651000
2603000
2557000
2512000
2469000
2427000
2387000
2348000
2310000
2273000
2277000
2257000
2230000
2199000
2166000
2134000
2103000
2073000
2043000
2015000
1987000
2039000
2045000
2034000
2011000
1984000
1958000
1931000
1906000
1881000
1857000
1833000
1810000
1787000
1765000
1744000
1723000
1703000
1683000
1663000
1644000
1626000
1608000
1590000
1572000
1555000
1539000
1523000
1507000
1491000
1476000
1461000
1446000
1432000
1418000
1404000
1390000
1377000
1364000
1351000
1339000
1326000
1314000
1343000
1349000
1347000
1338000
1326000
1314000
1303000
1291000
1463000
1860000
2040000
2109000
2110000
2087000
2059000
2030000
2002000
2016000
2204000
2383000
2460000
2788000
3045000
3119000
3107000
3056000
2995000
3166000
3190000
3168000
3114000
3050000
2987000
2926000
2899000
3802000
4117000
4207000
4149000
4044000
3934000
4172000
4184000
4131000
4033000
3925000
3821000
3721000
3627000
3615000
3555000
3484000
3406000
3439000
3751000
4035000
4084000
4292000
4279000
4206000
4100000
3987000
3879000
3777000
3680000
3587000
3499000
3416000
3336000
3260000
3187000
3118000
3051000
2988000
2927000
2868000
2812000
2758000
2706000
2819000
2831000
2811000
2767000
2716000
2666000
2624000
2629000
2762000
2786000
2791000
2757000
2711000
2662000
2685000
2664000
2757000
2761000
2737000
2694000
2645000
2598000
2552000
2507000
2464000
2423000
2382000
2343000
2306000
2269000
2234000
2200000
2167000
2134000
2103000
2073000
2043000
2015000
1987000
1976000
2198000
2311000
2346000
2334000
2303000
2268000
2233000
2199000
2166000
2134000
2103000
2072000
2043000
2014000
1986000
1959000
1933000
1907000
1882000
1858000
1834000
2076000
2439000
2580000
2616000
2594000
2553000
2509000
2466000
2509000
2512000
2491000
2456000
2553000
2570000
2556000
2521000
2480000
2438000
2397000
2358000
2320000
2283000
2247000
2213000
2179000
2147000
2115000
2084000
2054000
2025000
1997000
1970000
1943000
1917000
1892000
1868000
1844000
1820000
1919000
1948000
1949000
1932000
1917000
1896000
1874000
1850000
1827000
1804000
1782000
1760000
1738000
1718000
1697000
1678000
1658000
1639000
1621000
1603000
1585000
1568000
1551000
1535000
1518000
1503000
1487000
1472000
1457000
1481000
1489000
1485000
1474000
1460000
1446000
1432000
1418000
1404000
1390000
1377000
1364000
1351000
1339000
1326000
1314000
1316000
1361000
1439000
1468000
1473000
1464000
1451000
1437000
1423000
1409000
1396000
1382000
1369000
1356000
1344000
1331000
1319000
1307000
1295000
1284000
1272000
1387000
1434000
1451000
1448000
1436000
1422000
1409000
1395000
1382000
1369000
1356000
1343000
1331000
1319000
1307000
1295000
1283000
1272000
1261000
1250000
1239000
1317000
1347000
1356000
1351000
1340000
1329000
1317000
1305000
1293000
1282000
1270000
1259000
1248000
1238000
1227000
1217000
1207000
1196000
1187000
1177000
1167000
1158000
1149000
1140000
1131000
1122000
1113000
1105000
1096000
1088000
1080000
1072000
1064000
1056000
1049000
1041000
1034000
1026000
1019000
1012000
1005000
997800
990900
984200
977500
970900
964400
958000
951700
945500
939300
933200
927200
921300
915500
909700
904000
898400
892800
887300
881900
876500
871200
892900
959400
1048000
1319000
1447000
1503000
1512000
1502000
1489000
1474000
1459000
1445000
1430000
1416000
1402000
1389000
1376000
1363000
1350000
1337000
1325000
1313000
1301000
1289000
1278000
1267000
1256000
1245000
1234000
1224000
1213000
1203000
1193000
1184000
1174000
1164000
1199000
1235000
1247000
1246000
1238000
1228000
1218000
1428000
1522000
1570000
1576000
1566000
1551000
1535000
1519000
1503000
1488000
1473000
1458000
1449000
1494000
1506000
1505000
1494000
1479000
1465000
1450000
1436000
1421000
1408000
1394000
1381000
1367000
1355000
1342000
1330000
1397000
1655000
1802000
1865000
1873000
1887000
1919000
1919000
1905000
1883000
1860000
1948000
2419000
2684000
2779000
2778000
2738000
2689000
2641000
2593000
2551000
2526000
2498000
2462000
2423000
2383000
2344000
2307000
2270000
2235000
2201000
2168000
2273000
2296000
2290000
2264000
2230000
2197000
2164000
2132000
2101000
2306000
2371000
2385000
2363000
2328000
2292000
2256000
2221000
2188000
2155000
2123000
2092000
2062000
2033000
2004000
2104000
2128000
2126000
2104000
2075000
2101000
2100000
2135000
2133000
2223000
2239000
2229000
2203000
2171000
2139000
2112000
2133000
2133000
2117000
2092000
2063000
2034000
2006000
1978000
1952000
1949000
1957000
1946000
1927000
1904000
1880000
1912000
1911000
1898000
1880000
1858000
1835000
1812000
1790000
1768000
1746000
1725000
1705000
1685000
1665000
1646000
1644000
1633000
1618000
1730000
1768000
1777000
1765000
1746000
1726000
1706000
1753000
1761000
1811000
1825000
1838000
1872000
2168000
2362000
2431000
2431000
2401000
2364000
2327000
2290000
2254000
2219000
2185000
2152000
2121000
2090000
2060000
2031000
2002000
1975000
1948000
1922000
1897000
1872000
1848000
1825000
1802000
1779000
1758000
1736000
1716000
1696000
1676000
1656000
1638000
1619000
1601000
1584000
1566000
1549000
1533000
1517000
1501000
1486000
1470000
1456000
1441000
1451000
1447000
1439000
1426000
1413000
1432000
1433000
1427000
1422000
1411000
1399000
1386000
1373000
1360000
1348000
1335000
1323000
1311000
1299000
1287000
1276000
1265000
1254000
1243000
1232000
1222000
1212000
1202000
1192000
1198000
1243000
1320000
1350000
1357000
1350000
1339000
1327000
1315000
1304000
1292000
1280000
1269000
1258000
1247000
1237000
1226000
1216000
1205000
1195000
1186000
1176000
1166000
1157000
1148000
1139000
1130000
1121000
1112000
1104000
1096000
1087000
1079000
1071000
1063000
1055000
1048000
1040000
1033000
1025000
1018000
1011000
1004000
997100
990200
983500
1001000
1070000
1126000
1148000
1152000
1172000
1194000
1199000
1196000
1188000
1179000
1170000
1160000
1151000
1142000
1133000
1124000
1115000
1107000
1098000
1090000
1082000
1074000
1066000
1058000
1050000
1043000
1035000
1028000
1021000
1013000
1006000
999400
992500
985700
979000
972400
965900
959500
989900
1002000
1005000
1065000
1103000
1120000
1168000
1267000
1729000
1955000
2051000
2065000
2047000
2021000
1993000
2006000
1995000
1977000
1953000
1927000
1902000
1877000
1853000
1829000
1806000
1784000
1762000
1741000
1720000
1700000
1680000
1660000
1696000
1728000
1743000
1737000
1797000
2158000
2547000
2697000
2732000
2967000
3230000
3299000
3641000
3866000
3900000
3849000
3760000
3666000
3575000
3488000
3405000
3326000
4131000
4376000
4427000
4348000
4228000
4108000
3994000
3885000
3782000
3685000
3592000
3504000
3522000
4163000
4353000
4373000
4287000
4169000
4052000
3941000
3835000
3735000
3639000
3549000
3463000
3381000
3336000
3273000
3407000
3453000
3484000
3443000
3377000
3453000
3512000
4172000
4835000
5401000
5481000
5674000
6474000
6577000
