697000
695600
693400
690800
688100
685200
682000
678700
675400
672100
668600
665100
661500
658000
654500
651000
1276000
1148000
933600
839500
896800
1200000
1037000
1121000
2562000
2026000
1566000
1374000
1456000
1731000
1525000
1382000
1571000
1579000
1719000
3318000
3885000
2926000
2338000
2304000
2571000
2333000
2106000
2913000
2669000
2777000
2481000
2335000
2258000
2168000
2085000
2023000
2113000
2059000
1978000
1919000
1897000
1848000
1808000
1774000
1747000
2127000
1967000
1823000
1755000
1762000
1739000
1683000
1650000
1697000
2233000
2621000
2432000
2090000
1982000
1971000
1916000
1829000
1779000
1771000
1927000
1842000
1744000
1687000
1667000
1634000
1592000
1843000
1731000
1634000
1587000
1584000
1562000
1522000
1494000
1478000
1468000
1453000
1428000
1404000
1391000
1370000
1353000
1338000
1323000
1309000
1295000
1281000
1268000
1255000
1242000
1229000
1217000
1205000
2492000
2058000
1679000
1535000
1619000
1613000
1495000
1447000
1624000
1998000
1814000
1630000
1556000
1583000
1535000
1473000
1449000
1442000
1438000
1422000
1391000
1367000
1353000
1330000
1313000
1299000
1285000
1272000
1258000
1245000
1233000
1220000
1208000
1196000
1184000
1173000
1162000
2145000
1804000
1838000
1618000
1588000
1547000
1479000
1441000
1414000
1416000
1414000
1379000
1345000
1330000
1293000
1827000
1628000
1456000
1386000
1414000
1404000
1347000
1319000
1312000
1313000
1304000
1275000
1250000
1242000
1220000
1204000
1192000
1181000
1169000
1158000
1147000
1136000
1126000
1115000
1105000
1095000
1085000
1076000
1066000
1057000
1048000
1039000
1030000
1035000
1021000
1009000
999400
992200
984200
975300
967100
959600
952400
945100
937400
929900
922900
915700
908700
902000
895300
888700
954500
924700
898100
884600
883900
878300
866500
858600
853600
849500
844300
836500
829100
824100
817400
1602000
1340000
1113000
1027000
1081000
1080000
1027000
994900
993500
1005000
1006000
976100
949300
948300
928900
916600
909900
902700
895600
889200
882500
876000
869700
863500
857400
851300
845400
839500
833800
828100
822400
816900
811400
806000
800700
795500
1467000
2133000
1636000
2906000
2564000
2093000
1803000
1797000
1795000
1682000
1634000
1620000
1604000
1591000
1527000
1447000
1432000
1392000
1361000
1344000
1330000
1315000
1301000
1287000
1273000
1260000
1247000
1234000
1222000
1210000
1600000
2048000
1727000
1506000
1463000
1497000
1455000
1384000
1423000
1463000
1431000
1388000
1347000
1328000
1308000
1276000
1258000
1248000
1237000
1223000
1304000
1525000
1396000
1297000
1265000
1274000
1255000
1220000
1203000
1197000
1193000
1181000
1160000
1144000
2648000
4572000
3311000
2441000
2284000
2454000
2322000
2062000
1992000
2034000
2081000
2031000
2266000
2071000
1935000
1821000
1805000
2091000
1933000
1809000
1758000
1767000
1748000
1690000
1650000
1636000
1686000
1646000
1594000
1558000
1546000
1545000
1511000
2936000
2428000
1993000
1824000
2026000
1969000
1796000
1723000
2254000
2170000
1968000
1822000
1797000
1797000
1710000
1653000
1669000
1803000
1723000
1638000
1590000
1584000
1554000
1517000
1934000
1775000
1636000
1573000
1583000
1565000
1596000
3162000
2578000
2412000
3225000
2858000
2479000
2235000
2243000
2214000
2130000
2087000
2031000
1994000
1978000
1884000
1822000
1800000
1754000
1721000
1697000
1673000
1650000
1628000
1606000
1585000
1565000
1545000
1645000
1588000
1537000
1506000
1498000
4588000
3528000
2615000
2976000
6744000
5416000
3920000
3412000
3673000
4122000
4495000
3827000
3457000
3465000
3434000
3191000
2959000
2896000
2793000
2731000
2668000
5102000
4784000
3803000
4585000
4280000
3890000
3476000
3384000
3344000
4511000
4026000
3544000
3301000
3346000
3213000
2986000
2893000
2826000
2786000
2738000
4163000
3566000
3081000
2846000
2894000
2846000
2670000
2577000
2545000
2533000
2498000
2407000
2689000
2543000
2375000
2287000
2274000
2238000
2171000
2125000
2094000
2068000
2037000
1994000
1954000
1926000
1890000
1859000
1830000
1803000
1776000
1751000
1725000
1701000
1677000
1654000
1632000
1610000
1589000
1568000
1548000
1715000
1636000
1565000
1528000
1524000
1508000
1475000
1453000
1439000
1427000
1412000
1391000
1371000
1357000
1339000
1323000
1309000
1295000
1281000
1268000
1255000
1242000
1229000
1217000
1205000
1193000
1181000
1479000
1953000
1659000
1448000
1399000
1432000
1398000
1330000
1306000
1308000
1312000
1296000
1259000
1235000
1223000
1199000
1183000
1172000
1160000
1149000
1139000
1128000
1118000
1107000
1097000
1087000
1078000
1068000
1059000
1050000
1041000
1032000
1023000
1014000
1006000
997700
989600
981600
973700
965900
958200
950700
943300
936000
928800
921800
914800
908000
901200
894500
888000
881500
875200
868900
862700
856600
850600
844600
838800
833000
827300
821700
816200
810700
805400
8e+05
794800
789600
784500
779500
774500
769600
764700
759900
755200
1275000
1146000
975500
903300
932600
934000
887000
863900
863700
871700
871700
851300
832000
829600
816100
806100
800400
1053000
1043000
938500
884200
922600
914200
879500
857600
855600
857700
853700
840600
827100
822700
814100
804600
798000
793000
787400
782100
777000
772100
767200
762400
757600
752900
754000
895000
839100
791500
772200
778700
774400
757800
749400
746900
746100
742700
733800
726000
722800
716100
876300
815900
763800
742400
750600
747100
729400
720800
718700
718600
715800
706800
1239000
1489000
1185000
1001000
992900
1023000
977000
1223000
1117000
1046000
1025000
1029000
1460000
2896000
2221000
1687000
1545000
1659000
1612000
1450000
1554000
3220000
2937000
2316000
1990000
2033000
2037000
1848000
1747000
1743000
1768000
1764000
1692000
1624000
1608000
1901000
2035000
3429000
2747000
2255000
2088000
3522000
3183000
2585000
2343000
2428000
2449000
2306000
2174000
2114000
2124000
2080000
1999000
1933000
2121000
2210000
2593000
2807000
2468000
2249000
2188000
2175000
2103000
3411000
2933000
2528000
3622000
3951000
4041000
4316000
3695000
3340000
3692000
3468000
3168000
2965000
2970000
2896000
2772000
2686000
2579000
3257000
2946000
2641000
2496000
2509000
2459000
2350000
2287000
2255000
2233000
2200000
2140000
2086000
2057000
2010000
2100000
2026000
1958000
2027000
1970000
1910000
1860000
1838000
1813000
1781000
2125000
2003000
4258000
3396000
2704000
2428000
2547000
2514000
2412000
2378000
2314000
2291000
2428000
2283000
2133000
2090000
2030000
1987000
1947000
1910000
1877000
1852000
1825000
1791000
1761000
1737000
1710000
1685000
1661000
1639000
1803000
1717000
1642000
1601000
1595000
1590000
1657000
1605000
1555000
1529000
1519000
1496000
1466000
1447000
1429000
1414000
1399000
1380000
1651000
1835000
1644000
1517000
1759000
1684000
1574000
1501000
1502000
1499000
1472000
1444000
1417000
1404000
1389000
1360000
1337000
1324000
1306000
1290000
1277000
1263000
1250000
1237000
1225000
1213000
1549000
2051000
1734000
1508000
1457000
1493000
1456000
1383000
1357000
1360000
1365000
1347000
1307000
1282000
1269000
1243000
1226000
1214000
1202000
1190000
1178000
1167000
1156000
1145000
1134000
1124000
1113000
1103000
1093000
1083000
1074000
1064000
1055000
1046000
1037000
1028000
1019000
1011000
1003000
994300
986200
978300
970400
962700
955100
947600
940300
933000
925900
918900
912000
905100
898400
891800
885300
878900
872500
866300
860100
854100
848100
912200
883400
857900
845100
844700
839500
828400
821100
816500
812900
808100
800800
794000
789400
783200
777700
772700
767800
763000
758200
753500
748800
744200
739700
868000
818700
776000
757800
763300
759500
744300
736400
733700
732600
729400
721200
713800
710800
704500
699500
695400
691500
687600
683700
679800
676100
672300
1103000
950600
820700
771700
799900
851600
793700
762200
757600
767900
767100
745500
729300
729200
719200
712300
706500
701200
697600
778100
1140000
977800
850600
811800
837400
827800
788900
774900
777300
783000
778900
760600
817100
3509000
2575000
1783000
1503000
1698000
1697000
1467000
1385000
1408000
1463000
1471000
1377000
1301000
1309000
1252000
1219000
1207000
1195000
1184000
1172000
1161000
1150000
1139000
1128000
1118000
1108000
1098000
1088000
1078000
1069000
1059000
1050000
1041000
1032000
1023000
1015000
1006000
998100
989900
981900
974000
966200
958500
951000
943600
936300
929100
922100
915100
908200
901500
894800
888200
881800
875400
869100
862900
856800
850800
844900
839000
833300
827600
822000
816400
811000
805600
800200
795000
789800
784700
779700
774700
769700
764900
760100
1154000
1150000
988000
904700
1747000
1480000
1208000
1249000
1848000
2839000
2192000
1749000
1972000
1961000
1817000
1630000
2574000
2269000
1963000
1819000
1829000
1796000
1699000
1621000
1597000
1681000
2623000
2218000
2723000
4084000
6730000
5729000
7032000
5606000
4888000
4471000
4303000
4101000
3849000
3788000
3703000
3558000
3402000
3223000
3022000
6083000
4927000
3938000
3540000
3700000
3642000
3316000
3160000
3434000
3340000
3211000
4833000
4229000
4636000
3954000
3696000
3546000
3412000
3294000
3156000
3100000
3066000
3855000
4168000
3693000
3252000
5167000
4956000
4098000
3607000
3623000
3626000
3423000
3243000
3301000
3224000
3130000
2978000
2858000
2801000
4599000
3879000
3272000
3019000
3101000
3047000
2832000
2726000
2691000
2683000
2646000
2539000
4072000
3811000
3148000
2820000
2856000
2837000
2656000
2964000
3019000
2808000
2667000
2582000
2507000
2433000
2335000
2274000
2244000
2213000
2164000
3942000
3297000
2730000
2496000
2592000
2562000
2376000
2289000
3015000
2784000
2554000
2387000
2362000
2344000
2219000
2149000
3226000
6254000
4775000
3619000
3284000
3499000
3362000
5055000
5485000
4514000
3984000
3939000
3846000
3547000
3332000
3190000
3162000
3141000
3026000
2878000
2803000
2720000
2627000
2562000
2508000
2457000
2407000
2360000
2314000
2270000
2228000
2188000
2149000
2111000
2074000
2039000
2005000
1972000
1940000
2466000
2297000
2209000
2071000
4641000
4500000
3430000
2888000
2959000
2998000
2757000
2586000
2596000
2603000
2570000
2449000
2326000
2287000
2207000
2136000
2094000
2060000
2026000
1991000
1957000
1926000
1895000
2021000
3612000
5338000
7216000
6148000
4873000
4518000
4977000
4534000
4008000
3803000
4107000
4894000
4348000
3849000
4598000
4236000
3798000
3483000
4047000
3881000
3541000
3349000
3292000
3718000
3452000
3176000
3032000
3025000
2954000
2828000
2738000
2688000
2634000
2577000
2711000
3758000
3556000
3615000
5932000
5220000
4213000
3710000
3762000
3700000
3432000
4032000
6229000
5677000
4643000
6102000
5393000
4827000
4220000
4115000
4049000
3875000
3742000
3581000
3471000
3400000
3220000
3069000
3003000
2897000
2815000
2748000
2686000
2627000
2570000
2516000
2464000
2415000
2367000
2321000
2277000
2235000
2194000
2154000
2116000
2080000
2044000
2010000
1977000
2216000
2435000
2215000
2061000
2016000
2014000
1965000
1902000
1869000
1852000
1836000
1805000
2388000
2147000
1939000
1842000
1861000
1840000
1765000
1724000
1709000
1701000
1684000
1644000
1607000
1592000
1561000
1537000
1517000
1498000
1480000
1462000
1445000
1428000
1411000
1395000
1379000
1363000
1348000
1333000
1318000
1304000
1290000
1277000
1263000
1250000
1237000
1225000
1213000
1201000
1189000
1177000
1166000
1155000
1548000
1401000
1274000
1221000
1240000
1231000
1188000
1166000
2473000
4437000
3252000
2402000
2226000
2395000
2273000
2020000
1949000
2275000
3501000
3613000
2989000
4698000
4911000
3918000
3266000
3197000
3227000
4444000
3813000
3324000
3142000
3217000
3093000
2827000
2927000
8391000
6400000
4701000
4020000
4325000
4265000
5419000
4616000
4116000
3992000
4072000
3826000
3473000
3387000
3635000
3428000
3254000
3090000
3615000
5111000
5250000
4278000
5051000
4603000
4206000
3835000
3719000
3657000
3530000
3437000
3319000
3210000
3128000
2996000
2870000
2807000
2723000
2654000
2596000
2541000
2488000
2438000
2389000
2342000
3286000
2914000
2587000
2443000
2474000
2437000
2354000
2533000
3323000
2932000
2736000
2555000
2525000
2465000
2701000
2521000
3099000
2812000
2599000
2461000
2427000
2382000
2272000
2219000
2192000
2162000
2124000
2073000
2016000
1987000
1944000
1908000
1878000
1849000
1821000
1794000
1768000
1742000
1717000
1863000
3357000
2967000
2404000
2168000
2238000
2220000
2062000
1977000
1967000
1982000
1968000
1892000
1824000
1803000
1753000
1713000
1688000
1664000
1642000
1620000
1598000
3520000
4484000
3361000
2667000
2615000
2715000
2535000
2319000
2767000
2698000
2560000
2415000
3061000
2798000
2489000
2313000
2323000
2308000
2220000
2150000
2111000
2098000
2065000
2007000
1957000
1932000
1891000
1856000
1828000
1800000
1774000
1748000
1723000
1699000
1675000
1652000
1630000
1608000
2788000
2357000
1985000
1838000
1973000
1932000
1791000
1729000
1726000
1734000
1715000
1656000
1607000
1598000
1559000
1528000
1508000
1490000
1470000
1452000
1435000
1418000
1402000
1386000
1370000
1355000
1340000
1325000
1375000
1661000
1557000
1435000
1384000
1392000
1377000
1337000
1313000
1304000
1300000
1289000
1265000
1245000
1233000
1215000
1201000
1415000
1703000
1945000
1659000
1500000
1472000
1476000
1429000
1374000
1359000
1362000
1356000
1331000
1298000
1274000
1257000
1234000
1218000
1206000
1194000
1243000
2282000
1902000
1579000
1462000
1530000
1518000
1418000
1377000
1378000
1391000
1385000
1339000
1300000
1295000
1264000
1243000
1231000
1218000
1206000
1194000
1182000
2048000
1746000
1484000
1383000
1436000
1428000
1345000
1310000
1308000
1316000
1311000
1273000
1240000
1235000
1209000
1190000
1179000
1167000
1156000
1145000
1134000
1124000
1114000
1103000
1093000
1084000
1074000
1065000
1055000
1046000
1037000
1028000
1020000
1011000
1003000
994600
986500
978500
970700
963000
955400
947900
940500
933300
926100
919100
912200
905400
898700
892000
885500
879100
872800
866500
860400
854300
848300
842400
836600
830900
825200
819600
860200
1123000
1441000
1775000
3370000
2537000
1948000
1760000
1855000
1801000
1629000
1582000
1599000
1617000
1592000
1505000
1439000
1427000
1376000
1347000
1332000
1317000
1303000
1289000
1275000
1262000
1249000
1236000
1224000
1212000
1199000
1188000
1176000
1165000
1154000
1143000
1132000
1618000
1638000
1418000
1299000
1305000
1311000
1260000
2990000
2394000
1960000
1750000
1834000
1803000
1649000
1580000
1572000
1595000
1593000
1527000
1519000
1879000
1697000
1557000
1505000
1518000
1500000
1453000
1428000
1418000
1413000
1399000
1372000
1349000
1337000
1316000
1299000
1870000
3543000
2998000
2327000
2072000
2376000
2565000
2216000
2020000
2009000
2061000
2838000
5649000
4770000
3573000
3095000
3223000
3151000
2823000
2661000
2692000
2852000
2803000
2596000
2447000
2410000
2314000
2230000
2181000
2144000
2111000
2076000
2894000
2578000
2302000
2179000
2209000
2181000
2080000
2026000
2005000
3428000
2943000
2485000
2288000
2370000
2332000
2179000
2109000
2094000
2098000
2079000
2007000
1943000
1925000
1873000
2707000
2389000
2111000
1993000
2030000
2378000
2193000
2350000
2197000
2790000
2514000
2260000
2132000
2138000
2098000
2047000
2310000
2229000
2094000
2009000
1978000
1932000
1881000
1830000
1802000
1974000
2060000
1913000
1810000
1782000
1767000
2149000
1962000
1814000
1775000
1782000
1751000
1683000
1649000
1631000
1614000
1595000
1563000
1534000
1519000
1492000
1585000
1531000
1481000
2357000
2048000
1773000
1653000
1700000
1688000
1599000
2076000
1891000
2172000
2016000
2012000
2176000
3971000
3626000
2834000
2496000
2565000
2547000
2346000
2225000
2194000
2212000
2189000
2094000
2003000
1971000
1911000
1860000
1829000
1801000
1775000
1749000
1724000
1700000
1676000
1653000
1631000
1609000
1588000
1567000
1547000
1527000
1508000
1490000
1471000
1454000
1436000
1420000
1403000
1404000
1383000
1363000
1346000
1332000
1318000
1302000
1288000
1584000
1469000
1368000
1323000
1333000
1574000
1453000
1360000
1378000
1375000
1351000
1304000
1281000
1274000
1259000
1245000
1226000
1209000
1200000
1183000
1168000
1158000
1146000
1135000
1124000
1114000
1104000
1094000
1084000
1400000
1664000
1900000
1589000
1428000
1399000
1398000
1349000
1294000
1282000
1288000
1281000
1254000
1222000
1197000
1181000
1159000
1145000
1134000
1124000
1113000
1103000
1093000
1083000
1074000
1064000
1055000
1046000
1037000
1028000
1020000
1011000
1003000
994400
986300
978400
970500
962800
955200
1069000
1023000
982500
963300
965400
959200
942700
1136000
1634000
1617000
1346000
1223000
1454000
1529000
1351000
1241000
1238000
1259000
1236000
1188000
1157000
1150000
1137000
1113000
1092000
1080000
1069000
1055000
1045000
1036000
1027000
1019000
1010000
1002000
993500
985400
977400
969600
961900
954300
946900
939500
932300
925200
918100
911200
1304000
1176000
1056000
1606000
1544000
1345000
1614000
2148000
5208000
3842000
2789000
2457000
2662000
2605000
2273000
2441000
2380000
2337000
2272000
2152000
2042000
2003000
1907000
1857000
1836000
1812000
1777000
1745000
1723000
1694000
1668000
1646000
2155000
2167000
2007000
1836000
2398000
4688000
5421000
3979000
3217000
4881000
5581000
4432000
5626000
5841000
5075000
4440000
4196000
4077000
3865000
3669000
3500000
3394000
8361000
6540000
4903000
4274000
4525000
4423000
3914000
3685000
3653000
3686000
3638000
3407000
3757000
7225000
5758000
4494000
4042000
4219000
4109000
3708000
3522000
3493000
3505000
3440000
3242000
3080000
3225000
3025000
3981000
3760000
3602000
3263000
3160000
3896000
3921000
7006000
7964000
7846000
6156000
6721000
9720000
7956000
9292000
