966800
962700
958200
953700
949200
944800
940500
936100
931800
927600
923400
919200
915000
910900
906900
902800
23160000
6866000
1291000
887100
1668000
11550000
2257000
7845000
41570000
6063000
860800
857200
853600
7354000
2384000
932800
6007000
2497000
5998000
35960000
25850000
3504000
819200
815900
4152000
1246000
806200
14800000
2629000
6309000
1514000
790500
787400
784400
781400
778400
2362000
979700
769500
766600
763800
760900
758100
755200
752400
6886000
1549000
744200
741500
738800
736100
733400
730800
1230000
9970000
11900000
5701000
1198000
715400
712900
710400
707900
705500
703000
2839000
977600
695800
693400
691100
688700
686400
5378000
1295000
679500
677300
675000
672800
670600
668400
666200
664000
661800
659700
657500
655400
653300
651200
649100
647100
645000
643000
641000
638900
636900
635000
633000
631000
629100
24170000
3701000
623300
621400
619500
617600
615700
613900
3234000
10680000
1879000
606600
604700
603000
601200
599400
597600
595900
594100
592400
590700
589000
587300
585600
583900
582200
580600
578900
577300
575600
574000
572400
570800
569200
567600
566000
564500
17610000
2788000
8138000
1548000
556700
555200
553700
552200
550700
549200
547700
546300
544800
543400
541900
10570000
1849000
537600
536200
534800
533400
532000
530600
529200
527800
526500
525100
523800
522400
521100
519800
518400
517100
515800
514500
513200
511900
510600
509300
508100
506800
505500
504300
503000
501800
500600
499300
498100
496900
495700
494500
493300
492100
490900
489700
488500
487400
486200
485100
483900
482700
481600
480500
479300
478200
477100
476000
474900
473800
472700
471600
470500
469400
468300
467200
466200
465100
464000
463000
461900
460900
459800
20040000
3015000
456700
455700
454700
453700
452700
451700
450700
449700
448700
447700
446700
445700
444800
443800
442800
441900
440900
439900
439000
438100
437100
436200
435200
434300
433400
432500
431500
430600
429700
428800
427900
427000
426100
425200
15090000
24830000
3362000
36880000
9383000
968500
419100
418200
417400
416500
415700
414800
414000
413100
412300
411500
410600
409800
409000
408200
407400
406500
405700
404900
404100
403300
402500
401700
400900
400100
3965000
14620000
2195000
397000
396200
395500
394700
393900
1522000
1866000
565000
390900
390200
389400
388700
387900
387200
386500
385700
385000
2076000
6752000
1186000
382100
381400
380700
380000
379300
378600
377900
377200
376500
375800
375100
35240000
45720000
5703000
372300
371600
371000
370300
369600
368900
368300
367600
367000
6132000
1119000
365000
364300
363700
5301000
1008000
361700
361100
360500
359800
359200
358500
357900
1430000
586000
367700
355400
354800
882900
422600
25930000
3693000
351700
351100
2234000
596000
349300
348700
8804000
2765000
518500
346300
345800
345200
344600
344000
917100
2867000
662300
341700
341100
340500
340000
339400
9302000
1509000
337700
337200
336600
336000
2189000
28550000
3989000
5471000
18710000
2646000
332200
331700
331100
330600
330100
329500
329000
328500
327900
327400
326900
326300
325800
325300
324800
324300
323800
323200
322700
322200
321700
321200
962500
404000
319700
319200
318700
52740000
7166000
317200
11610000
47230000
7913000
532300
314700
314300
5400000
11160000
1643000
312300
311800
311400
310900
310400
309900
309500
309000
308500
28220000
10920000
1217000
15300000
2901000
388800
305300
304800
304400
14580000
2169000
303000
302600
302100
301700
301200
300800
300300
299900
299500
15520000
2287000
298100
297700
297300
296800
296400
296000
295500
295100
294700
294300
4097000
790200
293000
292600
292100
291700
291300
290900
290500
290100
289700
289200
288800
288400
288000
287600
287200
286800
286400
286000
285600
285200
284800
284400
284000
283600
283200
282800
282400
282000
281600
281200
280900
280500
280100
279700
279300
278900
278600
278200
277800
277400
277000
276700
276300
275900
275500
275200
274800
274400
274100
273700
273300
273000
272600
272200
271900
10630000
1625000
270800
270400
270100
269700
269300
269000
268600
268300
267900
267600
267200
266900
266500
266200
265800
265500
265100
264800
264400
264100
263800
263400
263100
262700
262400
262100
261700
261400
261000
260700
260400
260000
259700
259400
259100
258700
258400
258100
257700
257400
257100
256800
256400
256100
255800
255500
255200
254800
254500
254200
253900
253600
253300
252900
252600
252300
252000
251700
251400
251100
250800
250400
250100
249800
249500
249200
248900
248600
248300
248000
247700
247400
5089000
2591000
470100
246200
245900
245600
245300
245000
244700
244400
244100
243800
243600
243300
243000
242700
242400
5004000
3659000
606700
241200
1219000
368400
240400
240100
239800
239500
239300
239000
238700
238400
238100
237900
237600
237300
237000
236800
236500
236200
235900
235700
235400
235100
234800
2595000
542700
234000
233800
233500
233200
233000
232700
232400
232200
231900
231600
231400
231100
230900
4825000
830500
230100
229800
229500
229300
229000
228800
228500
228300
228000
227800
18210000
17630000
2193000
226700
226500
226200
226000
10510000
1569000
225200
225000
224700
13640000
39620000
5553000
277400
223500
223300
223000
222800
3706000
32880000
9264000
853500
221600
221300
221100
220800
220600
220400
220100
219900
219600
219400
219200
6176000
5590000
26780000
3610000
218000
217800
22210000
5610000
546300
216800
216600
216400
216100
215900
215700
215500
215200
215000
214800
3352000
3979000
9576000
9552000
1580000
252400
213200
213000
212800
22780000
3161000
212100
17360000
10490000
9890000
13190000
1759000
210800
6232000
997000
210100
209900
209700
209500
209300
209000
208800
8981000
1354000
208200
208000
207800
207500
207300
207100
206900
206700
206500
206300
206100
205900
205700
1749000
406800
205000
1980000
436500
204400
204200
204000
203800
203600
5968000
1456000
37710000
5094000
202600
202400
202200
202000
1901000
1903000
394700
201200
2737000
532100
200600
200400
200200
2e+05
199800
199600
199400
199200
199000
198800
198600
198400
198300
198100
197900
197700
793300
275100
197100
196900
196700
218800
2657000
727600
223500
195800
195600
195400
195200
195000
194800
194600
194500
194300
4118000
7499000
1081000
193500
6201000
978000
193000
192800
192600
192400
192300
192100
191900
191700
191500
191400
191200
191000
190800
190600
190500
190300
190100
189900
189800
189600
2068000
15050000
2098000
188900
188700
188500
188300
188200
188000
187800
187700
187500
187300
187100
187000
186800
186600
186400
186300
186100
185900
185800
185600
185400
185300
185100
184900
184800
184600
184400
184300
184100
183900
183800
183600
183400
183300
183100
182900
182800
182600
182400
182300
182100
181900
181800
181600
181500
181300
181100
181000
180800
180700
180500
180300
180200
180000
179900
179700
179500
179400
179200
179100
178900
178800
178600
178400
178300
178100
178000
177800
177700
177500
177400
177200
177000
176900
176700
176600
176400
176300
176100
176000
175800
175700
175500
175400
175200
175100
174900
174800
174600
174500
174300
174200
174000
173900
173700
173600
173400
173300
173100
173000
172800
172700
172500
172400
172300
10410000
1509000
171800
171700
171500
1571000
354100
171100
170900
170800
170700
170500
170400
170200
170100
170000
169800
169700
169500
169400
13280000
1882000
169000
168800
168700
168500
168400
168300
168100
168000
167800
167700
167600
74370000
9862000
167200
167000
166900
166700
166600
166500
166300
166200
166100
165900
165800
165700
165500
165400
165300
165100
165000
164900
164700
164600
164500
164300
164200
164100
163900
163800
163700
163500
163400
163300
163100
163000
162900
162800
162600
162500
162400
162200
162100
162000
161800
161700
161600
161500
161300
161200
161100
160900
160800
160700
160600
160400
160300
160200
160100
159900
159800
159700
159600
159400
159300
159200
159100
158900
158800
158700
158600
158400
158300
158200
158100
158000
157800
157700
6904000
5642000
758700
157200
25370000
3450000
156900
3667000
14390000
30430000
4122000
188400
7475000
1112000
155900
155800
17630000
2439000
155400
155300
155200
155100
154900
154800
154700
1820000
16990000
2326000
13700000
30030000
44810000
14380000
29080000
3782000
153500
153400
153300
153200
153100
153000
152900
152700
152600
152500
152400
34910000
4693000
152100
151900
151800
151700
151600
151500
3634000
606200
151200
21160000
4152000
11900000
1664000
150600
150500
150400
150300
150100
150000
149900
10170000
9720000
2307000
290300
23600000
8775000
875800
149000
148900
148800
148700
148600
1754000
358100
148300
148200
148100
148000
21950000
2997000
147600
147500
147400
147300
147200
147100
147000
146900
146800
146700
18740000
6348000
639200
146300
146200
146100
145900
4637000
3497000
506800
145500
145400
145300
145200
145100
145000
144900
144800
144700
25020000
3394000
144400
144300
144200
144100
144000
143900
11130000
1580000
143600
143500
143400
143300
143200
143100
16320000
42590000
5412000
142700
142600
142500
142400
23760000
17750000
2040000
142000
141900
141800
141700
141600
141500
141400
141300
141200
141100
141000
140900
140800
140700
140600
140500
140400
140300
140200
140100
140000
139900
139800
139700
139600
139500
139500
139400
139300
2398000
1166000
2094000
381700
36830000
13730000
1288000
138500
138400
138300
138200
138100
138000
137900
137800
137800
137700
137600
137500
137400
137300
137200
137100
137000
136900
136800
136700
136600
26650000
32470000
39420000
13360000
2177000
1733000
6603000
955600
135800
135700
2876000
10960000
1503000
135400
11510000
1621000
135100
135000
6919000
1983000
260400
134700
134600
5291000
808100
134300
134200
134100
134000
133900
133900
133800
133700
133600
133500
13070000
5364000
7389000
33430000
8519000
675400
132900
132800
132700
132600
8702000
27620000
8045000
715900
18230000
2496000
1051000
252000
131900
131800
131700
131600
131500
131400
131400
131300
131200
131100
131000
130900
130800
130800
130700
130600
130500
130400
130300
130300
130200
130100
130000
129900
129800
129800
129700
129600
129500
129400
129400
129300
129200
129100
129000
128900
128900
128800
128700
128600
128500
128500
7698000
1117000
128200
128100
128100
128000
127900
127800
127700
127600
127600
127500
127400
127300
127300
127200
127100
127000
126900
126900
126800
126700
126600
126500
126500
126400
126300
126200
126100
126100
126000
125900
125800
125800
125700
125600
125500
125400
125400
125300
125200
125100
5670000
849400
124900
124800
124800
124700
124600
124500
30380000
45030000
5474000
124200
124100
124100
124000
123900
123800
4691000
21310000
13450000
3248000
26380000
14660000
1578000
123200
123200
123100
16280000
2234000
122900
122800
122700
122700
122600
2423000
59130000
7792000
122300
122200
122100
122100
17900000
2444000
121800
121800
121700
121600
121600
121500
4705000
720200
121300
121200
7125000
21360000
14290000
1625000
12920000
1792000
120700
120600
120500
120500
120400
120300
120300
120200
120100
120000
120000
119900
119800
119800
119700
119600
119600
119500
119400
119300
12610000
1750000
119100
119100
119000
118900
563800
4331000
13420000
1786000
1750000
331600
118400
118400
5904000
874100
10260000
1444000
118000
118000
117900
117800
117800
117700
117600
117600
117500
117400
117400
117300
117200
117100
117100
117000
116900
116900
116800
116700
116700
1429000
25670000
6819000
558800
116300
116300
116200
116100
116100
116000
115900
115900
115800
115700
115700
115600
115600
115500
115400
115400
115300
115200
29080000
28890000
3380000
115000
114900
114800
114800
114700
7195000
1975000
236700
114400
12040000
2062000
165200
114200
114100
114100
114000
113900
113900
113800
113700
113700
113600
113600
113500
113400
113400
113300
113200
113200
113100
113100
113000
112900
112900
112800
11270000
1570000
112600
112600
1046000
234400
112400
112300
112200
112200
112100
112100
112000
111900
111900
111800
111700
111700
111600
111600
111500
111400
111400
111300
111300
111200
111100
111100
111000
3947000
1393000
212900
110800
110700
110700
110600
110500
110500
110400
110400
110300
110200
110200
110100
110100
686900
8884000
11520000
1452000
109800
109700
109600
109600
109500
109500
109400
109300
109300
109200
109200
109100
109100
109000
108900
108900
108800
18660000
2533000
108600
108600
108500
108500
108400
108400
108300
108200
108200
108100
108100
108000
108000
107900
107800
107800
107700
107700
107600
12940000
1783000
107400
107400
107300
107300
107200
107200
107100
107000
107000
106900
106900
106800
106800
106700
106700
106600
106500
106500
106400
106400
106300
106300
106200
106200
106100
106000
106000
105900
105900
105800
105800
105700
105700
105600
105500
105500
105400
105400
105300
105300
105200
105200
105100
105100
105000
105000
104900
104800
104800
104700
104700
104600
104600
104500
104500
104400
104400
104300
104300
104200
104100
3763000
15480000
15350000
44750000
5710000
103800
103800
103700
103700
103600
103600
103500
103500
103400
103400
103300
103200
103200
103100
103100
103000
103000
102900
102900
102800
102800
102700
102700
102600
102600
102500
102500
102400
102400
102300
102300
7074000
5597000
701000
102100
102000
102000
101900
37800000
5027000
1215000
247200
101700
101600
101500
101500
101400
101400
101300
101300
1002000
9024000
1252000
101100
101000
101000
100900
100900
100800
100800
100700
100700
100600
100600
100500
100500
100400
13420000
35460000
8745000
1180000
168700
3578000
5445000
738900
1e+05
99950
99910
13170000
45330000
11640000
864200
99660
99610
99560
99520
99470
398500
1724000
895600
176200
99220
99180
99130
99080
99030
98980
98940
98890
13710000
1877000
98740
98700
98650
98600
98550
98510
98460
23440000
3148000
98320
98270
98220
98170
98130
98080
98030
97980
97940
97890
97840
97800
97750
13620000
1865000
97610
97560
97510
5983000
1456000
5423000
1097000
11020000
1519000
97190
97140
97100
97050
537000
5344000
1775000
227600
96820
96770
96730
96680
96640
96590
2636000
3200000
458600
96410
96360
96320
6663000
954100
96180
391500
134700
96040
96000
95950
95910
95860
95820
95770
95730
95680
95640
2154000
364400
95500
17360000
2351000
95370
95320
95280
95240
95190
8545000
1199000
7020000
1902000
2628000
5506000
32590000
11690000
1066000
94750
94700
94660
94620
94570
94530
94480
94440
94400
94350
94310
94270
94220
94180
94140
94090
94050
94000
93960
93920
93870
93830
93790
93750
93700
93660
93620
93570
93530
93490
93440
93400
93360
93320
93270
93230
93190
93140
93100
93060
93020
92970
674800
168900
92850
92810
92760
5123000
749800
92640
1049000
217500
92510
92470
92430
92380
92340
92300
92260
92220
92180
92130
92090
92050
92010
91970
91930
91880
91840
91800
91760
91720
8813000
12120000
1514000
91550
91510
91470
91430
91390
91350
91310
91270
91230
91180
91140
91100
91060
91020
90980
90940
90900
90860
90820
90780
90740
90700
90660
90620
90580
90540
90500
90460
90420
90380
90340
90300
90260
90220
90180
90140
90100
90060
90020
89980
89940
89900
2878000
14770000
7434000
804800
89700
4975000
4314000
558100
89540
89500
89460
89420
89380
89340
89310
89270
89230
89190
89150
89110
89070
89030
88990
88950
88920
88880
88840
88800
88760
88720
88680
88640
88610
88570
88530
88490
88450
88410
88380
5635000
1023000
115700
14570000
4748000
901700
9691000
16770000
62360000
8517000
160800
87920
87880
87840
87810
4403000
651400
87690
87650
87620
87580
87540
87500
87470
87430
87390
87350
87320
87280
87240
87200
87170
6811000
4452000
2e+06
277500
9639000
39300000
25890000
2871000
279100
19790000
16650000
1915000
21570000
11500000
1211000
86570
86540
86500
86460
86430
86390
86350
49020000
6479000
86250
86210
86170
86140
86100
86060
86030
85990
85950
85920
6211000
37690000
5572000
174300
85740
85700
85670
85630
85590
85560
85520
85490
85450
85410
2134000
353000
12950000
4492000
3777000
521000
85160
9497000
6201000
37240000
25760000
18010000
2071000
10810000
30740000
4276000
21920000
