1211000
1210000
1202000
1186000
1174000
1159000
1145000
1131000
1117000
1102000
1086000
1070000
1054000
1038000
1023000
1008000
1390000
1558000
1571000
1470000
1486000
1626000
1666000
1807000
2977000
3344000
3252000
2915000
2908000
3041000
3072000
3051000
3208000
3276000
3312000
4567000
5958000
6074000
5560000
5151000
5099000
4885000
4713000
5244000
5395000
5373000
5006000
4800000
4487000
4273000
4074000
3997000
4067000
3976000
3843000
3651000
3437000
3245000
3111000
3017000
2927000
3043000
2990000
2881000
2700000
2606000
2486000
2399000
2328000
2411000
2608000
2823000
2873000
2790000
2662000
2567000
2493000
2442000
2407000
2373000
2486000
2464000
2378000
2266000
2210000
2145000
2097000
2192000
2205000
2166000
2073000
2017000
1950000
1891000
1849000
1816000
1776000
1723000
1833000
1848000
1808000
1726000
1697000
1654000
1619000
1590000
1569000
1542000
1498000
1461000
1431000
1396000
1367000
1352000
2300000
2584000
2559000
2296000
2305000
2198000
2146000
2134000
2523000
2903000
2910000
2749000
2649000
2551000
2467000
2429000
2486000
2497000
2454000
2378000
2315000
2397000
2394000
2346000
2261000
2226000
2144000
2091000
2045000
1993000
1938000
1880000
1828000
1783000
1786000
1754000
1856000
2422000
2581000
2734000
2639000
2616000
2473000
2428000
2388000
2389000
2400000
2347000
2284000
2211000
2136000
2082000
2672000
2841000
2807000
2612000
2594000
2491000
2405000
2361000
2353000
2324000
2251000
2164000
2108000
2025000
1976000
1932000
1896000
1853000
1817000
1780000
1734000
1667000
1624000
1585000
1589000
1564000
1538000
1498000
1479000
1441000
1409000
1488000
1503000
1587000
1566000
1543000
1484000
1461000
1431000
1415000
1399000
1381000
1359000
1333000
1303000
1279000
1297000
1293000
1278000
1253000
1237000
1361000
1495000
1513000
1460000
1424000
1400000
1369000
1352000
1344000
1340000
1319000
1291000
1279000
1260000
1238000
1375000
1959000
2121000
2070000
1929000
1924000
1856000
2114000
2200000
2221000
2132000
2082000
2007000
1963000
1916000
1904000
1889000
1855000
1817000
1791000
1753000
1710000
1904000
1960000
1938000
1854000
1833000
1769000
1717000
1685000
1672000
1649000
1606000
1558000
1524000
1483000
1649000
2318000
3223000
3381000
4819000
5302000
5241000
4628000
4507000
4326000
4216000
4109000
4064000
3983000
3772000
3553000
3432000
3284000
3184000
3115000
3072000
3e+06
2902000
2803000
2710000
2560000
2456000
2361000
2267000
2188000
2278000
2700000
3188000
3198000
3024000
2849000
2758000
2653000
2603000
2714000
2767000
2706000
2580000
2492000
2405000
2324000
2273000
2242000
2210000
2164000
2115000
2198000
2315000
2286000
2199000
2122000
2068000
1998000
1942000
1907000
1872000
1843000
1793000
1746000
1695000
2408000
4184000
4631000
4363000
3905000
3815000
3584000
3464000
3460000
3528000
3462000
3274000
3335000
3281000
3130000
2985000
2940000
3012000
2996000
2954000
2881000
2782000
2618000
2524000
2456000
2391000
2354000
2257000
2179000
2098000
2030000
1976000
1920000
2398000
2520000
2476000
2294000
2322000
2242000
2181000
2130000
2338000
2400000
2332000
2213000
2171000
2094000
2034000
1996000
1991000
2004000
1975000
1931000
1881000
1814000
1766000
1730000
1866000
1892000
1854000
1779000
1748000
1692000
1696000
2270000
2443000
2535000
2924000
3070000
2952000
2756000
2730000
2688000
2650000
2593000
2568000
2527000
2422000
2336000
2282000
2221000
2172000
2136000
2101000
2054000
1989000
1943000
1890000
1822000
1772000
1714000
1891000
1920000
1872000
1779000
1761000
3148000
3559000
3512000
3515000
6016000
6642000
6340000
5552000
5464000
5483000
5768000
5758000
5680000
5396000
5056000
4732000
4544000
4336000
4228000
4128000
3999000
5313000
5970000
5898000
6015000
5951000
5602000
5150000
4991000
4862000
5459000
5440000
5216000
4824000
4572000
4265000
4071000
3931000
3858000
3769000
3632000
4488000
4622000
4442000
4039000
3919000
3784000
3625000
3516000
3467000
3366000
3288000
3175000
3394000
3335000
3234000
3036000
2966000
2860000
2881000
2851000
2790000
2654000
2560000
2462000
2389000
2310000
2225000
2162000
2100000
2039000
1983000
1920000
1863000
1799000
1750000
1703000
1657000
1614000
1564000
1518000
1478000
1999000
2139000
2106000
1933000
1925000
1853000
1811000
1792000
1807000
1796000
1741000
1689000
1658000
1607000
1572000
1547000
1529000
1525000
1509000
1487000
1542000
1519000
1486000
1453000
1437000
1406000
1364000
1744000
2180000
2258000
2126000
2033000
1991000
1929000
1903000
1917000
1932000
1897000
1837000
1927000
2008000
1987000
1925000
1889000
1862000
1829000
1805000
1788000
1750000
1826000
1834000
1806000
1742000
1701000
1716000
1704000
1678000
1644000
1623000
1584000
1567000
1541000
1512000
1479000
1450000
1431000
1406000
1378000
1351000
1327000
1296000
1289000
1274000
1254000
1228000
1202000
1178000
1156000
1136000
1169000
1168000
1150000
1121000
1106000
1085000
1076000
1063000
1052000
1037000
1021000
1004000
988500
971700
957700
944500
931600
918500
905600
893100
880400
866100
853800
1385000
1586000
1601000
1469000
1482000
1439000
1419000
1422000
1457000
1469000
1435000
1401000
1384000
1349000
1327000
1315000
1413000
1734000
1887000
1875000
1790000
1790000
1766000
1742000
1726000
1737000
1711000
1668000
1628000
1598000
1561000
1528000
1504000
1485000
1462000
1440000
1576000
1596000
1600000
1546000
1529000
1485000
1456000
1528000
1627000
1635000
1583000
1539000
1510000
1472000
1448000
1435000
1425000
1435000
1417000
1393000
1358000
1328000
1303000
1461000
1498000
1482000
1417000
1404000
1365000
1338000
1320000
1315000
1302000
1272000
1243000
1590000
2014000
2101000
1995000
1914000
1884000
1834000
2091000
2184000
2188000
2085000
2040000
2319000
3626000
3978000
3860000
3509000
3451000
3272000
3185000
3299000
4626000
5172000
5018000
4522000
4349000
4071000
3882000
3796000
3818000
3775000
3625000
3466000
3316000
3107000
3203000
3319000
4196000
4341000
4199000
3857000
4606000
4753000
4633000
4306000
4237000
4055000
3817000
3648000
3583000
3469000
3315000
3177000
3085000
3109000
3140000
3328000
3573000
3534000
3375000
3220000
3114000
2971000
3576000
3731000
3660000
3957000
4338000
4646000
5038000
5013000
4782000
4768000
4668000
4491000
4310000
4177000
4023000
3909000
3746000
3607000
3800000
3761000
3627000
3420000
3332000
3213000
3094000
2991000
2885000
2776000
2667000
2551000
2449000
2343000
2250000
2292000
2262000
2187000
2129000
2088000
2022000
1943000
1893000
1848000
1837000
1899000
1891000
2793000
3019000
2968000
2676000
2662000
2546000
2604000
2655000
2694000
2642000
2620000
2546000
2484000
2379000
2332000
2295000
2259000
2213000
2175000
2130000
2077000
1990000
1940000
1891000
1845000
1801000
1736000
1684000
1870000
1911000
1879000
1786000
1811000
1784000
1788000
1764000
1753000
1718000
1676000
1634000
1606000
1570000
1539000
1511000
1484000
1455000
1779000
2029000
2054000
1932000
2067000
2076000
2026000
1951000
1956000
1936000
1891000
1843000
1818000
1779000
1728000
1690000
1666000
1634000
1607000
1583000
1558000
1514000
1478000
1450000
1421000
1386000
1742000
2182000
2263000
2138000
2036000
1993000
1931000
1903000
1913000
1926000
1890000
1829000
1784000
1738000
1690000
1659000
1665000
1653000
1680000
1668000
1643000
1669000
1653000
1621000
1574000
1553000
1513000
1474000
1556000
1565000
1538000
1477000
1453000
1419000
1390000
1368000
1354000
1336000
1308000
1280000
1259000
1232000
1206000
1185000
1166000
1146000
1127000
1107000
1087000
1362000
1443000
1433000
1349000
1348000
1311000
1291000
1282000
1292000
1332000
1316000
1290000
1444000
1474000
1450000
1390000
1390000
1391000
1383000
1372000
1411000
1403000
1371000
1334000
1319000
1294000
1267000
1249000
1237000
1220000
1198000
1179000
1160000
1304000
1401000
1406000
1456000
1467000
1438000
1403000
1398000
1388000
1378000
1358000
1340000
1324000
1294000
1269000
1278000
1269000
1255000
1236000
1225000
1282000
1287000
1285000
1258000
1244000
1281000
1555000
1626000
1602000
1523000
1557000
1596000
1598000
1581000
1576000
1565000
1528000
1498000
1482000
1459000
1437000
1412000
1394000
1373000
1404000
1644000
1967000
2010000
1932000
1853000
1825000
1776000
1748000
1749000
1752000
1722000
1673000
1631000
1886000
4849000
5671000
5457000
4585000
4531000
4173000
3989000
3944000
4069000
4045000
3786000
3560000
3429000
3213000
3093000
3031000
3001000
2942000
2890000
2836000
2730000
2526000
2430000
2357000
2289000
2211000
2073000
1992000
1917000
1849000
1787000
1729000
1674000
1624000
1576000
1531000
1493000
1455000
1417000
1381000
1347000
1315000
1289000
1262000
1246000
1223000
1198000
1172000
1149000
1127000
1105000
1085000
1067000
1048000
1029000
1011000
993500
976300
960200
944700
929800
915300
901100
887200
873800
860300
847600
835200
833000
845900
963000
989800
977400
940600
936900
920700
1061000
1181000
1215000
1182000
1582000
1701000
1691000
1653000
2027000
2944000
3176000
3078000
3127000
3181000
3044000
2906000
3518000
3694000
3632000
3368000
3308000
3179000
3048000
2978000
2968000
2989000
3402000
3472000
3852000
4942000
7705000
8712000
10430000
10040000
9374000
8077000
7579000
7096000
6903000
6661000
6385000
6028000
5570000
5126000
4872000
6256000
6615000
6439000
5890000
5742000
5353000
4995000
4756000
4741000
4632000
4348000
4756000
4837000
5008000
4760000
4609000
4305000
4154000
3986000
3901000
3794000
3593000
3842000
4100000
4056000
3829000
4487000
4878000
4789000
4417000
4278000
4117000
3906000
3750000
3817000
3771000
3601000
3379000
3263000
3105000
3743000
3897000
3826000
3531000
3444000
3288000
3171000
3165000
3150000
3084000
2935000
2823000
3343000
3547000
3489000
3247000
3167000
3038000
2933000
3129000
3271000
3220000
3044000
2921000
2840000
2733000
2635000
2581000
2535000
2461000
2386000
3278000
3497000
3385000
3060000
3026000
2886000
2818000
2763000
3218000
3306000
3184000
2957000
2897000
2754000
2659000
2672000
3366000
5331000
5770000
5448000
4845000
4636000
4400000
5384000
6469000
6691000
6208000
5703000
5333000
4982000
4717000
4634000
4592000
4444000
4217000
4049000
3868000
3860000
3733000
3627000
3479000
3525000
3450000
3292000
3091000
2958000
2843000
2731000
2628000
2520000
2407000
2311000
2493000
2498000
2416000
2697000
2800000
2775000
2615000
3888000
4631000
4658000
4194000
4055000
3879000
3683000
3901000
4051000
4025000
3786000
3614000
3475000
3316000
3189000
3133000
3190000
3126000
3041000
2998000
2923000
2771000
2658000
2794000
3622000
5048000
7404000
8241000
7889000
7084000
6950000
6572000
6242000
6141000
6276000
6576000
6304000
5876000
6139000
6033000
5714000
5397000
5686000
5665000
5472000
5150000
5007000
4999000
4809000
4591000
4371000
4159000
3897000
3704000
3562000
3418000
3258000
3121000
3456000
3928000
4065000
4092000
5394000
5863000
5650000
5100000
4940000
4697000
4464000
4709000
6039000
6513000
6190000
6521000
6534000
6218000
5710000
5579000
5421000
5232000
4973000
4804000
4614000
4286000
4038000
3875000
3713000
3573000
3426000
3315000
3173000
3004000
2880000
2766000
2625000
2509000
2382000
2282000
2192000
2087000
2005000
1929000
1859000
1796000
2020000
2061000
2016000
2230000
2426000
2401000
2269000
2214000
2176000
2128000
2079000
2057000
2037000
1976000
1915000
2370000
2483000
2440000
2282000
2273000
2201000
2143000
2115000
2116000
2079000
2009000
1979000
1949000
1891000
1830000
1791000
1757000
1721000
1688000
1659000
1623000
1565000
1526000
1492000
1459000
1484000
1470000
1440000
1394000
1364000
1333000
1303000
1277000
1257000
1235000
1209000
1184000
1160000
1137000
1115000
1095000
1083000
1307000
1371000
1360000
1290000
1284000
1253000
1235000
1226000
1787000
3195000
3560000
3385000
3058000
3010000
2856000
2793000
2821000
3048000
3764000
4253000
4285000
5195000
5905000
5896000
5414000
5168000
4996000
5598000
5666000
5513000
5137000
4909000
4581000
4372000
4299000
7154000
7913000
7587000
6507000
6280000
5739000
6291000
6352000
6331000
5940000
5578000
5159000
4870000
4515000
4543000
4477000
4324000
4102000
4218000
4837000
5377000
5185000
5440000
5329000
5096000
4705000
4496000
4298000
4159000
3987000
3837000
3683000
3470000
3292000
3173000
3048000
2952000
2879000
2809000
2713000
2590000
2484000
2478000
2398000
2691000
2693000
2606000
2427000
2356000
2259000
2253000
2317000
2616000
2648000
2591000
2456000
2405000
2306000
2407000
2421000
2647000
2648000
2596000
2463000
2411000
2317000
2270000
2234000
2203000
2161000
2097000
2033000
1978000
1910000
1919000
1897000
1860000
1807000
1763000
1713000
1668000
1620000
1585000
1686000
2210000
2420000
2377000
2219000
2175000
2103000
2054000
2039000
2054000
2038000
1976000
1914000
1945000
1939000
1910000
1866000
1841000
1810000
1781000
1754000
1721000
2643000
3828000
4069000
3763000
3491000
3363000
3192000
3116000
3710000
3955000
3869000
3556000
3880000
3859000
3711000
3514000
3506000
3427000
3316000
3230000
3181000
3045000
2888000
2785000
2714000
2624000
2526000
2434000
2359000
2262000
2189000
2125000
2058000
1996000
1926000
1866000
1805000
1753000
2547000
2772000
2727000
2470000
2537000
2453000
2389000
2340000
2366000
2344000
2257000
2179000
2162000
2095000
2037000
2002000
2020000
1996000
1962000
1924000
1886000
1809000
1763000
1726000
1906000
1942000
1892000
1869000
1933000
2081000
2094000
2050000
1985000
1954000
1898000
1858000
1834000
1805000
1770000
1728000
1688000
1771000
1774000
1748000
1693000
1996000
2274000
2555000
2529000
2470000
2355000
2299000
2241000
2227000
2214000
2181000
2127000
2068000
2005000
1953000
1905000
1870000
1835000
1805000
1775000
2132000
2878000
3040000
2891000
2692000
2643000
2529000
2467000
2455000
2471000
2425000
2328000
2250000
2182000
2104000
2052000
2036000
2014000
1980000
1943000
1907000
2006000
2702000
2886000
2808000
2593000
2552000
2429000
2364000
2338000
2351000
2320000
2232000
2154000
2098000
2022000
1970000
1933000
1905000
1869000
1837000
1803000
1754000
1858000
1875000
1843000
1768000
1736000
1671000
1629000
1595000
1574000
1546000
1505000
1467000
1435000
1549000
1563000
1539000
1479000
1462000
1427000
1402000
1381000
1363000
1344000
1314000
1286000
1264000
1232000
1208000
1188000
1169000
1150000
1131000
1114000
1094000
1155000
1168000
1155000
1121000
1110000
1086000
1130000
1182000
1343000
1598000
1957000
3409000
3776000
3654000
3247000
3228000
3077000
3016000
3013000
3066000
3032000
2886000
2760000
2683000
2573000
2510000
2472000
2446000
2405000
2360000
2308000
2233000
2116000
2052000
1995000
1938000
1877000
1791000
1732000
1677000
1626000
1579000
1534000
1492000
1969000
2205000
2203000
2041000
2002000
1936000
1886000
2931000
3273000
3292000
2967000
2931000
2782000
2687000
2644000
2680000
2676000
2582000
2494000
2540000
2682000
2664000
2587000
2506000
2463000
2403000
2347000
2297000
2217000
2161000
2101000
2044000
1988000
1903000
1847000
1798000
2019000
2988000
3382000
3328000
3049000
3080000
3145000
3103000
3038000
3019000
2978000
3245000
5133000
5896000
5730000
5098000
4894000
4598000
4394000
4317000
4431000
4436000
4211000
3970000
3798000
3592000
3431000
3307000
3238000
3161000
3083000
3002000
3255000
3201000
3087000
2905000
2835000
2714000
2579000
2490000
2436000
3057000
3177000
3083000
2832000
2770000
2642000
2559000
2513000
2545000
2522000
2433000
2335000
2260000
2171000
2109000
2465000
2554000
2498000
2349000
2318000
2402000
2377000
2457000
2444000
2674000
2650000
2571000
2448000
2400000
2332000
2314000
2407000
2435000
2384000
2294000
2226000
2152000
2091000
2050000
2021000
2124000
2172000
2141000
2057000
1994000
1931000
2071000
2095000
2067000
2011000
1978000
1913000
1856000
1814000
1787000
1757000
1745000
1713000
1680000
1632000
1626000
1657000
1643000
1607000
1924000
2015000
1980000
1855000
1844000
1794000
1758000
2061000
2158000
2304000
2245000
2275000
2315000
3270000
3783000
3830000
3559000
3456000
3338000
3297000
3246000
3232000
3185000
3076000
2948000
2861000
2750000
2666000
2593000
2540000
2479000
2425000
2427000
2367000
2260000
2162000
2102000
2039000
1978000
1899000
1836000
1780000
1825000
1806000
1760000
1688000
1650000
1603000
1564000
1634000
1881000
1934000
1887000
1803000
1776000
1723000
1735000
1794000
1968000
1988000
1937000
1862000
1830000
2028000
2076000
2059000
2097000
2113000
2052000
1979000
1948000
1910000
1882000
1860000
1837000
1807000
1751000
1710000
1672000
1631000
1599000
1571000
1567000
1540000
1494000
1456000
1559000
1784000
2031000
2292000
2300000
2221000
2114000
2077000
2037000
2026000
2018000
2e+06
1959000
2154000
2178000
2133000
2027000
2006000
1962000
1932000
1909000
1894000
1860000
1807000
1751000
1715000
1666000
1624000
1816000
1858000
1832000
1748000
1728000
1679000
1633000
1605000
1594000
1573000
1534000
1491000
1829000
1912000
1887000
1774000
1782000
1736000
1706000
1983000
2422000
2640000
2572000
2462000
2608000
2710000
2692000
2631000
2619000
2574000
2497000
2437000
2390000
2328000
2266000
2212000
2169000
2121000
2067000
2024000
1970000
1911000
2068000
2098000
2060000
1954000
1906000
1843000
1795000
1757000
1729000
1693000
1645000
1599000
1561000
1518000
1482000
1712000
2126000
2217000
2128000
2369000
2513000
2481000
2616000
3213000
6575000
7410000
7020000
5935000
5741000
5226000
5012000
5297000
5482000
5357000
4922000
4620000
4384000
4086000
3937000
3873000
3812000
3693000
3585000
3481000
3310000
3043000
2910000
2906000
3229000
3346000
3224000
3032000
3175000
4645000
6101000
6240000
5714000
6317000
7190000
7062000
7827000
8424000
8311000
7462000
6892000
6519000
6190000
5859000
5644000
5484000
7886000
8373000
8040000
6977000
6649000
6100000
5798000
5621000
5565000
5366000
4976000
4647000
4676000
6003000
6272000
6013000
5409000
5208000
4889000
4681000
4529000
4371000
4226000
3983000
3765000
3601000
3461000
3352000
3627000
3724000
3768000
3596000
3480000
3604000
3685000
5119000
6575000
7731000
7375000
7417000
8976000
9146000
9989000
