1440000
1401000
1359000
1319000
1282000
1246000
1213000
1181000
1151000
1123000
1095000
1070000
1045000
1021000
998800
977300
956600
1568000
1714000
1667000
1607000
1579000
1927000
1904000
2125000
5079000
4953000
4445000
4033000
3693000
3928000
3734000
3449000
3577000
3434000
3563000
7240000
10480000
8863000
7295000
6217000
5829000
5190000
4633000
5681000
5229000
5250000
4765000
4294000
3909000
3589000
3319000
3087000
3e+06
2826000
2657000
2507000
2374000
2254000
2146000
2047000
1958000
2159000
2100000
2006000
1920000
1841000
1769000
1702000
1640000
1618000
1914000
2343000
2480000
2376000
2256000
2148000
2049000
1960000
1878000
1802000
1831000
1774000
1706000
1644000
1586000
1532000
1482000
1593000
1561000
1509000
1460000
1414000
1371000
1331000
1293000
1257000
1223000
1191000
1160000
1131000
1103000
1077000
1052000
1028000
1005000
983600
962800
942700
923500
905100
887400
870400
854000
838200
1631000
1688000
1627000
1570000
1517000
1467000
1421000
1378000
1461000
1772000
1753000
1687000
1626000
1569000
1516000
1467000
1421000
1377000
1337000
1298000
1262000
1228000
1195000
1164000
1135000
1107000
1081000
1056000
1032000
1009000
986800
965700
945600
926300
907700
889900
872800
1432000
1469000
1680000
1656000
1597000
1542000
1491000
1444000
1399000
1357000
1317000
1280000
1245000
1211000
1180000
1524000
1527000
1477000
1430000
1386000
1345000
1306000
1269000
1235000
1202000
1171000
1141000
1113000
1086000
1061000
1037000
1014000
991400
970100
949800
930300
911600
893700
876400
859800
843800
828400
813600
799200
785400
772100
759200
746700
741700
730800
719200
708000
697200
686600
676400
666500
656900
647500
638400
629600
621000
612700
604500
596600
588900
581400
574000
6e+05
596900
589200
581600
574300
567100
560200
553400
546700
540200
533900
527700
521700
515800
510000
916000
956100
936400
917400
899200
881800
876200
861200
845200
829700
814800
800500
786600
773200
760300
747800
735700
723900
712600
701600
690900
680600
670600
660800
651300
642200
633200
624500
616100
607800
599800
592000
584400
577000
569800
562800
938700
1605000
1638000
3592000
3938000
3662000
3380000
3140000
2932000
2750000
2590000
2447000
2320000
2205000
2102000
2007000
1921000
1842000
1770000
1703000
1641000
1583000
1529000
1479000
1432000
1388000
1346000
1307000
1271000
1236000
1478000
1988000
1977000
1894000
1817000
1746000
1681000
1620000
1614000
1611000
1562000
1510000
1461000
1415000
1372000
1331000
1293000
1257000
1223000
1191000
1218000
1365000
1349000
1310000
1273000
1238000
1205000
1174000
1144000
1116000
1089000
1063000
1039000
1016000
2188000
5653000
5453000
4840000
4354000
3959000
3631000
3354000
3117000
2912000
2733000
2574000
2766000
2651000
2502000
2369000
2250000
2385000
2299000
2186000
2084000
1991000
1907000
1829000
1757000
1691000
1670000
1619000
1563000
1511000
1462000
1432000
1391000
2384000
2408000
2284000
2173000
2160000
2073000
1981000
1897000
2189000
2200000
2106000
2011000
1925000
1846000
1773000
1705000
1664000
1694000
1645000
1587000
1533000
1483000
1436000
1391000
1645000
1629000
1572000
1519000
1469000
1423000
1438000
2617000
2641000
2787000
3931000
3785000
3485000
3229000
3009000
2818000
2650000
2501000
2368000
2249000
2141000
2043000
1954000
1872000
1797000
1728000
1664000
1605000
1550000
1498000
1450000
1405000
1362000
1322000
1366000
1337000
1299000
1262000
1228000
3964000
4010000
3673000
4337000
11370000
10150000
8170000
6829000
5880000
5790000
6467000
5796000
5106000
4567000
4133000
3776000
3477000
3223000
3004000
2813000
2646000
4804000
5393000
4901000
6106000
5659000
5011000
4491000
4071000
3725000
4737000
4454000
4041000
3700000
3412000
3167000
2956000
2771000
2608000
2464000
2335000
3275000
3197000
2981000
2793000
2628000
2482000
2351000
2233000
2127000
2030000
1942000
1862000
2031000
1978000
1894000
1818000
1747000
1681000
1621000
1565000
1512000
1463000
1417000
1374000
1333000
1295000
1259000
1225000
1192000
1162000
1133000
1105000
1079000
1054000
1030000
1007000
984900
963900
943900
924600
906100
975300
967100
946900
927600
909000
891100
873900
857400
841500
826200
811400
797200
783500
770200
757300
744900
732900
721300
710000
699100
688500
678200
668300
658600
649200
640100
631200
730200
990900
1006000
984400
963400
943400
924200
905700
888000
870900
854500
838700
823500
808800
794700
781000
767800
755100
742700
730800
719200
708000
697200
686600
676400
666500
656900
647500
638400
629600
621000
612600
604500
596600
588900
581300
574000
566900
559900
553100
546500
540000
533700
527500
521400
515500
509800
504100
498600
493200
487900
482800
477700
472700
467900
463100
458500
453900
449400
445100
440800
436500
432400
428300
424300
420400
416600
412800
409100
405500
401900
398400
394900
391600
388200
577300
620000
614900
606700
598700
590900
583400
576000
568800
561800
554900
548200
541700
535300
529100
523000
517100
622200
668900
664800
655200
661800
654600
645300
636300
627500
619000
610700
602600
594700
587000
579600
572300
565200
558200
551500
544900
538400
532200
526000
520000
514100
508400
505600
559100
560700
553800
547200
540700
534300
528200
522100
516200
510400
504700
499200
493800
488500
483300
541900
544600
538200
531900
525800
519800
513900
508200
502600
497100
491700
486500
727900
1047000
1065000
1040000
1017000
994600
973300
1196000
1200000
1169000
1139000
1111000
1458000
3421000
3475000
3225000
3006000
2815000
2647000
2498000
2553000
5015000
5376000
4856000
4367000
3970000
3640000
3362000
3124000
2918000
2738000
2579000
2437000
2311000
2197000
2400000
2563000
4375000
4242000
3866000
3553000
5341000
5316000
4773000
4300000
3915000
3594000
3322000
3090000
2888000
2712000
2556000
2417000
2293000
2346000
2422000
2818000
3248000
3121000
2918000
2738000
2579000
2438000
3815000
3719000
3429000
4634000
5223000
5756000
6740000
6033000
5287000
5362000
4863000
4373000
3974000
3644000
3365000
3127000
2920000
2740000
3138000
3009000
2818000
2650000
2501000
2368000
2249000
2141000
2043000
1954000
1872000
1797000
1728000
1664000
1605000
1621000
1574000
1521000
1530000
1488000
1441000
1396000
1354000
1315000
1277000
1414000
1411000
3185000
3221000
3002000
2812000
2644000
2496000
2465000
2426000
2312000
2198000
2215000
2128000
2031000
1943000
1862000
1788000
1720000
1656000
1598000
1543000
1492000
1444000
1399000
1357000
1317000
1280000
1245000
1211000
1260000
1238000
1205000
1173000
1144000
1124000
1158000
1142000
1115000
1088000
1063000
1038000
1015000
992800
971500
951100
931600
912800
1036000
1198000
1190000
1160000
1292000
1279000
1244000
1211000
1179000
1149000
1121000
1094000
1068000
1043000
1020000
997200
975700
955200
935500
916600
898400
881000
864200
848000
832500
817500
960100
1327000
1341000
1302000
1266000
1231000
1199000
1168000
1138000
1111000
1084000
1059000
1034000
1011000
989200
968100
947800
928400
909800
891900
874700
858200
842300
826900
812100
797900
784100
770800
757900
745500
733500
721800
710500
699600
689000
678700
668700
659000
649600
640500
631600
622900
614500
606300
598400
590600
583000
575700
568500
561500
554600
548000
541400
535100
528900
522800
516900
511100
505400
499800
494400
516800
515000
509200
503600
498100
492700
487400
482300
477200
472300
467400
462700
458000
453500
449000
444600
440300
436100
432000
427900
424000
420000
416200
412500
452800
454600
450100
445700
441400
437200
433000
428900
424900
421000
417200
413400
409700
406000
402400
398900
395500
392100
388700
385400
382200
379000
375900
519700
534700
528500
522500
516500
531900
528800
522700
516800
511000
505400
499800
494400
489100
483900
478800
473800
468900
464200
490600
661800
676800
666800
657200
647800
638700
629900
621300
612900
604800
596900
589100
615600
3407000
3540000
3277000
3050000
2854000
2681000
2529000
2393000
2271000
2161000
2062000
1971000
1888000
1812000
1741000
1676000
1616000
1560000
1508000
1459000
1413000
1370000
1330000
1292000
1256000
1222000
1190000
1159000
1130000
1103000
1077000
1052000
1028000
1005000
983200
962300
942300
923100
904700
887000
870000
853600
837900
822700
808100
793900
780300
767100
754400
742100
730100
718600
707400
696600
686100
675900
666000
656300
647000
637900
629100
620500
612200
604100
596200
588400
580900
573600
566500
559500
552700
546100
539600
533300
527100
521100
699700
790500
787700
774200
1335000
1378000
1337000
1402000
1859000
3498000
3487000
3234000
3531000
3342000
3107000
2903000
4001000
3846000
3536000
3273000
3047000
2851000
2679000
2527000
2391000
2358000
3246000
3163000
3969000
7062000
16220000
15190000
20500000
14370000
10420000
8280000
6904000
5935000
5212000
4651000
4201000
3833000
3525000
3264000
3039000
6252000
5914000
5196000
4638000
4191000
3824000
3518000
3258000
3275000
3084000
2883000
4306000
4255000
5008000
4647000
4198000
3830000
3523000
3262000
3038000
2843000
2671000
3153000
3628000
3517000
3268000
5113000
5475000
4946000
4439000
4029000
3689000
3404000
3160000
3067000
2885000
2709000
2554000
2415000
2291000
3551000
3477000
3223000
3004000
2813000
2645000
2497000
2364000
2246000
2138000
2041000
1952000
2868000
3074000
2909000
2730000
2572000
2432000
2306000
2441000
2494000
2383000
2262000
2153000
2054000
1964000
1881000
1806000
1736000
1671000
1612000
2780000
2787000
2623000
2477000
2346000
2229000
2123000
2027000
2505000
2452000
2324000
2209000
2105000
2010000
1924000
1845000
2605000
6395000
6072000
5316000
4733000
4268000
3888000
6055000
7738000
6829000
5881000
5171000
4618000
4175000
3811000
3506000
3248000
3025000
2832000
2662000
2512000
2378000
2257000
2149000
2050000
1961000
1878000
1803000
1733000
1669000
1609000
1554000
1502000
1454000
1408000
1365000
1325000
1288000
1252000
1485000
1499000
1513000
1473000
3264000
3984000
3751000
3456000
3204000
2988000
2799000
2645000
2551000
2421000
2296000
2184000
2082000
1990000
1905000
1827000
1756000
1690000
1629000
1572000
1519000
1469000
1423000
1458000
2631000
6418000
10560000
10790000
8956000
7616000
7409000
6436000
5590000
4947000
6256000
5451000
4800000
14840000
5518000
3691000
3405000
7607000
3754000
2999000
2818000
4867000
9760000
3360000
2248000
2141000
2043000
1954000
1872000
1797000
1728000
1664000
1605000
1550000
1541000
2021000
2167000
2421000
4839000
5132000
4650000
4201000
3832000
3525000
3263000
3674000
6245000
6410000
5657000
7421000
6649000
5866000
5177000
4623000
4179000
3814000
3509000
3250000
3028000
2834000
2664000
2513000
2379000
2259000
2150000
2051000
1962000
1879000
1804000
1734000
1670000
1610000
1554000
1502000
1454000
1409000
1366000
1326000
1288000
1252000
1219000
1187000
1156000
1244000
1382000
1363000
1323000
1286000
1250000
1216000
1185000
1154000
1126000
1098000
1072000
1306000
1306000
1270000
1235000
1202000
1171000
1141000
1113000
1087000
1061000
1037000
1014000
991400
970200
949900
930400
911700
893700
876400
859800
843800
828400
813600
799300
785500
772100
759200
746700
734700
723000
711600
700700
690000
679700
669700
660000
650600
641400
632500
623800
615400
607200
736400
744200
732200
720600
709400
698500
687900
677600
1320000
3467000
3501000
3243000
3021000
2828000
2659000
2509000
2375000
2494000
3774000
4621000
4476000
7259000
8423000
7263000
6195000
5409000
4806000
6162000
5644000
4988000
4473000
4056000
3712000
3423000
3344000
11970000
10310000
8216000
6860000
5903000
5188000
6840000
6199000
5413000
4808000
4329000
3938000
3613000
3339000
3431000
3230000
3010000
2819000
3087000
4613000
5651000
5172000
6099000
5547000
4913000
4413000
4007000
3671000
3388000
3147000
2938000
2755000
2594000
2451000
2324000
2209000
2105000
2010000
1924000
1845000
1772000
1705000
1642000
1585000
2057000
2041000
1952000
1871000
1796000
1727000
1685000
1780000
2292000
2260000
2228000
2133000
2036000
1947000
2118000
2058000
2455000
2396000
2274000
2164000
2064000
1973000
1890000
1813000
1743000
1678000
1618000
1561000
1509000
1460000
1414000
1371000
1331000
1293000
1257000
1223000
1191000
1160000
1131000
1171000
2026000
2218000
2135000
2038000
1949000
1868000
1794000
1725000
1661000
1602000
1547000
1495000
1447000
1402000
1360000
1320000
1283000
1247000
1214000
1182000
1152000
2270000
4040000
3938000
3613000
3339000
3104000
2901000
2723000
3059000
2991000
2810000
2643000
3241000
3151000
2945000
2762000
2600000
2457000
2328000
2213000
2109000
2014000
1927000
1848000
1775000
1707000
1645000
1587000
1533000
1482000
1435000
1391000
1349000
1310000
1273000
1238000
1205000
1174000
1761000
1782000
1714000
1651000
1631000
1580000
1526000
1476000
1429000
1385000
1344000
1305000
1269000
1234000
1201000
1170000
1141000
1113000
1086000
1060000
1036000
1013000
990800
969600
949300
929900
911200
893200
906200
1050000
1066000
1044000
1021000
998300
976800
956200
936400
917500
899300
881800
865000
848800
833300
818200
803700
887000
1069000
1340000
1339000
1301000
1264000
1230000
1197000
1166000
1137000
1109000
1083000
1057000
1033000
1010000
988200
967100
946900
927500
908900
920900
1576000
1617000
1561000
1509000
1460000
1414000
1371000
1331000
1292000
1257000
1223000
1190000
1160000
1131000
1103000
1077000
1052000
1028000
1005000
983500
962600
1483000
1512000
1463000
1417000
1374000
1333000
1295000
1259000
1225000
1193000
1162000
1133000
1105000
1079000
1054000
1030000
1007000
985000
964000
944000
924700
906200
888500
871400
855000
839200
824000
809300
795100
781400
768200
755400
743100
731100
719500
708300
697500
686900
676700
666800
657200
647800
638700
629900
621300
612900
604700
596800
589100
581600
574200
567100
560100
553300
546700
540200
533800
527700
521600
515700
509900
504300
517500
637500
896900
1226000
3269000
3323000
3090000
2888000
2712000
2556000
2417000
2293000
2181000
2080000
1987000
1903000
1825000
1754000
1688000
1627000
1570000
1517000
1468000
1422000
1378000
1337000
1299000
1263000
1228000
1196000
1165000
1136000
1108000
1081000
1056000
1032000
1009000
1272000
1411000
1388000
1346000
1307000
1270000
1236000
2819000
2875000
2765000
2613000
2468000
2338000
2222000
2117000
2021000
1934000
1854000
1780000
1757000
2055000
2016000
1929000
1850000
1777000
1709000
1646000
1588000
1534000
1484000
1436000
1392000
1350000
1311000
1274000
1239000
1624000
3458000
3790000
3577000
3314000
3322000
3471000
3267000
3042000
2847000
2675000
3360000
8650000
8908000
7482000
6350000
5526000
4897000
4400000
3996000
3696000
3532000
3329000
3101000
2898000
2720000
2564000
2424000
2299000
2187000
2085000
1992000
2581000
2535000
2399000
2276000
2166000
2066000
1975000
1891000
1815000
2945000
2929000
2748000
2588000
2446000
2318000
2204000
2100000
2006000
1920000
1841000
1769000
1702000
1640000
1582000
2082000
2068000
1977000
1893000
1816000
1987000
1962000
2110000
2061000
2501000
2443000
2316000
2202000
2099000
2005000
1940000
2084000
2067000
1982000
1898000
1821000
1750000
1685000
1624000
1567000
1617000
1673000
1627000
1570000
1517000
1468000
1649000
1623000
1566000
1525000
1477000
1430000
1386000
1345000
1306000
1269000
1235000
1202000
1171000
1141000
1113000
1150000
1131000
1104000
1583000
1600000
1545000
1494000
1446000
1401000
1359000
1618000
1604000
1800000
1801000
1830000
1978000
3922000
4550000
4216000
3845000
3535000
3273000
3047000
2851000
2679000
2526000
2391000
2269000
2160000
2060000
1970000
1887000
1810000
1740000
1675000
1615000
1559000
1507000
1458000
1413000
1370000
1329000
1291000
1255000
1222000
1189000
1159000
1130000
1102000
1076000
1051000
1027000
1005000
994900
975200
954700
935000
916100
898000
880500
863800
991200
990500
969300
949000
929500
1034000
1029000
1006000
1011000
992400
971200
950800
931300
912500
894500
877200
860600
844600
829200
814300
799900
786100
772700
759800
747300
735200
723500
712200
701200
816200
996100
1269000
1272000
1237000
1204000
1173000
1144000
1115000
1089000
1063000
1039000
1015000
993000
971700
951400
931800
913000
895000
877700
861100
845000
829600
814700
800300
786500
773100
760200
747600
735500
723800
712500
701500
690800
680500
670500
660700
651300
642100
695500
693900
683400
673300
663500
654000
644700
741200
1020000
1167000
1157000
1128000
1231000
1315000
1292000
1256000
1222000
1190000
1159000
1131000
1103000
1077000
1052000
1028000
1005000
983200
962300
942300
923200
904700
887100
870000
853700
837900
822700
808100
794000
780300
767100
754400
742100
730200
718600
707400
696600
686100
912700
932600
914400
1233000
1325000
1310000
1571000
12360000
8232000
6529000
5671000
5009000
4489000
4070000
3724000
3796000
3546000
3282000
3055000
2858000
2685000
2532000
2396000
2274000
2163000
2064000
1973000
1890000
1813000
1743000
1678000
1617000
1883000
1998000
1995000
1919000
2266000
5210000
7981000
7119000
6116000
8232000
9837000
8299000
11050000
11100000
8977000
7370000
6271000
5466000
4850000
4362000
3966000
3638000
10250000
9078000
7436000
6318000
5502000
4878000
4385000
3984000
3652000
3372000
3133000
2925000
3153000
6853000
6509000
5658000
5e+06
4482000
4064000
3718000
3428000
3181000
2968000
2781000
2617000
2472000
2461000
2350000
2958000
3049000
3092000
2921000
2740000
3168000
3377000
7223000
10580000
12380000
9934000
10040000
15860000
12330000
