842900
838800
834400
830100
825700
821500
817200
813000
808900
804800
800700
796700
792700
788800
784900
781000
777200
908200
935500
931900
926500
926200
986400
987100
1026000
1327000
1348000
1337000
1326000
1315000
1361000
1362000
1351000
1385000
1386000
1421000
1768000
2039000
2040000
2014000
1989000
2007000
1986000
1962000
2121000
2113000
2160000
2139000
2110000
2083000
2055000
2029000
2003000
2005000
1983000
1958000
1934000
1911000
1888000
1866000
1844000
1823000
1884000
1871000
1849000
1827000
1807000
1786000
1766000
1747000
1747000
1835000
1946000
1982000
1962000
1938000
1915000
1892000
1869000
1848000
1826000
1842000
1824000
1804000
1783000
1763000
1744000
1725000
1763000
1749000
1730000
1711000
1693000
1675000
1657000
1640000
1623000
1607000
1591000
1575000
1559000
1544000
1529000
1515000
1500000
1486000
1472000
1459000
1445000
1432000
1419000
1407000
1394000
1382000
1370000
1723000
1742000
1723000
1705000
1687000
1669000
1651000
1634000
1680000
1777000
1769000
1749000
1730000
1711000
1693000
1675000
1657000
1640000
1623000
1607000
1591000
1575000
1559000
1544000
1529000
1514000
1500000
1486000
1472000
1459000
1445000
1432000
1419000
1407000
1394000
1382000
1389000
1630000
1639000
1705000
1696000
1678000
1660000
1643000
1626000
1609000
1593000
1577000
1562000
1546000
1531000
1517000
1664000
1663000
1646000
1629000
1612000
1596000
1580000
1565000
1549000
1534000
1520000
1505000
1491000
1477000
1463000
1450000
1437000
1424000
1411000
1399000
1386000
1374000
1362000
1351000
1339000
1328000
1317000
1306000
1296000
1285000
1275000
1265000
1255000
1292000
1287000
1277000
1266000
1256000
1246000
1237000
1227000
1218000
1208000
1199000
1190000
1181000
1173000
1164000
1155000
1147000
1139000
1139000
1184000
1180000
1172000
1163000
1154000
1146000
1138000
1130000
1122000
1114000
1106000
1098000
1091000
1083000
1094000
1310000
1323000
1312000
1301000
1290000
1280000
1291000
1283000
1273000
1262000
1252000
1243000
1233000
1223000
1214000
1205000
1196000
1187000
1178000
1169000
1161000
1152000
1144000
1136000
1128000
1120000
1112000
1104000
1096000
1089000
1081000
1074000
1067000
1060000
1053000
1049000
1261000
1474000
1482000
1861000
1933000
1915000
1892000
1870000
1848000
1826000
1805000
1785000
1765000
1746000
1727000
1708000
1690000
1672000
1654000
1637000
1620000
1604000
1588000
1572000
1557000
1541000
1527000
1512000
1498000
1484000
1619000
1769000
1765000
1746000
1727000
1708000
1690000
1672000
1675000
1674000
1658000
1640000
1624000
1607000
1591000
1575000
1560000
1544000
1529000
1515000
1529000
1579000
1570000
1554000
1539000
1524000
1510000
1495000
1481000
1468000
1454000
1441000
1428000
1415000
1765000
2327000
2350000
2316000
2282000
2250000
2218000
2187000
2157000
2128000
2100000
2072000
2128000
2108000
2080000
2053000
2027000
2067000
2047000
2021000
1995000
1970000
1946000
1922000
1899000
1877000
1869000
1850000
1829000
1808000
1787000
1774000
1754000
2048000
2055000
2028000
2003000
2003000
1980000
1956000
1932000
2016000
2019000
1995000
1970000
1946000
1922000
1899000
1877000
1861000
1870000
1851000
1830000
1809000
1788000
1768000
1749000
1835000
1826000
1805000
1784000
1764000
1745000
1749000
2076000
2086000
2128000
2362000
2355000
2320000
2286000
2254000
2222000
2191000
2161000
2132000
2103000
2076000
2049000
2023000
1997000
1972000
1948000
1924000
1901000
1878000
1856000
1835000
1814000
1793000
1773000
1814000
1799000
1779000
1759000
1740000
2428000
2465000
2427000
2572000
3428000
3485000
3413000
3340000
3271000
3320000
3485000
3433000
3360000
3289000
3222000
3157000
3095000
3036000
2978000
2923000
2870000
3448000
3598000
3534000
3808000
3770000
3683000
3599000
3518000
3441000
3717000
3668000
3584000
3504000
3428000
3355000
3285000
3217000
3153000
3091000
3032000
3395000
3367000
3297000
3229000
3164000
3102000
3042000
2984000
2928000
2875000
2823000
2774000
2869000
2833000
2783000
2734000
2688000
2643000
2599000
2557000
2516000
2477000
2438000
2401000
2365000
2330000
2296000
2263000
2231000
2200000
2170000
2141000
2112000
2084000
2057000
2030000
2005000
1980000
1955000
1931000
1908000
2057000
2049000
2023000
1997000
1972000
1948000
1924000
1901000
1878000
1856000
1835000
1814000
1793000
1773000
1753000
1734000
1715000
1697000
1679000
1661000
1644000
1627000
1610000
1594000
1578000
1563000
1547000
1673000
1824000
1819000
1799000
1778000
1759000
1739000
1720000
1702000
1684000
1666000
1649000
1632000
1615000
1599000
1583000
1567000
1552000
1536000
1522000
1507000
1493000
1479000
1465000
1452000
1439000
1426000
1413000
1400000
1388000
1376000
1364000
1353000
1341000
1330000
1319000
1308000
1297000
1287000
1276000
1266000
1256000
1246000
1236000
1227000
1217000
1208000
1199000
1190000
1181000
1172000
1164000
1155000
1147000
1139000
1130000
1122000
1115000
1107000
1099000
1091000
1084000
1077000
1069000
1062000
1055000
1048000
1041000
1034000
1028000
1021000
1015000
1008000
1002000
995400
1179000
1204000
1196000
1187000
1178000
1169000
1161000
1152000
1144000
1136000
1128000
1120000
1112000
1104000
1096000
1089000
1082000
1171000
1194000
1187000
1178000
1179000
1172000
1163000
1155000
1146000
1138000
1130000
1122000
1114000
1106000
1099000
1091000
1084000
1076000
1069000
1062000
1055000
1054000
1047000
1041000
1034000
1027000
1036000
1066000
1062000
1055000
1048000
1041000
1034000
1028000
1021000
1014000
1008000
1002000
995300
989100
983000
976900
1016000
1014000
1008000
1002000
995300
989100
982900
976900
970900
965000
959100
953400
1076000
1192000
1195000
1186000
1177000
1169000
1160000
1233000
1232000
1222000
1213000
1204000
1304000
1667000
1692000
1675000
1657000
1640000
1623000
1607000
1628000
1991000
2069000
2049000
2023000
1997000
1972000
1948000
1924000
1901000
1878000
1856000
1835000
1814000
1793000
1851000
1893000
2220000
2226000
2195000
2165000
2462000
2499000
2464000
2426000
2390000
2354000
2320000
2286000
2253000
2222000
2191000
2161000
2132000
2154000
2177000
2280000
2383000
2365000
2330000
2296000
2263000
2231000
2549000
2545000
2505000
2755000
2883000
3009000
3206000
3167000
3104000
3166000
3116000
3055000
2997000
2941000
2887000
2835000
2785000
2737000
2856000
2823000
2773000
2725000
2679000
2634000
2590000
2549000
2508000
2469000
2431000
2394000
2358000
2323000
2290000
2297000
2268000
2236000
2231000
2203000
2172000
2143000
2114000
2086000
2059000
2116000
2104000
2649000
2666000
2621000
2578000
2537000
2497000
2494000
2483000
2447000
2409000
2414000
2382000
2346000
2312000
2279000
2246000
2215000
2184000
2154000
2125000
2097000
2069000
2043000
2017000
1991000
1966000
1942000
1919000
1966000
1949000
1925000
1902000
1885000
1867000
1875000
1859000
1838000
1816000
1796000
1776000
1756000
1737000
1718000
1699000
1681000
1664000
1755000
1825000
1812000
1792000
1845000
1832000
1811000
1790000
1770000
1751000
1731000
1713000
1694000
1676000
1659000
1641000
1625000
1608000
1592000
1576000
1560000
1545000
1530000
1516000
1501000
1487000
1610000
1768000
1765000
1746000
1726000
1708000
1690000
1672000
1654000
1637000
1620000
1604000
1588000
1572000
1557000
1541000
1526000
1512000
1498000
1484000
1470000
1456000
1443000
1430000
1417000
1404000
1392000
1380000
1368000
1356000
1345000
1333000
1322000
1311000
1301000
1290000
1280000
1269000
1259000
1249000
1239000
1230000
1220000
1211000
1202000
1193000
1184000
1175000
1166000
1208000
1204000
1195000
1186000
1177000
1169000
1160000
1152000
1143000
1135000
1127000
1119000
1160000
1157000
1149000
1141000
1132000
1124000
1116000
1109000
1101000
1093000
1086000
1078000
1071000
1064000
1057000
1050000
1043000
1036000
1029000
1023000
1016000
1015000
1033000
1029000
1063000
1061000
1053000
1047000
1040000
1033000
1026000
1020000
1013000
1007000
1e+06
994000
987800
981700
975600
969700
963800
957900
952200
946500
940900
935300
935700
1040000
1045000
1038000
1031000
1025000
1034000
1029000
1023000
1016000
1010000
1003000
996900
990700
984600
978500
972500
966500
960700
954900
991800
1082000
1084000
1077000
1069000
1062000
1055000
1048000
1041000
1034000
1028000
1021000
1015000
1043000
1694000
1745000
1726000
1708000
1689000
1672000
1654000
1637000
1620000
1604000
1588000
1572000
1556000
1541000
1526000
1512000
1497000
1483000
1470000
1456000
1443000
1430000
1417000
1404000
1392000
1380000
1368000
1356000
1345000
1333000
1322000
1311000
1301000
1290000
1280000
1269000
1259000
1249000
1239000
1230000
1220000
1211000
1202000
1193000
1184000
1175000
1166000
1158000
1149000
1141000
1133000
1125000
1117000
1109000
1101000
1094000
1086000
1079000
1072000
1064000
1057000
1050000
1043000
1037000
1030000
1023000
1017000
1010000
1004000
997400
1027000
1024000
1018000
1011000
1005000
998500
1088000
1124000
1120000
1112000
1300000
1310000
1299000
1319000
1433000
1724000
1739000
1720000
1784000
1772000
1753000
1734000
1920000
1919000
1896000
1873000
1851000
1830000
1809000
1789000
1769000
1771000
1953000
1950000
2102000
2512000
3285000
3493000
4115000
4082000
3978000
3880000
3786000
3697000
3612000
3531000
3453000
3379000
3308000
3240000
3175000
3923000
3913000
3817000
3727000
3640000
3558000
3479000
3404000
3411000
3347000
3277000
3679000
3674000
3871000
3808000
3717000
3631000
3549000
3471000
3396000
3324000
3255000
3416000
3551000
3517000
3442000
3921000
4025000
3939000
3843000
3751000
3664000
3580000
3500000
3471000
3401000
3329000
3260000
3194000
3130000
3548000
3520000
3443000
3369000
3298000
3231000
3166000
3103000
3043000
2985000
2930000
2876000
3220000
3276000
3217000
3153000
3091000
3031000
2974000
3026000
3033000
2981000
2926000
2873000
2821000
2772000
2724000
2677000
2633000
2589000
2548000
2996000
2992000
2936000
2882000
2830000
2781000
2732000
2686000
2864000
2836000
2786000
2738000
2691000
2646000
2602000
2560000
2849000
3683000
3688000
3603000
3522000
3445000
3371000
3861000
4204000
4134000
4028000
3927000
3831000
3740000
3653000
3570000
3490000
3415000
3342000
3272000
3206000
3142000
3080000
3021000
2964000
2909000
2857000
2806000
2757000
2709000
2663000
2619000
2576000
2535000
2495000
2456000
2418000
2382000
2346000
2526000
2520000
2512000
2476000
3098000
3289000
3241000
3176000
3113000
3053000
2994000
2975000
2942000
2890000
2838000
2788000
2739000
2693000
2647000
2604000
2561000
2520000
2481000
2442000
2405000
2369000
2334000
2382000
2815000
3394000
4261000
4481000
4408000
4331000
4393000
4291000
4177000
4069000
4054000
4237000
4155000
4048000
4262000
4182000
4074000
3971000
4063000
4005000
3908000
3813000
3723000
3785000
3712000
3626000
3544000
3466000
3391000
3320000
3251000
3185000
3122000
3061000
3117000
3352000
3388000
3474000
4213000
4300000
4197000
4088000
3984000
3885000
3792000
3923000
4567000
4645000
4525000
4943000
4849000
4734000
4598000
4467000
4343000
4226000
4115000
4010000
3910000
3815000
3725000
3638000
3556000
3477000
3402000
3330000
3261000
3195000
3131000
3070000
3011000
2955000
2900000
2848000
2797000
2749000
2701000
2656000
2612000
2569000
2528000
2488000
2450000
2615000
2686000
2651000
2607000
2565000
2524000
2484000
2446000
2408000
2372000
2337000
2303000
2460000
2442000
2405000
2369000
2334000
2300000
2267000
2235000
2204000
2173000
2144000
2115000
2087000
2060000
2033000
2007000
1982000
1958000
1934000
1910000
1887000
1865000
1843000
1822000
1801000
1781000
1761000
1742000
1723000
1704000
1686000
1668000
1651000
1634000
1617000
1601000
1585000
1569000
1554000
1538000
1524000
1509000
1624000
1621000
1604000
1588000
1572000
1557000
1542000
1527000
1845000
2426000
2449000
2412000
2375000
2340000
2306000
2273000
2241000
2278000
2574000
2748000
2751000
3204000
3430000
3382000
3311000
3243000
3177000
3459000
3421000
3348000
3278000
3211000
3147000
3085000
3074000
4434000
4460000
4337000
4220000
4110000
4005000
4384000
4315000
4199000
4090000
3986000
3887000
3793000
3704000
3730000
3655000
3572000
3493000
3576000
4007000
4264000
4183000
4425000
4341000
4224000
4113000
4008000
3908000
3813000
3723000
3637000
3554000
3476000
3400000
3328000
3260000
3193000
3130000
3069000
3010000
2954000
2899000
2847000
2796000
3020000
2991000
2936000
2882000
2830000
2780000
2746000
2774000
2968000
2938000
2914000
2865000
2813000
2764000
2821000
2783000
2920000
2886000
2834000
2784000
2736000
2689000
2644000
2600000
2558000
2517000
2478000
2439000
2402000
2366000
2331000
2297000
2264000
2232000
2201000
2171000
2141000
2113000
2085000
2115000
2467000
2523000
2489000
2450000
2412000
2376000
2341000
2307000
2273000
2241000
2210000
2179000
2150000
2121000
2093000
2065000
2039000
2013000
1987000
1963000
1938000
2386000
2822000
2817000
2768000
2720000
2674000
2629000
2586000
2703000
2690000
2646000
2603000
2768000
2749000
2702000
2657000
2613000
2570000
2529000
2489000
2450000
2413000
2376000
2341000
2307000
2274000
2241000
2210000
2180000
2150000
2121000
2093000
2065000
2039000
2013000
1987000
1963000
1939000
2271000
2277000
2244000
2213000
2202000
2173000
2144000
2115000
2087000
2060000
2033000
2007000
1982000
1958000
1934000
1910000
1888000
1865000
1843000
1822000
1801000
1781000
1761000
1742000
1747000
1731000
1712000
1696000
1719000
1788000
1786000
1767000
1747000
1728000
1710000
1691000
1673000
1656000
1639000
1622000
1605000
1589000
1573000
1558000
1543000
1625000
1712000
1820000
1811000
1791000
1771000
1751000
1732000
1713000
1695000
1677000
1659000
1642000
1625000
1609000
1592000
1576000
1561000
1546000
1531000
1596000
1866000
1873000
1851000
1830000
1809000
1789000
1769000
1749000
1730000
1711000
1693000
1675000
1657000
1640000
1623000
1607000
1591000
1575000
1559000
1544000
1529000
1799000
1809000
1788000
1768000
1749000
1729000
1711000
1692000
1674000
1657000
1640000
1623000
1606000
1590000
1574000
1559000
1544000
1529000
1514000
1500000
1486000
1472000
1458000
1445000
1432000
1419000
1406000
1394000
1382000
1370000
1358000
1347000
1335000
1324000
1313000
1302000
1292000
1281000
1271000
1261000
1251000
1241000
1232000
1222000
1213000
1204000
1194000
1186000
1177000
1168000
1159000
1151000
1143000
1135000
1126000
1119000
1111000
1103000
1095000
1088000
1080000
1087000
1111000
1178000
1296000
1415000
1871000
1897000
1875000
1853000
1831000
1810000
1790000
1770000
1750000
1731000
1712000
1694000
1676000
1658000
1641000
1624000
1608000
1591000
1576000
1560000
1545000
1530000
1515000
1501000
1487000
1473000
1459000
1446000
1433000
1420000
1407000
1395000
1383000
1522000
1569000
1559000
1543000
1529000
1514000
1500000
1901000
1922000
1913000
1891000
1869000
1847000
1826000
1805000
1785000
1765000
1745000
1726000
1724000
1807000
1797000
1777000
1757000
1738000
1719000
1701000
1683000
1665000
1648000
1631000
1614000
1598000
1582000
1566000
1551000
1679000
2086000
2160000
2144000
2116000
2136000
2180000
2157000
2128000
2100000
2072000
2226000
2940000
3076000
3029000
2972000
2917000
2864000
2813000
2763000
2726000
2709000
2676000
2632000
2589000
2547000
2507000
2467000
2429000
2393000
2357000
2322000
2506000
2490000
2451000
2414000
2377000
2342000
2308000
2274000
2242000
2581000
2579000
2537000
2497000
2458000
2421000
2384000
2348000
2314000
2281000
2248000
2216000
2186000
2156000
2127000
2308000
2297000
2264000
2232000
2201000
2258000
2243000
2289000
2269000
2400000
2381000
2346000
2311000
2278000
2245000
2223000
2267000
2257000
2227000
2196000
2166000
2137000
2108000
2080000
2053000
2075000
2090000
2067000
2040000
2014000
1989000
2057000
2040000
2014000
1994000
1970000
1946000
1922000
1899000
1876000
1854000
1833000
1812000
1791000
1771000
1752000
1770000
1754000
1735000
1923000
1922000
1899000
1877000
1855000
1833000
1812000
1916000
1906000
1970000
1966000
1973000
2017000
2458000
2589000
2560000
2519000
2480000
2441000
2404000
2368000
2333000
2299000
2266000
2234000
2203000
2172000
2143000
2114000
2086000
2059000
2033000
2007000
1982000
1957000
1933000
1910000
1887000
1865000
1843000
1822000
1801000
1781000
1761000
1741000
1722000
1704000
1686000
1668000
1650000
1715000
1706000
1687000
1670000
1652000
1635000
1618000
1608000
1674000
1666000
1648000
1631000
1615000
1670000
1661000
1643000
1643000
1628000
1611000
1595000
1579000
1564000
1548000
1533000
1519000
1504000
1490000
1476000
1462000
1449000
1436000
1423000
1410000
1398000
1386000
1374000
1362000
1469000
1555000
1661000
1656000
1639000
1622000
1606000
1589000
1574000
1558000
1543000
1528000
1513000
1499000
1485000
1471000
1458000
1444000
1431000
1418000
1406000
1393000
1381000
1369000
1358000
1346000
1335000
1353000
1344000
1333000
1322000
1311000
1300000
1290000
1279000
1269000
1259000
1249000
1239000
1308000
1305000
1294000
1284000
1274000
1263000
1253000
1315000
1439000
1491000
1483000
1469000
1509000
1535000
1524000
1509000
1495000
1481000
1467000
1454000
1441000
1428000
1415000
1402000
1390000
1378000
1366000
1354000
1343000
1332000
1320000
1310000
1299000
1288000
1278000
1268000
1257000
1248000
1238000
1228000
1219000
1209000
1200000
1191000
1182000
1199000
1327000
1332000
1321000
1439000
1465000
1459000
1538000
1694000
2511000
2567000
2527000
2487000
2448000
2411000
2375000
2418000
2390000
2354000
2319000
2286000
2253000
2221000
2190000
2161000
2131000
2103000
2075000
2048000
2022000
1997000
1972000
1947000
2062000
2097000
2094000
2068000
2172000
2760000
3176000
3157000
3099000
3451000
3744000
3691000
4143000
4327000
4235000
4124000
4018000
3918000
3822000
3731000
3645000
3562000
4814000
4810000
4667000
4532000
4404000
4284000
4170000
4062000
3959000
3862000
3769000
3681000
3757000
4682000
4671000
4537000
4410000
4289000
4175000
4067000
3964000
3866000
3773000
3685000
3600000
3520000
3502000
3431000
3649000
3660000
3661000
3586000
3506000
3644000
3699000
4597000
5228000
5656000
5515000
5707000
6702000
6563000
