352200
350400
347000
342000
336500
330900
325100
319200
313500
307900
302300
296600
290800
285000
279200
273600
505900
1279000
1859000
2121000
1968000
1961000
2278000
2537000
6537000
9059000
9055000
6937000
4681000
4064000
3829000
3390000
3242000
3344000
3734000
6433000
11580000
11670000
10150000
6889000
5450000
4984000
4321000
4044000
4602000
5220000
5821000
5661000
5102000
4146000
3524000
3026000
2683000
2585000
2629000
2727000
2719000
2493000
2331000
2209000
2093000
1922000
1725000
1730000
1774000
1747000
1688000
1600000
1442000
1291000
1398000
1944000
2765000
3222000
3184000
2799000
2429000
2161000
1925000
1725000
1662000
1780000
1898000
1931000
1823000
1662000
1532000
1457000
1458000
1459000
1459000
1431000
1401000
1364000
1307000
1248000
1189000
1114000
1080000
1172000
1253000
1291000
1250000
1188000
1121000
1048000
980000
922700
882300
857300
836000
811600
775000
740700
2803000
6196000
6520000
5637000
3582000
2865000
2640000
2195000
2031000
2722000
3719000
4258000
4099000
3440000
2745000
2488000
2232000
1992000
1883000
1904000
1986000
2064000
2115000
2121000
2119000
2034000
1817000
1532000
1420000
1372000
1347000
1321000
1283000
1196000
1105000
1058000
1053000
2077000
3984000
4652000
4826000
3969000
3438000
2981000
2533000
2214000
2063000
2061000
2137000
2132000
2003000
1736000
2117000
3219000
3567000
3507000
2907000
2563000
2410000
2209000
2027000
1934000
1916000
1905000
1785000
1653000
1439000
1338000
1261000
1163000
1056000
968500
932900
910500
882500
857600
840100
839000
813200
748700
709200
690900
677600
686500
746900
831400
982800
1076000
1113000
1077000
1025000
976900
927300
881000
848000
825800
811800
791000
776200
781600
784900
781300
756700
786400
1038000
1388000
1604000
1633000
1531000
1436000
1352000
1259000
1168000
1107000
1078000
1067000
1057000
1017000
1029000
2431000
4792000
5175000
4660000
3293000
2726000
2672000
2762000
2754000
2775000
2715000
2710000
2599000
2315000
1909000
1761000
1651000
1533000
1448000
1392000
1354000
1441000
1706000
1889000
1973000
1897000
1735000
1531000
1413000
1329000
1276000
1243000
1205000
1117000
1022000
1019000
2505000
7505000
8606000
11430000
11600000
10510000
8544000
5912000
4704000
4248000
3868000
3917000
3935000
3987000
3539000
3335000
2822000
2232000
2012000
1853000
1763000
1782000
1801000
1879000
1924000
1908000
1814000
1513000
1382000
1194000
1412000
2874000
4291000
4549000
3917000
3047000
2544000
2209000
1948000
1881000
1952000
2083000
2134000
2052000
1831000
1601000
1470000
1346000
1233000
1168000
1182000
1355000
1587000
1731000
1762000
1698000
1606000
1459000
1301000
1203000
1152000
1140000
1133000
1101000
2073000
9887000
11170000
11080000
6954000
4888000
4442000
3698000
2913000
2732000
2838000
3372000
3466000
3467000
2585000
2379000
2245000
1979000
1873000
1872000
1962000
2072000
2041000
2011000
1984000
1943000
1845000
1392000
1230000
1180000
1166000
1147000
1109000
1363000
2125000
2541000
2631000
2296000
2090000
1975000
1815000
1724000
1870000
2036000
2140000
2073000
1930000
1736000
1600000
1483000
1387000
1343000
1332000
1328000
1303000
1244000
1192000
1205000
1347000
1436000
1438000
1371000
1305000
1266000
2069000
3821000
4365000
5229000
5728000
5517000
4893000
3732000
3093000
2807000
2578000
2480000
2426000
2367000
2207000
2105000
1895000
1605000
1470000
1375000
1297000
1259000
1235000
1243000
1251000
1235000
1170000
1102000
1226000
1292000
1286000
1239000
5158000
8736000
8912000
7132000
9982000
11990000
11900000
8557000
5796000
5233000
5554000
5807000
5803000
5275000
4873000
4763000
4473000
3490000
2902000
2795000
2730000
4160000
7460000
8073000
8155000
7279000
6532000
5897000
4876000
4194000
4110000
4847000
5242000
5123000
4454000
3776000
3437000
2944000
2439000
2196000
2112000
2917000
4698000
5099000
4850000
3912000
3424000
3134000
2663000
2361000
2222000
2218000
2367000
2551000
2797000
2708000
2635000
2350000
2067000
1908000
1854000
1834000
1824000
1761000
1704000
1652000
1584000
1448000
1271000
1168000
1098000
1050000
1010000
963600
904900
839400
800400
766100
732900
696500
650600
612900
972500
1989000
2482000
2604000
2211000
1916000
1755000
1575000
1408000
1314000
1287000
1315000
1313000
1259000
1121000
1039000
973800
902700
851300
820700
829400
888900
930600
958600
962500
955700
926300
1200000
2760000
4157000
4472000
3867000
3015000
2592000
2288000
1970000
1763000
1702000
1765000
1866000
2003000
2004000
1937000
1858000
1710000
1564000
1457000
1390000
1365000
1392000
1517000
1625000
1680000
1620000
1488000
1409000
1365000
1323000
1266000
1213000
1168000
1115000
1065000
1019000
976400
940200
903000
861000
817700
780900
751300
728300
716300
702200
686500
665000
637800
612300
588700
577500
598900
615600
624100
611300
594000
578400
566400
551600
536400
521100
508800
497700
485800
470200
455400
441900
428900
416300
403900
392100
381800
372200
1341000
3691000
4293000
4163000
3003000
2440000
2230000
1921000
1651000
1563000
1604000
1735000
1744000
1625000
1327000
1224000
1167000
1454000
2319000
2872000
3040000
2791000
2582000
2459000
2306000
2114000
1934000
1750000
1699000
1662000
1593000
1459000
1355000
1243000
1111000
1017000
997100
1106000
1227000
1336000
1358000
1346000
1310000
1284000
1361000
1518000
1617000
1620000
1540000
1457000
1360000
1254000
1161000
1101000
1081000
1069000
1051000
1008000
955900
984700
1166000
1298000
1362000
1310000
1246000
1193000
1135000
1074000
1026000
990700
961600
1280000
2980000
4487000
4786000
4098000
3139000
2686000
2551000
2643000
2684000
2714000
2661000
2849000
6976000
9424000
9355000
7128000
4868000
4145000
3689000
3122000
4354000
7306000
8135000
7780000
6071000
4790000
4037000
3451000
2939000
2691000
2717000
2918000
2987000
2767000
2378000
2454000
3698000
5712000
5746000
5074000
4569000
5690000
5977000
5536000
4423000
3795000
3524000
3211000
2911000
2640000
2374000
2365000
2270000
2040000
1819000
1967000
2524000
3103000
3284000
3154000
2861000
2643000
3005000
4087000
4366000
4795000
5631000
6376000
7314000
7213000
6352000
5499000
4805000
4401000
4056000
3656000
3359000
3278000
3197000
2951000
2803000
2798000
2740000
2674000
2486000
2314000
2227000
2155000
2056000
1911000
1818000
1745000
1629000
1511000
1358000
1240000
1216000
1208000
1178000
1126000
1077000
1026000
969400
922900
886700
905000
999700
2859000
5844000
6130000
5347000
3534000
2853000
2648000
2358000
2173000
2197000
2344000
2558000
2561000
2319000
1878000
1742000
1619000
1462000
1365000
1334000
1356000
1380000
1354000
1325000
1288000
1248000
1117000
909500
911600
1127000
1309000
1413000
1389000
1341000
1311000
1334000
1308000
1263000
1209000
1165000
1122000
1074000
1012000
963100
922300
881800
1071000
1881000
2609000
2886000
2805000
2761000
2707000
2562000
2254000
2013000
1887000
1830000
1783000
1712000
1585000
1474000
1389000
1289000
1169000
1086000
1033000
998100
966800
939400
921200
907800
1134000
2434000
3844000
4216000
3770000
2949000
2530000
2260000
1949000
1730000
1654000
1693000
1741000
1703000
1523000
1317000
1221000
1138000
1059000
1035000
1042000
1095000
1179000
1229000
1256000
1241000
1201000
1101000
1016000
1055000
1103000
1135000
1112000
1063000
992200
917000
860600
815500
780100
755500
734100
712400
684200
658100
633700
608100
584200
562100
540700
701500
1213000
1554000
1714000
1598000
1465000
1370000
1266000
1162000
1105000
1115000
1152000
1274000
1540000
1669000
1709000
1600000
1483000
1410000
1339000
1292000
1294000
1302000
1310000
1289000
1248000
1177000
1094000
1023000
962100
913500
876400
847900
895200
1144000
1413000
1665000
1874000
1918000
1876000
1742000
1606000
1501000
1407000
1340000
1293000
1250000
1195000
1145000
1113000
1063000
1017000
964700
942100
996700
1048000
1092000
1089000
1098000
1471000
2255000
2617000
2635000
2312000
2180000
2202000
2135000
1984000
1829000
1738000
1697000
1632000
1527000
1383000
1300000
1236000
1162000
1097000
1228000
2106000
3258000
3632000
3415000
2829000
2486000
2252000
1972000
1763000
1672000
1675000
1701000
1826000
11780000
14670000
14850000
9602000
6069000
5336000
4541000
3504000
3210000
3315000
4059000
4244000
4204000
2915000
2348000
2216000
1891000
1628000
1538000
1613000
1798000
1808000
1781000
1768000
1750000
1721000
1155000
864900
798400
809900
829400
817500
718100
490200
415800
394000
375800
360600
347100
334900
323500
312900
303500
296000
290100
287600
284600
281100
275900
270200
264700
259100
253600
248500
243800
239500
235200
231000
226600
222300
218200
214100
210100
206400
202800
199400
196200
193100
190800
193400
225000
324900
412900
476900
491900
492000
595400
979200
1375000
1597000
2495000
4197000
4487000
4210000
3680000
6713000
8639000
8448000
6614000
5156000
4775000
4481000
4265000
4745000
4832000
4946000
4525000
4073000
3438000
2972000
2773000
2604000
2757000
3430000
4233000
7775000
15050000
16100000
18070000
14490000
12280000
9458000
7115000
5989000
5503000
5345000
5639000
5580000
5260000
4198000
3812000
4504000
6704000
6890000
6311000
4840000
4348000
4193000
3901000
3624000
3588000
3527000
3683000
4579000
5055000
5404000
5057000
4509000
3695000
3053000
2697000
2435000
2328000
2443000
3015000
3677000
3873000
4567000
6080000
6318000
5842000
4488000
3717000
3390000
3045000
2791000
2771000
2804000
2841000
2711000
2449000
2542000
3562000
3906000
3810000
3178000
2786000
2614000
2462000
2367000
2314000
2290000
2277000
2612000
3609000
4017000
4012000
3414000
2897000
2599000
2428000
2520000
2685000
2773000
2733000
2611000
2464000
2194000
1939000
1763000
1629000
1547000
2518000
4676000
5076000
4753000
3543000
2975000
2746000
2410000
2329000
2823000
3173000
3366000
3136000
2812000
2386000
2148000
2600000
8914000
10710000
10800000
7505000
5396000
4802000
5036000
7221000
8160000
8090000
6921000
5926000
5434000
4243000
3556000
3288000
3057000
3002000
2947000
2865000
2642000
2584000
2577000
2502000
2418000
2416000
2137000
2032000
1953000
1906000
1880000
1833000
1676000
1332000
1155000
1150000
1324000
1455000
1834000
2560000
2873000
2945000
5238000
8779000
9024000
7668000
5108000
4132000
3784000
3365000
3280000
3400000
3573000
3664000
3502000
3041000
2421000
2218000
2073000
1959000
1924000
1964000
2049000
2080000
2028000
2002000
3270000
9050000
14570000
15720000
13570000
10100000
9207000
7787000
6600000
6144000
6231000
8305000
7938000
7375000
8870000
7914000
7449000
5671000
5783000
5801000
5336000
4502000
5234000
7136000
7003000
6318000
4879000
3741000
3227000
2832000
2482000
2286000
2261000
2339000
2257000
2414000
2996000
3681000
6957000
9291000
9061000
7274000
5151000
4314000
3767000
3368000
4921000
7585000
8216000
8158000
7692000
6869000
6041000
4861000
4076000
3668000
3486000
3512000
3533000
3384000
3097000
2970000
2737000
2388000
2045000
1779000
1695000
1674000
1641000
1619000
1577000
1462000
1285000
1088000
1003000
929200
836100
784600
731700
653100
641200
819800
950800
1236000
1907000
2455000
2638000
2408000
2074000
1856000
1687000
1539000
1437000
1390000
1377000
1729000
2602000
2936000
2933000
2514000
2195000
2003000
1811000
1653000
1575000
1558000
1593000
1611000
1576000
1447000
1328000
1221000
1123000
1045000
989200
957900
933100
895800
863000
836200
817500
806600
766500
740400
713300
688900
668200
644500
609500
569700
542800
522800
505600
488300
469700
452000
436400
529300
850900
1095000
1232000
1194000
1127000
1077000
1017000
1877000
9410000
10850000
10850000
6948000
4886000
4401000
3669000
2888000
2722000
3494000
5970000
7218000
8972000
10240000
9845000
8705000
6317000
4970000
4786000
5258000
5540000
5565000
5259000
4978000
4702000
4224000
8771000
11860000
11920000
9039000
6167000
5384000
5161000
5134000
5134000
5143000
5085000
4964000
4689000
3668000
3005000
2941000
2810000
2647000
2560000
3233000
5338000
6432000
6803000
6519000
5860000
5333000
4228000
3405000
3064000
2931000
2950000
2940000
2779000
2349000
2072000
1889000
1648000
1495000
1403000
1346000
1320000
1292000
1284000
1308000
1449000
1792000
1921000
1947000
1799000
1634000
1545000
1522000
1770000
2313000
2600000
2661000
2414000
2188000
2044000
2025000
2163000
2523000
2657000
2649000
2441000
2227000
2022000
1852000
1708000
1605000
1537000
1485000
1429000
1367000
1291000
1266000
1243000
1203000
1133000
1054000
999900
959600
924500
925300
1647000
3343000
3995000
3954000
3132000
2598000
2335000
2046000
1786000
1656000
1640000
1708000
1731000
1713000
1568000
1509000
1430000
1311000
1215000
1154000
1132000
2776000
8974000
9855000
9423000
6081000
4545000
4073000
3356000
2976000
3535000
4059000
4568000
4579000
4738000
4128000
3858000
3371000
2877000
2598000
2469000
2444000
2465000
2363000
2321000
2277000
2184000
1964000
1527000
1360000
1286000
1252000
1230000
1196000
1104000
957100
886100
835800
797200
1696000
3810000
4287000
4096000
3020000
2597000
2461000
2180000
1882000
1760000
1769000
1859000
1842000
1720000
1443000
1358000
1296000
1218000
1158000
1133000
1134000
1141000
1118000
1096000
1157000
1385000
1508000
1516000
1578000
1811000
2179000
2330000
2268000
2035000
1817000
1685000
1567000
1460000
1372000
1321000
1289000
1276000
1323000
1332000
1324000
1517000
2406000
3711000
4641000
4517000
3877000
3188000
2780000
2473000
2203000
2032000
1988000
2004000
1981000
1837000
1633000
1450000
1324000
1205000
1108000
1241000
3202000
5598000
5976000
5198000
3762000
3182000
2857000
2387000
2047000
1963000
2066000
2189000
2146000
1862000
1502000
1378000
1267000
1136000
1058000
1038000
1111000
2251000
4351000
4829000
4555000
3440000
2825000
2467000
2115000
1854000
1778000
1823000
1910000
1844000
1650000
1359000
1253000
1161000
1043000
961800
927800
937900
995700
1124000
1231000
1300000
1289000
1202000
1052000
972300
920200
888200
865000
839600
787900
763300
848100
920800
965900
944100
906400
872000
836000
800600
770800
749200
737600
727100
711100
678600
648300
620700
594100
569500
547800
528500
530200
591300
645500
683800
682700
668400
671800
751400
995500
1901000
3918000
10620000
12120000
11330000
7562000
5267000
4564000
3830000
3121000
2977000
3138000
3581000
3574000
3311000
2444000
2087000
1930000
1674000
1499000
1467000
1550000
1682000
1701000
1686000
1664000
1598000
1462000
1057000
865500
814800
811700
802700
754800
645500
755700
1605000
2278000
2547000
2310000
1991000
1794000
3654000
6592000
6786000
5895000
4028000
3391000
3141000
2612000
2221000
2125000
2214000
2353000
2328000
2198000
2062000
2173000
2158000
1976000
1843000
1777000
1730000
1680000
1609000
1575000
1567000
1550000
1398000
1136000
1028000
1069000
3330000
6628000
7084000
6132000
4145000
3566000
3506000
3153000
2797000
2631000
2886000
7972000
11230000
11330000
8500000
5841000
4925000
4263000
3462000
3085000
3168000
3622000
3858000
3841000
3219000
2731000
2474000
2068000
1794000
1678000
1697000
1918000
2280000
2437000
2477000
2382000
2258000
1900000
1571000
1414000
1897000
3194000
3672000
3631000
2893000
2415000
2189000
1936000
1715000
1619000
1610000
1664000
1656000
1570000
1385000
1471000
1899000
2129000
2180000
2003000
1931000
2052000
2176000
2327000
2554000
3004000
3124000
2975000
2615000
2300000
2113000
2027000
2043000
2059000
2024000
1959000
1862000
1746000
1598000
1485000
1443000
1524000
1624000
1685000
1663000
1591000
1605000
1773000
1858000
1863000
1769000
1663000
1587000
1496000
1393000
1307000
1248000
1217000
1176000
1130000
1068000
1054000
1084000
1095000
1370000
2081000
2440000
2515000
2212000
1966000
1816000
1910000
2387000
2780000
3170000
3195000
3228000
5459000
8417000
8601000
7319000
5097000
4206000
3855000
3387000
3015000
2918000
3002000
3116000
3029000
2639000
2116000
1951000
1806000
1639000
1541000
1528000
1574000
1578000
1532000
1475000
1427000
1380000
1210000
967400
864600
835200
872100
901400
890400
797900
706200
670900
662100
865300
1327000
1630000
1748000
1633000
1510000
1430000
1409000
1553000
1845000
2006000
2031000
1909000
1938000
2220000
2346000
2386000
2325000
2252000
2182000
2029000
1868000
1732000
1645000
1602000
1558000
1492000
1387000
1310000
1244000
1167000
1104000
1056000
1021000
981700
936400
927100
1191000
2015000
3342000
4328000
4294000
3699000
2990000
2571000
2269000
1996000
1837000
1812000
1954000
2248000
2345000
2258000
2023000
1839000
1685000
1541000
1436000
1387000
1377000
1383000
1375000
1351000
1285000
1289000
1453000
1552000
1602000
1528000
1446000
1374000
1281000
1177000
1098000
1054000
1028000
1257000
1928000
2274000
2366000
2112000
1899000
1760000
1834000
2873000
4373000
4994000
4721000
4067000
3954000
3912000
3655000
3208000
2857000
2717000
2656000
2538000
2322000
2077000
1955000
1859000
1732000
1578000
1450000
1389000
1345000
1356000
1507000
1633000
1691000
1587000
1435000
1332000
1259000
1191000
1115000
1042000
973700
913200
868800
816900
873400
1646000
2878000
3323000
3603000
3961000
4078000
4159000
4769000
14240000
15620000
15150000
9730000
6878000
6214000
5229000
4313000
4248000
4382000
5032000
4977000
4718000
3417000
3014000
2859000
2528000
2300000
2215000
2253000
2399000
2345000
2250000
2198000
2324000
2747000
2639000
2676000
2723000
6501000
11540000
12100000
10090000
7167000
8113000
8766000
9983000
9508000
9235000
8348000
7436000
6503000
5462000
4448000
4215000
4031000
7566000
10870000
1.1e+07
9008000
6280000
5307000
4839000
4185000
3822000
3613000
3616000
3773000
3816000
5536000
8086000
8218000
6902000
4596000
3754000
3492000
3111000
2800000
2710000
2808000
2963000
2920000
2446000
1849000
1892000
2245000
2531000
2745000
2698000
2676000
2978000
6478000
11560000
12860000
12250000
9369000
11250000
11520000
12790000
