1565000
1507000
1441000
1372000
1309000
1251000
1199000
1150000
1106000
1064000
1026000
990500
957300
926300
897200
869900
22370000
8889000
4417000
1655000
1530000
9287000
3011000
7394000
33870000
9702000
5163000
1435000
626200
6017000
2561000
1480000
4887000
2417000
5280000
29060000
24460000
8657000
3453000
919100
3132000
1184000
850500
11590000
3368000
6266000
1857000
1044000
553100
438700
432100
425800
2334000
916100
673700
451000
397200
391800
386600
381500
376500
6109000
1874000
1160000
505000
355900
351600
347400
343200
2179000
7817000
10050000
6093000
2287000
905000
398600
325800
322200
318600
315200
3073000
1035000
690400
374300
301600
298500
295400
4171000
1309000
827500
385200
284700
281900
279200
276500
273900
271300
268800
1136000
492600
382700
281900
257600
255400
253100
250900
248800
246700
244600
242500
240500
238500
236600
234700
31690000
8490000
4599000
1031000
236400
234500
232600
230800
5797000
8721000
2851000
1351000
412000
233000
231200
229300
227500
225800
224000
222300
220600
1225000
839800
450900
291400
224000
213400
211800
210300
208800
207300
205800
204400
202900
201500
200100
3878000
20220000
5718000
8413000
2132000
975200
354400
215100
213500
212000
210400
208900
207400
206000
204500
203100
13660000
3739000
2075000
548900
208300
206900
205400
203900
202500
201100
199700
198400
197000
195700
194400
193100
191800
190500
189300
188100
186900
185700
184500
183300
182200
181000
179900
178800
177700
176600
175500
1144000
740300
5038000
1465000
830600
295300
177100
176100
175000
173900
172900
171900
170900
169900
168900
167900
166900
166000
165000
164100
3503000
5657000
1844000
895100
287300
170100
169100
168100
167100
166200
165200
164300
163400
162400
161500
4095000
21950000
6163000
3153000
701900
177900
176800
3363000
1014000
619600
257600
176300
175200
174200
173100
172100
171100
170100
169100
168100
167200
166200
3096000
936100
573400
240400
165700
164700
163800
162900
162000
161100
160200
159300
158400
157600
3228000
22150000
22330000
7442000
30380000
10600000
4737000
1284000
274900
203000
201600
200200
198800
197500
196100
194800
193500
192200
191000
189700
188500
187300
186100
184900
183700
182500
181400
180300
179200
178100
897800
13410000
13380000
4558000
1867000
440800
195800
194500
193200
1817000
1503000
650000
355600
213300
189700
188500
187300
186100
184900
183700
182600
2670000
4933000
1607000
818300
290500
186100
184900
183700
182500
181400
180300
179200
178100
177000
26670000
37900000
11940000
5134000
977700
200900
199500
198200
196800
195500
194200
192900
4416000
1303000
780800
301200
193500
3573000
1082000
663300
279200
192700
191500
190200
189000
187700
1060000
475000
322200
214700
184800
548000
277400
18840000
5080000
2771000
660900
1538000
544300
376800
223000
5996000
2591000
1229000
461800
215100
191800
190500
189300
574600
1921000
669900
423400
227600
185300
184100
182900
6595000
1869000
1077000
349200
186400
185300
1627000
21090000
5778000
6515000
14430000
4045000
2072000
533200
209000
207500
206000
204500
203100
201700
200300
198900
197600
196200
194900
193600
192300
191100
189800
188600
187400
186200
185000
183800
5268000
1521000
892400
315300
186000
40380000
10740000
5768000
9203000
36960000
11520000
5512000
1244000
243100
4257000
8537000
2686000
1330000
404300
219700
218000
216400
214800
213200
211600
210100
24980000
11630000
4946000
12510000
3657000
1863000
564800
238300
225900
11960000
3307000
1856000
524700
227300
225600
223800
222100
220400
218700
217100
17410000
4731000
2606000
656000
221100
219400
217800
216100
214500
213000
211400
209900
6998000
1994000
1154000
383200
210600
209100
207600
206100
204700
203200
201800
200400
199100
197700
196400
195000
193700
192500
191200
189900
188700
187500
186300
185100
183900
182700
181600
180500
179400
14370000
3910000
2156000
546700
187900
186700
185500
184300
183100
182000
180800
179700
178600
177500
176400
175400
174300
173300
172200
171200
170200
169200
168300
167300
166300
165400
164400
12150000
12800000
4332000
1801000
423400
183200
182000
180900
179800
178700
177600
176500
175400
1725000
581700
389300
212600
172500
171500
170500
169500
168500
569600
516200
286100
209500
170800
163800
162800
161900
161000
160100
159300
158400
157500
156700
155800
155000
154200
153400
152600
151800
151000
150200
149400
148700
147900
147100
146400
145700
144900
144200
143500
142800
142100
141400
140700
140000
139400
138700
138000
137400
136700
136100
135500
134800
134200
133600
133000
132400
131800
131200
130600
130000
129400
22940000
7114000
3570000
862700
175500
149900
149200
148400
147700
146900
146200
145400
144700
144000
143300
142600
141900
11520000
4893000
2195000
688200
1153000
407800
289800
181300
156600
155700
154900
154100
153300
152400
151700
150900
150100
149300
148500
733700
380800
1757000
571200
361000
187700
149000
1949000
3847000
1250000
648000
236800
154700
153900
153100
152300
151500
150700
149900
149200
148400
147700
146900
5476000
1550000
891600
287400
152400
151600
150800
150000
149300
148500
147800
147000
14130000
14180000
4824000
1960000
433300
171400
170400
7442000
2083000
1185000
359900
175600
9665000
30850000
9172000
4413000
945400
203000
194800
193500
2632000
24870000
10070000
4447000
1263000
291000
208300
206800
205400
203900
202500
201100
199700
198300
197000
5073000
4540000
20930000
5808000
2959000
699900
16490000
6170000
2920000
866700
276900
223800
220600
217600
215700
214100
212500
211000
209400
2938000
3162000
7484000
8050000
2873000
1238000
396100
225800
219100
17170000
4670000
2574000
13300000
9335000
9758000
11650000
3525000
1601000
4891000
1406000
857400
353600
240000
238100
236100
234200
232300
7150000
2049000
1192000
406500
230300
228500
226700
224900
223200
221500
219800
218200
216500
214900
213300
2513000
816900
531400
1535000
543300
385700
241000
207600
206100
313500
4625000
1707000
29260000
7809000
4155000
931800
215600
214000
1999000
1668000
719700
394300
2058000
690100
463700
255900
208500
207000
205600
204100
202700
201300
199900
198500
197200
195800
194500
193200
191900
190700
5710000
1642000
959500
333100
820800
591500
1978000
810500
461500
251500
193100
188400
187200
186000
184800
183600
182400
181300
9235000
7089000
2636000
1050000
4651000
1337000
799800
306700
196000
194700
193400
192200
190900
189600
188400
187200
186000
184800
183600
182500
181300
180200
179100
178000
176900
175800
12830000
13790000
4644000
1939000
454300
194000
192700
191400
190100
188900
187700
186500
185300
184100
182900
181800
180700
179500
178400
177400
176300
1343000
481700
336500
203200
172800
171800
170800
1407000
494500
340900
199800
167600
166700
165700
164800
163800
162900
162000
161100
160200
159300
158500
157600
156800
155900
155100
154300
153400
8364000
2315000
1301000
369700
162000
161100
160200
159400
158500
157600
156800
155900
6357000
1788000
1022000
318500
161400
160500
159600
158800
157900
157100
156200
155400
154500
153700
152900
152100
151300
150500
149800
149000
148200
3739000
3341000
1242000
4568000
1269000
716400
261500
159700
158800
157900
157100
156200
155400
154600
153800
152900
152100
151300
150600
149800
185400
157900
152600
147800
146100
1890000
12180000
3437000
1810000
453700
161200
2185000
692800
442100
212000
160200
159300
158400
157500
156700
155800
155000
154200
153400
152600
6811000
11240000
3540000
1632000
406300
170100
169100
168200
167200
166200
165300
164400
163400
5600000
58530000
15870000
8212000
1619000
182100
181000
179900
178800
177700
176600
175500
174500
173400
172400
171400
170400
169400
168400
167400
166400
165500
164600
163600
162700
161800
160900
160000
159100
158300
157400
156600
155700
154900
154100
153300
152500
151700
150900
150100
149300
148500
147800
147000
146300
145600
144800
144100
143400
142700
142000
141300
140600
140000
139300
138600
138000
137300
136700
136000
135400
134800
134100
133500
132900
132300
131700
131100
130500
129900
129300
5880000
1644000
934600
282900
137400
136800
9338000
5432000
2181000
784000
18020000
4832000
2634000
3024000
10330000
23880000
7210000
3370000
5722000
1508000
888600
323400
12800000
3509000
1952000
522700
203800
202400
201000
199600
198200
1618000
12410000
3509000
11560000
24160000
38540000
18080000
28090000
7510000
3357000
781300
243000
241000
239000
237000
235100
233200
231300
229500
227700
27890000
7489000
4068000
929900
230700
228900
227100
225300
2813000
904100
582900
15970000
5179000
11010000
2948000
1420000
446300
233000
231200
229300
227500
225800
8171000
8250000
3609000
1445000
18120000
8910000
3743000
1244000
341700
238300
236300
234400
1926000
676900
466100
272600
228200
226400
17240000
4695000
2590000
659600
228900
227100
225400
785600
370000
299000
233800
218000
15450000
6829000
3023000
972400
291200
223700
222000
4635000
3223000
1320000
590900
269400
221300
219600
218000
216300
214700
213100
211600
21950000
5919000
3232000
766400
217000
215400
213800
212200
9863000
2748000
1555000
459500
214700
213100
211500
210000
15360000
3.5e+07
10410000
4880000
1004000
225300
223500
18660000
15760000
5596000
2184000
505400
234000
232100
230300
228500
226700
224900
223200
221500
219800
218200
216500
214900
213300
1955000
669600
453100
254200
208800
207400
205900
204400
203000
201600
200200
2893000
907400
573600
10400000
3353000
2979000
856600
28450000
13870000
5754000
1798000
380200
220800
219100
2694000
1522000
733800
371300
233300
215200
213700
212100
210500
209000
207500
206100
204600
203200
201800
200400
5165000
2.2e+07
2.8e+07
36150000
17120000
6807000
2964000
5456000
1631000
917300
1732000
2178000
8933000
2612000
1396000
12970000
3519000
1967000
3007000
7207000
3996000
1626000
625400
4133000
8637000
2694000
1338000
399100
210900
209300
207800
206400
204900
203500
202000
6069000
11510000
5946000
7118000
26650000
10350000
4536000
1262000
306900
230900
229100
6878000
21920000
9614000
4019000
14750000
3883000
2897000
789400
350400
261000
239500
237500
235600
233700
231800
230000
228200
226400
224700
222900
221200
219500
217900
216300
214700
213100
211500
210000
208500
207000
205500
204100
202700
201300
199900
3757000
1135000
694500
9854000
6457000
2519000
971900
305700
209900
208400
206900
205400
204000
202600
201200
10840000
2997000
1682000
475100
205500
204100
202700
201200
199900
198500
197100
195800
194500
193200
191900
190700
189400
188200
187000
185800
184600
183400
182300
181100
180000
178900
177800
176700
175600
174600
173500
172500
171500
170500
169500
168500
167500
166600
165600
164700
163700
162800
10690000
2931000
1630000
437100
170900
169900
168900
167900
22650000
36820000
11370000
5023000
969700
193400
192100
190900
189600
3460000
15960000
12060000
5481000
21350000
13670000
5049000
1828000
429500
226000
12230000
3379000
1894000
531800
227500
225700
224000
1941000
46110000
12390000
6573000
1376000
229000
227200
13540000
3722000
2076000
566000
228800
227000
225200
223500
3574000
1103000
687500
306200
5262000
16640000
13240000
4646000
11210000
2929000
1551000
478900
239100
237100
235200
233300
231400
229600
227800
226000
224300
222500
220800
219200
217500
215900
214300
212700
211200
209700
11620000
3208000
1797000
502700
213600
212000
915000
3164000
10160000
3013000
2641000
735400
369700
244900
4364000
1306000
8058000
2233000
1230000
404900
220200
218500
216900
215300
213700
212100
210600
209000
207500
206100
376600
248500
225900
205000
199300
197900
196600
195300
194000
3826000
19840000
7868000
3484000
994700
266600
208300
206800
205300
203900
202500
201100
199700
198300
616300
306100
253100
204300
192400
191200
189900
188700
27040000
25680000
8766000
3443000
675500
209400
207900
206400
7832000
2834000
1432000
489200
8889000
2747000
1484000
469000
219700
211600
210100
208600
207100
205600
204200
202700
201300
2e+05
198600
197200
195900
194600
193300
192000
190700
189500
188300
187100
185900
184700
23180000
6225000
3383000
774900
1303000
484800
346700
219900
190700
189500
188200
187000
185800
184600
183500
182300
181200
180100
179000
177900
176800
175700
174600
173600
4148000
1219000
726900
868900
2769000
5861000
2357000
1069000
380200
195100
180900
179700
178600
177500
176500
175400
174300
173300
172300
171300
170200
8792000
8311000
10010000
3084000
1325000
372200
192200
190900
189700
188400
187200
186000
184800
183700
182500
181400
180200
179100
178000
176900
8816000
20550000
6139000
2923000
652900
195400
194100
192800
191500
190200
189000
187800
186600
185400
184200
183000
181900
180800
179600
178500
177400
1703000
21460000
5876000
3122000
716000
188500
187300
186100
184900
183700
182600
181400
180300
179200
178100
177000
175900
174900
173800
172800
171800
170800
327700
210400
189900
171000
166100
165100
164200
163300
162400
161500
160600
159700
158800
2199000
697900
592000
250200
179300
161500
156900
156100
155200
154400
153600
152800
152000
151200
150400
149600
148900
148100
147400
146600
145900
216600
163300
153800
145000
142500
141800
2755000
3346000
7525000
12450000
12990000
36480000
10200000
4906000
1010000
194400
193100
191800
190600
189300
188100
186900
185700
184500
183300
182200
181000
179900
178800
177700
176600
175600
174500
173500
172400
171400
170400
169400
168400
167500
166500
165500
164600
163700
14320000
6942000
2942000
959100
255200
177200
176100
28510000
7617000
4865000
1100000
291800
205600
185500
184300
183200
182000
180900
179800
1487000
6474000
1927000
1043000
335200
184200
183000
181900
180700
179600
178500
177400
176300
175300
174200
173200
172100
9975000
27700000
10930000
4995000
1312000
2643000
4078000
1380000
713400
284400
200900
9502000
35840000
14310000
6133000
1628000
325000
220000
218300
216700
757400
1413000
959300
476700
293400
220800
209400
207900
206400
205000
203500
202100
10440000
2891000
1626000
465400
206100
204600
203200
201800
200400
18090000
4900000
2688000
659200
206900
205400
204000
202600
201200
199800
198400
197100
195700
194400
193100
11150000
3074000
1719000
476100
198500
4339000
1680000
4377000
1491000
8446000
2345000
1282000
404400
209100
207600
685800
3791000
1849000
875500
387900
223800
205600
204100
202700
201300
3126000
2817000
1094000
533400
249100
201200
5411000
1571000
926200
680900
293200
249000
208500
198400
197000
195700
194400
193100
191800
190500
230100
2760000
867200
545400
1.3e+07
3540000
1965000
519200
196700
195400
194100
8337000
2335000
6066000
2254000
2629000
4278000
25340000
12310000
5022000
1563000
358000
223200
221500
219800
218100
216500
214900
213300
211800
210200
208700
207200
205700
204300
202900
201500
200100
198700
197300
196000
194700
193400
192100
190800
189600
188400
187100
185900
184800
183600
182400
181300
180200
8422000
2348000
1329000
393900
185100
183900
182700
1432000
5681000
1717000
935700
317400
186000
5574000
1603000
936900
1681000
545700
377200
222400
187100
185900
184700
183500
182400
181200
180100
179000
177900
176800
175700
174700
173600
172600
171600
170600
1889000
10350000
9031000
10740000
3265000
1398000
386700
194700
193400
192100
190900
189600
188400
1202000
453400
326900
210800
184000
182900
181700
180600
179500
178400
177300
176200
175200
174100
173100
5204000
1496000
874100
303200
175400
174400
173300
172300
171300
170300
169300
168300
9376000
2590000
1452000
407900
174800
173800
172700
7202000
12030000
7436000
2715000
952400
4308000
3643000
1385000
633000
259600
198100
196700
195400
194100
192800
191500
190300
189000
187800
186600
185400
184200
183100
2668000
835700
527700
245000
181300
180100
179000
177900
176800
175800
174700
173700
172600
171600
170600
5050000
13080000
4050000
1957000
10680000
4712000
2392000
7427000
13060000
50600000
14500000
7054000
1449000
231300
220200
218600
4136000
1247000
762000
316500
216200
214600
213000
211500
209900
208400
206900
205500
204000
202600
201200
199800
198400
9392000
4939000
3062000
1017000
7151000
30880000
24250000
8515000
3245000
15340000
14480000
5003000
18330000
11110000
4168000
1539000
410300
248700
246600
244500
242500
240500
39030000
10420000
5621000
1221000
241200
239200
237300
235300
233400
231600
229700
227900
5356000
29740000
8787000
4390000
1010000
246800
233500
231700
229800
228000
226200
224500
222800
221100
2247000
752100
9760000
4555000
4306000
1326000
596100
7071000
5485000
30100000
24010000
19780000
6142000
10210000
25160000
7547000
20390000
