91570
91530
91490
91450
91400
91360
91320
91280
91240
91200
91160
91120
91070
91030
90990
90950
90910
105900
109100
109200
109200
109800
115800
116400
120600
148200
151000
150900
150800
150700
156500
157500
157500
161700
162800
166900
199500
225000
227100
226800
226600
230400
230600
230300
247400
248900
255700
256100
255800
255400
255100
254800
254500
259700
259900
259600
259200
258900
258600
258200
257900
257600
270500
271500
271100
270700
270400
270000
269600
269300
277100
290800
306900
313800
313900
313500
313000
312500
312000
311500
311000
321200
321800
321300
320800
320300
319800
319200
329200
329800
329200
328700
328200
327600
327100
326600
326000
325500
325000
340200
341200
340600
340000
339500
338900
338300
337800
337200
336600
336100
335500
335000
334400
333900
334700
427200
435700
434700
433800
432900
431900
431000
430100
460500
486100
487300
486200
485000
483800
482700
481500
484300
483500
482400
481200
480100
497500
499500
498400
497200
495900
494700
493500
492300
491100
489900
488700
487500
486400
493400
493000
514700
588300
593900
617700
618400
616500
614600
612700
610900
609000
611800
610500
608600
606800
605000
603100
687000
693300
690900
688600
686200
683900
681600
679300
677000
674700
672500
670300
668000
665800
663800
661600
659400
657300
655200
653000
650900
648800
646800
644700
649000
647500
649400
647700
647800
646000
643900
664000
665700
687600
687700
685400
683000
680700
678400
676200
673900
671700
669400
667200
665000
662800
672600
671500
669300
667100
664900
699000
725400
725400
722800
720200
717600
715100
712500
710000
707500
705100
702600
703100
701000
698600
736400
854200
862400
858700
855000
851400
847800
896100
897400
893400
889400
885500
881700
877800
874000
870200
866500
862800
859100
855500
851800
848300
908800
911200
907100
903000
899000
895000
891000
887100
883200
879300
875500
871700
868000
864300
915400
1065000
1206000
1212000
1455000
1502000
1494000
1483000
1472000
1461000
1451000
1440000
1430000
1420000
1410000
1400000
1390000
1381000
1372000
1362000
1353000
1344000
1335000
1326000
1318000
1309000
1301000
1292000
1284000
1276000
1335000
1465000
1574000
1573000
1560000
1548000
1537000
1525000
1514000
1540000
1542000
1531000
1520000
1508000
1497000
1486000
1475000
1465000
1454000
1444000
1433000
1475000
1516000
1510000
1498000
1487000
1476000
1466000
1455000
1445000
1434000
1432000
1422000
1412000
1402000
1676000
2085000
2103000
2081000
2060000
2040000
2019000
1999000
1980000
1960000
1941000
1923000
1978000
1966000
1947000
1928000
1910000
1944000
1931000
1912000
1894000
1877000
1859000
1842000
1826000
1809000
1810000
1796000
1780000
1765000
1749000
1739000
1725000
1950000
1955000
1936000
1918000
1922000
1907000
1889000
1871000
1937000
1940000
1923000
1905000
1887000
1869000
1852000
1835000
1824000
1831000
1817000
1800000
1784000
1769000
1753000
1738000
1817000
1810000
1794000
1778000
1762000
1747000
1757000
2013000
2020000
2054000
2231000
2226000
2201000
2178000
2154000
2131000
2109000
2087000
2066000
2045000
2024000
2004000
1984000
1965000
1946000
1927000
1909000
1891000
1873000
1856000
1839000
1822000
1806000
1790000
1900000
1895000
1878000
1860000
1849000
2409000
2438000
2409000
2526000
3169000
3213000
3165000
3116000
3068000
3138000
3267000
3231000
3180000
3130000
3082000
3035000
2990000
2946000
2903000
2862000
2822000
3393000
3521000
3472000
3686000
3658000
3594000
3531000
3469000
3410000
3695000
3663000
3597000
3533000
3472000
3413000
3356000
3300000
3247000
3195000
3145000
3611000
3599000
3536000
3474000
3415000
3380000
3326000
3272000
3219000
3168000
3195000
3153000
3285000
3250000
3198000
3148000
3099000
3052000
3064000
3023000
2978000
2935000
2892000
2851000
2811000
2772000
2735000
2698000
2662000
2627000
2593000
2560000
2528000
2496000
2466000
2436000
2407000
2378000
2350000
2323000
2296000
2648000
2652000
2617000
2583000
2551000
2519000
2487000
2457000
2427000
2398000
2370000
2342000
2315000
2289000
2263000
2238000
2213000
2200000
2178000
2154000
2186000
2168000
2145000
2126000
2104000
2083000
2061000
2308000
2475000
2462000
2432000
2403000
2374000
2346000
2319000
2293000
2267000
2242000
2217000
2275000
2299000
2277000
2252000
2227000
2202000
2178000
2155000
2132000
2110000
2169000
2158000
2135000
2113000
2091000
2108000
2090000
2068000
2047000
2027000
2006000
1996000
1977000
1958000
1939000
1921000
1904000
1887000
1869000
1852000
1835000
1818000
1814000
1799000
1783000
1767000
1752000
1737000
1722000
1707000
1731000
1720000
1706000
1691000
1677000
1663000
1654000
1641000
1628000
1615000
1602000
1589000
1577000
1565000
1553000
1541000
1529000
1517000
1506000
1495000
1484000
1473000
1462000
1807000
1842000
1827000
1811000
1795000
1779000
1763000
1748000
1733000
1718000
1703000
1689000
1675000
1661000
1648000
1634000
1674000
1832000
1859000
1844000
1827000
1838000
1824000
1807000
1791000
1775000
1760000
1744000
1729000
1715000
1700000
1686000
1672000
1658000
1645000
1631000
1696000
1691000
1699000
1687000
1673000
1660000
1646000
1684000
1719000
1709000
1695000
1681000
1667000
1653000
1639000
1626000
1613000
1613000
1602000
1589000
1577000
1564000
1552000
1635000
1632000
1619000
1606000
1593000
1580000
1568000
1556000
1544000
1532000
1521000
1509000
1696000
1838000
1835000
1818000
1802000
1786000
1770000
1862000
1855000
1838000
1822000
1805000
1924000
2329000
2348000
2321000
2295000
2269000
2244000
2219000
2240000
2618000
2690000
2661000
2626000
2592000
2559000
2527000
2496000
2465000
2435000
2406000
2377000
2350000
2322000
2405000
2444000
2764000
2761000
2724000
2687000
2969000
2996000
2955000
2912000
2872000
2831000
2792000
2754000
2716000
2680000
2645000
2610000
2577000
2621000
2639000
2731000
2821000
2798000
2760000
2722000
2686000
2650000
2948000
2939000
2896000
3117000
3225000
3330000
3495000
3455000
3397000
3448000
3401000
3344000
3289000
3236000
3185000
3152000
3105000
3058000
3172000
3139000
3090000
3043000
2998000
2954000
2911000
2869000
2829000
2789000
2751000
2714000
2678000
2642000
2610000
2654000
2627000
2593000
2589000
2559000
2527000
2495000
2464000
2435000
2428000
2481000
2465000
2951000
2960000
2917000
2875000
2835000
2795000
2822000
2811000
2774000
2736000
2744000
2711000
2675000
2640000
2605000
2573000
2541000
2509000
2478000
2448000
2419000
2390000
2362000
2334000
2307000
2281000
2256000
2231000
2374000
2363000
2336000
2309000
2320000
2302000
2305000
2284000
2258000
2233000
2209000
2185000
2161000
2138000
2116000
2094000
2072000
2051000
2260000
2337000
2318000
2292000
2356000
2338000
2311000
2284000
2259000
2234000
2209000
2185000
2161000
2138000
2116000
2094000
2072000
2051000
2030000
2010000
1990000
1971000
1952000
1933000
1914000
1896000
2131000
2300000
2290000
2264000
2239000
2214000
2190000
2167000
2144000
2121000
2099000
2077000
2056000
2035000
2015000
1995000
1986000
1968000
1976000
1959000
1940000
1972000
1958000
1939000
1921000
1902000
1885000
1867000
1913000
1901000
1883000
1866000
1848000
1832000
1815000
1799000
1783000
1767000
1752000
1737000
1722000
1707000
1693000
1679000
1665000
1651000
1638000
1624000
1611000
1795000
1799000
1783000
1768000
1752000
1737000
1722000
1708000
1693000
1700000
1688000
1675000
1763000
1758000
1743000
1728000
1713000
1708000
1695000
1681000
1689000
1677000
1663000
1650000
1636000
1623000
1610000
1597000
1585000
1572000
1560000
1548000
1536000
1634000
1662000
1651000
1693000
1685000
1671000
1662000
1649000
1636000
1622000
1609000
1597000
1584000
1572000
1559000
1563000
1552000
1541000
1529000
1517000
1554000
1547000
1542000
1531000
1519000
1545000
1678000
1678000
1664000
1650000
1656000
1678000
1667000
1654000
1640000
1627000
1614000
1601000
1588000
1576000
1564000
1552000
1540000
1528000
1537000
1652000
1770000
1767000
1751000
1736000
1721000
1707000
1692000
1678000
1664000
1651000
1637000
1624000
1748000
2564000
2614000
2581000
2548000
2516000
2485000
2454000
2425000
2396000
2368000
2340000
2313000
2287000
2261000
2236000
2211000
2187000
2163000
2140000
2118000
2096000
2074000
2053000
2032000
2012000
1992000
1972000
1953000
1934000
1916000
1898000
1880000
1863000
1846000
1829000
1812000
1796000
1780000
1765000
1749000
1734000
1719000
1707000
1692000
1687000
1674000
1660000
1646000
1633000
1620000
1607000
1594000
1582000
1569000
1557000
1545000
1533000
1522000
1510000
1499000
1488000
1477000
1466000
1456000
1445000
1435000
1425000
1415000
1413000
1423000
1501000
1499000
1488000
1477000
1466000
1456000
1560000
1597000
1588000
1576000
1780000
1786000
1770000
1790000
1907000
2200000
2209000
2185000
2244000
2227000
2203000
2179000
2359000
2352000
2325000
2298000
2272000
2247000
2222000
2198000
2174000
2184000
2356000
2348000
2488000
2856000
3523000
3692000
4197000
4167000
4082000
4e+06
3922000
3846000
3774000
3704000
3636000
3572000
3509000
3448000
3390000
4062000
4055000
3974000
3901000
3827000
3755000
3686000
3619000
3632000
3575000
3512000
3848000
3840000
3999000
3944000
3868000
3794000
3724000
3656000
3590000
3527000
3466000
3634000
3747000
3714000
3648000
4041000
4122000
4050000
3970000
3892000
3818000
3747000
3678000
3689000
3630000
3565000
3503000
3443000
3384000
3777000
3752000
3683000
3616000
3552000
3490000
3430000
3451000
3401000
3344000
3289000
3236000
3568000
3613000
3555000
3493000
3433000
3376000
3320000
3425000
3432000
3379000
3323000
3269000
3225000
3174000
3125000
3077000
3030000
2985000
2941000
3451000
3448000
3390000
3333000
3279000
3226000
3183000
3134000
3348000
3320000
3266000
3213000
3163000
3113000
3066000
3056000
3398000
4156000
4150000
4066000
3985000
3907000
3872000
4315000
4604000
4533000
4433000
4336000
4244000
4156000
4071000
3990000
3912000
3837000
3765000
3695000
3628000
3689000
3644000
3580000
3517000
3556000
3504000
3443000
3385000
3329000
3274000
3222000
3171000
3121000
3073000
3027000
3161000
3130000
3082000
3313000
3299000
3278000
3228000
3861000
4034000
3972000
3894000
3821000
3750000
3681000
3787000
3752000
3685000
3618000
3554000
3492000
3432000
3374000
3319000
3327000
3279000
3227000
3214000
3167000
3117000
3079000
3168000
3605000
4160000
4957000
5139000
5056000
4970000
5011000
4904000
4786000
4736000
4714000
4866000
4776000
4664000
4904000
4821000
4707000
4626000
4732000
4666000
4561000
4460000
4404000
4489000
4408000
4313000
4222000
4135000
4051000
3970000
3893000
3819000
3747000
3678000
3936000
4174000
4192000
4258000
4938000
4999000
4888000
4771000
4659000
4553000
4451000
4599000
5172000
5225000
5103000
5457000
5360000
5260000
5129000
5001000
4878000
4762000
4651000
4545000
4444000
4347000
4254000
4166000
4081000
3999000
3921000
3845000
3773000
3703000
3636000
3571000
3508000
3448000
3389000
3333000
3278000
3226000
3174000
3125000
3077000
3030000
3235000
3209000
3158000
3346000
3408000
3360000
3305000
3251000
3199000
3149000
3100000
3053000
3007000
2963000
2920000
3224000
3208000
3157000
3108000
3061000
3015000
2970000
2927000
2884000
2844000
2804000
2792000
2756000
2719000
2682000
2647000
2612000
2579000
2546000
2514000
2483000
2453000
2423000
2394000
2366000
2378000
2363000
2336000
2310000
2283000
2258000
2233000
2208000
2184000
2160000
2137000
2115000
2093000
2071000
2050000
2030000
2011000
2200000
2197000
2173000
2150000
2127000
2105000
2083000
2062000
2402000
2974000
2987000
2944000
2901000
2860000
2819000
2780000
2742000
2783000
3058000
3212000
3207000
3608000
3799000
3750000
3681000
3614000
3550000
3799000
3760000
3690000
3624000
3559000
3497000
3437000
3434000
4575000
4593000
4490000
4391000
4296000
4206000
4527000
4468000
4370000
4277000
4187000
4101000
4019000
3939000
3969000
3902000
3828000
3756000
3829000
4184000
4390000
4320000
4515000
4444000
4348000
4255000
4166000
4081000
4e+06
3921000
3846000
3773000
3703000
3636000
3571000
3509000
3448000
3390000
3333000
3279000
3226000
3175000
3182000
3138000
3354000
3325000
3271000
3218000
3167000
3118000
3107000
3129000
3295000
3262000
3237000
3188000
3138000
3090000
3143000
3104000
3221000
3187000
3137000
3089000
3042000
2996000
2952000
2909000
2868000
2827000
2788000
2750000
2712000
2676000
2686000
2655000
2620000
2586000
2554000
2521000
2490000
2460000
2430000
2504000
2828000
2872000
2836000
2797000
2758000
2721000
2685000
2649000
2615000
2581000
2548000
2516000
2541000
2532000
2502000
2471000
2441000
2412000
2383000
2355000
2328000
2851000
3257000
3244000
3192000
3142000
3094000
3047000
3001000
3210000
3200000
3151000
3102000
3261000
3236000
3185000
3136000
3087000
3040000
2995000
2951000
2908000
2866000
2826000
2787000
2749000
2711000
2675000
2640000
2606000
2572000
2540000
2508000
2477000
2454000
2425000
2396000
2368000
2340000
2823000
2835000
2796000
2757000
2764000
2731000
2694000
2659000
2624000
2590000
2557000
2525000
2501000
2471000
2441000
2416000
2418000
2393000
2364000
2337000
2310000
2284000
2258000
2233000
2360000
2348000
2321000
2338000
2359000
2427000
2416000
2389000
2361000
2333000
2306000
2280000
2254000
2229000
2205000
2181000
2158000
2210000
2194000
2170000
2147000
2319000
2417000
2528000
2509000
2478000
2448000
2419000
2390000
2362000
2334000
2308000
2281000
2256000
2231000
2206000
2182000
2159000
2136000
2113000
2091000
2293000
2599000
2597000
2564000
2532000
2500000
2469000
2439000
2410000
2381000
2353000
2326000
2300000
2274000
2248000
2223000
2207000
2184000
2160000
2137000
2115000
2198000
2529000
2532000
2500000
2470000
2440000
2410000
2382000
2354000
2327000
2300000
2274000
2248000
2223000
2199000
2175000
2152000
2129000
2107000
2085000
2064000
2043000
2131000
2120000
2098000
2076000
2055000
2034000
2013000
1993000
1974000
1955000
1936000
1917000
1899000
1970000
1960000
1944000
1925000
1907000
1889000
1872000
1854000
1837000
1821000
1804000
1788000
1773000
1757000
1742000
1727000
1712000
1698000
1684000
1670000
1656000
1710000
1702000
1688000
1674000
1660000
1646000
1682000
1709000
1785000
1918000
2049000
2545000
2564000
2531000
2500000
2469000
2439000
2410000
2381000
2353000
2326000
2299000
2273000
2248000
2223000
2199000
2175000
2151000
2129000
2106000
2084000
2063000
2042000
2022000
2001000
1982000
1962000
1943000
1925000
1906000
1889000
1871000
1854000
1837000
2104000
2160000
2142000
2120000
2098000
2076000
2055000
2482000
2497000
2481000
2452000
2422000
2394000
2365000
2338000
2311000
2285000
2259000
2234000
2253000
2335000
2319000
2292000
2266000
2241000
2216000
2192000
2168000
2145000
2123000
2105000
2083000
2062000
2041000
2020000
2e+06
2138000
2532000
2596000
2575000
2543000
2557000
2593000
2566000
2534000
2502000
2472000
2613000
3247000
3359000
3314000
3260000
3208000
3157000
3108000
3061000
3044000
3025000
2992000
2949000
2906000
2864000
2824000
2785000
2747000
2710000
2673000
2638000
2825000
2808000
2769000
2731000
2695000
2659000
2624000
2590000
2557000
2887000
2882000
2841000
2802000
2763000
2726000
2689000
2653000
2636000
2603000
2570000
2538000
2506000
2475000
2445000
2643000
2632000
2598000
2565000
2532000
2591000
2574000
2611000
2589000
2702000
2681000
2645000
2611000
2578000
2545000
2530000
2567000
2554000
2524000
2492000
2462000
2432000
2403000
2374000
2347000
2406000
2420000
2394000
2366000
2338000
2312000
2400000
2383000
2355000
2341000
2315000
2289000
2263000
2238000
2213000
2189000
2183000
2162000
2139000
2116000
2111000
2133000
2114000
2092000
2287000
2284000
2258000
2233000
2208000
2184000
2161000
2316000
2307000
2363000
2354000
2357000
2394000
2791000
2903000
2873000
2832000
2793000
2759000
2747000
2713000
2677000
2641000
2607000
2574000
2541000
2509000
2478000
2448000
2418000
2390000
2362000
2356000
2331000
2304000
2278000
2253000
2228000
2203000
2179000
2156000
2133000
2174000
2157000
2134000
2112000
2090000
2068000
2047000
2088000
2226000
2217000
2196000
2172000
2149000
2126000
2129000
2148000
2216000
2200000
2176000
2153000
2130000
2239000
2227000
2203000
2228000
2208000
2184000
2161000
2138000
2115000
2093000
2079000
2058000
2037000
2017000
1997000
1977000
1958000
1939000
1920000
1915000
1898000
1880000
1863000
1923000
2054000
2143000
2251000
2239000
2214000
2190000
2166000
2143000
2120000
2098000
2077000
2055000
2155000
2144000
2122000
2100000
2078000
2057000
2036000
2015000
1995000
1976000
1957000
1938000
1919000
1901000
1883000
2004000
1998000
1979000
1960000
1941000
1922000
1904000
1886000
1868000
1851000
1834000
1818000
2007000
2008000
1988000
1969000
1952000
1934000
1915000
2045000
2194000
2247000
2229000
2204000
2276000
2302000
2280000
2255000
2230000
2205000
2181000
2158000
2135000
2112000
2090000
2069000
2048000
2027000
2007000
1987000
1968000
1949000
2047000
2038000
2018000
1997000
1978000
1959000
1940000
1921000
1903000
1885000
1868000
1850000
1833000
1817000
1801000
1935000
2102000
2100000
2078000
2215000
2238000
2222000
2307000
2480000
3367000
3412000
3356000
3300000
3247000
3195000
3159000
3226000
3186000
3136000
3088000
3041000
2995000
2951000
2909000
2867000
2827000
2787000
2749000
2712000
2676000
2640000
2606000
2616000
2813000
2847000
2833000
2796000
2897000
3486000
3880000
3847000
3778000
4100000
4357000
4294000
4691000
4840000
4746000
4636000
4530000
4430000
4334000
4242000
4154000
4069000
5212000
5202000
5070000
4944000
4825000
4711000
4602000
4499000
4399000
4305000
4214000
4159000
4240000
5033000
5013000
4892000
4775000
4663000
4557000
4455000
4358000
4265000
4176000
4090000
4008000
3930000
3951000
3884000
4070000
4071000
4063000
3989000
3911000
4026000
4066000
4817000
5324000
5662000
5548000
5701000
6471000
6369000
