421300
419000
416400
413900
411400
408900
406500
404100
401700
399400
397100
394800
392500
390200
388000
385800
25910000
6926000
796900
377300
1220000
1.1e+07
1812000
7307000
40890000
5788000
363300
361300
359400
7014000
1952000
447600
5510000
2037000
5491000
35320000
25450000
3140000
341500
339800
3690000
795900
334800
14290000
2245000
5814000
1080000
326800
325200
323700
322200
320600
2387000
601100
316200
314700
313300
311900
310400
309000
307600
7142000
1242000
303500
302200
300900
299600
298200
297000
1927000
9645000
11470000
5308000
791700
289400
288200
287000
285800
284600
283400
3317000
697100
279900
278800
277600
276500
275400
5268000
957600
272100
271000
270000
268900
267900
266800
265800
264700
263700
262700
261700
260700
259700
258700
257800
256800
255800
254900
253900
253000
252100
251100
250200
249300
248400
36020000
5150000
245700
244800
244000
243100
242200
241400
5902000
10680000
1564000
238000
237200
236400
235600
234700
233900
233100
232300
231600
230800
230000
229200
228500
227700
227000
226200
225500
224700
224000
223200
222500
221800
221100
220400
219700
1920000
26060000
3727000
7857000
1263000
215500
214800
214200
213500
212800
212200
211500
210900
210200
209600
208900
15630000
2321000
207000
206400
205800
205200
204500
203900
203300
202700
202100
201500
200900
200400
199800
199200
198600
198000
197500
196900
196300
195800
195200
194600
194100
193500
193000
192500
191900
191400
190800
190300
189800
5611000
931900
188200
187700
187200
186700
186200
185700
185200
184700
184200
183700
183200
182700
182200
181700
181200
180800
834900
7154000
1123000
178900
178400
177900
177500
177000
176600
176100
175700
175200
174800
174300
173900
2258000
28920000
4073000
172100
171700
171300
170800
2556000
496900
169600
169100
168700
168300
167900
167500
167100
166700
166300
165900
165500
165100
164700
164300
163900
163500
163100
162700
162300
161900
161500
161200
160800
160400
160000
159700
159300
158900
29280000
26520000
3224000
36470000
9309000
729000
156400
156000
155700
155300
155000
154600
154300
153900
153600
153200
152900
152500
152200
151900
151500
151200
150900
150500
150200
149900
149500
149200
148900
148600
14550000
15800000
2022000
147300
147000
146700
146300
146000
2e+06
1718000
325900
144800
144500
144200
143900
143600
143300
143000
142700
142400
2985000
6644000
979300
141200
140900
140600
140300
140100
139800
139500
139200
138900
138600
138400
35290000
45520000
5697000
137200
137000
136700
136400
136100
135900
135600
135300
135100
6187000
964000
134300
134000
133800
5117000
816300
133000
132700
132500
132200
131900
131700
131400
1328000
383700
142900
130400
130200
666500
203200
25560000
3615000
129000
128700
2075000
395100
128000
127800
8567000
2590000
306000
126800
126600
126300
126100
125900
699500
2640000
459000
125000
124700
124500
124300
124100
9280000
1379000
123400
123200
122900
122700
2135000
28210000
3934000
5241000
18430000
2534000
121200
121000
120800
120600
120300
120100
119900
119700
119500
119300
119100
118900
118700
118500
118300
118100
117900
117700
117500
117300
117000
116900
5097000
799000
116300
116100
115900
52460000
7290000
115300
11400000
46840000
7959000
341000
114300
114100
5588000
10990000
1501000
113400
113200
113000
112800
112600
112400
112200
112100
111900
30820000
11250000
1061000
15030000
2788000
197400
110600
110400
110300
15260000
2187000
109700
109600
109400
109200
109000
108900
108700
108500
108300
20160000
2856000
107800
107700
107500
107300
107200
107000
106800
106700
106500
106300
7818000
1163000
105800
105700
105500
105300
105200
105000
104900
104700
104500
104400
104200
104100
103900
103700
103600
103400
103300
103100
103000
102800
102700
102500
102300
102200
102000
101900
101700
12790000
1841000
101300
101100
101000
100800
100700
100500
100400
100200
100100
99950
99810
99660
99520
99370
99230
99090
98940
98800
98660
98510
98370
98230
98090
97950
97810
13100000
15460000
1959000
97250
97120
96980
96840
96710
96570
96430
96300
96160
96030
95890
95760
95620
95490
95360
95230
95090
94960
94830
94700
94570
94440
94310
94180
94050
93920
93790
93660
93530
93410
93280
93150
93020
92900
92770
92650
92520
92400
92270
92150
92020
91900
91780
91650
91530
91410
91290
91170
91040
90920
90800
90680
90560
90440
90320
90200
90090
89970
89850
89730
89610
89500
89380
89260
89150
89030
88920
88800
88690
88570
88460
88340
26280000
5381000
321300
87890
87780
87660
87550
87440
87330
87220
87110
86990
86880
86770
86660
86550
86450
12920000
4625000
467000
86010
1380000
263200
85690
85580
85470
85370
85260
85160
85050
84940
84840
84730
84630
84520
84420
84320
84210
686500
166600
83900
83800
83700
2378000
5471000
778700
83290
83190
83090
82990
82890
82790
82690
82590
82490
82390
82290
82190
82090
6964000
1025000
81800
81700
81600
81510
81410
81310
81220
81120
81020
80930
19450000
17700000
2132000
80550
80450
80360
80260
10550000
1515000
79980
79890
79800
13560000
39360000
5618000
135400
79330
79240
79150
79060
3639000
32590000
9275000
737700
78610
78520
78430
78340
78250
78160
78070
77980
77890
77800
77710
6684000
5550000
26520000
3616000
77280
77190
21960000
5582000
420400
76840
84510
77730
76590
76500
76410
76330
76240
76160
76070
3733000
3912000
9406000
9418000
1486000
116200
75490
75410
75320
22660000
3170000
75070
17130000
10400000
9750000
13030000
1690000
74590
6101000
900400
74340
74260
74180
74100
74020
73940
73860
9273000
1335000
73620
73540
73470
73390
73310
73230
73150
73070
73000
72920
72840
72760
72690
2718000
435100
72450
1904000
323300
72230
72150
72070
72000
71920
6259000
1417000
37370000
5174000
71550
71470
71400
71320
2303000
1848000
272700
71030
2699000
431100
70810
70730
70660
70590
70510
70440
70370
70300
70230
70150
70080
70010
69940
69870
69800
69720
5436000
805100
69510
69440
445800
470800
2561000
613300
97770
69020
68950
68880
68810
68740
68680
68610
68540
68470
9598000
8128000
993900
68200
6317000
924600
67990
67930
67860
67790
67730
67660
67590
67520
67460
67390
67330
67260
67190
67130
67060
67000
66930
66870
66800
66730
13260000
16400000
2058000
66480
66410
66350
66280
66220
66160
66090
66030
65960
65900
65840
65770
65710
65650
65590
65520
65460
65400
65340
65270
65210
65150
65090
65030
64960
64900
64840
64780
64720
64660
64600
64530
64470
64410
64350
64290
64230
64170
64110
64050
63990
63930
63870
63810
63750
63690
5866000
858800
63520
63460
63400
63340
63280
63230
63170
63110
63050
62990
6430000
935600
62820
62760
62710
62650
62590
62530
62480
62420
62360
62310
62250
62190
62140
62080
62020
61970
61910
61860
61800
305900
3672000
551900
6150000
896000
61470
61420
61360
61310
61250
61200
61140
61090
61030
60980
60920
60870
60820
60760
60710
60650
60600
60550
60490
60440
757000
17220000
2400000
60230
60180
60130
2453000
388000
59970
59920
59860
59810
59760
59710
59650
59600
59550
59500
59450
59400
6460000
14540000
1924000
59200
59150
59090
59040
58990
58940
58890
58840
58790
58740
5057000
74590000
10180000
58550
58500
58450
58400
58350
58300
58250
58200
58150
58100
58050
58000
57950
57900
57850
57800
57760
57710
57660
57610
57560
57510
57460
57420
57370
57320
57270
57220
57180
57130
57080
57030
56990
56940
56890
56840
56800
56750
56700
56660
56610
56560
56520
56470
56420
56380
56330
56280
56240
56190
56140
56100
56050
56010
55960
55920
55870
55820
55780
55730
55690
55640
55600
55550
55510
55460
55420
55370
5057000
740800
55240
55200
55150
55110
14280000
6579000
681900
54940
25140000
3493000
54810
3597000
14230000
30240000
4179000
88110
7328000
1051000
54480
54430
17460000
2439000
54310
54270
54220
54180
54140
54090
54050
1967000
16840000
2318000
13530000
29840000
44630000
14460000
28870000
3838000
53660
53620
53580
53530
53490
53450
53410
53370
53330
53280
53240
35460000
4906000
53120
53080
53040
53000
52960
52920
3675000
549300
52800
20990000
4170000
11740000
1631000
52610
52570
52530
52490
52450
52400
52360
10600000
9709000
2248000
199000
23380000
8777000
809600
52060
52020
51980
51940
51900
2125000
336000
51790
51750
51710
51670
22280000
3099000
51560
51520
51480
51440
51400
51370
51330
51290
51250
51210
20100000
6548000
564900
51070
51030
50990
50950
5523000
3548000
427400
50800
50770
50730
50690
50650
50620
50580
50540
50500
27240000
3777000
50400
50360
50330
50290
50250
50210
12460000
1751000
50110
50070
50040
50000
49960
49930
18790000
42710000
5545000
49790
49760
49720
49690
24120000
17780000
2028000
49550
49520
49480
49450
49410
49380
49340
49300
49270
49230
49200
49160
49130
49090
49060
49020
48990
48950
48920
48880
48850
48810
48780
48740
48710
48670
48640
48600
48570
13310000
2594000
1996000
301600
36730000
13820000
1247000
48310
48280
48240
48210
1784000
1260000
181600
48080
48040
48010
47970
47940
47910
47870
47840
47810
47770
47740
47710
47670
5226000
28120000
32500000
39290000
13420000
2130000
1640000
6483000
902000
47370
47340
3406000
10910000
1473000
47210
11880000
1669000
47120
47090
7415000
2013000
178000
46960
46930
6167000
885700
46840
46800
46770
46740
46710
46680
46640
46610
46580
5479000
14400000
5429000
7280000
33190000
8588000
611900
46350
46320
46280
46250
8943000
27480000
8078000
654600
18030000
2511000
1053000
184100
45990
45960
45930
45900
45870
45840
45810
45780
45750
45720
45690
45650
45620
45590
45560
45530
45500
45470
45440
45410
45380
45350
45320
45290
45260
45230
45200
45170
45140
45110
11830000
7098000
790400
45000
44970
44940
44910
44880
44850
44820
44790
44760
12210000
1712000
44680
44650
44620
44590
44560
44540
44510
44480
44450
44420
44390
44360
44330
44310
44280
44250
44220
44190
44160
44130
44110
44080
44050
44020
43990
43960
43940
43910
43880
43850
43820
43800
43770
43740
43710
43680
43660
43630
43600
43570
12460000
1746000
43500
43470
43440
43410
43390
43360
30440000
44910000
5622000
43270
43250
43220
43190
43160
43140
4764000
21150000
13410000
3208000
26140000
14650000
1559000
42970
42950
42920
16190000
2256000
42850
42820
42790
42770
42740
2469000
58730000
8041000
42660
42630
42600
42580
17820000
2480000
42510
42480
42460
42430
42400
42380
4723000
683800
42310
42280
7068000
21190000
14240000
1609000
12760000
1785000
42140
42120
42090
42070
42040
42010
41990
41960
41940
41910
41890
41860
41840
41810
41780
41760
41730
41710
41680
41660
14450000
2016000
41590
41570
41540
41520
816100
4258000
13270000
1778000
1656000
262600
41370
41350
5875000
840800
10130000
1424000
41250
41220
41200
41170
41150
41130
41100
41080
41050
41030
41000
40980
40950
40930
40900
40880
40860
40830
40810
40780
40760
4091000
25810000
6847000
499900
40670
40650
40630
40600
40580
40550
40530
40510
40480
40460
40430
40410
40390
40360
40340
40320
40290
40270
33450000
29440000
3442000
40220
40190
40170
40150
40120
9206000
2222000
166900
40050
12010000
2065000
92830
39970
39950
39930
39900
39880
39860
39830
39810
39790
39760
39740
39720
39690
39670
39650
39630
39600
39580
39560
39530
39510
39490
39470
25590000
3541000
39420
39400
1362000
220700
39330
39310
39290
39270
39240
39220
39200
39180
39150
39130
39110
39090
39060
39040
39020
39000
38970
38950
1752000
273700
38890
224700
3683000
7901000
1822000
144800
38790
38760
38740
38720
38700
38680
38660
38630
38610
38590
38570
38550
38520
9100000
9887000
11400000
1434000
38480
38460
38440
38410
38390
38370
38350
38330
38310
38290
38260
38240
38220
38200
38180
38160
7392000
25690000
3416000
38120
38100
38070
38050
38030
38010
37990
37970
37950
37930
37910
37880
37860
37840
37820
37800
37780
37760
37740
25870000
3578000
37700
37680
37660
37640
37620
37600
37580
37560
37540
37520
37500
37480
37460
37440
37410
37390
37370
37350
37330
37310
37290
37270
37250
37230
37210
37190
37170
37150
37130
37110
37090
37070
37050
37030
37010
36990
36970
36950
36930
36910
36890
36870
36850
36830
36810
36790
36770
36750
36730
36710
36690
36670
36650
36630
36610
36600
36580
36560
36540
1743000
4382000
10300000
16130000
15240000
44450000
5877000
36500
36490
36470
36450
36430
36410
36390
36370
36350
36330
36310
36290
36270
36250
36230
36210
36200
36180
36160
36140
36120
36100
36080
36060
36040
36020
36010
35990
35970
35950
35930
15660000
6713000
657600
35890
35880
35860
35840
37650000
5192000
1144000
187700
35780
35760
35740
35730
35710
35690
35670
35650
1518000
8951000
1230000
35600
35580
35560
35540
35530
35510
35490
35470
35450
35430
35420
35400
35380
35360
13700000
35270000
8816000
1131000
106500
3482000
5346000
698500
35290
35270
35250
13010000
45030000
11750000
828800
35240
35220
35210
35190
35170
612300
1683000
833100
115000
35080
35070
35050
35030
35010
35000
34980
34960
13940000
1940000
34940
34920
34900
34880
34860
34850
34830
23740000
3283000
34810
34790
34770
34760
34740
34720
34700
34690
34670
34650
34630
34620
34600
14570000
2026000
34580
34560
34540
6036000
1440000
5308000
1057000
10850000
1511000
34470
34450
34440
34420
621800
5250000
1728000
170100
34350
34330
34310
34290
34280
34260
3602000
3266000
410100
34210
34190
34170
7084000
1e+06
34130
446200
90590
34080
34070
34050
34030
34020
34000
33980
33970
33950
33930
3235000
472600
33890
17510000
2429000
33870
33860
33840
33820
33810
10250000
1434000
6886000
1866000
2545000
5403000
32310000
11720000
1042000
33750
33730
33710
33700
33680
33660
33650
33630
33610
33600
33580
33560
33550
33530
33520
33500
33480
33470
33450
33430
33420
33400
33380
33370
33350
33340
33320
33300
33290
33270
33260
33240
33220
33210
6994000
987300
33170
33160
33140
33120
33110
526000
7777000
1085000
33060
33050
33030
6718000
949200
33000
1565000
243000
32950
32940
32920
32900
32890
32870
32860
32840
32820
32810
32790
32780
32760
32750
32730
32710
32700
32680
32670
12520000
10580000
12020000
1509000
32650
32640
32620
32610
32590
32580
32560
32550
32530
32520
32500
32480
32470
32450
32440
32420
32410
32390
32380
32360
32350
32330
32320
2865000
420600
32280
32260
32250
32230
32220
32200
32180
32170
32150
32140
9062000
1270000
32110
32100
32080
32070
32050
8467000
15350000
7389000
774400
32030
5491000
4329000
518400
31990
31980
31960
31950
31930
31920
31900
31890
31870
31860
31840
31830
31810
31800
31780
31770
31750
31740
31720
31710
31690
31680
31670
31650
31640
31620
31610
31590
31580
31560
2771000
16810000
2488000
60080
14370000
4735000
854100
9536000
16600000
61950000
8782000
107100
31540
31530
31510
31500
5050000
719300
31460
31450
31440
31420
31410
31390
31380
31360
31350
31340
31320
31310
31290
31280
31260
10480000
4912000
1946000
228900
9501000
38990000
25820000
2918000
221900
19520000
16540000
1929000
21310000
11470000
1199000
31290
31280
31260
31250
31230
31220
31210
49240000
6776000
31210
31200
31180
31170
31150
31140
31120
31110
31100
31080
6693000
37450000
5706000
123000
31070
31060
31040
31030
31010
31000
30990
30970
30960
30940
2608000
384200
12770000
4474000
3701000
483300
30890
9360000
6144000
36910000
25680000
17900000
2092000
10650000
30490000
4372000
21640000
