810800
795900
779000
762500
746700
731500
717000
703000
689500
676600
664100
652100
640500
629400
618600
608100
605300
1115000
1269000
1254000
1214000
1206000
1539000
1549000
1935000
5291000
5136000
4529000
3997000
3612000
3844000
3621000
3322000
3452000
3313000
3752000
8696000
12560000
9826000
7574000
6159000
5628000
4897000
4383000
5503000
5055000
5069000
4523000
4007000
3588000
3250000
2972000
2743000
2647000
2480000
2319000
2175000
2049000
1937000
1836000
1746000
1671000
1868000
1822000
1739000
1658000
1584000
1517000
1455000
1398000
1374000
1691000
2178000
2353000
2253000
2122000
2002000
1895000
1799000
1712000
1636000
1652000
1594000
1528000
1465000
1407000
1354000
1307000
1423000
1397000
1348000
1299000
1253000
1211000
1171000
1134000
1099000
1067000
1036000
1007000
979200
953200
928600
905200
882900
861800
841600
822400
804000
786400
769600
753500
738100
723200
718300
1342000
1405000
1366000
1316000
1269000
1225000
1185000
1148000
1201000
1512000
1512000
1457000
1400000
1347000
1298000
1253000
1210000
1171000
1134000
1099000
1066000
1036000
1006000
979000
953000
928400
905000
882800
861600
841400
822200
803800
786300
769500
753400
737900
729600
1139000
1182000
1403000
1395000
1348000
1299000
1253000
1211000
1171000
1134000
1099000
1066000
1036000
1007000
984700
1251000
1260000
1224000
1183000
1145000
1110000
1077000
1045000
1016000
987600
961200
936100
912300
889700
868200
847800
828300
809600
791800
774800
758400
742800
727800
713400
699500
686200
673400
661000
649100
637700
626600
615900
605600
595600
585900
576500
567500
558700
550200
541900
533900
526100
518600
511300
504100
497200
490400
483900
477500
471300
465200
459300
453500
447900
442400
437100
431900
426800
421800
416900
412200
407500
403000
398600
394200
390000
388100
663900
701300
694200
681100
668400
656300
644500
633200
622300
611700
601600
591700
582100
572900
564000
555300
546900
538700
530800
523100
515700
508400
501300
494500
487800
481300
475000
468800
462800
457000
451300
445700
440300
435000
429800
426500
645000
1226000
1359000
3465000
3895000
3613000
3280000
2997000
2759000
2558000
2384000
2233000
2100000
1982000
1877000
1782000
1697000
1620000
1549000
1485000
1425000
1371000
1320000
1273000
1229000
1188000
1150000
1114000
1081000
1051000
1144000
1615000
1633000
1572000
1505000
1444000
1388000
1337000
1328000
1331000
1292000
1248000
1206000
1167000
1130000
1095000
1063000
1032000
1003000
977100
997300
1145000
1141000
1109000
1076000
1045000
1015000
987100
960700
935600
911900
889300
867800
877600
2417000
7102000
6601000
5596000
4793000
4199000
3740000
3374000
3074000
2825000
2614000
2447000
2644000
2522000
2361000
2213000
2091000
2236000
2149000
2032000
1921000
1823000
1734000
1653000
1579000
1514000
1492000
1442000
1388000
1336000
1288000
1260000
1252000
2369000
2420000
2289000
2152000
2127000
2024000
1917000
1829000
2163000
2182000
2077000
1963000
1860000
1767000
1684000
1608000
1564000
1598000
1547000
1484000
1425000
1370000
1320000
1280000
1557000
1548000
1491000
1431000
1376000
1326000
1385000
2801000
2857000
3116000
4591000
4342000
3889000
3494000
3173000
2908000
2684000
2493000
2328000
2183000
2056000
1943000
1842000
1751000
1669000
1594000
1526000
1463000
1405000
1352000
1303000
1257000
1214000
1175000
1161000
1129000
1095000
1063000
1144000
4413000
4447000
4063000
5634000
15440000
12120000
8912000
6942000
5768000
5654000
6364000
5605000
4833000
4229000
3764000
3393000
3090000
2838000
2625000
2442000
2383000
4659000
5337000
4928000
6273000
5704000
4933000
4306000
3824000
3507000
4567000
4269000
3826000
3443000
3132000
2873000
2655000
2468000
2306000
2164000
2073000
2907000
2849000
2656000
2468000
2306000
2165000
2040000
1928000
1829000
1739000
1658000
1589000
1682000
1635000
1567000
1500000
1440000
1384000
1332000
1284000
1240000
1198000
1160000
1123000
1089000
1057000
1027000
998100
971100
945500
921200
898200
876300
855500
835600
816600
798500
781200
764600
748700
733400
718800
704700
691200
678200
665700
653600
642000
630800
619900
609500
599300
589500
580100
570900
562000
553400
545100
536900
529100
521400
514000
506800
499800
493000
486400
479900
473600
468700
626900
645300
637600
626600
615900
605500
595500
585900
576500
567500
558700
550200
541900
533900
526100
518600
511200
504100
497200
490400
483900
477500
471200
465200
459300
453500
447900
442400
437100
431900
426800
421800
416900
412200
407500
403000
398600
394200
390000
385800
381700
377800
373900
370000
366300
362600
359000
355500
352100
348700
345300
342100
338900
335700
332700
329600
326700
323700
320900
318100
315300
312600
309900
307300
304700
302100
299600
297200
294800
292400
290000
287700
285500
283500
331500
352700
353200
350100
346700
343500
340200
337100
334000
330900
327900
325000
322100
319200
316500
313700
311200
352600
384000
385700
382300
388100
385700
381900
377900
374000
370200
366400
362700
359100
355600
352200
348800
345400
342200
339000
335800
332800
329700
326800
323800
321000
318100
315500
334800
335600
333000
330000
327000
324100
321200
318400
315600
312900
310200
307600
305000
302500
300100
336300
340100
337800
334700
331600
328600
325600
322700
319900
317100
314300
312700
505000
794000
827400
814700
796600
779400
765900
980900
995700
974000
948300
930800
1372000
3740000
3814000
3490000
3171000
2906000
2683000
2501000
2712000
5873000
6241000
5449000
4704000
4131000
3686000
3330000
3039000
2795000
2588000
2410000
2256000
2120000
2009000
2224000
2508000
4673000
4499000
4024000
3742000
5898000
5783000
5047000
4399000
3896000
3500000
3178000
2912000
2688000
2496000
2330000
2186000
2062000
2117000
2226000
2691000
3197000
3068000
2837000
2624000
2442000
2357000
3943000
3834000
3580000
5066000
5814000
6539000
7615000
6539000
5554000
5512000
4870000
4275000
3799000
3422000
3114000
2858000
2642000
2478000
2891000
2772000
2581000
2404000
2251000
2116000
1996000
1889000
1794000
1707000
1629000
1558000
1493000
1433000
1378000
1382000
1340000
1294000
1306000
1270000
1228000
1187000
1149000
1114000
1083000
1220000
1294000
3365000
3423000
3160000
2897000
2675000
2490000
2430000
2377000
2244000
2115000
2128000
2030000
1923000
1824000
1735000
1654000
1581000
1513000
1452000
1395000
1342000
1294000
1249000
1206000
1167000
1130000
1096000
1064000
1054000
1028000
999600
972500
946900
924700
960300
950700
928400
905200
882900
861700
841600
822300
804000
786400
769600
754500
824800
979200
983100
963700
1095000
1091000
1062000
1031000
1003000
975300
949500
925100
901800
879800
858800
838700
819600
801400
783900
767200
751200
735800
721100
707000
693400
680900
716100
1043000
1073000
1049000
1019000
991100
964500
939300
915300
892600
871000
850400
830700
812000
794100
776900
760500
744800
729700
715200
701300
687900
675000
662600
650700
639100
628000
617300
606900
596800
587100
577700
568600
559800
551300
543000
534900
527100
519600
512200
505000
498100
491300
484700
478300
472100
466000
460000
454300
448600
443100
437800
432500
427400
422400
417600
412800
408100
403600
399100
394800
390500
386400
382300
378300
374400
370500
366800
363100
359500
356000
352500
349100
345800
342500
339300
336100
333100
330000
327000
324100
321200
318400
315600
312900
310200
307600
305000
302500
3e+05
297500
295100
292700
290400
288100
285800
283500
281300
279200
277000
274900
272900
270800
268800
266900
264900
263000
261500
346000
358100
356500
353000
349700
359400
358200
355000
351600
348200
344900
341600
338400
335300
332200
329200
326200
323300
320500
318300
450200
468500
465600
459600
453900
448200
442800
437400
432200
427100
422100
417200
498900
3495000
3665000
3376000
3076000
2826000
2615000
2433000
2276000
2138000
2016000
1907000
1810000
1722000
1642000
1570000
1503000
1443000
1387000
1335000
1287000
1242000
1200000
1161000
1125000
1091000
1058000
1028000
999400
972300
946700
922400
899300
877300
856400
836500
817500
799300
782000
765300
749400
734100
719500
705400
691900
678800
666300
654200
642500
631300
620400
609900
599800
590000
580500
571300
562400
553800
545400
537300
529400
521800
514400
507200
500100
493300
486700
480200
473900
467800
461800
456000
450300
444800
439400
434100
429600
516000
591800
596200
596000
1151000
1214000
1188000
1272000
1865000
3920000
3901000
3587000
3897000
3615000
3287000
3076000
4404000
4174000
3755000
3386000
3085000
2834000
2621000
2439000
2285000
2281000
3303000
3278000
4536000
9956000
22720000
18830000
22740000
14100000
9589000
7283000
5944000
5042000
4386000
3886000
3492000
3171000
2906000
2683000
2671000
6051000
5707000
4951000
4318000
3833000
3449000
3137000
2886000
2909000
2728000
2612000
4167000
4210000
5082000
4646000
4116000
3674000
3321000
3030000
2788000
2582000
2430000
2962000
3508000
3405000
3258000
5453000
5849000
5164000
4495000
3971000
3559000
3227000
2957000
2838000
2645000
2462000
2301000
2160000
2092000
3467000
3408000
3136000
2876000
2657000
2470000
2308000
2166000
2041000
1929000
1830000
1774000
2747000
3002000
2835000
2629000
2445000
2286000
2156000
2284000
2344000
2231000
2102000
1984000
1879000
1784000
1699000
1621000
1551000
1486000
1467000
2705000
2734000
2564000
2389000
2237000
2104000
1986000
1899000
2391000
2342000
2209000
2079000
1963000
1860000
1767000
1710000
2756000
7569000
6936000
5826000
4958000
4323000
3991000
6709000
8668000
7341000
6048000
5114000
4440000
3928000
3525000
3199000
2929000
2703000
2509000
2342000
2196000
2067000
1953000
1851000
1759000
1676000
1600000
1531000
1468000
1410000
1357000
1307000
1261000
1218000
1178000
1140000
1105000
1072000
1043000
1092000
1095000
1120000
1144000
2983000
3817000
3609000
3284000
3e+06
2763000
2560000
2386000
2235000
2102000
1984000
1878000
1784000
1698000
1621000
1550000
1486000
1426000
1371000
1321000
1274000
1230000
1189000
1182000
2456000
5870000
13450000
12920000
9852000
7923000
7442000
6254000
5284000
4579000
4386000
5106000
4649000
4181000
4949000
4534000
4029000
3638000
3900000
3697000
3368000
3072000
6839000
3390000
2586000
2332000
2187000
2059000
1946000
1845000
1753000
1671000
1596000
1527000
1480000
2004000
2202000
2681000
5925000
6189000
5397000
4663000
4100000
3662000
3349000
3991000
7280000
7293000
6393000
8379000
7180000
6085000
5166000
4482000
3961000
3551000
3220000
2947000
2717000
2522000
2353000
2205000
2075000
1960000
1857000
1765000
1681000
1605000
1536000
1473000
1414000
1360000
1310000
1264000
1221000
1181000
1143000
1108000
1074000
1043000
1014000
985800
959400
934500
917300
895600
874000
853200
833500
814600
796600
779300
762800
747000
733800
890400
899300
881100
860000
840000
820800
802500
785000
768200
752200
736800
722000
707800
694200
681100
668500
656300
644600
633200
622300
611800
601600
591700
582200
572900
564000
555300
546900
538700
530800
523100
515700
508400
501400
494500
487800
481300
475000
468900
462800
457000
451800
520200
526000
520100
512700
505500
498600
491800
493000
1186000
3711000
3771000
3452000
3139000
2879000
2660000
2472000
2321000
2513000
4125000
5197000
5248000
9006000
10110000
8163000
6559000
5466000
4826000
6314000
5669000
4894000
4275000
3800000
3422000
3120000
3791000
14630000
11380000
8478000
6676000
5545000
4895000
6666000
5961000
5109000
4436000
3925000
3523000
3197000
2939000
3042000
2857000
2648000
2479000
2842000
4654000
5882000
5413000
6432000
5694000
4904000
4283000
3806000
3427000
3118000
2862000
2645000
2460000
2299000
2158000
2033000
1923000
1824000
1735000
1654000
1580000
1513000
1452000
1395000
1356000
1806000
1807000
1730000
1650000
1577000
1511000
1471000
1588000
2154000
2142000
2118000
2013000
1907000
1816000
2003000
1963000
2416000
2358000
2222000
2090000
1973000
1869000
1776000
1691000
1614000
1544000
1480000
1421000
1367000
1316000
1269000
1226000
1185000
1147000
1112000
1078000
1047000
1017000
989800
1021000
1962000
2207000
2130000
2013000
1904000
1807000
1720000
1640000
1568000
1502000
1441000
1385000
1333000
1285000
1241000
1199000
1160000
1124000
1090000
1058000
1057000
2313000
4544000
4401000
3945000
3539000
3210000
2939000
2728000
3034000
2948000
2742000
2576000
3252000
3152000
2915000
2691000
2499000
2333000
2188000
2060000
1947000
1845000
1754000
1671000
1596000
1528000
1465000
1407000
1354000
1304000
1258000
1216000
1176000
1138000
1103000
1070000
1039000
1016000
1348000
1362000
1320000
1274000
1260000
1222000
1183000
1145000
1109000
1076000
1045000
1015000
987200
960800
935700
912000
889400
867900
847500
828000
809300
791500
774500
758200
742600
727600
713200
699300
687100
754500
768500
757000
741700
726800
712400
698600
685300
672500
660200
648300
636900
625800
615200
604800
595000
602500
750000
996900
1015000
992200
965500
940200
916300
893500
871800
851200
831500
812700
794800
777600
761100
745400
730300
715800
701800
695200
1136000
1181000
1153000
1117000
1083000
1052000
1022000
993400
966700
941300
917300
894500
872700
852100
832300
813500
795500
778300
761900
746100
735300
1028000
1053000
1030000
1001000
974100
948300
923900
900800
878800
857800
837800
818700
800500
783100
766400
750500
735100
720400
706300
692700
679700
667100
655000
643300
632000
621100
610600
600500
590600
581100
571900
563000
554400
546000
537900
530000
522300
514900
507600
500600
493800
487100
480600
474300
468200
462200
456400
450700
445100
439700
434400
429300
424200
419300
414500
409800
405200
400800
396400
392100
387900
383800
380000
424700
639400
1014000
3257000
3355000
3106000
2852000
2636000
2452000
2292000
2152000
2028000
1918000
1820000
1731000
1651000
1577000
1510000
1449000
1392000
1340000
1292000
1247000
1205000
1165000
1129000
1094000
1062000
1031000
1002000
975200
949400
924900
901700
879700
861500
1020000
1151000
1142000
1110000
1076000
1045000
1065000
2814000
2909000
2800000
2606000
2427000
2271000
2133000
2012000
1903000
1806000
1719000
1641000
1616000
1945000
1914000
1824000
1735000
1654000
1581000
1514000
1452000
1395000
1343000
1294000
1249000
1207000
1167000
1130000
1105000
1603000
3908000
4341000
4030000
3643000
3613000
3751000
3466000
3160000
2897000
2717000
4018000
11360000
10850000
8441000
6700000
5562000
4768000
4180000
3727000
3395000
3221000
3014000
2785000
2581000
2404000
2250000
2115000
1995000
1889000
1793000
1728000
2340000
2315000
2188000
2060000
1947000
1845000
1754000
1671000
1638000
2878000
2885000
2693000
2501000
2335000
2190000
2062000
1948000
1846000
1755000
1672000
1597000
1529000
1466000
1423000
1943000
1943000
1855000
1763000
1686000
1871000
1857000
2030000
2002000
2512000
2452000
2305000
2164000
2039000
1928000
1855000
2017000
2003000
1911000
1814000
1726000
1646000
1573000
1506000
1448000
1489000
1550000
1506000
1448000
1391000
1345000
1534000
1513000
1457000
1410000
1358000
1309000
1262000
1219000
1179000
1142000
1106000
1073000
1042000
1013000
986000
1012000
994100
979500
1500000
1535000
1484000
1424000
1370000
1319000
1279000
1537000
1536000
1765000
1775000
1817000
2098000
4695000
5482000
4931000
4325000
3838000
3453000
3140000
2880000
2660000
2473000
2310000
2168000
2042000
1931000
1831000
1741000
1660000
1586000
1518000
1456000
1399000
1346000
1297000
1252000
1210000
1170000
1133000
1098000
1066000
1035000
1006000
978400
952400
927800
904500
882300
861100
841000
821800
803400
785900
769100
753000
737600
723100
734100
723900
710200
696500
684500
766200
767000
753400
756600
744400
729700
715200
701300
687900
675100
662700
650700
639200
628000
617300
606900
596900
587200
577800
568700
559800
551300
543000
535000
536000
671100
910400
931200
912700
890100
868600
848100
828600
809900
792100
775000
758700
743000
728000
713600
699700
686400
673600
661200
649300
637900
626800
616100
605700
595700
586100
576700
567600
558800
550300
542100
534100
526300
518700
511400
504200
497300
490600
484000
477600
471400
465300
459400
453600
448300
487400
714800
855200
860500
844200
938300
1024000
1014000
988200
961700
936600
912800
890200
868700
848200
828700
810000
792200
775100
758800
743100
728100
713700
699800
686500
673700
661300
649400
637900
626800
616100
605800
595800
586100
576700
567700
558900
550400
542900
630500
640100
634800
915800
1014000
1022000
1293000
2443000
10840000
9412000
7431000
6042000
5110000
4437000
3947000
3940000
3607000
3275000
2993000
2756000
2555000
2381000
2230000
2098000
1980000
1875000
1781000
1696000
1619000
1548000
1484000
1432000
1645000
1770000
1783000
1724000
2284000
6214000
9804000
8241000
6936000
9581000
11150000
9281000
12390000
11810000
9023000
7060000
5800000
4939000
4309000
3826000
3443000
3650000
11200000
9425000
7406000
6023000
5097000
4427000
3918000
3517000
3192000
2924000
2698000
2520000
2985000
7219000
6741000
5707000
4875000
4261000
3789000
3413000
3107000
2852000
2637000
2453000
2293000
2156000
2140000
2064000
2719000
2853000
2923000
2743000
2572000
3060000
3624000
8915000
13460000
14670000
10900000
11370000
17640000
13140000
