1318000
1318000
1310000
1300000
1291000
1282000
1273000
1264000
1255000
1247000
1238000
1230000
1221000
1213000
1205000
1197000
1189000
1373000
1406000
1398000
1387000
1383000
1458000
1455000
1502000
1876000
1895000
1875000
1856000
1837000
1889000
1884000
1865000
1901000
1898000
1933000
2334000
2636000
2627000
2590000
2553000
2566000
2535000
2500000
2670000
2651000
2696000
2664000
2625000
2588000
2551000
2516000
2481000
2477000
2446000
2414000
2382000
2351000
2321000
2291000
2263000
2235000
2295000
2276000
2247000
2220000
2193000
2166000
2141000
2116000
2112000
2201000
2312000
2344000
2319000
2290000
2261000
2233000
2206000
2179000
2153000
2166000
2144000
2119000
2094000
2070000
2047000
2024000
2059000
2042000
2019000
1997000
1975000
1954000
1933000
1912000
1892000
1873000
1854000
1835000
1816000
1798000
1781000
1763000
1746000
1730000
1713000
1697000
1681000
1666000
1651000
1636000
1621000
1607000
1593000
1944000
1960000
1939000
1918000
1898000
1879000
1859000
1840000
1883000
1976000
1965000
1944000
1924000
1903000
1883000
1864000
1845000
1826000
1808000
1790000
1773000
1756000
1739000
1722000
1706000
1690000
1674000
1659000
1644000
1629000
1615000
1600000
1586000
1573000
1559000
1546000
1551000
1783000
1790000
1851000
1840000
1822000
1804000
1786000
1768000
1751000
1734000
1718000
1702000
1686000
1670000
1655000
1794000
1792000
1774000
1757000
1740000
1723000
1707000
1691000
1676000
1660000
1645000
1630000
1616000
1601000
1587000
1574000
1560000
1547000
1534000
1521000
1508000
1496000
1483000
1471000
1460000
1448000
1436000
1425000
1414000
1403000
1392000
1382000
1371000
1407000
1400000
1390000
1379000
1369000
1358000
1348000
1338000
1329000
1319000
1309000
1300000
1291000
1282000
1273000
1264000
1255000
1246000
1246000
1288000
1284000
1275000
1266000
1257000
1248000
1240000
1231000
1223000
1215000
1207000
1199000
1191000
1183000
1192000
1396000
1406000
1396000
1385000
1374000
1364000
1374000
1366000
1355000
1345000
1335000
1326000
1316000
1307000
1297000
1288000
1279000
1270000
1261000
1252000
1244000
1235000
1227000
1219000
1211000
1203000
1195000
1187000
1179000
1171000
1164000
1157000
1149000
1142000
1135000
1131000
1328000
1522000
1528000
1865000
1927000
1911000
1891000
1871000
1852000
1833000
1815000
1797000
1779000
1762000
1745000
1728000
1712000
1696000
1680000
1665000
1650000
1635000
1620000
1606000
1592000
1578000
1564000
1551000
1538000
1525000
1646000
1778000
1774000
1757000
1740000
1723000
1707000
1691000
1694000
1693000
1678000
1663000
1648000
1633000
1618000
1604000
1590000
1576000
1562000
1549000
1561000
1606000
1597000
1583000
1569000
1556000
1543000
1530000
1517000
1504000
1492000
1480000
1468000
1456000
1767000
2249000
2268000
2240000
2213000
2186000
2160000
2134000
2109000
2085000
2061000
2038000
2086000
2070000
2046000
2023000
2001000
2036000
2019000
1997000
1975000
1954000
1933000
1912000
1892000
1873000
1866000
1849000
1831000
1812000
1794000
1782000
1765000
2022000
2027000
2005000
1983000
1983000
1964000
1943000
1922000
1995000
1998000
1977000
1956000
1935000
1915000
1894000
1875000
1862000
1869000
1852000
1834000
1815000
1797000
1780000
1762000
1839000
1830000
1811000
1793000
1776000
1759000
1762000
2048000
2055000
2092000
2293000
2287000
2258000
2230000
2203000
2177000
2151000
2125000
2101000
2077000
2053000
2030000
2007000
1985000
1964000
1943000
1922000
1902000
1882000
1863000
1844000
1825000
1807000
1789000
1825000
1812000
1794000
1777000
1759000
2355000
2386000
2355000
2479000
3189000
3237000
3183000
3128000
3075000
3119000
3258000
3219000
3162000
3108000
3055000
3004000
2955000
2907000
2861000
2816000
2773000
3259000
3385000
3336000
3565000
3538000
3471000
3406000
3342000
3282000
3515000
3477000
3411000
3348000
3286000
3228000
3171000
3116000
3063000
3012000
2963000
3273000
3251000
3193000
3138000
3084000
3032000
2982000
2933000
2887000
2841000
2797000
2754000
2838000
2806000
2763000
2722000
2681000
2642000
2604000
2567000
2531000
2496000
2462000
2429000
2397000
2365000
2335000
2305000
2276000
2248000
2220000
2193000
2167000
2141000
2116000
2092000
2068000
2044000
2021000
1999000
1977000
2112000
2103000
2079000
2056000
2032000
2010000
1988000
1966000
1945000
1924000
1904000
1884000
1865000
1846000
1827000
1809000
1791000
1773000
1756000
1739000
1723000
1707000
1691000
1675000
1660000
1645000
1630000
1744000
1881000
1875000
1856000
1837000
1819000
1801000
1783000
1766000
1749000
1732000
1715000
1699000
1683000
1668000
1653000
1638000
1623000
1609000
1595000
1581000
1567000
1553000
1540000
1527000
1515000
1502000
1490000
1477000
1466000
1454000
1442000
1431000
1420000
1409000
1398000
1387000
1376000
1366000
1356000
1346000
1336000
1326000
1316000
1307000
1298000
1288000
1279000
1270000
1261000
1253000
1244000
1236000
1227000
1219000
1211000
1203000
1195000
1187000
1179000
1172000
1164000
1157000
1149000
1142000
1135000
1128000
1121000
1114000
1107000
1101000
1094000
1087000
1081000
1075000
1246000
1268000
1260000
1251000
1243000
1234000
1226000
1218000
1210000
1202000
1194000
1186000
1178000
1171000
1163000
1156000
1148000
1231000
1251000
1244000
1236000
1237000
1229000
1221000
1213000
1205000
1197000
1189000
1181000
1174000
1166000
1159000
1151000
1144000
1137000
1130000
1123000
1116000
1115000
1108000
1102000
1095000
1088000
1096000
1123000
1120000
1113000
1106000
1099000
1093000
1086000
1080000
1073000
1067000
1061000
1055000
1048000
1042000
1036000
1072000
1070000
1064000
1058000
1052000
1046000
1040000
1034000
1028000
1022000
1016000
1011000
1123000
1229000
1231000
1222000
1214000
1206000
1198000
1263000
1262000
1253000
1245000
1236000
1326000
1643000
1665000
1650000
1635000
1620000
1606000
1592000
1610000
1921000
1987000
1970000
1949000
1928000
1908000
1888000
1869000
1850000
1831000
1813000
1795000
1777000
1760000
1810000
1846000
2123000
2128000
2103000
2079000
2329000
2360000
2333000
2303000
2274000
2246000
2219000
2192000
2165000
2140000
2115000
2090000
2066000
2086000
2107000
2194000
2282000
2268000
2240000
2212000
2186000
2160000
2428000
2425000
2393000
2603000
2711000
2817000
2980000
2951000
2904000
2957000
2920000
2873000
2828000
2785000
2742000
2701000
2661000
2623000
2724000
2698000
2658000
2620000
2582000
2546000
2511000
2476000
2443000
2410000
2378000
2347000
2317000
2288000
2259000
2266000
2242000
2214000
2210000
2186000
2160000
2134000
2109000
2085000
2061000
2111000
2100000
2570000
2584000
2548000
2512000
2478000
2444000
2443000
2434000
2403000
2372000
2376000
2349000
2319000
2290000
2261000
2233000
2206000
2179000
2153000
2128000
2103000
2079000
2055000
2032000
2010000
1988000
1966000
1945000
1987000
1971000
1950000
1929000
1914000
1898000
1905000
1890000
1870000
1851000
1833000
1814000
1796000
1779000
1761000
1744000
1728000
1711000
1793000
1855000
1843000
1825000
1872000
1860000
1841000
1822000
1804000
1786000
1769000
1752000
1735000
1718000
1702000
1686000
1671000
1655000
1640000
1626000
1611000
1597000
1583000
1569000
1556000
1543000
1654000
1794000
1791000
1773000
1756000
1739000
1722000
1706000
1690000
1675000
1659000
1644000
1629000
1615000
1601000
1587000
1573000
1559000
1546000
1533000
1520000
1507000
1495000
1483000
1471000
1459000
1447000
1436000
1424000
1413000
1402000
1392000
1381000
1371000
1360000
1350000
1340000
1330000
1321000
1311000
1302000
1292000
1283000
1274000
1265000
1257000
1248000
1239000
1231000
1269000
1265000
1256000
1247000
1239000
1230000
1222000
1214000
1206000
1198000
1190000
1182000
1220000
1217000
1209000
1201000
1193000
1185000
1177000
1170000
1162000
1155000
1147000
1140000
1133000
1126000
1119000
1112000
1106000
1099000
1092000
1086000
1079000
1078000
1094000
1090000
1121000
1118000
1112000
1105000
1098000
1092000
1085000
1079000
1072000
1066000
1060000
1053000
1047000
1041000
1035000
1030000
1024000
1018000
1012000
1007000
1001000
995600
995700
1092000
1096000
1089000
1083000
1076000
1085000
1080000
1074000
1067000
1061000
1055000
1049000
1043000
1037000
1031000
1025000
1019000
1014000
1008000
1042000
1124000
1125000
1118000
1111000
1105000
1098000
1091000
1085000
1078000
1072000
1066000
1060000
1086000
1659000
1702000
1686000
1670000
1655000
1640000
1625000
1611000
1597000
1583000
1569000
1556000
1542000
1529000
1516000
1504000
1491000
1479000
1467000
1456000
1444000
1433000
1421000
1410000
1399000
1389000
1378000
1368000
1357000
1347000
1337000
1328000
1318000
1308000
1299000
1290000
1281000
1272000
1263000
1254000
1245000
1237000
1229000
1220000
1212000
1204000
1196000
1188000
1181000
1173000
1165000
1158000
1151000
1143000
1136000
1129000
1122000
1115000
1108000
1102000
1095000
1088000
1082000
1076000
1069000
1063000
1057000
1051000
1045000
1039000
1065000
1063000
1056000
1050000
1044000
1038000
1120000
1151000
1147000
1140000
1307000
1315000
1306000
1323000
1423000
1672000
1685000
1669000
1724000
1715000
1699000
1683000
1841000
1840000
1822000
1804000
1786000
1768000
1751000
1735000
1718000
1721000
1875000
1873000
2001000
2340000
2962000
3129000
3619000
3601000
3531000
3463000
3398000
3335000
3274000
3216000
3159000
3105000
3052000
3002000
2953000
3559000
3556000
3487000
3421000
3357000
3296000
3236000
3179000
3189000
3141000
3087000
3420000
3419000
3585000
3538000
3470000
3404000
3341000
3280000
3222000
3165000
3111000
3248000
3363000
3337000
3278000
3678000
3767000
3702000
3627000
3556000
3487000
3421000
3357000
3335000
3279000
3220000
3163000
3109000
3056000
3412000
3390000
3328000
3267000
3209000
3153000
3099000
3046000
2996000
2947000
2900000
2854000
3151000
3199000
3150000
3096000
3044000
2993000
2944000
2990000
2997000
2952000
2905000
2859000
2814000
2771000
2729000
2689000
2649000
2611000
2574000
2966000
2962000
2914000
2868000
2823000
2779000
2737000
2696000
2853000
2828000
2784000
2742000
2701000
2661000
2623000
2585000
2839000
3554000
3558000
3489000
3423000
3359000
3298000
3716000
4005000
3950000
3865000
3784000
3706000
3631000
3559000
3490000
3424000
3360000
3299000
3239000
3182000
3127000
3074000
3022000
2972000
2924000
2878000
2833000
2789000
2746000
2705000
2665000
2626000
2589000
2552000
2517000
2482000
2448000
2416000
2576000
2570000
2562000
2529000
3077000
3242000
3200000
3144000
3090000
3038000
2988000
2971000
2943000
2897000
2851000
2807000
2764000
2722000
2682000
2643000
2605000
2568000
2532000
2497000
2463000
2429000
2397000
2440000
2824000
3324000
4057000
4243000
4187000
4128000
4185000
4104000
4013000
3925000
3916000
4074000
4008000
3920000
4105000
4040000
3952000
3867000
3948000
3901000
3820000
3741000
3665000
3720000
3658000
3585000
3515000
3448000
3383000
3321000
3260000
3203000
3147000
3093000
3142000
3348000
3379000
3453000
4090000
4165000
4080000
3990000
3903000
3820000
3741000
3855000
4406000
4474000
4376000
4733000
4658000
4567000
4456000
4348000
4245000
4147000
4054000
3965000
3879000
3797000
3719000
3644000
3571000
3502000
3435000
3371000
3309000
3249000
3192000
3136000
3083000
3031000
2981000
2932000
2885000
2840000
2796000
2753000
2712000
2672000
2633000
2595000
2558000
2708000
2771000
2737000
2696000
2657000
2618000
2581000
2544000
2509000
2475000
2441000
2409000
2551000
2533000
2498000
2464000
2431000
2399000
2367000
2337000
2307000
2278000
2249000
2222000
2195000
2168000
2143000
2118000
2093000
2069000
2046000
2023000
2001000
1979000
1957000
1936000
1916000
1896000
1876000
1857000
1838000
1819000
1801000
1784000
1766000
1749000
1732000
1716000
1700000
1684000
1669000
1653000
1638000
1624000
1730000
1726000
1710000
1694000
1678000
1663000
1648000
1633000
1926000
2446000
2465000
2431000
2399000
2368000
2337000
2307000
2278000
2311000
2572000
2723000
2725000
3115000
3307000
3268000
3210000
3154000
3100000
3341000
3310000
3250000
3193000
3137000
3084000
3032000
3023000
4167000
4192000
4096000
4005000
3918000
3835000
4155000
4102000
4010000
3923000
3839000
3759000
3682000
3608000
3633000
3571000
3502000
3435000
3508000
3877000
4096000
4030000
4238000
4170000
4076000
3986000
3899000
3816000
3737000
3661000
3588000
3518000
3451000
3386000
3323000
3263000
3205000
3149000
3095000
3043000
2993000
2944000
2896000
2851000
3049000
3022000
2973000
2924000
2878000
2833000
2802000
2825000
2997000
2969000
2948000
2904000
2858000
2813000
2864000
2828000
2949000
2919000
2872000
2827000
2784000
2741000
2700000
2661000
2622000
2584000
2548000
2512000
2478000
2444000
2412000
2380000
2349000
2319000
2290000
2261000
2233000
2206000
2179000
2205000
2523000
2571000
2540000
2504000
2470000
2437000
2404000
2373000
2342000
2312000
2283000
2254000
2227000
2200000
2173000
2147000
2122000
2098000
2074000
2050000
2027000
2431000
2814000
2808000
2765000
2723000
2683000
2644000
2606000
2708000
2697000
2658000
2620000
2765000
2748000
2707000
2667000
2628000
2590000
2554000
2518000
2484000
2450000
2417000
2385000
2354000
2324000
2294000
2266000
2238000
2210000
2184000
2157000
2132000
2107000
2083000
2059000
2036000
2013000
2312000
2316000
2286000
2258000
2247000
2221000
2194000
2168000
2142000
2117000
2093000
2069000
2045000
2023000
2e+06
1978000
1957000
1936000
1916000
1895000
1876000
1857000
1838000
1819000
1824000
1808000
1790000
1775000
1794000
1857000
1854000
1836000
1818000
1800000
1782000
1764000
1747000
1731000
1714000
1698000
1682000
1667000
1652000
1637000
1622000
1697000
1775000
1872000
1864000
1845000
1826000
1808000
1790000
1772000
1755000
1738000
1722000
1706000
1690000
1674000
1659000
1644000
1629000
1614000
1600000
1659000
1902000
1907000
1888000
1868000
1849000
1830000
1812000
1794000
1776000
1759000
1742000
1726000
1709000
1693000
1678000
1662000
1647000
1632000
1618000
1603000
1589000
1832000
1839000
1821000
1803000
1785000
1768000
1750000
1734000
1717000
1701000
1685000
1670000
1655000
1640000
1625000
1610000
1596000
1582000
1569000
1555000
1542000
1529000
1516000
1503000
1491000
1479000
1467000
1455000
1444000
1432000
1421000
1410000
1399000
1388000
1378000
1367000
1357000
1347000
1337000
1328000
1318000
1308000
1299000
1290000
1281000
1272000
1263000
1254000
1245000
1237000
1229000
1220000
1212000
1204000
1196000
1188000
1181000
1173000
1165000
1158000
1151000
1157000
1178000
1240000
1348000
1454000
1856000
1878000
1859000
1840000
1822000
1803000
1786000
1768000
1751000
1734000
1718000
1702000
1686000
1670000
1655000
1640000
1625000
1611000
1597000
1583000
1569000
1556000
1542000
1529000
1516000
1504000
1491000
1479000
1467000
1456000
1444000
1433000
1421000
1546000
1587000
1577000
1564000
1550000
1537000
1524000
1876000
1894000
1886000
1868000
1849000
1830000
1812000
1794000
1776000
1759000
1742000
1725000
1724000
1796000
1788000
1770000
1753000
1736000
1720000
1703000
1688000
1672000
1657000
1642000
1627000
1612000
1598000
1584000
1570000
1684000
2036000
2099000
2086000
2063000
2080000
2118000
2099000
2075000
2052000
2029000
2161000
2757000
2870000
2834000
2791000
2748000
2707000
2667000
2628000
2599000
2586000
2561000
2526000
2491000
2457000
2424000
2392000
2361000
2330000
2300000
2272000
2430000
2416000
2384000
2353000
2323000
2293000
2265000
2237000
2209000
2500000
2498000
2464000
2431000
2399000
2367000
2337000
2307000
2278000
2249000
2222000
2195000
2168000
2143000
2118000
2276000
2266000
2238000
2210000
2184000
2233000
2221000
2261000
2243000
2357000
2341000
2311000
2282000
2253000
2226000
2206000
2245000
2237000
2211000
2184000
2158000
2132000
2107000
2083000
2059000
2079000
2092000
2071000
2048000
2025000
2003000
2063000
2048000
2025000
2007000
1986000
1964000
1943000
1922000
1902000
1882000
1863000
1844000
1825000
1807000
1789000
1805000
1791000
1773000
1941000
1939000
1918000
1898000
1878000
1859000
1840000
1933000
1923000
1979000
1975000
1982000
2020000
2402000
2514000
2490000
2456000
2423000
2391000
2360000
2329000
2300000
2271000
2242000
2215000
2188000
2162000
2136000
2112000
2087000
2063000
2040000
2017000
1995000
1973000
1952000
1931000
1911000
1891000
1871000
1852000
1833000
1815000
1797000
1779000
1762000
1745000
1728000
1712000
1696000
1754000
1745000
1728000
1712000
1696000
1680000
1664000
1655000
1714000
1706000
1690000
1674000
1659000
1709000
1699000
1684000
1683000
1669000
1654000
1639000
1624000
1610000
1596000
1582000
1568000
1554000
1541000
1528000
1515000
1503000
1490000
1478000
1466000
1455000
1443000
1432000
1420000
1517000
1594000
1689000
1684000
1668000
1653000
1638000
1623000
1609000
1595000
1581000
1567000
1554000
1540000
1527000
1515000
1502000
1490000
1478000
1466000
1454000
1442000
1431000
1420000
1409000
1398000
1387000
1403000
1395000
1385000
1374000
1364000
1354000
1343000
1334000
1324000
1314000
1305000
1295000
1358000
1355000
1345000
1335000
1325000
1316000
1306000
1362000
1473000
1519000
1511000
1499000
1534000
1557000
1547000
1534000
1521000
1508000
1496000
1484000
1472000
1460000
1448000
1437000
1425000
1414000
1403000
1392000
1382000
1371000
1361000
1351000
1341000
1331000
1321000
1312000
1302000
1293000
1284000
1275000
1266000
1257000
1248000
1240000
1232000
1246000
1362000
1366000
1356000
1461000
1484000
1478000
1548000
1684000
2376000
2423000
2392000
2360000
2330000
2300000
2271000
2309000
2287000
2258000
2230000
2203000
2176000
2151000
2125000
2101000
2076000
2053000
2030000
2007000
1985000
1964000
1943000
1922000
2021000
2051000
2049000
2028000
2117000
2612000
2955000
2942000
2897000
3188000
3428000
3390000
3759000
3911000
3847000
3766000
3689000
3615000
3544000
3475000
3410000
3346000
4361000
4366000
4263000
4164000
4070000
3980000
3894000
3811000
3732000
3656000
3584000
3514000
3581000
4346000
4343000
4242000
4144000
4051000
3961000
3876000
3794000
3716000
3641000
3569000
3499000
3433000
3419000
3361000
3548000
3559000
3562000
3500000
3433000
3553000
3601000
4358000
4883000
5240000
5135000
5304000
6119000
6023000
