1651000
1636000
1618000
1600000
1582000
1565000
1548000
1532000
1516000
1500000
1485000
1470000
1455000
1441000
1427000
1413000
28800000
8868000
2270000
1405000
2343000
11570000
3016000
8118000
40300000
7702000
1846000
1268000
1257000
8106000
3022000
1436000
6125000
2943000
6128000
34700000
26120000
4898000
1454000
1155000
4385000
1677000
1177000
14350000
3317000
6463000
1957000
1167000
1081000
1073000
1065000
1058000
4207000
1569000
1083000
1028000
1021000
1014000
1007000
1e+06
993200
9138000
2339000
1096000
968000
961600
955300
949100
942900
4995000
10180000
11740000
6037000
1628000
962600
905500
899900
894400
889000
883600
5831000
1699000
942500
863300
858200
853100
848200
6309000
1750000
916100
829600
824900
820200
815600
811100
806600
802100
797700
6577000
1755000
873600
782900
778700
774600
770500
766400
762400
758400
754500
750600
746700
742900
739200
735400
43390000
7843000
1371000
729800
726100
722500
719000
715400
10900000
11030000
2301000
837900
705500
702100
698800
695400
692100
688800
685600
682400
679200
5648000
1978000
825400
675900
665700
662700
659700
656700
653700
650800
647900
645100
642200
1253000
739000
8391000
24760000
4559000
8083000
1820000
739700
630700
628000
625300
622700
1434000
753300
627200
612500
609900
607400
21260000
4049000
915600
604200
601700
599200
596800
594400
591900
589500
587200
584800
582500
580200
577900
575600
573300
571100
568800
566600
564400
562200
560100
557900
555800
553700
551600
549500
547400
545400
543400
4796000
1625000
6770000
1562000
628700
535400
533500
531500
529600
527700
525800
523900
522000
520100
518300
1608000
697100
529900
511800
510000
7643000
7270000
1548000
595300
510300
508500
506700
505000
503200
501500
499800
498100
496400
494700
493000
8318000
26310000
4704000
869300
501100
499300
497600
7776000
1711000
606500
496000
494400
492700
491000
489400
487700
486100
484500
482900
481300
479700
478100
9609000
2002000
616200
478100
476500
475000
473400
471900
470400
468900
467400
465900
464400
462900
8632000
26400000
23420000
3972000
32230000
9114000
1530000
546000
493900
492200
490500
488900
487200
485600
484000
482400
480800
479200
477700
476100
474500
473000
471500
470000
468400
466900
465500
464000
462500
461000
6373000
16320000
14100000
2541000
640300
473400
471800
470300
468800
3457000
2033000
689400
481500
464000
462600
461100
459600
458200
456800
455300
453900
4928000
6145000
1346000
528300
453000
451600
450200
448800
447400
446000
744400
493400
446700
440800
30470000
39960000
6664000
983400
466100
464600
463100
461700
460200
458800
457300
455900
6010000
1382000
538300
453800
452400
4652000
1152000
513700
449500
448200
446800
445400
444100
442700
1702000
722600
470400
439300
436900
896400
511300
21030000
3873000
751300
442200
2194000
732600
465600
438000
7343000
2646000
718200
453600
436500
435100
433900
432600
903900
2480000
765500
458400
427700
426500
425200
424000
8375000
1750000
544000
423900
422700
421400
2437000
23260000
4210000
4936000
15370000
2874000
651900
437700
436400
435100
433800
432500
431200
430000
428700
427400
426200
424900
423700
422500
421300
420000
418800
417600
416400
415300
414100
412900
9721000
1966000
554100
413700
564000
44920000
7842000
1095000
9690000
40160000
8284000
1243000
468400
447000
5800000
9530000
1895000
572600
448800
447400
446100
444700
443400
442000
440700
439400
30760000
11110000
1842000
12650000
2988000
725300
465300
456200
454800
14630000
2822000
671700
458300
456900
455500
454100
452600
451200
449800
448500
23210000
4250000
798300
456600
455100
453700
452300
450900
449500
448100
2807000
840000
8874000
1847000
573600
446800
445400
444100
1981000
698500
464000
439700
438400
437000
435700
434400
433100
431900
430600
429300
428100
426800
425600
424300
423100
421900
420600
419400
418200
417000
415800
22280000
4067000
752200
424100
422900
421700
420500
419300
418100
416900
415700
414500
413300
412100
411000
409800
408700
407500
406400
405300
2680000
783400
437300
402100
401000
399900
398800
17840000
14300000
2502000
575000
409600
408500
407400
406200
405100
404000
402900
401700
4022000
3882000
935400
444100
4e+05
398900
397800
396700
395600
394500
4604000
1390000
505800
397200
391800
1884000
639200
411800
388400
387400
386400
385400
384300
383300
382300
381300
380300
379300
378400
377400
376400
375400
374500
373500
372500
371600
370700
369700
368800
367800
1763000
599200
386700
364900
364000
363100
362200
361300
360400
359500
358600
357700
356900
356000
355100
354300
353400
352500
351700
350800
350000
349200
348300
32020000
7016000
1067000
383500
362000
361100
360200
359300
358400
357500
356700
355800
354900
354100
353200
352400
3502000
15760000
5133000
957200
393100
2143000
655800
384400
356800
356000
355100
354200
353400
352500
351700
350800
350000
349100
348300
347500
5145000
1244000
2256000
654100
376200
348200
347300
3748000
4738000
1038000
407100
349100
348300
347400
346600
345800
345000
344200
343300
342500
341700
340900
340100
8346000
1678000
463600
343100
342300
341500
340700
339900
339100
338300
337600
336800
17820000
1.5e+07
2569000
527500
351200
350300
349500
9064000
1804000
482600
351500
350700
11360000
32450000
5904000
876900
373600
367700
366800
365900
3471000
26790000
8629000
1415000
436800
377700
376700
375700
374800
373800
372800
371900
370900
370000
369100
7014000
5173000
21970000
3915000
693300
380000
18130000
5370000
990800
417200
423000
391000
384400
382800
381800
380800
379800
378800
377900
4416000
3749000
8067000
8192000
1826000
521500
385800
381200
380200
18970000
3484000
665300
14220000
9160000
8621000
11190000
2094000
544300
5373000
1230000
475700
400200
399100
398000
704700
447300
399600
8462000
1741000
517000
395300
394200
393100
392100
391000
390000
388900
387900
386900
385800
384800
383800
4369000
1048000
442600
2025000
655400
405400
379900
378900
377900
1198000
5681000
1653000
30640000
5415000
842300
391000
389900
388900
3351000
2072000
630600
404900
2769000
783100
420900
384300
383300
382300
381300
380300
379300
378300
377300
376400
375400
374400
373500
372500
371600
370600
10140000
2001000
519000
372000
2121000
945600
2421000
873100
427300
371100
367700
366700
365800
364900
364000
363100
362200
361300
15060000
8280000
1499000
449900
6063000
1318000
453500
367500
366500
365600
364700
363800
362900
362000
361100
360200
359300
358400
357500
356700
355800
354900
354100
353200
352400
351500
18520000
15140000
2594000
539800
363200
362300
361400
360500
359600
358700
357800
357000
356100
355200
354400
353500
352600
351800
1233000
497900
363400
3477000
871700
396900
349300
348500
347600
346800
3614000
892200
396200
346500
345700
344900
344100
343300
342500
341700
340900
340100
339300
338500
337700
336900
336100
335400
334600
333800
333100
15270000
2830000
564500
340400
339600
338800
338000
337200
336400
581100
376000
402500
8897000
1765000
467100
338500
337700
336900
336100
335300
1068000
456600
344700
333000
332200
331500
330700
330000
329200
328500
327800
327000
326300
8223000
4151000
869000
4777000
1071000
402200
335600
334800
334100
333300
332500
331800
331000
330300
329500
328800
328100
327300
326600
325900
3304000
823200
532900
352900
327700
3075000
13440000
2484000
524100
334200
834300
3168000
800600
375500
333600
332800
332000
331300
330500
329800
329000
328300
327600
326800
326100
11310000
12320000
2196000
492000
339500
338700
337900
337100
336300
335500
334800
334000
333200
10080000
62750000
10640000
1276000
366000
365100
364200
363300
362300
361500
360600
359700
358800
357900
357000
356200
355300
354400
353600
352700
351900
351000
350200
349300
348500
347700
346800
346000
345200
344400
343600
342800
342000
341100
340400
339600
338800
338000
337200
336400
335700
334900
334100
333300
332600
331800
331100
330300
329600
328800
328100
327400
326600
325900
325200
324400
323700
323000
322300
321600
320900
320200
319500
318800
318100
317400
316700
316000
315300
314600
1702000
8643000
1690000
441900
320200
319500
318800
10660000
5250000
1017000
376600
19590000
3548000
627500
2932000
11260000
24690000
4470000
728300
6249000
1340000
446500
357600
14510000
2720000
573800
361300
360400
359500
358600
357700
356900
2456000
14080000
2620000
11490000
24800000
37280000
13360000
24420000
4236000
742000
406900
405800
404600
403500
402400
401300
400200
399100
398000
396900
30610000
5444000
862800
426200
411500
407900
406500
405400
3659000
946900
452500
17470000
4264000
10160000
1983000
553500
413000
411800
410700
409500
408400
407200
10040000
8662000
2531000
656400
19350000
8047000
1451000
488800
420700
419500
418300
417100
3115000
865800
455500
414000
412800
411600
19570000
3611000
705900
418300
417100
415900
414700
2735000
800300
447300
411400
410200
17680000
6329000
1182000
462900
416400
415200
414000
6832000
3708000
881900
447700
413300
412100
410900
409800
408600
407500
406300
405200
26170000
4708000
802100
415700
414500
413400
412200
411000
12710000
2465000
598700
413600
412500
411300
410100
576500
19310000
36880000
6265000
931500
432200
430900
1252000
20480000
15450000
2689000
619300
443300
442000
440600
439300
438000
436700
435400
434100
432800
431500
3973000
1440000
552800
435100
3848000
997900
478300
425900
424700
423500
422200
421000
419800
418600
417400
8112000
1701000
533500
13090000
3123000
2206000
680300
31360000
12660000
2081000
544900
437700
436400
435100
6114000
2171000
651500
445800
432700
431400
430100
428900
427600
1124000
541700
434700
1909000
670200
443700
420300
7146000
23690000
27450000
34330000
12660000
2798000
1878000
5720000
1323000
539000
1753000
3456000
9366000
1910000
590400
11220000
2260000
628000
509200
7577000
2425000
701600
476600
762500
6828000
1521000
557900
462100
460600
459100
457700
456300
454800
453400
452000
11870000
13370000
5315000
6567000
28700000
8443000
1442000
526400
474900
473400
471800
8527000
23930000
7882000
1414000
15500000
2983000
1764000
663600
502800
485500
483900
482300
480700
479100
477600
476000
474500
472900
471400
469900
468400
466900
465400
463900
462400
461000
459500
458100
456600
455200
453800
452400
451000
449600
448200
10690000
2158000
603800
11640000
6722000
1357000
520900
453700
452300
450900
449500
448100
446800
445400
444000
16160000
3069000
685000
448600
447200
445900
444500
443100
441800
440500
439100
437800
436500
435200
433900
432600
431300
430100
428800
427500
426300
425100
423800
422600
421400
1723000
1260000
542200
427000
416500
415300
414100
413000
411800
410600
409500
408300
407200
406100
404900
403800
402700
14950000
2831000
625200
406600
405500
404400
403200
402100
25660000
38410000
6436000
935600
429200
427900
426700
425400
424200
4652000
17690000
11810000
3506000
21740000
12920000
2258000
585700
450400
449000
13750000
2670000
652300
452000
450600
449200
447800
2766000
51060000
8866000
1216000
463000
461600
460100
15150000
2912000
685000
464000
462500
461000
459600
458100
4540000
1138000
517500
455100
6330000
17780000
12540000
2256000
10940000
2194000
626900
471000
469500
468000
466500
465000
463500
462000
460600
459100
457700
456300
454800
453400
452000
450600
449200
447800
2136000
727500
13410000
2607000
643800
449000
447600
446200
1819000
4015000
11290000
2210000
1915000
667000
466700
445700
5405000
1272000
8743000
1818000
570200
445900
444600
443200
441900
440500
439200
437900
436600
435300
434000
432700
2160000
719000
455800
428700
427400
426200
424900
423700
422500
6203000
21810000
6646000
1194000
474600
432600
431400
430100
428800
427600
426300
425100
423800
2336000
1796000
626200
436500
419500
418300
417100
415900
414700
32790000
25930000
4274000
740900
439000
437700
436300
435000
11610000
3052000
730900
448500
10480000
2426000
642100
443200
437200
435900
434600
433300
432000
430700
429500
428200
426900
425700
424500
423200
422000
420800
419600
418400
417200
416000
414800
413600
412400
411300
30150000
5379000
869900
424000
2378000
748300
450700
420300
419100
417900
416700
415500
414300
413200
412000
410800
1807000
642000
429100
407100
405900
404800
403700
402600
9078000
1850000
533900
2381000
3675000
6913000
2076000
599500
413600
403100
402000
400800
399700
398700
397600
396500
395400
3681000
942400
443200
393000
12840000
9469000
10010000
1885000
526900
402300
401100
4e+05
399000
397900
396800
395700
394600
393600
392500
391500
390400
389400
388300
387300
14610000
22740000
3942000
701000
401300
400200
399100
398000
396900
395800
394700
393700
392600
391600
390500
389500
388400
387400
386400
385300
384300
6354000
24360000
4314000
739900
395300
394200
393200
392100
391000
390000
389000
387900
386900
385900
384800
383800
382800
381800
380800
379800
378800
377900
6235000
1355000
465700
377100
376100
375200
374200
373300
372300
371400
370400
369500
368500
6180000
1342000
664200
402700
370200
366100
365200
364300
363400
362500
361600
360700
359800
358900
358000
357200
356300
355400
354600
353700
352800
4636000
1067000
417100
352200
351300
350500
4354000
4195000
8715000
13680000
13180000
36850000
6292000
899200
382100
381100
380100
379100
378100
377200
376200
375200
374300
373300
372400
371400
370500
369500
368600
367700
366700
365800
364900
364000
363100
362200
361300
360400
359500
358600
357700
356900
356000
355100
21070000
7502000
1289000
419500
363500
362600
361700
31280000
5525000
1756000
527700
387500
372800
371900
370900
370000
369100
368100
367200
2771000
7851000
1585000
474400
367600
366600
365700
364800
363900
363000
362100
361200
360300
359400
358500
357600
356800
12240000
29380000
8478000
1772000
496000
3196000
4778000
1073000
433200
373400
372500
11020000
37170000
11090000
1704000
465500
394000
393000
391900
390900
1484000
1847000
1092000
486300
394400
386200
385200
384200
383200
382200
381200
380200
12620000
2422000
566800
382900
381900
380900
379900
378900
377900
20730000
3777000
690400
385000
384000
383000
382000
381000
675400
428400
382600
377200
376300
375300
374300
13910000
2633000
581000
377700
376800
5661000
1732000
4758000
1341000
9241000
1843000
511100
379200
378200
377200
1200000
4688000
1890000
572900
387500
374500
373600
372600
371700
370700
5176000
3402000
814800
404000
369800
368800
7308000
1526000
473400
999500
473200
376700
366300
365400
364500
363600
781900
431800
367300
360200
1227000
3594000
887300
404900
15410000
2872000
588900
362900
362000
361100
360200
11690000
2251000
6106000
2020000
2512000
4799000
26690000
10690000
1760000
469600
379200
378200
1202000
514000
388000
374800
373800
372800
371900
370900
370000
369100
368100
367200
366300
365400
364400
363500
362600
361700
360800
359900
359100
358200
357300
2790000
762000
392300
355100
354200
353300
352500
2682000
11810000
2237000
522500
356100
355200
354400
608300
3226000
6988000
1424000
447700
354800
353900
8515000
1716000
477900
2890000
777800
392600
353900
353000
352200
351300
350500
349600
348800
348000
347100
346300
345500
344700
343900
343000
342200
341400
340600
4932000
11930000
9163000
10320000
1902000
485700
355500
354600
353800
352900
352100
351200
350400
6765000
1421000
447800
351100
350300
349400
348600
347800
346900
346100
345300
344500
343700
342900
342000
9543000
1879000
483700
345400
344500
343700
342900
342100
341300
340500
339700
338900
14650000
2731000
560000
345200
344300
343500
342700
10470000
13250000
6694000
1243000
419300
6119000
4202000
923500
399100
355100
354200
353400
352500
351700
350800
350000
349200
348300
347500
346700
345800
345000
344200
7511000
1541000
454200
346200
345400
344600
343800
343000
342100
341300
340500
339800
339000
338200
337400
10170000
14830000
2783000
566200
11750000
4434000
1223000
8070000
14050000
52230000
9295000
1203000
391400
383700
382700
381700
5887000
1300000
464000
380700
379700
378700
377800
376800
375800
374800
373900
372900
372000
371000
370100
369200
973800
13690000
5389000
2212000
611100
8137000
32210000
22360000
3698000
806400
16250000
14300000
2523000
17860000
10220000
1834000
525000
420200
419000
417800
416600
415500
414300
43230000
7563000
1071000
429900
428600
427400
426100
424900
423600
422400
421200
888300
6677000
31730000
6116000
979800
443300
433800
432500
431300
430000
428700
427500
426200
425000
423700
3658000
962100
10850000
4348000
3632000
907300
466500
8051000
5629000
31390000
22350000
15930000
2748000
9280000
26360000
4976000
18940000
