1487000
1473000
1457000
1441000
1425000
1410000
1395000
1381000
1367000
1353000
1339000
1326000
1313000
1300000
1288000
1275000
27350000
7267000
1586000
1228000
2111000
12060000
2390000
8286000
42460000
5662000
1154000
1144000
1134000
8020000
2581000
1184000
6384000
2678000
6316000
36720000
25840000
3374000
1045000
1037000
4474000
1404000
1013000
15310000
2587000
6605000
1607000
976300
969300
962300
955400
948600
3272000
1194000
928800
922300
916000
909800
903600
897500
891500
8195000
1692000
874000
868300
862700
857200
851700
846300
2983000
10410000
12020000
5695000
1236000
815300
810300
805400
800600
795800
791100
4278000
1170000
777300
772800
768300
763900
759600
6005000
1334000
746800
742700
738600
734500
730500
726500
722600
718700
714900
711000
707300
703600
699900
696200
692600
689000
685500
682000
678500
675100
671700
668300
665000
661700
658400
40320000
5058000
648900
645700
642600
639500
636500
633500
7594000
11300000
1724000
621700
618800
615900
613100
610300
607500
604800
602100
599400
596700
740900
1153000
649400
586200
583600
581100
578600
576100
573600
571200
568700
566300
563900
561600
559200
4662000
27210000
3463000
8417000
1422000
545500
543300
541100
538900
536700
534600
532500
530300
528300
526200
524100
18070000
2469000
518000
516000
514000
512100
510100
508200
506200
504300
502400
500500
498700
496800
495000
493200
491300
489500
487800
486000
484200
482500
480700
479000
477300
475600
473900
472200
470600
468900
467300
497200
943000
7612000
1249000
459300
457700
456100
454600
453000
451500
450000
448500
447000
445500
444000
442500
441100
439600
438200
436700
3891000
7863000
1215000
431100
429700
428300
427000
425600
424300
422900
421600
420300
418900
417600
416300
4937000
30040000
3648000
411200
410000
408700
407500
4182000
824500
403800
402500
401300
400100
398900
397800
396600
395400
394200
393100
391900
390800
389600
2438000
615100
386300
385100
384000
382900
381800
380800
379700
378600
377500
376500
375400
374400
3275000
30550000
26580000
2913000
37550000
8772000
841800
366200
365200
364200
363200
362200
361200
360200
359300
358300
357400
356400
355500
354500
353600
352600
351700
350800
349900
349000
348000
347100
346200
345400
344500
18110000
16310000
1897000
340900
340100
339200
338400
337500
2547000
1931000
484900
334100
333300
332500
331600
330800
330000
329200
328400
327600
3717000
6958000
1020000
324400
323600
322800
322100
321300
320500
319700
319000
318200
317500
316700
36490000
45850000
4926000
313700
313000
312300
311600
310800
310100
309400
308700
308000
6638000
1010000
305900
305200
304500
5436000
873300
302400
301700
301000
300400
299700
299000
298300
1580000
530300
306500
295700
295100
848400
355300
26320000
3184000
291800
291200
2317000
515000
289300
288700
8940000
2585000
435300
286200
285600
285000
284400
283800
872000
2841000
558900
281400
280800
280200
279600
279000
9757000
1331000
277300
276700
276200
275600
2410000
28980000
3436000
5516000
18870000
2273000
271700
271100
270600
270000
269500
268900
268400
267900
267300
266800
266300
265700
265200
264700
264200
263600
263100
262600
262100
261600
261100
260600
6863000
993100
259000
258500
258000
53920000
6219000
256600
11820000
47780000
7082000
442400
254100
253600
6039000
11250000
1403000
251700
251300
250800
250300
249900
249400
248900
248500
248000
32810000
10950000
1034000
15520000
2590000
317100
244800
244400
243900
16160000
2011000
242600
242200
241700
241300
240900
240400
240000
239600
239100
22480000
2709000
237900
237400
237000
236600
236200
235800
235400
234900
234500
234100
9259000
1236000
232900
232500
232100
231700
231300
230900
230500
230100
229700
229300
228900
228500
228100
227700
227400
227000
226600
226200
225800
225400
225100
224700
224300
223900
223600
223200
222800
17640000
2157000
221700
221300
221000
220600
220200
219900
219500
219200
218800
218400
218100
217700
217400
217000
216700
216300
216000
215600
215300
214900
214600
214200
213900
213600
213200
16150000
15880000
1756000
211900
211500
211200
210900
210500
210200
209900
209500
209200
208900
850000
279500
207900
207600
207300
207000
206600
206300
206000
205700
205400
205000
204700
204400
204100
203800
203500
203200
202900
202600
202300
202000
201600
201300
201000
200700
200400
200100
199800
199500
199200
198900
198700
198400
198100
197800
197500
197200
196900
196600
196300
196000
195700
195500
195200
194900
194600
194300
194000
193800
193500
193200
192900
192600
192400
192100
191800
191500
191300
191000
190700
190500
31040000
5359000
383100
189400
189100
188800
188600
188300
188000
187800
187500
187300
187000
186700
186500
186200
186000
15850000
4769000
501000
184900
1653000
347500
184200
183900
183700
183400
183200
182900
182700
182400
182200
181900
181700
181400
181200
180900
180700
2533000
441500
180000
179700
179500
2930000
5673000
755100
178500
178300
178000
177800
177600
177300
177100
176900
176600
176400
176200
175900
175700
8050000
1050000
175000
174800
174600
174300
174100
173900
173700
173400
173200
173000
20590000
17750000
1873000
172100
171900
171700
171400
10980000
1372000
170800
170600
170400
14030000
40010000
4842000
215900
169300
169100
168900
168700
3853000
33340000
8725000
714100
167600
167400
167200
167000
166800
166600
166400
166200
166000
165700
165500
7207000
5618000
27100000
3099000
164500
164300
22560000
5214000
448500
163500
177000
164700
163000
162800
162600
162400
162200
162000
161800
4129000
4013000
9615000
9480000
1387000
194300
160400
160200
160000
23320000
2733000
159500
17610000
10270000
9843000
13190000
1497000
158400
6340000
844800
157800
157600
157400
157300
157100
156900
156700
9759000
1223000
156200
156000
155800
155600
155400
155300
155100
154900
154700
154500
154400
154200
154000
3300000
503200
153500
2057000
364600
153000
152800
152600
152400
152300
6676000
1385000
38290000
4383000
151400
151200
151100
150900
2670000
1935000
317500
150200
2887000
453900
149700
149600
149400
149200
149100
148900
148700
148600
148400
148200
148100
147900
147700
147600
147400
147300
7205000
931000
146800
146600
838800
581100
2685000
637600
169600
145700
145500
145300
145200
145000
144900
144700
144600
144400
11860000
8353000
911300
143800
6659000
867300
143300
143200
143000
142900
142700
142600
142400
142300
142100
142000
141800
141700
141500
141400
141200
141100
140900
140800
140600
140500
16520000
16820000
1791000
139900
139800
139600
139500
139300
139200
139000
138900
138700
138600
138500
138300
138200
138000
137900
137700
137600
137500
458400
172800
137000
136900
136800
136600
136500
1403000
276900
136100
135900
135800
135600
135500
135400
135200
135100
135000
134800
134700
134600
134400
134300
134100
134000
133900
133700
133600
10210000
1252000
133200
133100
133000
132800
132700
132600
132400
132300
132200
132000
8573000
1070000
131600
131500
131400
131300
131100
131000
130900
130700
130600
130500
130400
130200
130100
130000
129900
129700
129600
129500
129400
3764000
4194000
535700
6389000
824200
128600
128500
128400
128200
128100
128000
127900
127800
127600
127500
127400
127300
127200
127000
126900
126800
126700
126600
126400
126300
2349000
17830000
2066000
125800
125700
125600
2974000
441900
125300
125100
125000
124900
124800
124700
124600
124400
124300
124200
124100
124000
8913000
15020000
1670000
123500
123400
123300
123200
123100
123000
122900
122700
122600
122500
7042000
76430000
8515000
122100
122000
121900
121800
121700
121600
121400
121300
121200
121100
121000
120900
120800
120700
120600
120500
120300
120200
120100
120000
119900
119800
119700
119600
119500
119400
119300
119200
119100
119000
118900
118700
118600
118500
118400
118300
118200
118100
118000
117900
117800
117700
117600
117500
117400
117300
117200
117100
117000
116900
116800
116700
116600
116500
116400
116300
116200
116100
116000
115900
115800
115700
115600
115500
115400
115300
115200
115100
7959000
986300
114800
114700
114600
114500
14700000
6396000
632100
114200
25760000
2963000
113900
3748000
14490000
30590000
3576000
141200
7524000
936700
113300
113200
17890000
2088000
112900
112800
112700
112600
112600
112500
112400
2173000
17210000
1986000
13870000
30180000
44920000
13720000
29310000
3245000
111700
111600
111500
111400
111300
111200
111100
111100
111000
110900
110800
36630000
4168000
110600
110500
110400
110300
110200
110100
3870000
527600
109800
21510000
3758000
11980000
1413000
109500
109400
109300
109200
109100
109000
109000
11100000
9696000
2129000
229900
23930000
8387000
734100
108400
108300
108200
108100
108000
2428000
365600
107800
107700
107600
107500
23040000
2655000
107300
107200
107200
107100
107000
509900
151600
106700
106700
106600
20850000
6231000
530700
106300
106200
106100
106000
6106000
3572000
416800
105700
105700
105600
105500
105400
105300
105200
105200
105100
28790000
3292000
104900
104800
104700
104700
104600
104500
13320000
1572000
104300
104200
104100
104000
104000
103900
20200000
43280000
4653000
103700
103600
103500
103500
24910000
17570000
1737000
103300
103200
103100
103000
102900
102900
102800
102700
102600
102500
102500
102400
102300
102200
102200
1576000
265700
101900
101800
101800
101700
101600
101500
101500
101400
101300
2289000
344200
101100
14270000
2416000
2066000
309900
37640000
13180000
1090000
100600
100600
100500
100400
2976000
1412000
210500
100100
100100
99980
99900
99830
99750
99680
99610
99530
99460
99380
99310
99240
6683000
28740000
32480000
39390000
12790000
1995000
1698000
6618000
804600
98830
297300
3619000
11090000
1276000
98510
12390000
1464000
98330
98260
7866000
1935000
206300
98000
97920
6723000
833800
97730
97660
97590
97520
97440
97370
97300
97230
97160
7686000
14800000
5222000
7374000
33730000
7952000
563900
96800
96730
96660
96590
9329000
27820000
7586000
599000
18420000
2132000
1165000
215000
96140
96070
96000
95940
95870
95800
95730
95660
95590
95520
95460
95390
95320
95250
95180
95120
95050
94980
94910
94850
94780
94710
94650
94580
94510
94450
94380
2646000
377700
94190
13670000
7144000
709600
93980
93910
93850
93780
93720
93650
93580
93520
93450
14020000
1641000
93300
93230
93170
93100
93040
92970
92910
92850
92780
92720
92650
92590
92520
92460
92400
92330
92270
92210
92140
92080
92020
91950
91890
91830
91760
91700
91640
91570
91510
91450
91390
91320
91260
91200
91140
91080
91010
90950
90890
90830
14460000
1687000
90680
90620
90560
90500
90440
90380
31200000
45070000
4704000
90330
90270
90210
90150
90090
90030
4988000
21480000
13170000
3043000
26640000
14290000
1343000
89750
89690
89630
16590000
1923000
89500
89440
89380
89320
89260
2640000
59950000
6708000
89150
89090
89030
88970
18270000
2109000
88840
88780
88720
88660
88610
88550
4925000
625800
88380
88330
7291000
21460000
14030000
1383000
13060000
1529000
88060
88000
87950
87890
87830
87770
87720
87660
87600
87540
87490
87430
87370
87320
87260
87200
87140
87090
87030
86970
15510000
1801000
86850
86790
86730
86680
1027000
4397000
13470000
1522000
1738000
269900
86340
86280
6088000
752900
10390000
1230000
86050
85990
85940
85880
85830
85770
85720
85660
85610
85550
85500
85450
85390
85340
85280
85230
85170
85120
85070
85010
84960
5076000
26340000
6369000
465700
84780
84720
84670
84620
84560
84510
84460
84400
84350
84300
84240
84190
84140
84090
84030
83980
83930
83870
35580000
29330000
2895000
83820
83770
83720
83670
83610
10310000
2166000
188700
83430
12360000
1841000
127100
83260
83210
83160
83100
83050
83000
82950
82900
82850
82790
82740
82690
82640
82590
82540
82490
82440
82390
82340
82290
82240
82180
82130
29460000
3346000
82060
82010
1611000
251800
81860
81810
81760
81710
81660
81610
81560
81510
81460
81410
81360
81310
81260
81220
81170
81120
81070
81020
4402000
561000
80890
640300
3835000
8017000
1693000
166900
80660
80610
80560
80510
80470
80420
80370
80320
80270
80220
80180
80130
80080
11410000
10120000
11430000
1232000
79980
79930
79880
79830
79790
79740
79690
79640
79600
79550
79500
79450
79410
79360
79310
79270
10690000
26350000
2867000
79230
79180
79140
79090
79040
79000
78950
78900
78860
78810
78760
78720
78670
78630
78580
78530
78490
78440
363900
28970000
3285000
78380
78330
78290
78240
78190
78150
78100
78060
78010
77970
77920
77880
77830
77780
77740
77690
77650
77600
77560
77510
77470
77420
77380
77340
77290
77250
77200
77160
77110
77070
77020
76980
1792000
272500
334000
105300
76780
76740
76700
76650
76610
76560
76520
76480
76430
76390
76350
76300
76260
76220
76170
76130
76090
76040
76000
75960
75910
75870
75830
3515000
4586000
10340000
16130000
15090000
44890000
4890000
76090
76050
76010
75960
75920
75880
75830
75790
75750
75710
75660
75620
75580
75530
75490
75450
75410
75360
75320
75280
75240
75200
75150
75110
75070
75030
74980
74940
74900
74860
74820
18520000
6677000
580700
74850
74800
74760
74720
38380000
4331000
1191000
198700
74710
74670
74630
74590
74550
74500
74460
74420
1810000
9014000
1046000
74380
74340
74300
74260
74220
74180
74140
74090
74050
74010
73970
73930
73890
73850
14080000
35500000
8062000
1064000
131900
3536000
5316000
613600
73970
73930
73890
13200000
45440000
10760000
719900
74100
74060
74020
73980
73940
774800
1726000
834000
138800
73770
73730
73690
73650
73610
73570
73530
73490
14320000
1656000
73510
73470
73430
73390
73350
73310
73270
24330000
2768000
73330
73290
73250
73210
73170
73130
73090
73050
73010
72970
72930
72890
72850
15200000
1753000
72890
72850
72810
6176000
1336000
5351000
964000
10920000
1274000
72800
72760
72720
72680
728600
5301000
1639000
183000
72570
72530
72490
72450
72410
72370
4076000
3270000
378200
72290
72260
72220
7387000
884800
72190
539600
124000
72070
72040
72000
71960
71920
71880
71840
71800
71770
71730
3661000
470400
71650
17880000
2050000
71720
71680
71640
71600
71570
11040000
1291000
6951000
1732000
2570000
5400000
32650000
11010000
892300
71790
71750
71710
71670
71630
71590
71560
71520
71480
71440
71400
71360
71330
71290
71250
71210
71170
71140
71100
71060
71020
70990
70950
70910
70870
70840
70800
70760
70720
70690
70650
70610
70570
70540
10090000
1183000
70540
70500
70470
70430
70390
1335000
7917000
926500
70350
70310
70270
7445000
889600
70250
1864000
269400
70160
70120
70080
70050
70010
69970
69940
69900
69860
69830
69790
69750
69720
69680
69650
69610
69570
69540
1014000
14120000
10490000
11870000
1271000
69710
69670
69640
69600
69570
69530
69490
69460
69420
69390
69350
69310
69280
69240
69210
69170
69130
69100
69060
69030
68990
68960
68920
5795000
705000
68880
68840
68810
68770
68740
68700
68670
68630
68600
68560
11610000
1350000
68580
68550
68510
68480
68440
9560000
15340000
7085000
672600
68590
5821000
4270000
464300
68560
68520
68490
68450
68420
68380
68350
68310
68280
68240
68210
68170
68140
68100
68070
1658000
244600
67980
67950
67910
67880
67840
67810
67780
67740
67710
67670
67640
67600
67570
5537000
17140000
2106000
90900
14460000
4416000
822100
9598000
16460000
62470000
7365000
129700
68160
68120
68090
68050
5413000
661800
68010
67980
67940
67910
67870
67840
67800
67770
67730
67700
67670
67630
67600
67560
67530
11920000
4847000
1900000
228400
9582000
39250000
25010000
2429000
257800
19630000
16140000
1612000
21520000
1.1e+07
1018000
68470
68430
68400
68360
68330
68290
68260
50240000
5642000
68450
68410
68380
68340
68310
68270
68240
68200
68170
68130
7008000
37800000
4848000
143100
68310
68270
68240
68200
68170
68130
68100
68060
68030
67990
2887000
381200
12860000
4196000
3683000
436200
67990
9440000
5962000
37280000
25010000
17480000
1746000
10730000
30580000
3695000
21890000
