790300
778600
764000
748600
733000
718000
703700
689900
676700
663900
651700
639800
628400
617400
606800
596600
586700
1027000
1204000
1244000
1241000
1225000
1507000
1535000
1773000
4827000
4995000
4715000
4312000
3814000
3935000
3719000
3432000
3519000
3362000
3497000
7645000
11770000
10060000
8362000
6833000
5953000
5127000
4486000
5381000
5012000
5088000
4654000
4153000
3728000
3354000
3050000
2798000
2690000
2523000
2364000
2219000
2084000
1965000
1859000
1765000
1679000
1850000
1825000
1766000
1696000
1617000
1545000
1480000
1419000
1401000
1664000
2108000
2330000
2307000
2214000
2092000
1972000
1866000
1770000
1684000
1703000
1650000
1588000
1525000
1461000
1402000
1348000
1443000
1427000
1390000
1346000
1296000
1249000
1206000
1166000
1128000
1093000
1060000
1029000
999700
972000
945800
921000
897500
875100
853900
833600
814300
795900
778300
761500
745300
729900
715500
1559000
1723000
1749000
1720000
1638000
1565000
1497000
1436000
1526000
1870000
1895000
1853000
1783000
1696000
1617000
1545000
1479000
1419000
1363000
1312000
1265000
1220000
1179000
1141000
1105000
1071000
1039000
1009000
981100
954400
929200
905200
882500
860900
840300
820700
802400
1416000
1532000
1837000
1865000
1807000
1736000
1654000
1578000
1510000
1447000
1389000
1336000
1287000
1241000
1199000
1586000
1634000
1616000
1571000
1503000
1441000
1384000
1331000
1282000
1237000
1194000
1155000
1118000
1084000
1051000
1020000
991600
964300
938500
914100
890900
868900
847900
828000
808900
790800
773400
756800
740800
725600
710900
696900
683400
709900
706900
698200
687200
674100
661400
649200
637500
626200
615300
604700
594500
584700
575200
565900
557000
548400
540000
531900
580400
586700
584500
578600
569300
560300
551500
543000
534800
526800
519100
511600
504300
497200
490400
956000
1060000
1089000
1086000
1054000
1023000
1021000
999200
975000
950400
925400
901600
879100
857600
837200
817700
799200
781400
764400
748200
732600
717700
703400
689600
676400
663700
651400
639600
628200
617200
606600
596400
586400
576900
567600
558700
1024000
1973000
2161000
5350000
5981000
5576000
5027000
4390000
3872000
3469000
3144000
2876000
2652000
2460000
2296000
2152000
2025000
1913000
1813000
1722000
1641000
1567000
1499000
1437000
1380000
1328000
1279000
1234000
1192000
1153000
1441000
2033000
2113000
2083000
2001000
1891000
1793000
1705000
1681000
1666000
1610000
1549000
1486000
1425000
1369000
1317000
1269000
1225000
1183000
1145000
1169000
1314000
1321000
1298000
1262000
1218000
1177000
1139000
1103000
1069000
1038000
1008000
979800
954500
2225000
7066000
6992000
6339000
5570000
4739000
4137000
3677000
3312000
3016000
2769000
2561000
2708000
2600000
2459000
2315000
2169000
2271000
2194000
2093000
1988000
1880000
1783000
1696000
1617000
1545000
1516000
1466000
1412000
1360000
1309000
1276000
1236000
2194000
2331000
2308000
2227000
2178000
2073000
1967000
1867000
2132000
2169000
2105000
2015000
1908000
1808000
1718000
1637000
1583000
1601000
1556000
1501000
1444000
1387000
1334000
1285000
1516000
1530000
1501000
1457000
1399000
1345000
1352000
2579000
2741000
3024000
4414000
4332000
4040000
3698000
3330000
3030000
2781000
2571000
2391000
2235000
2099000
1978000
1871000
1775000
1689000
1610000
1539000
1474000
1414000
1359000
1308000
1261000
1217000
1176000
1230000
1214000
1186000
1153000
1123000
4193000
4487000
4321000
5189000
14820000
12410000
9978000
8058000
6308000
5842000
6356000
5736000
5079000
4476000
3938000
3521000
3186000
2912000
2682000
2486000
2324000
4431000
5272000
5035000
6382000
5945000
5278000
4667000
4089000
3644000
4559000
4357000
4017000
3668000
3305000
3010000
2764000
2557000
2379000
2224000
2091000
3014000
3050000
2931000
2766000
2558000
2380000
2225000
2090000
1970000
1864000
1769000
1683000
1853000
1828000
1769000
1699000
1620000
1548000
1482000
1421000
1365000
1314000
1266000
1222000
1181000
1142000
1106000
1072000
1040000
1010000
982200
955400
930100
906100
883400
861700
841100
821400
802700
784800
767700
891800
908800
904100
890500
868500
847500
827600
808600
790400
773100
756400
740500
725300
710700
696600
683100
670100
657600
645600
634000
622800
612000
601600
591500
581700
572300
563200
690500
985500
1051000
1063000
1050000
1019000
990300
963100
937400
913000
889900
867900
847000
827100
808100
789900
772600
756000
740100
724900
710300
696200
682800
669800
657300
645300
633700
622500
611700
601300
591200
581500
572100
562900
554100
545600
537300
529200
521400
513800
506500
499300
492300
485600
479000
472600
466400
460300
454400
448600
443000
437500
432200
427000
421900
416900
412100
407300
402700
398200
393700
389400
385200
381000
377000
373000
369100
365300
361600
357900
354300
350800
347400
344000
340700
563000
641400
665900
671200
660300
648200
636500
625200
614300
603800
593700
583800
574300
565100
556200
547600
539300
672000
743800
759300
758200
764400
753500
740200
726200
711600
697500
684000
670900
658400
646300
634700
623500
612700
602200
592100
582300
572900
563800
554900
546300
538000
529900
536000
595100
604700
603600
597600
587600
578000
568700
559700
551000
542500
534300
526300
518600
511100
503800
569200
580300
580400
575700
566400
557500
548800
540400
532300
524400
516700
509300
781700
1210000
1306000
1324000
1299000
1253000
1210000
1475000
1500000
1478000
1437000
1381000
1809000
4798000
5020000
4748000
4338000
3836000
3440000
3121000
3091000
6273000
6825000
6236000
5524000
4760000
4153000
3689000
3322000
3024000
2776000
2567000
2387000
2232000
2096000
2270000
2451000
4444000
4500000
4232000
3892000
5730000
5777000
5276000
4726000
4150000
3687000
3321000
3023000
2775000
2566000
2387000
2231000
2096000
2128000
2201000
2601000
3094000
3068000
2917000
2723000
2523000
2352000
3718000
3751000
3570000
4867000
5581000
6305000
7498000
6737000
5862000
5729000
5055000
4468000
3979000
3553000
3212000
2933000
2700000
2502000
2841000
2764000
2624000
2470000
2303000
2159000
2031000
1918000
1817000
1727000
1645000
1571000
1503000
1440000
1383000
1397000
1362000
1320000
1326000
1292000
1252000
1212000
1172000
1134000
1098000
1216000
1233000
3076000
3312000
3245000
3077000
2820000
2604000
2526000
2458000
2329000
2198000
2189000
2091000
1987000
1886000
1789000
1701000
1621000
1549000
1483000
1422000
1367000
1315000
1267000
1223000
1182000
1143000
1107000
1073000
1133000
1124000
1101000
1073000
1044000
1022000
1050000
1040000
1019000
994700
967600
941600
917000
893700
871500
850500
830400
811300
942200
1118000
1147000
1141000
1277000
1277000
1253000
1220000
1179000
1140000
1104000
1071000
1039000
1009000
980700
954000
928800
904900
882200
860600
840000
820400
801700
783900
766800
750500
923500
1343000
1425000
1431000
1399000
1345000
1295000
1249000
1206000
1166000
1128000
1093000
1060000
1029000
999500
971800
945700
920900
897300
875000
853700
833500
814200
795800
778200
761400
745300
729800
715000
700800
687100
674000
661300
649200
637400
626100
615200
604700
594500
584600
575100
565900
557000
548300
539900
531800
523900
516300
508800
514600
510900
505300
499000
492100
485300
478800
472400
466100
460100
454200
448400
486600
492200
491200
487300
480600
474200
467900
461800
455900
450100
444400
438900
433500
428300
423200
418200
413300
408500
403800
399300
394800
390500
391100
388200
440200
450500
452100
450000
444300
438800
433400
428200
423100
418100
413200
408400
403800
399200
394800
390400
386200
382000
377900
373900
370000
366200
362500
521700
559200
571600
572900
563800
580300
578000
572000
564500
555600
547000
538700
530600
522700
515100
507700
500500
493500
486700
527500
731600
777800
789700
785200
768100
751700
735900
720900
706400
692600
679200
666400
715800
5298000
5619000
5307000
4835000
4208000
3733000
3357000
3052000
2800000
2587000
2405000
2247000
2109000
1988000
1879000
1783000
1695000
1616000
1545000
1479000
1419000
1363000
1312000
1264000
1220000
1179000
1141000
1105000
1071000
1039000
1009000
981000
954300
929100
905100
882400
860800
840200
820600
801900
784000
767000
750600
734900
719900
705500
691700
678400
665600
653200
641300
629900
618800
608200
597900
587900
578300
569000
559900
551200
542700
534500
526600
518800
511300
504000
496900
490100
483400
476800
489600
488300
484100
478800
472400
466200
637700
750800
778900
783600
1406000
1524000
1541000
1636000
2191000
4513000
4655000
4405000
4701000
4305000
3900000
3541000
4729000
4551000
4198000
3825000
3431000
3113000
2851000
2630000
2442000
2371000
3271000
3277000
4252000
8285000
21250000
17910000
23180000
15900000
11260000
8505000
6448000
5330000
4569000
4009000
3577000
3232000
2949000
2713000
2523000
5510000
5506000
5093000
4602000
4034000
3596000
3247000
2963000
2938000
2764000
2589000
3920000
4024000
4925000
4700000
4268000
3855000
3454000
3132000
2867000
2644000
2455000
2878000
3389000
3391000
3223000
5127000
5665000
5274000
4764000
4203000
3728000
3354000
3050000
2912000
2714000
2529000
2363000
2210000
2080000
3277000
3339000
3205000
3012000
2766000
2558000
2380000
2225000
2090000
1971000
1864000
1770000
2649000
2962000
2913000
2776000
2583000
2401000
2245000
2353000
2410000
2324000
2211000
2086000
1967000
1861000
1766000
1681000
1603000
1532000
1469000
2646000
2785000
2729000
2605000
2421000
2261000
2121000
1999000
2466000
2459000
2369000
2253000
2115000
1992000
1884000
1788000
2582000
7377000
7188000
6460000
5658000
4800000
4194000
6433000
8466000
7622000
6612000
5621000
4775000
4164000
3698000
3329000
3029000
2781000
2571000
2391000
2235000
2099000
1978000
1871000
1775000
1688000
1610000
1539000
1474000
1414000
1359000
1308000
1261000
1217000
1176000
1138000
1102000
1068000
1037000
1284000
1337000
1384000
1371000
3289000
4319000
4274000
4012000
3634000
3278000
2988000
2790000
2644000
2475000
2318000
2175000
2046000
1931000
1829000
1737000
1654000
1579000
1511000
1448000
1390000
1337000
1287000
1345000
2582000
5753000
14080000
13940000
11330000
9249000
8186000
6772000
5718000
4915000
4555000
5116000
4752000
9478000
5746000
4603000
3907000
5471000
3869000
3397000
3046000
3776000
7741000
3853000
2900000
2376000
1940000
1837000
1745000
1661000
1585000
1516000
1453000
1395000
1432000
1914000
2130000
2478000
5442000
6e+06
5588000
5024000
4387000
3870000
3469000
3812000
6740000
7113000
6438000
8328000
7357000
6441000
5566000
4756000
4159000
3694000
3326000
3027000
2779000
2569000
2389000
2234000
2097000
1977000
1870000
1774000
1688000
1609000
1538000
1473000
1413000
1358000
1307000
1260000
1216000
1175000
1137000
1101000
1068000
1036000
1007000
978400
952000
1096000
1254000
1273000
1258000
1224000
1182000
1144000
1107000
1073000
1042000
1011000
983200
1220000
1252000
1243000
1217000
1176000
1138000
1102000
1069000
1037000
1007000
979100
952500
927400
903500
880900
859300
838800
819300
800700
782800
765800
749500
733900
718900
704500
690700
677500
664700
652400
640500
629100
618100
607500
597200
587200
577600
568300
559300
550600
542200
534000
526000
658700
685600
690700
686500
673400
660800
648600
637300
1319000
4275000
4560000
4382000
4044000
3604000
3254000
2967000
2729000
2795000
4288000
5447000
5426000
9030000
10390000
8865000
7426000
6126000
5128000
6285000
5771000
5143000
4563000
4004000
3573000
3229000
3165000
13160000
11150000
9191000
7588000
6010000
5051000
6451000
5941000
5290000
4685000
4096000
3645000
3287000
2995000
3037000
2868000
2683000
2507000
2723000
4231000
5514000
5290000
6350000
5814000
5133000
4534000
3983000
3556000
3215000
2935000
2701000
2503000
2332000
2184000
2054000
1938000
1835000
1743000
1659000
1584000
1515000
1452000
1394000
1340000
1765000
1810000
1781000
1724000
1643000
1568000
1522000
1602000
2103000
2146000
2172000
2098000
1988000
1885000
2028000
1983000
2389000
2382000
2290000
2178000
2048000
1934000
1831000
1739000
1656000
1581000
1512000
1449000
1391000
1338000
1288000
1243000
1200000
1160000
1123000
1088000
1055000
1024000
995300
1039000
1893000
2202000
2228000
2168000
2051000
1936000
1833000
1741000
1658000
1582000
1513000
1450000
1392000
1339000
1289000
1243000
1201000
1161000
1124000
1089000
1057000
2253000
4567000
4696000
4446000
4054000
3612000
3260000
2974000
3284000
3211000
3023000
2822000
3397000
3331000
3143000
2931000
2699000
2501000
2331000
2183000
2053000
1937000
1834000
1742000
1659000
1583000
1514000
1451000
1393000
1339000
1290000
1244000
1201000
1161000
1124000
1089000
1056000
1026000
1670000
1776000
1775000
1732000
1691000
1625000
1558000
1494000
1432000
1376000
1323000
1275000
1230000
1188000
1149000
1113000
1079000
1046000
1016000
987400
960400
934800
910600
887600
865700
844900
825100
806200
839700
985500
1025000
1023000
1006000
979400
952800
927600
903800
881100
859600
839000
819500
800800
783000
766000
749700
853800
1057000
1387000
1447000
1439000
1401000
1347000
1297000
1251000
1207000
1167000
1129000
1094000
1061000
1030000
1e+06
972700
946500
921600
898100
953600
1725000
1862000
1869000
1823000
1732000
1649000
1575000
1506000
1444000
1386000
1333000
1284000
1239000
1196000
1157000
1120000
1085000
1053000
1022000
992900
966000
1605000
1715000
1718000
1680000
1602000
1532000
1467000
1408000
1353000
1303000
1256000
1212000
1172000
1134000
1098000
1065000
1033000
1004000
975800
949400
924400
900700
878200
856800
836400
817000
798400
780700
763800
747600
732000
717100
702800
689100
675900
663200
650900
639100
627800
616800
606200
595900
586100
576500
567200
558300
549600
541200
533000
525100
517400
509900
502700
495600
488800
482100
475600
469300
463200
457200
451300
445700
474900
597900
890800
1325000
4311000
4587000
4393000
4057000
3614000
3262000
2974000
2734000
2531000
2357000
2205000
2072000
1955000
1850000
1756000
1672000
1595000
1525000
1461000
1402000
1348000
1298000
1251000
1208000
1168000
1130000
1095000
1061000
1030000
1001000
973100
946800
922100
1211000
1394000
1419000
1401000
1356000
1305000
1261000
3096000
3323000
3333000
3173000
2911000
2687000
2490000
2321000
2174000
2045000
1931000
1829000
1785000
2078000
2068000
2002000
1916000
1815000
1725000
1643000
1569000
1501000
1439000
1382000
1329000
1281000
1235000
1193000
1154000
1525000
3663000
4287000
4230000
3949000
3831000
3900000
3637000
3351000
3073000
2820000
3516000
10280000
10580000
9e+06
7517000
6100000
5102000
4404000
3884000
3512000
3296000
3075000
2846000
2638000
2451000
2288000
2145000
2019000
1907000
1808000
1719000
2238000
2266000
2203000
2109000
1988000
1879000
1783000
1695000
1618000
2694000
2805000
2736000
2606000
2421000
2261000
2122000
1999000
1889000
1791000
1703000
1624000
1551000
1485000
1425000
1891000
1936000
1901000
1835000
1743000
1890000
1881000
2040000
2020000
2475000
2471000
2375000
2256000
2117000
1994000
1907000
2028000
2021000
1951000
1867000
1774000
1687000
1609000
1538000
1473000
1515000
1572000
1543000
1496000
1440000
1383000
1548000
1543000
1505000
1469000
1412000
1359000
1309000
1261000
1218000
1177000
1138000
1102000
1069000
1037000
1007000
1042000
1029000
1008000
1473000
1547000
1544000
1510000
1447000
1389000
1336000
1596000
1611000
1840000
1876000
1921000
2095000
4462000
5440000
5198000
4747000
4204000
3729000
3354000
3050000
2798000
2586000
2404000
2246000
2108000
1987000
1879000
1782000
1695000
1616000
1544000
1478000
1418000
1363000
1311000
1264000
1220000
1179000
1140000
1104000
1071000
1039000
1009000
980800
954100
928900
904900
882200
860600
901800
896400
882200
864600
843800
824100
805200
787200
910200
926200
920600
906200
883400
986800
994600
983400
992700
973300
950700
927400
903600
880900
859400
838900
819300
800700
782900
765800
749500
733900
718900
704600
690800
677500
664700
652400
640600
783100
993600
1336000
1403000
1399000
1364000
1313000
1265000
1221000
1180000
1141000
1105000
1072000
1040000
1010000
981500
954800
929600
905600
882800
861200
840600
821000
802300
784400
767300
750900
735300
720200
705800
691900
678600
665800
653500
641600
630100
619100
608400
598100
678700
691100
689600
682200
669300
656800
644800
749200
1071000
1291000
1333000
1324000
1442000
1545000
1532000
1493000
1439000
1382000
1329000
1281000
1235000
1193000
1154000
1117000
1083000
1050000
1020000
990700
963500
937800
913400
890300
868300
847300
827400
808400
790200
772900
756300
740400
725100
710500
696500
683000
670000
657600
932100
991700
1003000
1382000
1529000
1556000
1893000
2805000
14050000
11830000
9664000
7901000
6192000
5163000
4450000
4328000
3945000
3583000
3265000
2976000
2736000
2533000
2358000
2206000
2073000
1956000
1851000
1757000
1672000
1595000
1525000
1461000
1723000
1870000
1913000
1869000
2222000
5737000
9580000
8660000
7494000
9554000
11090000
9350000
12220000
11990000
9661000
7851000
6350000
5266000
4524000
3975000
3549000
3249000
10120000
9186000
7873000
6688000
5482000
4677000
4091000
3641000
3283000
2992000
2749000
2544000
2740000
6525000
6510000
5923000
5254000
4522000
3974000
3549000
3209000
2930000
2697000
2500000
2329000
2182000
2159000
2062000
2614000
2777000
2899000
2791000
2618000
3002000
3262000
7744000
12160000
14330000
11510000
11240000
17130000
13040000
