727900
733500
730800
727600
724300
721200
718000
714900
711800
708700
705600
702600
699600
696600
693700
690700
688900
808500
828800
825700
821500
822100
875700
875200
913900
1177000
1186000
1177000
1169000
1161000
1202000
1202000
1194000
1225000
1227000
1263000
1571000
1795000
1790000
1771000
1753000
1771000
1755000
1740000
1881000
1872000
1916000
1898000
1876000
1855000
1834000
1814000
1794000
1794000
1776000
1756000
1738000
1720000
1702000
1684000
1667000
1652000
1701000
1688000
1671000
1654000
1637000
1621000
1605000
1590000
1584000
1666000
1764000
1793000
1777000
1758000
1739000
1721000
1703000
1685000
1668000
1676000
1661000
1644000
1628000
1611000
1596000
1582000
1614000
1601000
1586000
1571000
1556000
1541000
1527000
1513000
1499000
1485000
1472000
1459000
1446000
1433000
1421000
1408000
1396000
1384000
1373000
1361000
1350000
1339000
1328000
1317000
1307000
1297000
1290000
1521000
1523000
1509000
1495000
1481000
1468000
1455000
1442000
1463000
1544000
1535000
1521000
1507000
1493000
1480000
1466000
1453000
1440000
1428000
1416000
1403000
1391000
1380000
1368000
1357000
1346000
1335000
1324000
1313000
1303000
1292000
1282000
1272000
1263000
1253000
1243000
1236000
1396000
1396000
1453000
1445000
1432000
1420000
1407000
1395000
1384000
1372000
1360000
1349000
1338000
1327000
1318000
1406000
1400000
1388000
1377000
1365000
1354000
1343000
1332000
1321000
1311000
1300000
1290000
1280000
1270000
1260000
1250000
1241000
1232000
1222000
1213000
1204000
1196000
1187000
1178000
1170000
1162000
1153000
1145000
1137000
1130000
1122000
1114000
1107000
1099000
1092000
1085000
1077000
1070000
1063000
1057000
1050000
1043000
1037000
1030000
1024000
1017000
1011000
1005000
998600
992500
986600
980700
974800
969000
963300
957700
952100
946600
941200
935800
930500
925200
920000
914900
909800
904800
901500
1045000
1048000
1041000
1035000
1028000
1022000
1015000
1009000
1003000
996800
990800
984800
978900
973100
967300
961700
956000
950500
945000
939600
934200
928900
923700
918500
913400
908300
903300
898300
893400
888600
883800
879000
874300
869700
865100
861300
972300
1125000
1131000
1419000
1465000
1455000
1442000
1430000
1417000
1405000
1393000
1381000
1370000
1358000
1347000
1336000
1325000
1315000
1304000
1294000
1284000
1274000
1264000
1254000
1245000
1235000
1226000
1217000
1208000
1200000
1242000
1349000
1346000
1335000
1324000
1313000
1303000
1293000
1293000
1295000
1285000
1275000
1265000
1256000
1246000
1237000
1227000
1218000
1209000
1201000
1207000
1247000
1241000
1232000
1223000
1214000
1205000
1196000
1187000
1179000
1170000
1162000
1154000
1149000
1439000
1872000
1879000
1857000
1836000
1816000
1796000
1776000
1757000
1739000
1720000
1704000
1750000
1735000
1717000
1699000
1683000
1719000
1704000
1687000
1669000
1653000
1636000
1620000
1604000
1589000
1584000
1571000
1556000
1541000
1527000
1518000
1511000
1760000
1758000
1740000
1722000
1724000
1708000
1690000
1675000
1749000
1751000
1734000
1716000
1698000
1680000
1663000
1647000
1637000
1646000
1631000
1615000
1599000
1584000
1569000
1556000
1632000
1621000
1605000
1590000
1575000
1560000
1571000
1859000
1860000
1904000
2110000
2098000
2072000
2046000
2020000
1996000
1972000
1948000
1925000
1903000
1881000
1859000
1838000
1818000
1798000
1778000
1759000
1740000
1722000
1704000
1686000
1669000
1652000
1636000
1637000
1622000
1606000
1590000
1586000
2197000
2209000
2184000
2342000
3083000
3109000
3052000
2996000
2945000
2994000
3141000
3094000
3036000
2981000
2927000
2875000
2825000
2777000
2731000
2686000
2660000
3135000
3248000
3205000
3453000
3415000
3345000
3278000
3213000
3160000
3395000
3345000
3277000
3213000
3150000
3090000
3033000
2977000
2924000
2872000
2832000
3085000
3047000
2991000
2937000
2885000
2835000
2786000
2739000
2694000
2650000
2608000
2569000
2606000
2570000
2530000
2492000
2454000
2418000
2382000
2348000
2315000
2282000
2251000
2220000
2190000
2161000
2133000
2106000
2079000
2053000
2027000
2002000
1978000
1954000
1931000
1909000
1886000
1865000
1844000
1823000
1803000
1783000
1764000
1745000
1727000
1709000
1691000
1674000
1657000
1640000
1624000
1608000
1592000
1577000
1562000
1547000
1532000
1518000
1504000
1491000
1477000
1464000
1451000
1438000
1426000
1413000
1401000
1389000
1403000
1519000
1513000
1499000
1486000
1472000
1459000
1446000
1433000
1421000
1409000
1397000
1385000
1373000
1362000
1351000
1339000
1329000
1318000
1307000
1297000
1287000
1277000
1267000
1257000
1247000
1238000
1229000
1220000
1211000
1202000
1193000
1184000
1176000
1167000
1159000
1151000
1143000
1135000
1127000
1119000
1112000
1104000
1097000
1090000
1082000
1075000
1068000
1061000
1055000
1048000
1041000
1035000
1028000
1022000
1015000
1009000
1003000
996700
990700
984700
978800
973000
967300
961600
956000
950400
944900
939500
934200
928900
923600
918400
913300
908900
976800
986500
981300
975500
969700
964000
958300
952800
947300
941800
936400
931100
925800
920600
915500
910400
905600
940600
954800
950400
945000
945900
940800
935500
930200
924900
919700
914600
909500
904500
899500
894600
889700
884900
880200
875500
870800
866200
861600
857100
852700
848200
843900
839700
856100
853100
848600
844300
839900
835600
831400
827200
823000
818900
814900
810800
806800
802900
799200
821800
819500
815400
811400
807400
803400
799500
795600
791800
788000
784200
781200
875200
966100
966400
960700
955100
949600
945000
1004000
1002000
995600
989600
985100
1071000
1362000
1373000
1362000
1351000
1340000
1329000
1319000
1344000
1640000
1694000
1680000
1663000
1646000
1630000
1614000
1598000
1583000
1567000
1552000
1538000
1523000
1511000
1557000
1599000
1869000
1867000
1846000
1831000
2083000
2108000
2083000
2057000
2031000
2006000
1982000
1958000
1935000
1912000
1890000
1868000
1848000
1866000
1890000
1982000
2070000
2055000
2029000
2004000
1980000
1962000
2239000
2228000
2207000
2429000
2538000
2654000
2822000
2787000
2744000
2802000
2761000
2715000
2671000
2628000
2586000
2546000
2506000
2474000
2575000
2545000
2505000
2467000
2431000
2395000
2360000
2327000
2294000
2262000
2231000
2201000
2172000
2143000
2116000
2112000
2087000
2061000
2059000
2034000
2009000
1985000
1961000
1938000
1917000
1966000
1968000
2464000
2461000
2425000
2389000
2355000
2322000
2317000
2307000
2276000
2246000
2251000
2223000
2193000
2164000
2136000
2108000
2081000
2055000
2029000
2004000
1980000
1956000
1933000
1911000
1888000
1867000
1846000
1826000
1825000
1806000
1787000
1767000
1748000
1732000
1741000
1727000
1709000
1691000
1674000
1657000
1640000
1624000
1608000
1592000
1577000
1563000
1602000
1660000
1648000
1633000
1680000
1667000
1650000
1633000
1617000
1601000
1586000
1571000
1556000
1541000
1527000
1512000
1499000
1485000
1472000
1458000
1446000
1433000
1420000
1408000
1396000
1385000
1420000
1548000
1542000
1528000
1514000
1500000
1486000
1473000
1460000
1447000
1434000
1422000
1409000
1397000
1386000
1374000
1362000
1351000
1340000
1329000
1319000
1308000
1298000
1287000
1277000
1267000
1258000
1248000
1239000
1229000
1220000
1211000
1202000
1193000
1185000
1176000
1168000
1160000
1151000
1143000
1135000
1128000
1120000
1112000
1105000
1097000
1090000
1083000
1076000
1069000
1062000
1055000
1048000
1042000
1035000
1028000
1022000
1016000
1009000
1003000
997100
991100
985100
979200
973400
967600
961900
956300
950800
945300
939800
934500
929200
923900
918700
913600
908500
903500
898600
893700
888800
884000
879300
874600
870000
871800
867600
863000
858500
854000
849600
845200
840900
836600
832300
828100
823900
819800
815700
811700
807700
803700
799800
795900
792100
788300
784500
781300
845800
846000
841600
837300
833100
837600
833900
829600
825500
821300
817200
813200
809100
805200
801200
797300
793500
789600
785900
788200
856900
857300
852800
848400
844000
839700
835400
831100
826900
822800
818700
814700
822200
1322000
1344000
1333000
1323000
1312000
1302000
1291000
1281000
1271000
1261000
1252000
1242000
1233000
1224000
1215000
1206000
1197000
1188000
1180000
1171000
1163000
1155000
1146000
1138000
1131000
1123000
1115000
1108000
1100000
1093000
1086000
1078000
1071000
1064000
1058000
1051000
1044000
1037000
1031000
1024000
1018000
1012000
1006000
999400
993400
987400
981400
975600
969800
964100
958500
952900
947400
941900
936500
931200
925900
920700
915600
910500
905400
900500
895500
890700
885900
881100
876400
871700
867100
862500
858000
853500
849100
844700
840400
836500
890000
915700
912400
909300
1063000
1066000
1060000
1078000
1174000
1407000
1413000
1402000
1457000
1448000
1436000
1427000
1580000
1576000
1561000
1546000
1532000
1517000
1503000
1490000
1477000
1484000
1634000
1633000
1768000
2124000
2746000
2916000
3423000
3388000
3319000
3253000
3189000
3128000
3069000
3012000
2957000
2904000
2853000
2804000
2777000
3402000
3377000
3308000
3242000
3179000
3118000
3059000
3005000
3016000
2966000
2925000
3280000
3278000
3455000
3399000
3329000
3262000
3198000
3136000
3077000
3020000
2971000
3115000
3233000
3202000
3163000
3597000
3674000
3601000
3522000
3448000
3376000
3307000
3242000
3213000
3153000
3093000
3035000
2980000
2940000
3314000
3276000
3211000
3149000
3089000
3032000
2976000
2923000
2871000
2821000
2773000
2738000
3035000
3074000
3022000
2966000
2913000
2862000
2816000
2852000
2857000
2811000
2764000
2717000
2673000
2630000
2588000
2547000
2508000
2470000
2449000
2828000
2807000
2759000
2713000
2669000
2626000
2584000
2551000
2695000
2664000
2621000
2579000
2539000
2500000
2462000
2436000
2689000
3432000
3412000
3342000
3274000
3210000
3169000
3622000
3908000
3838000
3749000
3665000
3584000
3507000
3432000
3361000
3293000
3228000
3165000
3105000
3046000
2990000
2936000
2884000
2834000
2786000
2739000
2694000
2650000
2607000
2566000
2526000
2488000
2450000
2414000
2379000
2345000
2311000
2283000
2334000
2318000
2313000
2305000
2864000
3015000
2971000
2918000
2866000
2817000
2769000
2723000
2685000
2642000
2600000
2559000
2520000
2481000
2444000
2408000
2373000
2339000
2306000
2274000
2242000
2212000
2182000
2179000
2573000
3103000
3847000
4015000
3956000
3907000
3967000
3882000
3792000
3709000
3705000
3866000
3792000
3721000
3903000
3828000
3740000
3665000
3741000
3688000
3608000
3529000
3461000
3502000
3436000
3364000
3296000
3231000
3168000
3107000
3049000
2993000
2939000
2887000
2857000
3063000
3095000
3209000
3860000
3915000
3829000
3741000
3657000
3576000
3511000
3658000
4227000
4277000
4199000
4577000
4484000
4389000
4274000
4165000
4060000
3961000
3867000
3777000
3691000
3609000
3530000
3455000
3383000
3314000
3248000
3184000
3123000
3064000
3008000
2953000
2900000
2850000
2801000
2753000
2707000
2663000
2620000
2579000
2539000
2500000
2462000
2425000
2390000
2358000
2393000
2363000
2329000
2296000
2264000
2233000
2203000
2174000
2145000
2117000
2093000
2187000
2166000
2138000
2110000
2083000
2057000
2032000
2007000
1982000
1958000
1935000
1913000
1890000
1869000
1848000
1827000
1807000
1787000
1768000
1749000
1730000
1712000
1694000
1677000
1660000
1643000
1627000
1611000
1595000
1580000
1564000
1550000
1535000
1521000
1507000
1493000
1479000
1466000
1453000
1440000
1428000
1416000
1472000
1464000
1451000
1438000
1426000
1413000
1401000
1396000
1686000
2194000
2198000
2169000
2140000
2112000
2085000
2059000
2035000
2077000
2346000
2492000
2508000
2916000
3103000
3059000
3002000
2948000
2905000
3159000
3119000
3060000
3004000
2949000
2897000
2848000
2896000
4100000
4081000
3981000
3886000
3795000
3732000
4069000
3997000
3901000
3810000
3722000
3639000
3559000
3489000
3513000
3445000
3373000
3310000
3416000
3815000
4032000
3969000
4192000
4107000
4005000
3909000
3817000
3729000
3645000
3565000
3489000
3415000
3345000
3278000
3213000
3151000
3091000
3033000
2978000
2924000
2872000
2823000
2775000
2736000
2918000
2881000
2831000
2783000
2736000
2691000
2658000
2693000
2874000
2840000
2820000
2774000
2727000
2686000
2740000
2707000
2837000
2800000
2753000
2707000
2663000
2620000
2579000
2538000
2499000
2462000
2425000
2389000
2355000
2321000
2289000
2257000
2226000
2196000
2167000
2139000
2111000
2084000
2058000
2069000
2401000
2441000
2408000
2373000
2339000
2306000
2274000
2243000
2212000
2183000
2154000
2126000
2098000
2072000
2046000
2020000
1996000
1972000
1948000
1925000
1911000
2302000
2684000
2666000
2623000
2582000
2541000
2502000
2469000
2550000
2533000
2495000
2465000
2616000
2594000
2553000
2514000
2476000
2439000
2403000
2368000
2334000
2301000
2269000
2238000
2208000
2178000
2149000
2121000
2094000
2068000
2042000
2017000
1992000
1968000
1944000
1922000
1899000
1881000
2049000
2036000
2011000
1987000
1976000
1953000
1930000
1907000
1885000
1864000
1843000
1822000
1802000
1782000
1763000
1744000
1726000
1708000
1690000
1673000
1656000
1639000
1623000
1607000
1591000
1576000
1561000
1546000
1533000
1583000
1580000
1565000
1550000
1536000
1521000
1507000
1494000
1480000
1467000
1454000
1441000
1428000
1416000
1404000
1392000
1407000
1480000
1570000
1561000
1547000
1532000
1518000
1504000
1490000
1477000
1464000
1451000
1438000
1425000
1413000
1401000
1389000
1377000
1366000
1354000
1347000
1541000
1540000
1526000
1512000
1498000
1484000
1471000
1458000
1445000
1432000
1420000
1407000
1395000
1384000
1372000
1361000
1349000
1338000
1327000
1317000
1308000
1443000
1440000
1428000
1415000
1403000
1391000
1380000
1368000
1357000
1346000
1335000
1324000
1313000
1303000
1292000
1282000
1272000
1262000
1253000
1243000
1234000
1225000
1216000
1207000
1198000
1189000
1180000
1172000
1164000
1155000
1147000
1139000
1131000
1124000
1116000
1108000
1101000
1094000
1086000
1079000
1072000
1065000
1058000
1051000
1045000
1038000
1032000
1025000
1019000
1012000
1006000
1e+06
994000
988000
982100
976200
970400
964700
959100
953500
947900
942500
937600
982700
1079000
1180000
1550000
1560000
1545000
1531000
1517000
1503000
1489000
1476000
1462000
1449000
1437000
1424000
1412000
1400000
1388000
1376000
1365000
1353000
1342000
1331000
1321000
1310000
1300000
1289000
1279000
1269000
1260000
1250000
1240000
1231000
1222000
1213000
1205000
1269000
1301000
1293000
1283000
1273000
1263000
1259000
1591000
1598000
1594000
1579000
1564000
1549000
1535000
1520000
1506000
1493000
1479000
1466000
1465000
1535000
1526000
1512000
1498000
1485000
1471000
1458000
1445000
1433000
1420000
1408000
1396000
1384000
1373000
1361000
1351000
1469000
1813000
1865000
1854000
1834000
1855000
1895000
1877000
1856000
1835000
1818000
1972000
2580000
2677000
2640000
2598000
2557000
2518000
2479000
2442000
2413000
2402000
2377000
2343000
2310000
2278000
2247000
2216000
2186000
2157000
2129000
2106000
2268000
2249000
2218000
2189000
2160000
2131000
2104000
2077000
2060000
2359000
2347000
2313000
2281000
2250000
2219000
2189000
2160000
2132000
2104000
2078000
2051000
2026000
2001000
1981000
2136000
2120000
2093000
2066000
2042000
2094000
2082000
2126000
2110000
2232000
2212000
2183000
2154000
2126000
2098000
2079000
2123000
2113000
2087000
2061000
2035000
2010000
1986000
1962000
1939000
1951000
1964000
1943000
1920000
1898000
1878000
1937000
1919000
1897000
1879000
1858000
1837000
1817000
1797000
1777000
1758000
1739000
1721000
1703000
1685000
1669000
1676000
1661000
1649000
1822000
1814000
1794000
1775000
1756000
1737000
1721000
1801000
1790000
1850000
1846000
1855000
1906000
2315000
2420000
2392000
2357000
2323000
2291000
2259000
2228000
2198000
2169000
2140000
2113000
2086000
2059000
2034000
2009000
1984000
1960000
1937000
1914000
1892000
1871000
1849000
1829000
1808000
1789000
1769000
1750000
1732000
1714000
1696000
1678000
1661000
1645000
1628000
1612000
1596000
1581000
1566000
1551000
1536000
1522000
1508000
1494000
1482000
1510000
1499000
1485000
1472000
1460000
1497000
1487000
1474000
1471000
1458000
1445000
1433000
1420000
1408000
1396000
1384000
1373000
1361000
1350000
1339000
1328000
1317000
1307000
1296000
1286000
1276000
1266000
1257000
1247000
1270000
1337000
1427000
1421000
1409000
1397000
1385000
1373000
1362000
1351000
1340000
1329000
1318000
1307000
1297000
1287000
1277000
1267000
1257000
1248000
1238000
1229000
1220000
1211000
1202000
1193000
1184000
1176000
1167000
1159000
1151000
1143000
1135000
1127000
1120000
1112000
1104000
1097000
1090000
1084000
1077000
1070000
1063000
1056000
1049000
1043000
1081000
1180000
1220000
1214000
1205000
1236000
1258000
1250000
1240000
1231000
1222000
1213000
1204000
1195000
1186000
1178000
1170000
1161000
1153000
1145000
1137000
1129000
1121000
1114000
1106000
1099000
1091000
1084000
1077000
1070000
1063000
1056000
1049000
1043000
1036000
1030000
1023000
1017000
1012000
1069000
1068000
1063000
1158000
1178000
1175000
1242000
1380000
2021000
2046000
2021000
1996000
1972000
1948000
1927000
1959000
1939000
1916000
1894000
1872000
1851000
1830000
1810000
1790000
1771000
1752000
1733000
1715000
1697000
1680000
1663000
1648000
1713000
1738000
1738000
1724000
1823000
2316000
2638000
2618000
2592000
2894000
3129000
3103000
3494000
3636000
3568000
3492000
3418000
3348000
3280000
3215000
3153000
3147000
4180000
4147000
4044000
3945000
3852000
3762000
3677000
3596000
3518000
3443000
3372000
3307000
3419000
4209000
4176000
4072000
3972000
3877000
3787000
3700000
3618000
3539000
3464000
3391000
3322000
3257000
3236000
3184000
3389000
3397000
3401000
3335000
3275000
3412000
3505000
4329000
4888000
5253000
5141000
5399000
6254000
6161000
