1751000
1706000
1653000
1599000
1549000
1501000
1457000
1415000
1375000
1337000
1302000
1268000
1236000
1206000
1177000
1150000
1406000
1775000
1875000
1855000
1804000
1930000
2071000
2211000
3721000
4778000
4716000
4392000
4020000
3963000
3907000
3700000
3662000
3594000
3615000
5338000
8169000
8803000
7919000
6859000
6171000
5612000
5061000
5358000
5406000
5364000
5075000
4651000
4249000
3900000
3606000
3353000
3182000
3031000
2865000
2708000
2565000
2436000
2319000
2214000
2117000
2165000
2190000
2130000
2050000
1967000
1891000
1820000
1755000
1702000
1786000
2119000
2366000
2409000
2335000
2234000
2136000
2046000
1964000
1888000
1849000
1824000
1770000
1712000
1654000
1600000
1549000
1569000
1592000
1562000
1520000
1474000
1431000
1391000
1352000
1316000
1282000
1249000
1218000
1189000
1161000
1134000
1108000
1084000
1061000
1038000
1017000
996300
976600
957600
939300
921800
904900
888600
1087000
1372000
1416000
1404000
1365000
1328000
1293000
1260000
1251000
1384000
1493000
1491000
1458000
1416000
1376000
1339000
1303000
1270000
1238000
1207000
1178000
1151000
1124000
1099000
1075000
1052000
1030000
1009000
988900
969500
950800
932800
915400
898800
882700
867200
852200
971200
1157000
1258000
1353000
1346000
1320000
1285000
1253000
1221000
1192000
1164000
1137000
1111000
1087000
1063000
1124000
1237000
1242000
1224000
1195000
1166000
1139000
1113000
1089000
1065000
1043000
1021000
1e+06
980500
961300
942900
925200
908200
891800
875900
860700
845900
831600
817900
804500
791600
779100
767000
755300
743900
732900
722200
711800
701700
691900
682300
673000
664000
655200
646600
638300
630100
622200
614500
606900
599600
592400
585400
578500
571900
565300
558900
552700
546600
540600
534800
529100
523500
518000
512600
507400
502200
497200
492300
487400
482700
478000
541800
693600
723900
728500
718000
707700
697700
688000
678600
669400
660400
651700
643200
635000
626900
619100
611400
604000
596700
589600
582600
575900
569200
562800
556400
550200
544200
538300
532500
526800
521300
515800
510500
505300
500200
495200
541100
789500
1043000
1630000
2336000
2501000
2461000
2351000
2242000
2144000
2053000
1970000
1894000
1823000
1757000
1696000
1639000
1586000
1537000
1490000
1446000
1404000
1365000
1328000
1293000
1260000
1229000
1199000
1170000
1143000
1151000
1343000
1520000
1533000
1504000
1459000
1417000
1377000
1354000
1349000
1335000
1306000
1273000
1241000
1210000
1181000
1154000
1127000
1102000
1078000
1069000
1116000
1177000
1172000
1152000
1126000
1101000
1077000
1054000
1031000
1010000
990000
970500
951800
1322000
3092000
4246000
4280000
4026000
3712000
3445000
3214000
3013000
2835000
2678000
2538000
2552000
2560000
2470000
2362000
2252000
2272000
2264000
2191000
2104000
2017000
1937000
1863000
1794000
1731000
1687000
1650000
1603000
1554000
1507000
1469000
1434000
1823000
2227000
2260000
2199000
2150000
2090000
2014000
1937000
2014000
2135000
2116000
2049000
1968000
1892000
1821000
1756000
1703000
1691000
1679000
1636000
1587000
1537000
1490000
1446000
1533000
1620000
1606000
1566000
1517000
1472000
1455000
1942000
2419000
2582000
3192000
3537000
3452000
3261000
3054000
2872000
2711000
2567000
2438000
2321000
2215000
2119000
2030000
1949000
1874000
1805000
1741000
1681000
1625000
1573000
1524000
1478000
1435000
1394000
1368000
1341000
1308000
1275000
1243000
2325000
3365000
3461000
3766000
6891000
8781000
8239000
7216000
6243000
5812000
6017000
5906000
5411000
4891000
4431000
4052000
3734000
3464000
3230000
3027000
2848000
3676000
4741000
4842000
5387000
5539000
5178000
4723000
4296000
3939000
4204000
4408000
4190000
3896000
3602000
3350000
3132000
2940000
2771000
2621000
2486000
2758000
3020000
2958000
2821000
2666000
2526000
2401000
2288000
2185000
2091000
2005000
1926000
1911000
1923000
1872000
1811000
1746000
1686000
1630000
1577000
1528000
1482000
1438000
1397000
1359000
1322000
1287000
1254000
1223000
1194000
1165000
1138000
1113000
1088000
1064000
1042000
1020000
999600
979700
960600
942300
924600
907600
891200
875400
860100
845400
831100
817400
804000
791200
778700
766600
754900
743500
732500
721800
711400
701300
691500
681900
672700
663600
654800
646300
638000
629800
621900
614200
658100
748400
762800
760500
749000
737800
726900
716400
706100
696200
686500
677100
668000
659100
650400
641900
633700
625700
617900
610300
602800
595600
588500
581600
574800
568200
561800
555500
549300
543300
537400
531600
526000
520400
515000
509700
504500
499400
494400
489600
484800
480100
475500
470900
466500
462200
457900
453700
449600
445500
441600
437700
433800
430100
426400
422700
419200
415600
412200
408800
405400
402100
398900
395700
392600
389500
386500
383500
380500
377600
374800
372000
369200
366500
376000
411800
426600
428700
426000
422300
418800
415300
411800
408400
405100
401800
398600
395400
392300
389200
386200
394700
424600
443900
446600
446300
448200
445600
442200
438300
434400
430700
427000
423300
419700
416200
412700
409300
406000
402700
399400
396200
393100
390000
387000
384000
381000
378100
380500
391200
391600
389800
386800
383800
380800
377900
375100
372300
369500
366700
364100
361400
358800
362900
385000
388100
387500
384500
381600
378600
375800
372900
370200
367400
364700
399100
561700
700500
731600
732100
721400
711100
741100
835200
847600
843500
829300
908900
1581000
2228000
2328000
2281000
2179000
2086000
2e+06
1971000
2883000
3773000
3919000
3740000
3484000
3248000
3042000
2861000
2701000
2558000
2430000
2314000
2209000
2113000
2156000
2289000
3113000
3695000
3648000
3449000
4126000
4717000
4602000
4284000
3936000
3636000
3379000
3157000
2962000
2791000
2639000
2502000
2379000
2345000
2382000
2576000
2915000
3058000
2969000
2819000
2665000
2526000
3082000
3522000
3460000
3951000
4632000
5232000
5914000
5968000
5492000
5328000
5013000
4604000
4212000
3869000
3579000
3330000
3114000
2925000
2997000
3073000
2959000
2809000
2655000
2517000
2393000
2280000
2178000
2085000
1999000
1920000
1848000
1780000
1718000
1682000
1653000
1607000
1584000
1561000
1521000
1477000
1434000
1393000
1355000
1394000
1440000
2173000
2905000
2966000
2863000
2703000
2560000
2473000
2427000
2354000
2258000
2222000
2170000
2092000
2009000
1929000
1856000
1788000
1725000
1666000
1611000
1560000
1512000
1467000
1424000
1384000
1346000
1310000
1276000
1251000
1232000
1205000
1178000
1150000
1124000
1120000
1128000
1113000
1092000
1069000
1046000
1024000
1003000
983400
964100
945600
927900
944700
1023000
1092000
1093000
1125000
1178000
1171000
1151000
1125000
1099000
1075000
1052000
1030000
1009000
989000
969500
950800
932800
915500
898800
882700
867200
852200
837800
823800
810300
808500
929100
1078000
1099000
1090000
1066000
1044000
1022000
1001000
981200
962000
943600
925900
908800
892400
876500
861200
846400
832200
818400
805000
792100
779600
767500
755700
744400
733300
722600
712200
702000
692200
682700
673400
664300
655500
646900
638600
630400
622500
614800
607200
599800
592700
585600
578800
572100
565600
559200
552900
546800
540800
535000
529300
523700
518200
512800
507600
502400
497400
492400
487600
482800
478200
473600
469100
464700
460400
456200
452000
447900
443900
440000
436100
432300
428500
424900
421300
417700
414200
410800
407400
404100
400800
397600
394400
391300
388300
385200
382300
379400
376500
373600
370800
368100
365400
362700
360100
357500
354900
352400
349900
347500
345000
342700
340300
338000
335700
333400
347800
402800
413700
416000
412500
412300
416600
415100
412400
409000
405600
402300
399100
395900
392800
389700
386600
383600
380700
377800
403900
478000
492800
495500
490600
485800
481100
476400
471900
467400
463100
458800
455000
1113000
2041000
2208000
2196000
2102000
2015000
1935000
1861000
1793000
1729000
1670000
1615000
1563000
1515000
1470000
1427000
1386000
1348000
1312000
1278000
1246000
1215000
1186000
1158000
1131000
1106000
1081000
1058000
1036000
1015000
994100
974400
955500
937400
919900
903000
886800
871100
856000
841400
827300
813700
800500
787700
775300
763400
751700
740500
729500
718900
708600
698600
688900
679400
670200
661200
652500
644000
635700
627600
619800
612100
604600
597300
590200
583200
576500
569800
563300
557000
550800
544700
538800
533000
527300
521800
537200
607700
648500
654500
795300
1040000
1085000
1114000
1282000
2e+06
2575000
2632000
2725000
2775000
2678000
2554000
2916000
3220000
3152000
2996000
2821000
2665000
2526000
2401000
2288000
2226000
2561000
2849000
3255000
4874000
9672000
12650000
15810000
15350000
12330000
9831000
8024000
6811000
5931000
5260000
4730000
4299000
3942000
3641000
3384000
4822000
5757000
5528000
5054000
4564000
4162000
3827000
3543000
3436000
3296000
3113000
3692000
4163000
4611000
4735000
4445000
4101000
3776000
3500000
3261000
3054000
2872000
2987000
3421000
3540000
3421000
4218000
5043000
5015000
4666000
4263000
3912000
3615000
3361000
3192000
3039000
2872000
2714000
2570000
2441000
2953000
3367000
3313000
3147000
2954000
2783000
2632000
2496000
2374000
2263000
2162000
2070000
2415000
2819000
2899000
2801000
2658000
2519000
2395000
2392000
2441000
2414000
2324000
2223000
2126000
2037000
1955000
1880000
1810000
1746000
1685000
2117000
2555000
2573000
2487000
2366000
2256000
2156000
2064000
2224000
2349000
2305000
2219000
2122000
2033000
1952000
1877000
2134000
4006000
5191000
5104000
4717000
4289000
3934000
4765000
6186000
6531000
6033000
5406000
4846000
4395000
4022000
3709000
3442000
3211000
3010000
2833000
2676000
2536000
2410000
2296000
2192000
2098000
2011000
1932000
1858000
1790000
1727000
1668000
1613000
1561000
1513000
1468000
1425000
1385000
1347000
1347000
1364000
1375000
1366000
2012000
2971000
3244000
3173000
2996000
2821000
2665000
2526000
2401000
2288000
2185000
2091000
2005000
1926000
1852000
1785000
1722000
1663000
1609000
1557000
1509000
1464000
1422000
1382000
1787000
3139000
6302000
8469000
8455000
7637000
7086000
6561000
5866000
5243000
4836000
5063000
5032000
4685000
4849000
4858000
4542000
4181000
4110000
4069000
3856000
3598000
3349000
3319000
3242000
3079000
2904000
2739000
2592000
2460000
2342000
2234000
2136000
2046000
1964000
2162000
2425000
2633000
4035000
5158000
5166000
4800000
4370000
4002000
3692000
3764000
5117000
6121000
6020000
6693000
6855000
6319000
5688000
5085000
4592000
4186000
3847000
3560000
3314000
3100000
2913000
2747000
2599000
2467000
2347000
2239000
2141000
2050000
1968000
1891000
1821000
1755000
1694000
1638000
1585000
1535000
1488000
1445000
1403000
1364000
1327000
1292000
1259000
1228000
1202000
1182000
1156000
1130000
1105000
1081000
1057000
1035000
1014000
993400
973700
1021000
1094000
1096000
1080000
1057000
1035000
1013000
993000
973300
954500
936400
918900
902100
885900
870300
855200
840600
826500
812900
799800
787000
774700
762700
751100
739800
728900
718300
708000
698000
688300
678900
669700
660700
652000
643500
635300
627200
619300
611700
604200
596900
589800
608900
644300
647300
642900
634600
626600
618800
611100
777100
1761000
2567000
2680000
2607000
2474000
2354000
2245000
2146000
2159000
2688000
3510000
3815000
5049000
6446000
6628000
6075000
5426000
4862000
5276000
5435000
5078000
4637000
4223000
3878000
3587000
3427000
7168000
9402000
8691000
7543000
6469000
5674000
6107000
6312000
5826000
5252000
4724000
4294000
3938000
3638000
3561000
3441000
3250000
3054000
3070000
3874000
4993000
5207000
5665000
5647000
5211000
4733000
4302000
3944000
3643000
3385000
3162000
2967000
2795000
2642000
2506000
2382000
2271000
2170000
2077000
1992000
1914000
1842000
1775000
1712000
1849000
2029000
2015000
1957000
1881000
1811000
1753000
1760000
2020000
2215000
2236000
2190000
2105000
2020000
2045000
2079000
2261000
2372000
2321000
2231000
2133000
2044000
1961000
1885000
1815000
1750000
1690000
1633000
1581000
1531000
1485000
1441000
1400000
1361000
1324000
1290000
1257000
1225000
1196000
1179000
1479000
1947000
2051000
2025000
1949000
1874000
1805000
1741000
1681000
1625000
1573000
1524000
1478000
1435000
1394000
1355000
1319000
1284000
1252000
1221000
1191000
1554000
2718000
3358000
3367000
3199000
3e+06
2824000
2668000
2703000
2770000
2698000
2579000
2730000
2924000
2860000
2732000
2587000
2456000
2337000
2230000
2132000
2043000
1961000
1885000
1815000
1750000
1689000
1633000
1580000
1531000
1484000
1441000
1400000
1361000
1324000
1289000
1256000
1225000
1332000
1469000
1473000
1445000
1418000
1390000
1355000
1320000
1285000
1252000
1221000
1192000
1163000
1137000
1111000
1086000
1063000
1040000
1019000
998300
978400
959400
941100
923400
906500
890100
874300
859100
844400
855000
893400
896700
887100
872000
856900
842300
828100
814500
801200
788500
776100
764100
752400
741100
730200
724400
758000
920400
1034000
1050000
1038000
1017000
996000
976300
957300
939100
921500
904600
888300
872600
857400
842800
828600
815000
801700
788900
909500
1109000
1141000
1135000
1109000
1085000
1061000
1039000
1017000
996800
977000
958000
939700
922200
905200
888900
873200
858000
843300
829200
815500
895000
1024000
1041000
1033000
1012000
991300
971700
952900
934900
917500
900700
884600
869000
853900
839400
825400
811800
798700
786000
773600
761700
750100
738900
728000
717500
707200
697200
687500
678100
668900
660000
651300
642800
634600
626500
618700
611000
603600
596300
589200
582300
575500
568900
562400
556100
549900
543900
538000
532200
526500
521000
515600
510300
505000
5e+05
495000
490100
485300
480500
475900
471400
467000
462600
468900
545600
724300
1442000
2139000
2248000
2209000
2113000
2025000
1944000
1870000
1801000
1737000
1677000
1622000
1570000
1521000
1475000
1432000
1391000
1353000
1317000
1282000
1250000
1219000
1189000
1161000
1134000
1109000
1084000
1061000
1039000
1017000
996600
976800
957800
999800
1098000
1156000
1152000
1131000
1106000
1082000
1586000
2175000
2282000
2257000
2163000
2073000
1988000
1910000
1838000
1772000
1710000
1652000
1611000
1701000
1805000
1785000
1736000
1676000
1621000
1569000
1520000
1474000
1431000
1391000
1352000
1316000
1282000
1249000
1218000
1342000
2191000
3077000
3244000
3150000
3051000
3132000
3107000
2968000
2807000
2653000
2857000
5428000
7403000
7292000
6552000
5763000
5128000
4624000
4212000
3881000
3662000
3474000
3270000
3070000
2887000
2724000
2579000
2449000
2331000
2224000
2127000
2357000
2537000
2495000
2396000
2283000
2181000
2087000
2001000
1922000
2359000
2792000
2791000
2684000
2543000
2416000
2302000
2197000
2102000
2015000
1935000
1862000
1793000
1730000
1671000
1823000
2021000
2012000
1955000
1880000
1895000
1955000
2019000
2067000
2270000
2398000
2350000
2259000
2159000
2067000
1989000
2008000
2062000
2025000
1959000
1884000
1814000
1749000
1689000
1632000
1617000
1646000
1650000
1613000
1565000
1517000
1566000
1618000
1595000
1557000
1514000
1470000
1427000
1387000
1349000
1313000
1278000
1246000
1215000
1186000
1158000
1148000
1150000
1131000
1296000
1508000
1529000
1505000
1460000
1418000
1378000
1461000
1536000
1622000
1706000
1731000
1803000
2688000
3666000
3896000
3743000
3492000
3255000
3048000
2867000
2706000
2563000
2434000
2318000
2212000
2116000
2028000
1947000
1872000
1803000
1739000
1679000
1623000
1571000
1522000
1477000
1433000
1393000
1354000
1318000
1283000
1251000
1220000
1190000
1162000
1135000
1110000
1085000
1062000
1039000
1018000
997300
977500
958500
940200
922600
905600
902100
900100
888000
873500
858300
876200
912300
909300
905500
898000
884400
869600
854600
840000
825900
812400
799200
786500
774100
762200
750600
739400
728500
717900
707600
697600
687900
678500
669300
663700
699700
841300
960200
978900
970100
951400
933400
916000
899300
883200
867700
852700
838200
824200
810700
797600
784900
772600
760700
749200
738000
727100
716600
706300
696400
686700
677300
668100
659200
650600
642100
633900
625900
618000
610400
603000
595700
588600
581700
574900
568300
561900
555600
549400
543400
545700
630700
770400
850300
861600
885400
947500
978900
974200
958500
940200
922600
905700
889300
873600
858400
843700
829500
815800
802500
789700
777300
765200
753600
742200
731200
720600
710200
700200
690400
680900
671600
662600
653900
645300
637000
628900
621000
613300
634200
677000
682600
746300
900200
951300
1036000
1309000
3541000
5221000
5254000
4881000
4426000
4048000
3731000
3631000
3500000
3301000
3098000
2911000
2745000
2597000
2465000
2346000
2238000
2139000
2049000
1967000
1890000
1820000
1755000
1694000
1736000
1853000
1912000
1901000
2019000
3398000
5694000
6456000
6083000
6800000
8252000
8214000
9200000
10100000
9469000
8168000
6982000
6058000
5359000
4809000
4364000
3996000
6870000
8635000
8016000
7028000
6093000
5386000
4830000
4382000
4011000
3700000
3434000
3204000
3201000
4961000
6145000
5931000
5400000
4845000
4394000
4021000
3708000
3441000
3211000
3010000
2833000
2676000
2586000
2504000
2696000
2983000
3086000
3049000
2902000
3006000
3288000
5114000
8045000
10310000
10220000
9796000
12340000
12820000
13510000
