1099000
1084000
953700
945700
920700
923000
932500
919000
9e+05
892700
885200
885400
884400
880800
877100
863200
8749000
9104000
3844000
3006000
2328000
5608000
5744000
5390000
16460000
13620000
5582000
5332000
3955000
6182000
6846000
4251000
4531000
4287000
4604000
14850000
18990000
11460000
6885000
4809000
5158000
5900000
4888000
7623000
6392000
4967000
4905000
3460000
3450000
3443000
2697000
1994000
2406000
2154000
1546000
1333000
1284000
1328000
1149000
1032000
924400
2915000
2655000
1333000
1238000
1005000
1058000
1155000
1039000
1295000
3996000
6480000
5577000
3414000
2294000
2020000
2026000
2044000
1740000
1379000
1987000
1901000
1411000
1450000
1348000
1224000
1088000
2456000
2274000
1210000
1070000
884700
934400
1029000
949900
784800
742100
715900
744100
740000
739000
737500
659200
636800
644700
643900
602900
600400
598500
596600
594600
592700
590800
588900
10810000
10070000
3349000
3061000
1893000
2169000
2828000
2294000
2989000
5618000
4206000
2433000
2316000
2029000
2209000
1796000
1381000
1183000
1103000
805700
879100
918800
920500
842700
670300
638600
657600
618900
540100
537500
535900
534400
532800
531300
529800
528300
526800
8294000
7733000
4937000
4551000
2143000
2288000
2524000
2181000
1709000
1437000
1096000
1204000
1262000
1314000
1347000
5304000
4884000
1953000
1805000
1120000
1236000
1455000
1226000
877400
791900
704100
788900
846900
849500
850000
626300
565700
593100
595400
480500
477700
476500
475200
474000
472800
471600
470400
469200
468000
466800
465600
464500
463300
1583000
1501000
762900
730400
601500
630800
702000
642600
552000
529200
505900
526900
541100
541000
540400
482100
465700
472000
471900
2164000
2038000
904900
855600
658200
704000
814100
723500
585000
550600
515400
548500
570900
571500
703900
9249000
8515000
2838000
2582000
1554000
1796000
2836000
2339000
1323000
1139000
912700
1098000
1246000
1228000
1185000
730700
603000
668800
678200
452000
448200
422300
414700
417000
416600
402900
401800
401000
400100
399200
398400
397500
396700
395800
395000
394100
8591000
14790000
8912000
15240000
14590000
6696000
6266000
4985000
4131000
4176000
3389000
2469000
2400000
2255000
2457000
2215000
1783000
1749000
1237000
812400
686500
700800
413200
375500
374200
373500
372700
372000
371200
370500
4129000
8011000
5239000
2402000
1857000
1485000
1840000
1911000
1905000
1864000
1343000
1057000
1120000
1147000
1196000
1004000
678200
603800
615600
522300
1208000
3012000
2364000
1095000
926100
733000
836300
901700
731400
567300
515200
493100
539800
565100
11210000
22720000
14730000
6311000
4766000
3631000
4603000
4843000
3352000
2162000
1712000
1677000
3879000
3925000
2747000
2157000
1175000
2633000
2731000
1377000
864000
652000
656300
789000
734600
615300
940200
818400
588200
592500
553600
674900
608600
8186000
7606000
2501000
2242000
1963000
2127000
2228000
1806000
3661000
3736000
1912000
1702000
1448000
1458000
1623000
1133000
983800
1676000
1456000
775500
766400
697800
730500
622700
3275000
3025000
1196000
1040000
730900
815500
1590000
9836000
8576000
4495000
9369000
7070000
3800000
3990000
2937000
2355000
2406000
1865000
1586000
1495000
1426000
1525000
1159000
1053000
1031000
728200
444400
477300
440800
300300
297900
297400
297000
296500
1525000
1436000
627600
592600
452100
16350000
15290000
4791000
7654000
19280000
16960000
8867000
6956000
4206000
6059000
9345000
7400000
4380000
3751000
3205000
2889000
2985000
2821000
2390000
1137000
912100
10190000
11600000
5101000
7879000
6469000
3467000
3881000
2982000
2166000
6630000
5861000
2661000
2598000
2026000
2239000
2131000
1671000
1344000
1047000
649200
6455000
6106000
2213000
2047000
1161000
1255000
1655000
1360000
782400
669200
554600
667800
2850000
2704000
1322000
968700
650100
744600
884900
624800
454400
413300
371100
412300
440600
442100
442600
334700
305600
319000
320400
265100
263900
263600
263200
262800
262400
262100
261700
261300
261000
3127000
2920000
1035000
954600
627500
704900
889700
740100
510900
455100
397700
454100
492800
495000
495800
349000
309500
328100
330100
254900
253500
253100
252800
252500
252100
251800
251400
3560000
7427000
4955000
2163000
1670000
1292000
1617000
1709000
1231000
838900
693400
676900
802800
861400
866100
698400
443200
408700
438100
354700
246000
244300
243900
243600
243300
243000
242600
242300
242000
241700
241400
241100
240800
240400
240100
239800
239500
239200
238900
238600
238300
238000
237700
237300
237000
236700
236400
236100
235800
235500
235200
234900
234600
234300
234000
233700
233500
233200
232900
232600
232300
232000
231700
231400
231100
230800
230500
230300
230000
229700
229400
229100
228800
228500
228300
7251000
7260000
2605000
2069000
1254000
1386000
1853000
1520000
932600
755400
605600
733900
839500
852600
855700
496700
374400
3807000
4412000
1937000
1273000
1230000
1200000
1199000
1066000
709600
586600
526400
557400
590600
597700
592300
426200
341800
352700
360900
253900
225500
227400
227400
217600
217200
216900
738900
2235000
1781000
757400
654600
493700
568900
640500
518700
385900
345600
325200
362400
383500
384900
358500
2203000
2046000
787500
720800
460300
511900
636300
535600
381300
343700
305100
343000
6121000
10230000
6125000
2891000
2082000
1735000
2230000
5319000
4397000
1855000
1565000
1230000
5548000
16840000
13320000
5213000
3981000
2711000
3363000
3782000
3824000
12430000
12010000
5329000
4281000
3329000
3427000
3831000
2702000
1699000
1451000
1156000
1036000
1190000
1218000
3104000
3822000
10040000
8573000
3182000
2609000
8437000
8904000
4791000
3565000
2107000
2061000
2405000
2284000
1826000
1548000
1309000
1021000
1029000
2094000
2981000
4335000
5762000
3816000
2064000
1558000
1339000
1430000
8137000
7276000
2565000
7425000
8682000
7971000
10030000
7025000
3818000
5323000
4567000
3247000
3027000
2229000
2e+06
1766000
1598000
1609000
4065000
3471000
1603000
1356000
887200
922200
940200
682200
477300
426400
326100
378500
415100
417300
418200
990200
902200
452900
973400
783100
447300
477900
379300
337100
357900
2119000
2107000
12110000
11140000
3582000
3271000
2106000
2331000
3498000
3234000
1863000
1376000
1855000
1991000
1689000
1581000
1393000
804400
683000
673000
633100
332000
313200
296600
276100
274800
278300
222800
200400
205200
1509000
1395000
537400
500700
413300
547800
1309000
1181000
585600
488900
385300
427000
482700
440500
376600
290000
259300
282300
2767000
4556000
2780000
1356000
2839000
2548000
1554000
1484000
971700
813600
843900
757400
684100
678000
644200
554800
443500
434000
449800
293000
214600
225800
227200
179100
178300
178100
3501000
7571000
5076000
2149000
1649000
1248000
1580000
1685000
1195000
786600
637000
616900
747200
808800
813900
645700
380000
343000
373900
290500
176600
174900
174800
174600
174500
174300
174100
174000
173800
173600
173500
173300
173100
173000
172800
172700
172500
172300
172200
172000
171900
171700
171500
171400
171200
171100
170900
170700
170600
1011000
950500
397600
373800
277900
300500
354700
310700
243500
227100
210200
226700
1726000
1619000
641300
556500
375300
421100
517700
418100
298900
269900
240200
269500
289600
290800
291300
215100
194700
204300
205400
166400
165700
165500
680300
643100
2106000
1962000
718300
681700
509400
531400
606500
502600
348400
323600
294700
330600
355200
330400
324000
235200
210900
209200
210300
163100
162400
162200
162100
5109000
4753000
1500000
1361000
797200
1574000
1847000
1167000
753700
584600
503600
642800
676600
629700
619100
353500
298600
339700
344300
1696000
5591000
4318000
1627000
1345000
908400
1113000
1297000
968300
617200
509600
458500
558400
1777000
23830000
21400000
6589000
5790000
3326000
3967000
5230000
3983000
2193000
1741000
1324000
1778000
2080000
2101000
2050000
903000
608700
755200
743100
164300
156400
156200
156100
156000
155800
155700
155600
155400
155300
155200
155100
154900
154800
154700
154500
154400
154300
154100
154000
153900
153800
153600
153500
153400
153300
153100
153000
152900
152700
152600
152500
152400
152200
152100
152000
151900
151700
151600
151500
151400
151200
151100
151000
150900
150800
150600
150500
150400
150300
150100
1031000
967600
388200
363300
262800
286600
4553000
5562000
2625000
1598000
8501000
7943000
3372000
4080000
6812000
14190000
11320000
5237000
6168000
5087000
3950000
4071000
8183000
7113000
3646000
2827000
2149000
2415000
2668000
2030000
1167000
1528000
6318000
5497000
6076000
13890000
22210000
18240000
17830000
14080000
7328000
7215000
6294000
5422000
4677000
3727000
2975000
2862000
2861000
2901000
2532000
12150000
11160000
3821000
3226000
1773000
1991000
2451000
1904000
2134000
1855000
948100
7332000
7276000
6623000
6033000
2479000
2283000
2352000
2133000
1587000
1270000
867700
4006000
6190000
4365000
2710000
8687000
9496000
4919000
3613000
2285000
2006000
2274000
2025000
2053000
1788000
1244000
1176000
1070000
1085000
7696000
6765000
2165000
1984000
1242000
1252000
1638000
1296000
772800
616200
477900
611200
6551000
7233000
3309000
2078000
1291000
1366000
1779000
2929000
3105000
1823000
1105000
998700
1050000
1192000
1167000
702400
470500
447100
473700
8263000
7675000
2479000
2179000
1215000
1428000
1945000
1494000
4425000
4014000
1500000
1556000
1255000
1359000
1594000
1003000
5996000
17480000
13020000
4915000
4014000
2807000
3480000
10880000
13560000
7550000
4201000
3049000
3060000
3802000
3722000
2662000
1501000
1150000
1288000
1339000
1091000
1093000
732300
416500
404700
438700
256800
142300
140700
140600
140400
140300
140200
140100
140000
139900
139800
139700
139600
3614000
3580000
1828000
1549000
11650000
13520000
6356000
4193000
2628000
2514000
3170000
3146000
2450000
1818000
1362000
1303000
1420000
1486000
1491000
809100
492600
502300
528600
257000
189500
188900
172500
1395000
9422000
16540000
21020000
16820000
8891000
6680000
7746000
7343000
5713000
4376000
3878000
6564000
5813000
3901000
7158000
6159000
3465000
2964000
4258000
4034000
2525000
1682000
1134000
2889000
2834000
1563000
1204000
907800
929600
879400
694700
582500
552600
317600
1541000
5523000
5471000
4655000
13030000
11770000
5422000
4347000
2991000
2839000
3199000
5158000
11960000
10750000
5314000
9399000
8096000
5035000
5183000
3317000
2429000
2451000
2016000
1523000
1504000
1400000
1370000
1005000
859100
900500
574900
299200
282200
282000
144500
142800
135000
134800
134700
134600
134500
134400
134300
134200
134100
134000
134000
133900
133800
2806000
4205000
2334000
1212000
862900
753800
969500
933200
636900
458000
374000
395100
3769000
3555000
1384000
1155000
660500
746000
972200
731500
424900
360300
294500
359800
404700
407600
408900
239800
194700
216300
219000
132500
131300
131200
131100
131000
130900
130800
130700
130600
130500
130400
130300
130200
130200
130100
130000
129900
129800
129700
129600
129500
129400
129300
3373000
3139000
1007000
915700
545900
633900
843200
674300
9319000
20610000
13830000
5756000
4449000
3326000
4228000
4373000
2994000
3205000
8696000
10310000
6960000
12370000
14010000
8210000
5489000
4221000
3514000
8182000
7147000
3328000
2924000
2230000
2389000
2539000
2790000
19590000
17410000
5538000
4995000
3126000
3446000
9652000
8083000
3201000
2739000
1819000
2187000
2758000
2502000
3371000
2285000
1088000
1268000
3205000
8581000
10250000
5716000
6671000
5697000
3138000
3292000
2629000
2045000
1864000
1461000
1224000
1309000
1288000
1229000
950300
715300
711900
495800
292000
227100
228900
131600
130200
130100
4201000
3908000
1231000
1117000
652900
763400
1223000
2160000
5306000
4192000
2090000
1908000
1287000
1443000
3195000
2593000
4086000
3743000
1556000
1492000
1306000
1303000
1306000
919400
611400
584100
514700
480200
519600
426400
405000
266600
228000
204300
206100
129700
128600
128500
128400
1121000
8435000
8198000
3247000
2303000
1462000
1618000
2069000
1667000
1008000
770000
624500
765100
885300
905300
858300
467800
325100
361500
347800
155300
127800
9656000
16230000
9447000
4403000
3114000
2544000
3357000
3330000
4666000
3986000
2009000
1812000
5240000
5246000
3151000
2387000
1279000
1255000
1482000
1110000
675200
603100
533700
473200
475000
492300
497500
257000
196700
217700
221200
131200
127100
127000
126900
126800
126700
126600
6875000
6390000
1952000
1763000
1341000
1499000
1707000
1346000
767100
645900
534100
649400
713500
712900
708600
370600
283200
327800
333500
139400
132200
134400
134600
125500
125200
125200
125100
125000
1128000
3140000
2550000
1135000
818400
601900
698300
786500
612000
414700
336900
311000
361400
395000
400200
349900
229700
2340000
4633000
5901000
3978000
1768000
1468000
1345000
1469000
1356000
970700
651400
589700
609800
701700
743900
638000
485400
319300
297800
262700
1644000
8614000
7149000
2408000
2043000
1267000
1555000
1941000
1454000
854700
687700
574100
735000
833700
840700
769700
384700
296600
344800
312900
125600
123000
6987000
6493000
1980000
1788000
1005000
1191000
1635000
1277000
729100
596300
459800
595500
688900
695000
697800
347000
253300
298400
304000
124700
122200
122100
122000
121900
121900
121800
121700
121600
121500
121500
121400
121300
121200
121100
121100
121000
120900
120800
120700
120700
120600
120500
120400
120300
120300
120200
120100
120000
120000
119900
119800
119700
119600
119600
119500
119400
119300
119300
119200
119100
119000
175300
1335000
3959000
7166000
8746000
17960000
14220000
5614000
5067000
3784000
3902000
4102000
3047000
1969000
1776000
1660000
1901000
1919000
1689000
1464000
777900
564300
539100
450600
124600
120200
120100
120000
119900
119900
119800
119700
119600
119600
119500
119400
119300
119300
4054000
5054000
2375000
1421000
936200
896700
1186000
11980000
10820000
3771000
3340000
1941000
2308000
2999000
2442000
1389000
1043000
808900
1030000
1451000
3871000
3451000
1262000
1001000
785900
882100
738400
576000
363600
308100
266600
320400
354300
356600
338100
206900
4011000
13420000
11390000
4919000
3416000
3263000
4932000
4633000
2977000
1929000
1433000
5050000
17660000
15980000
7368000
5285000
3346000
3612000
4343000
3414000
2094000
1962000
1774000
1742000
1788000
1736000
1557000
888800
633200
650000
550800
212000
4077000
3805000
1240000
1124000
653900
746400
999300
793700
470300
7181000
6615000
2227000
2090000
1319000
1505000
1744000
1338000
821000
692800
455800
588600
681000
687100
689800
4382000
3999000
1388000
1280000
642300
2436000
2740000
2879000
2383000
4183000
3812000
1831000
1753000
1364000
1331000
1319000
2542000
2393000
1389000
1003000
808600
836900
866800
775900
451000
1294000
1952000
1303000
712100
587100
517000
2480000
2307000
910500
882700
580200
557400
708800
605900
453600
374900
277800
303400
333800
309400
291700
1031000
943900
405700
5292000
4790000
1582000
1499000
892100
958600
1260000
3760000
3185000
3217000
3156000
2320000
3577000
12140000
12490000
5859000
3862000
2650000
2720000
3106000
2670000
1822000
1327000
1105000
1184000
1315000
1254000
1180000
646900
418200
433500
417200
179000
121300
120500
120400
120300
120200
120100
120100
120000
119900
119800
119800
119700
119600
119500
119400
119400
119300
1421000
1327000
471300
434700
286300
321600
405600
344000
2412000
2226000
771900
736000
506200
2349000
2361000
1009000
1162000
896500
644000
757100
648500
518800
510200
343200
317300
348200
343600
295300
208800
184700
196600
177800
125800
127700
128000
117600
117400
3148000
5430000
6306000
4358000
1938000
1650000
1566000
1653000
1477000
1060000
708200
659400
689500
786500
831500
680400
512500
342500
319800
262700
198800
118200
117100
117000
116900
116900
116800
296100
283100
165100
160000
139500
144300
155800
146400
132000
128500
124800
128300
2223000
2072000
696900
629000
388000
446000
581200
2679000
6361000
6111000
3261000
1931000
3022000
3997000
3123000
2027000
1357000
1053000
1114000
1124000
1038000
954400
795100
570500
492400
514700
471800
291100
177800
173400
181200
142700
115900
115500
115400
115300
115200
115200
115100
115000
115000
114900
114800
114700
114700
282800
4912000
4526000
1466000
5334000
5291000
2825000
5158000
8469000
23520000
19670000
7497000
6221000
4432000
4928000
5679000
5581000
3894000
2643000
2169000
2201000
2490000
2469000
2043000
977500
731700
751000
679700
240400
231400
231800
161700
142900
2875000
3656000
2168000
1420000
3492000
14170000
17620000
9890000
5251000
9257000
12440000
9287000
12310000
12340000
7129000
5416000
4663000
4159000
4293000
3752000
2552000
1953000
16200000
15220000
5345000
4550000
2897000
3005000
3585000
2741000
1614000
1178000
827500
1110000
3151000
13680000
11900000
4096000
3266000
2192000
2590000
2812000
2117000
1222000
963700
784900
1017000
1167000
1873000
1733000
4313000
4655000
3154000
2465000
1184000
3763000
5033000
13650000
17630000
14060000
9275000
8311000
16050000
13640000
14060000
