1890000
1869000
1843000
1814000
1784000
1754000
1725000
1696000
1669000
1642000
1616000
1591000
1567000
1544000
1521000
1499000
10050000
4881000
3192000
2729000
2564000
5501000
2651000
4591000
18530000
6604000
4618000
3805000
2952000
4673000
2777000
2306000
3923000
2830000
3949000
16830000
14870000
6826000
5177000
4071000
4380000
2655000
2308000
8167000
3743000
5339000
3345000
2785000
2382000
2135000
1990000
1913000
2531000
2028000
1926000
1869000
1809000
1750000
1710000
1682000
1655000
3889000
2232000
1966000
1855000
1730000
1603000
1541000
1518000
1929000
4722000
5795000
4219000
2791000
2345000
1972000
1684000
1545000
1501000
1479000
2397000
1698000
1577000
1522000
1460000
1399000
1364000
3021000
1790000
1594000
1512000
1420000
1327000
1282000
1266000
1251000
1236000
1221000
1207000
1193000
1179000
1166000
1153000
1140000
1128000
1115000
1103000
1092000
1080000
1069000
1058000
1047000
1037000
1027000
10650000
3673000
2633000
2251000
1807000
1354000
1174000
1160000
2411000
4224000
2105000
1753000
1580000
1387000
1227000
1166000
1153000
1141000
1128000
1116000
1104000
1092000
1081000
1070000
1059000
1048000
1037000
1027000
1017000
1007000
997200
987700
978300
969100
960100
951300
942600
7602000
2777000
4096000
2362000
1837000
1444000
1226000
1122000
1076000
1065000
1054000
1043000
1033000
1022000
1012000
4723000
2028000
1622000
1469000
1293000
1113000
1038000
1028000
1017000
1008000
997800
988200
978900
969700
960600
951800
943100
934500
926200
917900
909800
901900
894100
886400
878900
871400
864200
857000
849900
843000
836200
829400
822800
1473000
992400
916100
884700
849100
813000
795500
789400
783400
777500
771700
766000
760300
754800
749300
743900
738600
733400
728200
1715000
994800
884500
841700
792400
742300
720100
715100
710200
705300
700600
695800
691200
686600
682100
7011000
2429000
1749000
1501000
1212000
916900
1068000
869600
835200
819100
801200
783200
772800
767000
761400
755800
750300
744900
739600
734300
729100
724000
719000
714000
709100
704300
699500
694800
690200
685600
681100
676600
672200
667900
663600
659400
6200000
7928000
3181000
12480000
5799000
3393000
2518000
1911000
1387000
1148000
1116000
1104000
1093000
1081000
1070000
1059000
1048000
1038000
1027000
1017000
1007000
997700
988100
978700
969500
960500
951700
943000
934400
926100
4006000
5431000
2445000
1927000
1639000
1324000
1094000
1020000
1443000
1474000
1163000
1099000
1056000
1011000
978600
963400
954500
945800
937200
928700
1582000
2734000
1469000
1261000
1160000
1048000
953500
916900
908800
900900
893100
885400
877900
870500
10240000
16270000
5986000
4245000
3318000
2301000
1537000
1298000
1282000
1266000
1251000
1236000
2968000
1693000
1493000
1412000
1320000
2556000
1556000
1401000
1337000
1265000
1191000
1155000
1142000
1130000
1427000
1216000
1154000
1128000
1102000
1219000
1098000
8441000
3100000
2296000
1995000
2165000
1446000
1250000
1217000
3441000
2129000
1616000
1480000
1353000
1222000
1154000
1136000
1277000
1807000
1308000
1221000
1178000
1130000
1087000
1064000
3486000
1721000
1452000
1348000
1228000
1107000
1578000
9416000
3402000
4048000
8551000
3647000
2548000
2088000
1732000
1416000
1295000
1279000
1264000
1248000
1233000
1219000
1204000
1191000
1177000
1164000
1151000
1138000
1126000
1113000
1102000
1090000
1079000
1067000
2047000
1322000
1206000
1157000
1103000
17470000
5556000
3786000
6999000
20390000
7503000
4823000
3910000
2924000
3860000
5662000
2932000
2466000
2224000
1958000
1742000
1654000
1628000
1603000
1578000
1554000
12360000
6877000
3985000
8954000
4471000
3080000
2513000
2179000
1881000
7178000
3218000
2609000
2371000
2098000
1822000
1699000
1671000
1644000
1619000
1593000
7940000
3319000
2616000
2348000
2038000
1723000
1588000
1564000
1540000
1518000
1496000
1474000
3731000
2063000
1800000
1692000
1570000
1447000
1389000
1370000
1352000
1335000
1318000
1301000
1285000
1269000
1253000
1238000
1224000
1209000
1195000
1182000
1168000
1155000
1142000
1130000
1118000
1106000
1094000
1082000
1071000
3217000
1651000
1411000
1317000
1210000
1101000
1053000
1042000
1032000
1022000
1012000
1002000
992100
982700
973400
964300
955400
946600
938000
929600
921300
913100
905100
897300
889500
881900
874500
3541000
5237000
2312000
1812000
1544000
1250000
1029000
956600
947800
939200
930700
922400
914200
906200
898300
890600
882900
875500
868100
860900
853700
846700
839900
833100
826400
819900
813400
807000
800800
794600
788600
782600
776700
770900
765200
759600
754000
748600
743200
737900
732600
727500
722400
717400
712400
707600
702700
698000
693300
688700
684100
679600
675200
670800
666500
662200
658000
653800
649700
645700
641700
637700
633800
629900
626100
622400
618600
615000
611300
607700
604200
600700
597200
593800
590400
5061000
2170000
1438000
1225000
1008000
784000
685900
675500
671100
666700
662500
658300
654100
650000
645900
641900
637900
2793000
1797000
1153000
1005000
1126000
822300
728700
705100
689900
674400
665900
661700
657400
653300
649200
645100
641100
637200
633300
629400
625600
621900
618100
614500
610800
607200
872200
1711000
928700
804000
748600
686200
630600
609000
605400
601900
598400
595000
591600
588200
584900
581600
1843000
923800
785200
733200
673100
612100
586700
583400
580100
576900
573700
570500
4430000
4691000
2066000
1588000
1294000
976400
765200
2831000
1295000
1065000
978800
879100
3684000
11460000
4083000
2827000
2297000
1707000
1190000
1003000
1937000
10570000
5114000
3063000
2502000
1976000
1458000
1219000
1181000
1168000
1155000
1142000
1129000
1117000
1105000
2805000
2784000
9870000
3758000
2750000
2289000
9320000
4339000
2756000
2357000
1970000
1570000
1382000
1350000
1332000
1315000
1298000
1282000
1266000
2324000
2624000
4746000
5153000
2805000
2202000
1862000
1559000
1357000
9011000
3399000
2555000
8084000
6229000
6195000
7438000
3824000
2869000
4393000
2519000
2040000
1865000
1748000
1629000
1569000
1546000
1523000
4601000
2338000
1986000
1845000
1685000
1523000
1448000
1428000
1409000
1390000
1371000
1353000
1336000
1319000
1302000
2072000
1486000
1386000
1863000
1436000
1330000
1281000
1244000
1206000
1183000
2788000
1744000
13780000
4777000
3367000
2796000
2192000
1609000
2080000
2056000
1598000
1499000
2319000
1604000
1457000
1397000
1341000
1285000
1254000
1239000
1224000
1210000
1196000
1182000
1169000
1156000
1143000
1130000
1118000
1106000
2165000
1382000
1256000
1204000
1183000
1190000
1744000
1305000
1179000
1132000
1085000
1041000
1017000
1006000
996200
986700
977300
968200
3065000
3344000
1803000
1520000
2998000
1620000
1315000
1211000
1127000
1042000
1003000
993700
984300
975000
965800
956900
948100
939500
931000
922700
914500
906500
898600
890800
883200
875700
3640000
5520000
2400000
1870000
1587000
1278000
1043000
966200
957200
948400
939800
931300
923000
914800
906800
898900
891100
883500
876000
868600
861400
854200
847200
840300
833600
826900
820300
813900
807500
801200
795100
789000
783000
777100
771300
765600
760000
754400
749000
743600
738300
733000
727900
722800
717700
712800
707900
703100
698300
1002000
774800
737400
721100
702800
684300
674500
670100
665800
661600
657400
653200
1555000
896300
795600
756800
712200
666900
647100
643100
639100
635200
631300
627400
623700
619900
616200
612600
609000
605400
601900
598400
594900
591500
753900
630500
1850000
942100
798600
739900
678000
618000
593000
589600
586200
582900
579700
576400
573200
570100
567000
563900
560800
557800
554800
551800
548900
546000
543100
3825000
1443000
1088000
958200
807400
1079000
710700
661800
642100
619700
596900
586200
582900
579600
576400
573200
570100
566900
563800
1463000
3588000
1475000
1139000
988100
818600
672200
620100
616400
612800
609200
605600
602100
1311000
19170000
5783000
3784000
3037000
2172000
1312000
982600
973400
964300
955300
946600
938000
929500
921200
913100
905100
897200
889500
881900
874400
867100
859900
852800
845800
838900
832100
825500
819000
812500
806200
799900
793800
787700
781800
775900
770100
764400
758800
753300
747800
742400
737100
731900
726800
721700
716700
711800
706900
702100
697300
692700
688100
683500
679000
674600
670200
665900
661600
657400
653300
649200
645100
641100
637200
633300
629400
625600
621800
618100
614400
1031000
723400
674900
655200
632800
610100
3499000
2334000
1345000
1130000
6452000
2307000
1624000
2126000
4924000
9588000
3656000
2621000
4071000
2137000
1508000
1288000
5907000
2406000
1859000
1667000
1445000
1218000
1124000
1112000
1100000
1579000
5791000
2426000
6070000
12430000
20100000
10810000
17670000
7777000
5196000
3710000
2746000
2130000
1895000
1861000
1828000
1796000
1765000
1735000
1706000
15510000
5460000
3948000
3383000
2729000
2066000
1793000
1763000
2957000
2046000
1888000
9592000
4313000
7507000
3917000
3050000
2475000
2091000
1852000
1745000
1716000
1688000
5211000
5440000
3374000
2648000
11380000
6735000
3900000
3213000
2680000
2133000
1841000
1771000
2398000
1895000
1797000
1745000
1689000
1633000
9446000
3750000
2887000
2560000
2182000
1798000
1635000
1609000
1585000
1561000
1537000
1515000
8206000
4621000
2955000
2538000
2165000
1778000
1579000
3297000
2942000
2051000
1861000
1724000
1580000
1485000
1448000
1428000
1409000
1390000
1371000
10410000
3840000
2853000
2484000
2058000
1624000
1446000
1426000
5503000
2520000
2063000
1886000
1683000
1477000
1387000
1368000
7495000
17980000
6474000
4613000
3736000
2758000
1941000
10560000
9826000
4693000
3705000
3053000
2358000
1909000
1778000
1748000
1719000
1690000
1663000
1637000
1611000
1586000
1562000
1539000
1516000
1494000
1473000
1452000
1432000
1412000
1393000
1374000
1356000
1339000
1321000
1305000
1288000
1272000
1257000
4835000
2468000
2521000
1881000
14180000
7875000
4248000
3391000
2681000
1952000
1575000
1782000
1891000
1599000
1532000
1486000
1439000
1399000
1375000
1357000
1339000
1322000
1305000
1289000
1273000
1258000
1242000
2254000
10720000
13820000
19510000
11620000
7007000
5511000
6247000
3240000
2471000
2224000
3117000
6237000
3103000
2595000
6937000
3359000
2632000
2352000
4658000
2911000
2294000
2131000
1975000
3805000
2283000
2037000
1933000
1816000
1699000
1638000
1612000
1587000
1563000
1540000
2764000
6506000
4188000
5064000
15570000
7582000
4603000
3667000
2879000
2157000
1830000
4776000
13280000
7071000
4400000
11300000
4997000
3924000
3013000
2550000
2145000
1955000
1901000
1859000
1826000
1794000
1764000
1734000
1705000
1677000
1650000
1624000
1599000
1575000
1551000
1528000
1505000
1484000
1463000
1442000
1422000
1403000
1384000
1366000
1348000
1330000
1313000
1297000
1281000
3911000
3843000
2192000
1874000
1667000
1447000
1300000
1252000
1237000
1222000
1208000
1194000
4386000
2058000
1703000
1567000
1410000
1250000
1181000
1167000
1154000
1142000
1129000
1117000
1105000
1093000
1082000
1070000
1059000
1049000
1038000
1028000
1018000
1008000
998000
988400
979100
969900
960800
952000
943300
934700
926300
918100
910000
902100
894200
886600
879000
871600
864300
857100
850100
843100
3708000
1620000
1306000
1188000
1052000
913400
856300
849300
8966000
15550000
5650000
3995000
3139000
2196000
1471000
1239000
1225000
2455000
8352000
6901000
4078000
11800000
8601000
4380000
3303000
2647000
2038000
7213000
3136000
2522000
2285000
2012000
1735000
1614000
2407000
25200000
8114000
5541000
4566000
3442000
2323000
9177000
3853000
3035000
2718000
2356000
1988000
1828000
1796000
3358000
2181000
1983000
1893000
4198000
10080000
8841000
4522000
8923000
4384000
3174000
2585000
2230000
1952000
1826000
1794000
1763000
1733000
1705000
1677000
1650000
1624000
1599000
1574000
1550000
1527000
1505000
1483000
1462000
1442000
6156000
2712000
2186000
1984000
1752000
1516000
1643000
2874000
6154000
2830000
2837000
2174000
1831000
1567000
3441000
1954000
5173000
2573000
2095000
1851000
1642000
1465000
1386000
1367000
1349000
1332000
1315000
1298000
1282000
1266000
1251000
1236000
1221000
1207000
1193000
1179000
1166000
1153000
1140000
2012000
9247000
4591000
2866000
2385000
1932000
1490000
1284000
1249000
1234000
1219000
1205000
1191000
1178000
1164000
1151000
1139000
1126000
1114000
1102000
1090000
1079000
10850000
12280000
5054000
3751000
2968000
2122000
1544000
1378000
4275000
2465000
1904000
1739000
5672000
2676000
2059000
1863000
1656000
1445000
1350000
1330000
1313000
1297000
1281000
1265000
1250000
1235000
1220000
1206000
1192000
1178000
1165000
1152000
1139000
1127000
1114000
1103000
1091000
1079000
7421000
2822000
2133000
1877000
1901000
1368000
1211000
1186000
1159000
1132000
1114000
1102000
1091000
1079000
1068000
1057000
1046000
1036000
1025000
1015000
1005000
995800
986300
976900
967800
958800
950000
941300
1748000
3134000
1812000
1410000
1266000
1124000
1001000
948400
936200
927800
919500
911400
903400
895600
887900
880300
872800
2732000
3691000
4543000
2237000
1764000
1461000
1192000
1018000
961100
952200
943500
935000
926600
918300
910200
902300
894500
886800
879200
871800
1970000
7779000
2868000
2111000
1798000
1443000
1112000
987800
978500
969300
960300
951400
942700
934200
925800
917600
909500
901600
893700
886100
878500
871100
6982000
2548000
1886000
1643000
1360000
1072000
956700
947900
939200
930800
922500
914300
906300
898400
890600
883000
875500
868200
860900
853800
846800
839900
833100
826500
819900
813500
807100
800800
794700
788600
782600
776800
771000
765300
759600
754100
748600
743200
737900
732700
727500
722400
717400
712500
707600
702800
698000
693400
688700
684200
679700
675200
670900
666500
662300
658000
653900
649800
645700
641700
637800
633800
1375000
2826000
4331000
5005000
14060000
4997000
3377000
2606000
1876000
1276000
1061000
1050000
1040000
1029000
1019000
1009000
999500
989900
980500
971300
962300
953400
944600
936100
927700
919400
911300
903300
895500
887800
880200
872800
865500
858300
851200
844200
837400
4383000
3024000
1752000
1477000
1263000
1039000
913300
11210000
3736000
2922000
2301000
1796000
1303000
1099000
1075000
1058000
1048000
1037000
1027000
1364000
3450000
1709000
1436000
1321000
1190000
1067000
1016000
1006000
996500
987000
977600
968400
959400
950600
941900
933400
4564000
11730000
5503000
3535000
2749000
3028000
3272000
1822000
1581000
1463000
1337000
5343000
17610000
8083000
4832000
3825000
2854000
1972000
1592000
1534000
1678000
2076000
1847000
1617000
1547000
1487000
1431000
1394000
1372000
1354000
1336000
1319000
6041000
2591000
2067000
1867000
1637000
1404000
1305000
1288000
1272000
9250000
3445000
2573000
2247000
1871000
1489000
1332000
1315000
1299000
1283000
1267000
1251000
1236000
1222000
1207000
5621000
2406000
1918000
1734000
1521000
3098000
1869000
3214000
2018000
5312000
2488000
1964000
1724000
1511000
1327000
1393000
2845000
1969000
1573000
1461000
1359000
1258000
1203000
1184000
1171000
2028000
2127000
1490000
1366000
1287000
1202000
2991000
1634000
1425000
1443000
1276000
1169000
1121000
1105000
1089000
1076000
1065000
1054000
1043000
1033000
1023000
1784000
1217000
1125000
5753000
2341000
1799000
1597000
1378000
1155000
1063000
3647000
1765000
3324000
2124000
2272000
2941000
12010000
6841000
3772000
2995000
2347000
1724000
1412000
1350000
1332000
1315000
1299000
1282000
1267000
1251000
1236000
1222000
1207000
1193000
1180000
1166000
1153000
1141000
1128000
1116000
1104000
1092000
1081000
1070000
1059000
1048000
1037000
1027000
1017000
1007000
997200
987700
978300
1915000
1222000
1112000
1067000
1016000
964100
939100
930600
2949000
1475000
1250000
1164000
1065000
2619000
1378000
1193000
1481000
1138000
1016000
964900
940600
916100
901900
894100
886400
878800
871400
864100
857000
849900
843000
836100
829400
822800
816300
809900
803600
3210000
3839000
4753000
2299000
1781000
1445000
1157000
974500
915900
907900
899900
892200
884500
877000
869600
862400
855200
848200
841300
834500
827800
821200
814700
808400
802100
795900
789800
783800
777900
772100
766400
760700
755200
749700
744300
739000
733700
728600
723500
2082000
1094000
944300
887300
821500
754400
725600
2275000
4426000
3348000
1877000
1520000
2655000
2337000
1363000
1173000
1066000
950900
875500
851800
844800
838000
831200
824600
818100
811600
805300
799100
792900
786900
780900
775100
769300
763600
758000
752500
747100
741700
736400
731200
726100
721000
716000
711100
706200
701400
3955000
1645000
1264000
4574000
2670000
1733000
3913000
5983000
21390000
7286000
4829000
3766000
2665000
1707000
1353000
2977000
1768000
1575000
1495000
1404000
1313000
1269000
1253000
1238000
1223000
1209000
1195000
1181000
1168000
1155000
1142000
1130000
3620000
2735000
2177000
1691000
4211000
14830000
12290000
5662000
4314000
10300000
9572000
4396000
12180000
8920000
4732000
3599000
2933000
2331000
1975000
1876000
1843000
1810000
22210000
7362000
5133000
4305000
3347000
2374000
1980000
1942000
1906000
1871000
1838000
1806000
4001000
17410000
6527000
4586000
3838000
3013000
2237000
1925000
1885000
1851000
1818000
1787000
1756000
1726000
2524000
1901000
6173000
3881000
3819000
2669000
2276000
5175000
4330000
17540000
15310000
13500000
7038000
9719000
18090000
7282000
14910000
