1603000
1605000
1594000
1580000
1568000
1555000
1542000
1530000
1518000
1506000
1494000
1483000
1471000
1460000
1449000
1438000
1428000
1633000
1672000
1661000
1647000
1641000
1720000
1716000
1765000
2166000
2194000
2169000
2145000
2121000
2173000
2166000
2143000
2178000
2172000
2206000
2624000
2943000
2936000
2891000
2848000
2857000
2821000
2780000
2949000
2931000
2971000
2936000
2891000
2848000
2806000
2766000
2726000
2721000
2687000
2650000
2614000
2578000
2544000
2511000
2478000
2447000
2509000
2488000
2457000
2425000
2395000
2365000
2337000
2308000
2308000
2396000
2508000
2539000
2512000
2480000
2448000
2417000
2387000
2358000
2329000
2344000
2321000
2293000
2266000
2239000
2213000
2188000
2223000
2205000
2180000
2155000
2131000
2108000
2085000
2062000
2040000
2019000
1998000
1980000
1960000
1940000
1921000
1902000
1883000
1865000
1847000
1829000
1812000
1795000
1778000
1762000
1746000
1730000
1715000
2095000
2123000
2099000
2076000
2054000
2032000
2011000
1990000
2045000
2139000
2128000
2105000
2082000
2060000
2038000
2016000
1995000
1975000
1955000
1935000
1916000
1903000
1890000
1873000
1855000
1837000
1819000
1802000
1785000
1769000
1753000
1737000
1721000
1706000
1691000
1676000
1702000
1937000
1949000
2009000
1998000
1977000
1957000
1937000
1918000
1899000
1880000
1862000
1844000
1826000
1809000
1792000
1948000
1951000
1931000
1912000
1893000
1874000
1856000
1838000
1821000
1804000
1787000
1770000
1754000
1738000
1723000
1707000
1692000
1677000
1663000
1649000
1634000
1621000
1607000
1594000
1581000
1568000
1555000
1542000
1530000
1518000
1506000
1499000
1492000
1535000
1530000
1518000
1506000
1494000
1483000
1471000
1460000
1449000
1438000
1428000
1417000
1407000
1396000
1386000
1376000
1367000
1357000
1376000
1420000
1416000
1406000
1396000
1386000
1376000
1366000
1356000
1347000
1337000
1328000
1319000
1310000
1301000
1327000
1537000
1551000
1539000
1527000
1515000
1503000
1523000
1515000
1504000
1492000
1480000
1469000
1458000
1447000
1436000
1425000
1415000
1404000
1394000
1384000
1374000
1385000
1378000
1368000
1359000
1349000
1340000
1330000
1321000
1312000
1303000
1294000
1286000
1277000
1269000
1284000
1492000
1696000
1705000
2049000
2118000
2101000
2078000
2056000
2034000
2013000
1992000
1971000
1951000
1931000
1912000
1893000
1875000
1857000
1839000
1821000
1804000
1787000
1771000
1755000
1739000
1723000
1708000
1693000
1678000
1663000
1814000
1954000
1951000
1932000
1912000
1893000
1875000
1857000
1861000
1858000
1842000
1825000
1807000
1790000
1774000
1758000
1742000
1726000
1711000
1695000
1711000
1755000
1747000
1731000
1715000
1700000
1685000
1670000
1656000
1642000
1628000
1614000
1601000
1588000
1899000
2383000
2412000
2382000
2352000
2324000
2296000
2269000
2242000
2216000
2191000
2166000
2213000
2197000
2172000
2147000
2123000
2156000
2139000
2116000
2093000
2070000
2048000
2026000
2005000
1984000
1977000
1959000
1940000
1920000
1901000
1888000
1870000
2118000
2129000
2105000
2082000
2081000
2062000
2040000
2018000
2088000
2091000
2070000
2048000
2027000
2005000
1985000
1964000
1950000
1956000
1939000
1920000
1901000
1882000
1864000
1846000
1920000
1912000
1894000
1875000
1857000
1839000
1842000
2116000
2129000
2163000
2355000
2353000
2324000
2296000
2269000
2242000
2216000
2191000
2166000
2142000
2118000
2095000
2072000
2050000
2029000
2007000
1986000
1966000
1946000
1927000
1907000
1889000
1870000
1852000
1902000
1891000
1873000
1855000
1837000
2406000
2450000
2419000
2535000
3204000
3265000
3213000
3160000
3109000
3152000
3283000
3248000
3194000
3142000
3091000
3041000
2994000
2948000
2903000
2859000
2818000
3291000
3422000
3377000
3589000
3569000
3505000
3442000
3381000
3322000
3546000
3516000
3453000
3391000
3332000
3275000
3220000
3166000
3115000
3065000
3017000
3338000
3327000
3270000
3215000
3162000
3111000
3061000
3012000
2966000
2920000
2876000
2834000
2929000
2902000
2859000
2817000
2776000
2736000
2697000
2660000
2623000
2588000
2553000
2520000
2487000
2455000
2424000
2394000
2364000
2335000
2307000
2280000
2253000
2226000
2201000
2176000
2151000
2128000
2104000
2081000
2059000
2241000
2240000
2215000
2189000
2164000
2140000
2117000
2093000
2071000
2049000
2027000
2006000
1985000
1965000
1945000
1925000
1906000
1887000
1869000
1851000
1833000
1816000
1799000
1782000
1765000
1749000
1734000
1871000
2011000
2007000
1986000
1966000
1946000
1927000
1907000
1889000
1870000
1852000
1834000
1817000
1812000
1796000
1780000
1763000
1747000
1732000
1716000
1701000
1686000
1671000
1658000
1644000
1630000
1616000
1602000
1589000
1576000
1563000
1551000
1538000
1526000
1514000
1502000
1490000
1479000
1468000
1456000
1445000
1435000
1424000
1413000
1403000
1393000
1383000
1373000
1363000
1354000
1344000
1335000
1326000
1316000
1308000
1299000
1290000
1281000
1273000
1264000
1256000
1248000
1240000
1232000
1224000
1216000
1209000
1201000
1194000
1186000
1179000
1172000
1165000
1158000
1151000
1349000
1377000
1369000
1359000
1350000
1340000
1331000
1322000
1313000
1304000
1295000
1286000
1278000
1269000
1261000
1253000
1245000
1345000
1369000
1362000
1353000
1354000
1345000
1336000
1327000
1318000
1309000
1300000
1291000
1283000
1274000
1266000
1257000
1249000
1241000
1233000
1225000
1219000
1228000
1222000
1214000
1207000
1199000
1209000
1236000
1233000
1225000
1217000
1209000
1202000
1194000
1187000
1180000
1172000
1165000
1158000
1151000
1144000
1138000
1179000
1178000
1171000
1164000
1157000
1150000
1143000
1136000
1129000
1123000
1116000
1110000
1227000
1336000
1340000
1330000
1321000
1312000
1303000
1369000
1368000
1359000
1349000
1340000
1429000
1745000
1772000
1757000
1741000
1725000
1710000
1694000
1712000
2015000
2085000
2069000
2047000
2026000
2004000
1984000
1963000
1943000
1924000
1905000
1886000
1868000
1850000
1900000
1936000
2203000
2213000
2188000
2163000
2401000
2436000
2409000
2380000
2350000
2322000
2294000
2267000
2240000
2215000
2189000
2164000
2140000
2161000
2180000
2263000
2348000
2336000
2308000
2280000
2254000
2227000
2481000
2485000
2453000
2650000
2755000
2856000
3011000
2987000
2941000
2990000
2955000
2910000
2867000
2824000
2783000
2743000
2704000
2667000
2764000
2741000
2703000
2665000
2628000
2593000
2558000
2524000
2491000
2459000
2428000
2398000
2368000
2339000
2311000
2322000
2299000
2272000
2267000
2243000
2217000
2192000
2167000
2143000
2120000
2168000
2158000
2601000
2624000
2589000
2554000
2521000
2488000
2489000
2480000
2451000
2420000
2423000
2397000
2368000
2339000
2310000
2283000
2256000
2230000
2204000
2179000
2154000
2130000
2107000
2084000
2062000
2040000
2018000
1997000
2054000
2042000
2021000
1999000
1987000
1971000
1977000
1962000
1942000
1923000
1903000
1885000
1866000
1848000
1831000
1813000
1796000
1780000
1878000
1942000
1931000
1912000
1958000
1946000
1927000
1907000
1889000
1870000
1852000
1834000
1817000
1800000
1783000
1767000
1751000
1735000
1719000
1704000
1689000
1674000
1660000
1645000
1631000
1618000
1752000
1894000
1893000
1875000
1856000
1839000
1821000
1804000
1787000
1771000
1754000
1739000
1723000
1708000
1692000
1678000
1663000
1649000
1635000
1621000
1607000
1601000
1589000
1576000
1563000
1550000
1538000
1526000
1525000
1515000
1503000
1491000
1480000
1468000
1457000
1446000
1435000
1425000
1414000
1404000
1394000
1384000
1374000
1364000
1354000
1345000
1335000
1326000
1317000
1385000
1385000
1375000
1365000
1355000
1346000
1337000
1327000
1318000
1309000
1300000
1292000
1343000
1341000
1332000
1323000
1314000
1305000
1296000
1287000
1279000
1270000
1262000
1254000
1246000
1238000
1230000
1222000
1214000
1206000
1199000
1191000
1184000
1204000
1223000
1218000
1250000
1247000
1239000
1231000
1223000
1215000
1208000
1200000
1193000
1185000
1178000
1171000
1164000
1157000
1150000
1143000
1136000
1130000
1123000
1116000
1110000
1104000
1112000
1211000
1217000
1209000
1202000
1194000
1205000
1200000
1192000
1185000
1178000
1171000
1164000
1157000
1150000
1143000
1136000
1129000
1123000
1116000
1165000
1251000
1254000
1246000
1238000
1230000
1222000
1214000
1207000
1199000
1192000
1184000
1177000
1215000
1802000
1859000
1841000
1824000
1807000
1790000
1773000
1757000
1741000
1725000
1710000
1695000
1680000
1665000
1651000
1637000
1623000
1610000
1596000
1583000
1570000
1557000
1545000
1532000
1520000
1508000
1496000
1485000
1473000
1462000
1451000
1440000
1430000
1419000
1409000
1398000
1388000
1378000
1368000
1359000
1349000
1340000
1330000
1321000
1312000
1303000
1295000
1286000
1277000
1269000
1261000
1252000
1244000
1236000
1228000
1220000
1213000
1205000
1198000
1190000
1183000
1176000
1168000
1161000
1154000
1147000
1141000
1134000
1127000
1121000
1164000
1163000
1156000
1150000
1143000
1136000
1218000
1251000
1246000
1238000
1405000
1417000
1406000
1423000
1521000
1768000
1785000
1769000
1821000
1813000
1796000
1779000
1932000
1934000
1915000
1896000
1878000
1859000
1841000
1824000
1807000
1809000
1958000
1959000
2082000
2408000
3003000
3174000
3633000
3627000
3559000
3494000
3431000
3371000
3312000
3256000
3201000
3148000
3097000
3048000
3e+06
3571000
3583000
3517000
3453000
3392000
3333000
3276000
3220000
3229000
3183000
3131000
3441000
3448000
3601000
3560000
3495000
3432000
3372000
3313000
3257000
3202000
3149000
3280000
3391000
3368000
3313000
3683000
3774000
3715000
3644000
3575000
3510000
3446000
3385000
3367000
3314000
3257000
3203000
3150000
3099000
3434000
3422000
3362000
3303000
3247000
3193000
3140000
3099000
3050000
3002000
2956000
2911000
3193000
3244000
3198000
3145000
3094000
3045000
2997000
3046000
3053000
3011000
2964000
2919000
2875000
2832000
2791000
2751000
2712000
2674000
2637000
3022000
3028000
2981000
2935000
2890000
2847000
2806000
2765000
2921000
2901000
2858000
2816000
2775000
2735000
2696000
2659000
2915000
3596000
3616000
3549000
3484000
3421000
3361000
3757000
4036000
3990000
3908000
3830000
3754000
3682000
3612000
3545000
3480000
3418000
3358000
3300000
3244000
3189000
3137000
3086000
3037000
3019000
2976000
2931000
2886000
2843000
2802000
2761000
2722000
2684000
2647000
2610000
2614000
2584000
2549000
2708000
2705000
2694000
2661000
3189000
3358000
3319000
3262000
3207000
3154000
3103000
3104000
3077000
3030000
2983000
2937000
2892000
2849000
2807000
2767000
2727000
2689000
2652000
2615000
2580000
2546000
2512000
2569000
2943000
3431000
4136000
4326000
4274000
4215000
4265000
4189000
4099000
4018000
4008000
4155000
4094000
4008000
4184000
4127000
4039000
3955000
4035000
3991000
3912000
3833000
3758000
3815000
3757000
3684000
3614000
3547000
3482000
3420000
3360000
3302000
3245000
3191000
3274000
3475000
3508000
3577000
4182000
4266000
4184000
4094000
4008000
3925000
3846000
3955000
4476000
4550000
4458000
4788000
4725000
4636000
4529000
4423000
4323000
4227000
4135000
4047000
3963000
3882000
3805000
3730000
3659000
3590000
3524000
3460000
3398000
3339000
3281000
3226000
3172000
3120000
3070000
3022000
2975000
2929000
2885000
2842000
2800000
2760000
2772000
2739000
2700000
2857000
2921000
2888000
2845000
2803000
2762000
2723000
2685000
2648000
2611000
2576000
2542000
2702000
2689000
2651000
2615000
2580000
2546000
2512000
2480000
2448000
2417000
2387000
2357000
2329000
2301000
2273000
2247000
2221000
2195000
2170000
2146000
2122000
2099000
2076000
2054000
2032000
2011000
1990000
1969000
1949000
1930000
1910000
1892000
1873000
1855000
1837000
1820000
1803000
1786000
1769000
1753000
1737000
1722000
1842000
1842000
1824000
1807000
1790000
1773000
1757000
1741000
2029000
2539000
2567000
2533000
2500000
2468000
2437000
2406000
2376000
2407000
2657000
2806000
2810000
3178000
3368000
3333000
3276000
3221000
3168000
3393000
3369000
3311000
3254000
3200000
3147000
3096000
3088000
4153000
4204000
4113000
4026000
3943000
3863000
4160000
4118000
4031000
3947000
3867000
3790000
3716000
3645000
3667000
3610000
3543000
3478000
3545000
3890000
4100000
4044000
4234000
4177000
4087000
4001000
3919000
3840000
3764000
3691000
3621000
3554000
3489000
3426000
3366000
3307000
3251000
3196000
3144000
3093000
3044000
2996000
2950000
2905000
3102000
3083000
3034000
2986000
2940000
2896000
2867000
2889000
3050000
3027000
3005000
2962000
2917000
2873000
2919000
2887000
2999000
2972000
2927000
2882000
2840000
2798000
2758000
2718000
2680000
2643000
2607000
2572000
2538000
2505000
2472000
2441000
2410000
2380000
2351000
2322000
2295000
2267000
2241000
2275000
2578000
2630000
2600000
2565000
2531000
2498000
2466000
2435000
2404000
2374000
2345000
2317000
2289000
2264000
2238000
2212000
2187000
2162000
2138000
2114000
2091000
2492000
2866000
2868000
2825000
2784000
2744000
2706000
2668000
2777000
2769000
2732000
2693000
2830000
2816000
2776000
2736000
2697000
2660000
2623000
2588000
2553000
2520000
2487000
2455000
2424000
2394000
2364000
2335000
2307000
2280000
2253000
2227000
2201000
2176000
2151000
2128000
2104000
2081000
2408000
2423000
2392000
2363000
2353000
2327000
2299000
2272000
2245000
2219000
2194000
2169000
2144000
2121000
2097000
2075000
2052000
2031000
2009000
1989000
1968000
1948000
1928000
1909000
1940000
1926000
1907000
1895000
1913000
1974000
1972000
1953000
1933000
1914000
1895000
1876000
1858000
1840000
1823000
1805000
1789000
1772000
1756000
1740000
1724000
1817000
1898000
1994000
1987000
1966000
1946000
1927000
1908000
1889000
1870000
1852000
1835000
1817000
1800000
1783000
1767000
1751000
1735000
1719000
1704000
1792000
2037000
2047000
2025000
2004000
1983000
1963000
1943000
1924000
1905000
1886000
1867000
1849000
1832000
1814000
1797000
1781000
1764000
1748000
1732000
1717000
1711000
1972000
1987000
1966000
1946000
1927000
1907000
1889000
1870000
1852000
1834000
1817000
1800000
1783000
1767000
1751000
1735000
1719000
1704000
1689000
1674000
1660000
1645000
1631000
1618000
1604000
1591000
1578000
1565000
1552000
1540000
1527000
1515000
1504000
1492000
1498000
1489000
1479000
1468000
1457000
1446000
1435000
1425000
1414000
1404000
1394000
1384000
1374000
1364000
1354000
1345000
1335000
1326000
1317000
1308000
1299000
1291000
1282000
1273000
1265000
1257000
1249000
1266000
1288000
1351000
1459000
1567000
1967000
1997000
1976000
1956000
1936000
1917000
1898000
1879000
1861000
1843000
1826000
1808000
1791000
1775000
1759000
1743000
1727000
1711000
1696000
1681000
1667000
1652000
1638000
1624000
1611000
1597000
1584000
1571000
1558000
1546000
1533000
1521000
1509000
1655000
1701000
1691000
1676000
1662000
1647000
1633000
1979000
2004000
1995000
1975000
1955000
1936000
1916000
1897000
1879000
1860000
1842000
1825000
1825000
1895000
1887000
1869000
1851000
1833000
1816000
1799000
1782000
1766000
1749000
1734000
1718000
1703000
1688000
1673000
1659000
1770000
2112000
2180000
2167000
2144000
2159000
2195000
2177000
2153000
2129000
2105000
2231000
2798000
2917000
2885000
2842000
2800000
2760000
2720000
2682000
2655000
2642000
2617000
2582000
2548000
2515000
2482000
2450000
2419000
2389000
2359000
2331000
2482000
2472000
2441000
2410000
2380000
2351000
2322000
2294000
2267000
2544000
2549000
2515000
2483000
2451000
2420000
2390000
2360000
2332000
2303000
2276000
2249000
2223000
2198000
2173000
2327000
2321000
2294000
2266000
2240000
2286000
2276000
2312000
2296000
2402000
2389000
2360000
2331000
2303000
2276000
2257000
2293000
2285000
2260000
2233000
2208000
2183000
2158000
2134000
2110000
2133000
2146000
2126000
2103000
2080000
2058000
2116000
2104000
2081000
2064000
2042000
2021000
2e+06
1979000
1959000
1939000
1919000
1900000
1882000
1863000
1845000
1864000
1850000
1833000
1993000
1995000
1974000
1954000
1935000
1915000
1896000
1992000
1985000
2037000
2035000
2040000
2076000
2436000
2550000
2529000
2496000
2464000
2432000
2402000
2372000
2343000
2315000
2287000
2260000
2234000
2208000
2183000
2158000
2134000
2111000
2088000
2065000
2043000
2021000
2e+06
1980000
1959000
1940000
1920000
1901000
1882000
1864000
1846000
1828000
1811000
1794000
1778000
1761000
1745000
1830000
1825000
1808000
1791000
1775000
1758000
1742000
1740000
1798000
1790000
1773000
1757000
1741000
1796000
1788000
1771000
1772000
1758000
1742000
1727000
1711000
1696000
1681000
1667000
1652000
1638000
1624000
1611000
1597000
1584000
1571000
1558000
1546000
1533000
1521000
1509000
1510000
1614000
1692000
1786000
1782000
1765000
1749000
1733000
1718000
1703000
1688000
1673000
1658000
1645000
1632000
1618000
1604000
1591000
1578000
1565000
1552000
1540000
1528000
1515000
1504000
1492000
1480000
1469000
1508000
1502000
1491000
1479000
1468000
1457000
1446000
1435000
1424000
1414000
1403000
1393000
1475000
1475000
1464000
1453000
1442000
1431000
1421000
1485000
1598000
1646000
1638000
1624000
1660000
1684000
1673000
1658000
1644000
1630000
1616000
1603000
1590000
1577000
1564000
1551000
1539000
1526000
1514000
1502000
1491000
1479000
1486000
1477000
1466000
1455000
1444000
1433000
1423000
1412000
1402000
1392000
1382000
1372000
1362000
1352000
1343000
1377000
1498000
1503000
1492000
1597000
1622000
1615000
1684000
1821000
2507000
2569000
2535000
2502000
2470000
2439000
2408000
2447000
2425000
2394000
2365000
2336000
2308000
2280000
2253000
2227000
2201000
2176000
2152000
2128000
2105000
2082000
2059000
2038000
2150000
2183000
2180000
2157000
2243000
2725000
3065000
3058000
3013000
3289000
3522000
3489000
3835000
3986000
3926000
3847000
3771000
3698000
3627000
3560000
3494000
3433000
4389000
4418000
4317000
4222000
4130000
4042000
3958000
3878000
3801000
3726000
3655000
3586000
3653000
4370000
4384000
4287000
4193000
4102000
4016000
3933000
3853000
3777000
3704000
3633000
3565000
3500000
3489000
3433000
3607000
3621000
3622000
3563000
3498000
3608000
3656000
4361000
4863000
5202000
5114000
5267000
6016000
5952000
