1267000
1265000
1262000
1257000
1252000
1246000
1240000
1234000
1228000
1221000
1215000
1208000
1201000
1194000
1187000
1179000
1172000
1190000
1218000
1242000
1253000
1259000
1274000
1288000
1308000
1382000
1468000
1534000
1567000
1588000
1611000
1631000
1648000
1672000
1698000
1724000
1807000
1946000
2072000
2150000
2192000
2226000
2250000
2266000
2314000
2372000
2426000
2454000
2469000
2470000
2463000
2452000
2443000
2441000
2437000
2431000
2420000
2403000
2381000
2358000
2336000
2315000
2306000
2299000
2288000
2269000
2248000
2224000
2200000
2176000
2155000
2153000
2174000
2201000
2216000
2216000
2206000
2192000
2176000
2161000
2148000
2140000
2130000
2116000
2099000
2080000
2060000
2041000
2032000
2025000
2017000
2004000
1990000
1972000
1953000
1935000
1918000
1901000
1883000
1864000
1846000
1828000
1809000
1791000
1774000
1756000
1740000
1723000
1707000
1691000
1674000
1659000
1643000
1628000
1612000
1636000
1668000
1693000
1699000
1699000
1694000
1686000
1677000
1676000
1693000
1710000
1718000
1716000
1711000
1702000
1693000
1685000
1678000
1672000
1665000
1656000
1645000
1632000
1620000
1608000
1596000
1584000
1572000
1560000
1548000
1535000
1523000
1510000
1497000
1485000
1473000
1460000
1473000
1492000
1517000
1532000
1541000
1541000
1538000
1533000
1528000
1525000
1520000
1514000
1507000
1498000
1488000
1493000
1502000
1509000
1508000
1505000
1501000
1494000
1486000
1479000
1472000
1464000
1455000
1445000
1434000
1424000
1413000
1403000
1394000
1384000
1375000
1365000
1355000
1345000
1335000
1325000
1316000
1306000
1296000
1287000
1277000
1268000
1258000
1249000
1240000
1231000
1223000
1214000
1205000
1197000
1189000
1181000
1172000
1165000
1157000
1149000
1141000
1134000
1126000
1119000
1112000
1105000
1098000
1091000
1084000
1077000
1070000
1064000
1057000
1051000
1044000
1038000
1032000
1026000
1020000
1013000
1008000
1002000
1016000
1035000
1052000
1058000
1061000
1061000
1059000
1057000
1057000
1056000
1055000
1052000
1048000
1044000
1039000
1035000
1031000
1027000
1023000
1020000
1016000
1011000
1006000
1001000
996100
991100
985800
980300
974800
969300
963900
958500
953200
948000
942800
937600
946800
980900
1019000
1086000
1159000
1219000
1253000
1274000
1289000
1301000
1311000
1322000
1332000
1338000
1339000
1338000
1336000
1334000
1331000
1330000
1330000
1328000
1326000
1322000
1317000
1310000
1303000
1295000
1287000
1279000
1275000
1289000
1307000
1318000
1320000
1319000
1315000
1310000
1306000
1306000
1306000
1304000
1299000
1293000
1286000
1279000
1272000
1266000
1260000
1254000
1250000
1253000
1256000
1256000
1253000
1249000
1244000
1237000
1231000
1225000
1219000
1212000
1205000
1198000
1230000
1330000
1441000
1520000
1563000
1589000
1603000
1611000
1619000
1633000
1646000
1651000
1660000
1668000
1671000
1667000
1664000
1669000
1676000
1682000
1684000
1683000
1676000
1666000
1656000
1647000
1639000
1629000
1618000
1606000
1594000
1582000
1571000
1596000
1631000
1658000
1666000
1672000
1671000
1667000
1661000
1671000
1686000
1696000
1696000
1692000
1685000
1676000
1667000
1660000
1658000
1656000
1652000
1645000
1635000
1624000
1612000
1615000
1621000
1623000
1618000
1612000
1602000
1594000
1629000
1675000
1721000
1777000
1831000
1866000
1879000
1886000
1890000
1893000
1893000
1893000
1891000
1885000
1875000
1864000
1852000
1841000
1831000
1821000
1812000
1800000
1788000
1775000
1760000
1745000
1730000
1716000
1703000
1688000
1673000
1658000
1729000
1823000
1900000
1955000
2112000
2279000
2402000
2461000
2505000
2546000
2604000
2657000
2701000
2725000
2734000
2728000
2719000
2707000
2696000
2687000
2678000
2739000
2834000
2912000
2991000
3053000
3088000
3087000
3080000
3072000
3105000
3138000
3155000
3147000
3129000
3099000
3066000
3034000
3006000
2981000
2955000
2971000
2991000
2996000
2978000
2953000
2924000
2891000
2859000
2830000
2802000
2768000
2732000
2706000
2682000
2656000
2625000
2594000
2563000
2532000
2502000
2473000
2443000
2412000
2381000
2351000
2322000
2292000
2262000
2234000
2206000
2179000
2153000
2127000
2101000
2076000
2052000
2028000
2004000
1981000
1958000
1936000
1914000
1893000
1872000
1852000
1832000
1813000
1794000
1775000
1757000
1739000
1722000
1705000
1688000
1671000
1655000
1639000
1624000
1608000
1593000
1579000
1564000
1550000
1536000
1523000
1509000
1496000
1483000
1471000
1477000
1487000
1494000
1492000
1487000
1480000
1471000
1463000
1456000
1449000
1441000
1432000
1423000
1413000
1403000
1393000
1383000
1374000
1366000
1357000
1348000
1339000
1329000
1320000
1310000
1301000
1291000
1282000
1272000
1263000
1254000
1245000
1236000
1227000
1218000
1210000
1201000
1193000
1185000
1177000
1169000
1161000
1153000
1145000
1138000
1130000
1123000
1116000
1108000
1101000
1094000
1087000
1080000
1074000
1067000
1060000
1054000
1048000
1041000
1035000
1029000
1023000
1017000
1011000
1005000
998900
993100
987400
981800
976200
970700
965200
959900
954500
956900
963000
968100
969100
968300
966100
963000
959600
956800
954400
951500
947900
944100
939900
935600
931300
927200
928000
932500
936800
938400
938400
937400
935400
932800
930400
928000
925100
921800
918200
914400
910400
906300
902400
898600
894800
891100
887400
883500
879400
875300
871300
867200
863000
861200
860000
858400
855700
852600
849100
845500
841900
838500
835200
831700
828200
824500
820800
817100
816800
817600
817900
816500
814600
812200
809300
806400
803700
801100
798300
795300
804600
829200
855300
873100
883000
889000
891800
901800
914900
927300
934800
939300
952700
1005000
1067000
1117000
1145000
1165000
1177000
1185000
1197000
1252000
1324000
1384000
1417000
1438000
1449000
1455000
1459000
1467000
1476000
1482000
1485000
1485000
1480000
1482000
1492000
1542000
1597000
1639000
1658000
1707000
1760000
1802000
1824000
1840000
1849000
1851000
1848000
1846000
1844000
1839000
1831000
1823000
1819000
1822000
1840000
1873000
1901000
1915000
1919000
1917000
1910000
1943000
1986000
2020000
2067000
2131000
2202000
2280000
2343000
2384000
2418000
2445000
2462000
2469000
2472000
2469000
2462000
2450000
2437000
2443000
2452000
2454000
2445000
2432000
2418000
2400000
2381000
2362000
2341000
2319000
2296000
2271000
2245000
2218000
2195000
2174000
2152000
2133000
2115000
2095000
2073000
2051000
2029000
2008000
1997000
1990000
2054000
2131000
2189000
2207000
2214000
2210000
2205000
2203000
2207000
2208000
2208000
2202000
2191000
2176000
2159000
2143000
2128000
2114000
2100000
2086000
2072000
2052000
2032000
2012000
1993000
1974000
1954000
1933000
1915000
1897000
1879000
1860000
1842000
1823000
1809000
1796000
1782000
1767000
1751000
1735000
1719000
1703000
1688000
1673000
1658000
1643000
1635000
1639000
1644000
1643000
1646000
1648000
1647000
1641000
1634000
1626000
1617000
1608000
1598000
1588000
1577000
1565000
1554000
1543000
1531000
1520000
1510000
1499000
1488000
1477000
1466000
1455000
1448000
1461000
1479000
1490000
1491000
1488000
1482000
1475000
1468000
1462000
1457000
1450000
1441000
1432000
1423000
1413000
1403000
1395000
1386000
1378000
1370000
1361000
1352000
1342000
1332000
1323000
1314000
1304000
1294000
1285000
1275000
1266000
1257000
1247000
1238000
1230000
1221000
1212000
1204000
1195000
1187000
1179000
1171000
1163000
1155000
1147000
1140000
1132000
1125000
1118000
1110000
1103000
1096000
1089000
1082000
1076000
1069000
1062000
1056000
1049000
1043000
1037000
1031000
1024000
1018000
1012000
1006000
1001000
994800
989100
983400
977800
972300
966800
961400
956100
950800
945600
940400
935300
930200
925200
920300
915400
910500
905700
901000
896300
891700
887100
882500
878000
873600
869200
864800
860500
856200
852000
847800
843600
839500
835400
831400
827400
823400
819500
815600
811800
816400
823600
829400
830900
831200
831100
830600
829800
829000
828200
826800
824600
822200
819500
816600
813800
811100
808500
805800
803500
810700
820200
827900
830800
832100
831800
830400
828800
827800
826900
825500
823300
821300
879800
960800
1033000
1073000
1100000
1117000
1127000
1136000
1148000
1161000
1170000
1175000
1177000
1176000
1174000
1171000
1170000
1170000
1170000
1171000
1171000
1167000
1162000
1157000
1151000
1146000
1140000
1133000
1126000
1119000
1111000
1104000
1097000
1090000
1083000
1077000
1070000
1063000
1057000
1050000
1044000
1038000
1031000
1025000
1019000
1013000
1007000
1001000
995500
989800
984100
978500
973000
967500
962100
956800
951500
946200
941100
935900
930900
925900
920900
916000
911200
906400
901600
896900
892300
887700
883100
878600
874100
869700
865400
861000
863300
871000
878700
882500
904000
930300
951900
965700
990500
1046000
1104000
1149000
1185000
1216000
1237000
1249000
1282000
1321000
1354000
1372000
1385000
1392000
1396000
1397000
1401000
1406000
1433000
1463000
1507000
1589000
1756000
1943000
2165000
2341000
2466000
2528000
2568000
2595000
2620000
2642000
2661000
2671000
2669000
2657000
2643000
2724000
2827000
2905000
2935000
2952000
2953000
2940000
2924000
2920000
2919000
2908000
2944000
2991000
3054000
3087000
3103000
3095000
3080000
3059000
3041000
3024000
3001000
3001000
3029000
3052000
3055000
3113000
3195000
3256000
3273000
3273000
3264000
3243000
3216000
3196000
3178000
3154000
3120000
3084000
3045000
3070000
3108000
3133000
3124000
3107000
3081000
3051000
3017000
2986000
2957000
2924000
2887000
2901000
2933000
2953000
2945000
2927000
2903000
2874000
2858000
2857000
2851000
2835000
2809000
2779000
2747000
2713000
2680000
2650000
2621000
2592000
2625000
2670000
2698000
2692000
2679000
2659000
2635000
2610000
2618000
2632000
2634000
2618000
2599000
2573000
2545000
2518000
2536000
2676000
2829000
2931000
2968000
2980000
2971000
3031000
3161000
3288000
3359000
3383000
3381000
3361000
3333000
3310000
3295000
3280000
3256000
3229000
3198000
3163000
3121000
3081000
3044000
3009000
2975000
2940000
2899000
2855000
2811000
2770000
2729000
2689000
2648000
2607000
2568000
2530000
2493000
2466000
2444000
2426000
2404000
2466000
2570000
2656000
2690000
2701000
2697000
2682000
2665000
2656000
2649000
2637000
2617000
2593000
2567000
2539000
2512000
2488000
2466000
2444000
2422000
2401000
2375000
2347000
2319000
2353000
2475000
2711000
2952000
3124000
3214000
3281000
3321000
3343000
3356000
3383000
3441000
3486000
3501000
3532000
3558000
3565000
3549000
3558000
3574000
3581000
3569000
3549000
3535000
3515000
3487000
3453000
3414000
3370000
3322000
3275000
3230000
3183000
3136000
3091000
3083000
3093000
3117000
3230000
3362000
3451000
3472000
3470000
3453000
3427000
3431000
3545000
3686000
3777000
3875000
3954000
3995000
3987000
3973000
3959000
3943000
3917000
3887000
3854000
3806000
3751000
3696000
3643000
3592000
3541000
3493000
3444000
3391000
3337000
3285000
3231000
3177000
3123000
3069000
3017000
2965000
2914000
2865000
2817000
2771000
2726000
2683000
2641000
2601000
2567000
2536000
2505000
2471000
2438000
2405000
2373000
2341000
2311000
2282000
2253000
2242000
2235000
2224000
2205000
2185000
2163000
2140000
2117000
2097000
2077000
2056000
2034000
2013000
1991000
1970000
1949000
1929000
1909000
1890000
1871000
1853000
1834000
1815000
1796000
1778000
1761000
1743000
1725000
1708000
1691000
1675000
1659000
1643000
1627000
1612000
1597000
1582000
1567000
1553000
1539000
1526000
1512000
1508000
1506000
1502000
1494000
1485000
1475000
1464000
1454000
1486000
1598000
1721000
1807000
1850000
1876000
1886000
1890000
1896000
1917000
1981000
2068000
2143000
2252000
2381000
2487000
2545000
2578000
2601000
2663000
2728000
2778000
2799000
2807000
2800000
2786000
2777000
2955000
3171000
3335000
3395000
3427000
3427000
3480000
3540000
3593000
3614000
3615000
3593000
3561000
3519000
3497000
3479000
3460000
3430000
3421000
3483000
3592000
3667000
3743000
3794000
3815000
3798000
3773000
3741000
3708000
3672000
3633000
3591000
3542000
3488000
3436000
3385000
3337000
3291000
3249000
3206000
3160000
3112000
3066000
3017000
3005000
2999000
2984000
2952000
2916000
2876000
2836000
2808000
2821000
2838000
2843000
2829000
2808000
2779000
2763000
2751000
2767000
2780000
2783000
2767000
2746000
2719000
2690000
2663000
2639000
2615000
2589000
2561000
2533000
2501000
2471000
2441000
2412000
2385000
2357000
2329000
2301000
2272000
2243000
2219000
2249000
2298000
2335000
2341000
2337000
2324000
2307000
2289000
2276000
2264000
2249000
2230000
2210000
2188000
2165000
2143000
2123000
2104000
2085000
2068000
2050000
2087000
2194000
2301000
2365000
2391000
2399000
2394000
2384000
2396000
2419000
2436000
2435000
2454000
2474000
2482000
2475000
2467000
2458000
2446000
2433000
2423000
2408000
2388000
2364000
2342000
2319000
2295000
2270000
2246000
2221000
2196000
2172000
2149000
2124000
2099000
2075000
2051000
2028000
2029000
2037000
2039000
2028000
2017000
2003000
1987000
1970000
1955000
1941000
1925000
1908000
1891000
1873000
1855000
1837000
1820000
1804000
1788000
1773000
1758000
1741000
1725000
1708000
1693000
1677000
1661000
1645000
1630000
1622000
1618000
1613000
1603000
1593000
1581000
1568000
1556000
1544000
1533000
1522000
1510000
1498000
1486000
1474000
1462000
1453000
1456000
1476000
1496000
1507000
1508000
1505000
1500000
1493000
1487000
1483000
1477000
1470000
1462000
1453000
1443000
1433000
1424000
1415000
1407000
1399000
1417000
1442000
1460000
1465000
1465000
1462000
1456000
1450000
1445000
1441000
1436000
1428000
1420000
1411000
1402000
1392000
1384000
1376000
1368000
1361000
1353000
1362000
1376000
1386000
1386000
1385000
1380000
1373000
1366000
1360000
1355000
1349000
1341000
1333000
1325000
1316000
1308000
1300000
1292000
1285000
1277000
1270000
1262000
1253000
1245000
1236000
1228000
1220000
1211000
1203000
1194000
1186000
1178000
1170000
1162000
1154000
1147000
1139000
1132000
1124000
1117000
1110000
1103000
1096000
1089000
1082000
1075000
1068000
1062000
1055000
1049000
1042000
1036000
1030000
1024000
1018000
1012000
1006000
999900
994200
988500
982800
977200
971700
971500
985900
1016000
1092000
1174000
1238000
1273000
1295000
1308000
1318000
1328000
1339000
1350000
1357000
1358000
1357000
1354000
1351000
1348000
1346000
1345000
1344000
1342000
1339000
1333000
1326000
1318000
1311000
1303000
1294000
1285000
1276000
1266000
1257000
1248000
1239000
1239000
1247000
1254000
1256000
1254000
1250000
1244000
1284000
1337000
1383000
1406000
1420000
1426000
1427000
1426000
1429000
1433000
1434000
1432000
1430000
1438000
1447000
1453000
1453000
1453000
1450000
1447000
1443000
1438000
1431000
1424000
1416000
1408000
1399000
1389000
1379000
1386000
1444000
1519000
1579000
1611000
1634000
1656000
1673000
1685000
1696000
1705000
1731000
1841000
1980000
2090000
2147000
2180000
2196000
2204000
2211000
2225000
2244000
2254000
2254000
2247000
2236000
2221000
2206000
2192000
2180000
2169000
2157000
2171000
2185000
2191000
2182000
2171000
2155000
2137000
2117000
2100000
2130000
2168000
2194000
2196000
2190000
2178000
2162000
2147000
2137000
2127000
2115000
2099000
2081000
2061000
2041000
2047000
2061000
2069000
2063000
2055000
2054000
2053000
2058000
2063000
2086000
2105000
2113000
2108000
2100000
2088000
2076000
2074000
2077000
2078000
2071000
2060000
2045000
2028000
2012000
1997000
1989000
1984000
1979000
1969000
1956000
1940000
1935000
1932000
1927000
1918000
1906000
1893000
1877000
1861000
1845000
1830000
1815000
1799000
1783000
1767000
1751000
1739000
1727000
1715000
1729000
1749000
1763000
1762000
1757000
1749000
1738000
1742000
1750000
1767000
1780000
1790000
1801000
1870000
1962000
2040000
2082000
2105000
2115000
2117000
2116000
2118000
2120000
2118000
2110000
2100000
2086000
2071000
2056000
2042000
2029000
2017000
2004000
1991000
1974000
1955000
1936000
1917000
1899000
1879000
1859000
1840000
1820000
1801000
1782000
1764000
1746000
1728000
1711000
1694000
1677000
1661000
1645000
1629000
1614000
1599000
1584000
1570000
1560000
1551000
1541000
1530000
1518000
1513000
1509000
1505000
1498000
1491000
1483000
1473000
1463000
1453000
1444000
1434000
1424000
1414000
1404000
1394000
1384000
1374000
1364000
1354000
1345000
1336000
1326000
1316000
1307000
1300000
1304000
1323000
1343000
1354000
1357000
1356000
1352000
1347000
1343000
1340000
1337000
1332000
1325000
1318000
1310000
1303000
1295000
1289000
1282000
1276000
1269000
1262000
1254000
1246000
1238000
1230000
1222000
1213000
1205000
1197000
1188000
1180000
1172000
1164000
1156000
1149000
1141000
1133000
1126000
1119000
1111000
1104000
1097000
1090000
1083000
1081000
1095000
1117000
1135000
1145000
1154000
1165000
1174000
1180000
1183000
1185000
1186000
1184000
1182000
1179000
1175000
1171000
1167000
1163000
1159000
1155000
1151000
1146000
1140000
1135000
1129000
1124000
1117000
1110000
1104000
1097000
1090000
1084000
1077000
1070000
1063000
1057000
1050000
1044000
1045000
1048000
1050000
1062000
1080000
1095000
1112000
1145000
1261000
1394000
1501000
1560000
1600000
1623000
1637000
1659000
1686000
1712000
1727000
1733000
1735000
1732000
1728000
1725000
1724000
1723000
1721000
1718000
1714000
1704000
1693000
1681000
1680000
1687000
1694000
1693000
1703000
1780000
1914000
2036000
2111000
2199000
2317000
2416000
2540000
2682000
2804000
2869000
2901000
2918000
2926000
2927000
2927000
2928000
3086000
3265000
3399000
3446000
3466000
3460000
3444000
3429000
3425000
3419000
3401000
3367000
3348000
3456000
3582000
3666000
3681000
3678000
3656000
3625000
3597000
3570000
3543000
3507000
3463000
3417000
3371000
3325000
3320000
3333000
3349000
3344000
3328000
3330000
3342000
3480000
3716000
3995000
4179000
4322000
4564000
4781000
