1638000
1355000
1119000
938900
811200
715200
640200
579800
530100
488400
452900
422300
395700
372200
351500
332900
4692000
8840000
4834000
2808000
1726000
1456000
5749000
3101000
28640000
23470000
6413000
1949000
593100
541700
1313000
1346000
1178000
2049000
1936000
16500000
61630000
13690000
4499000
19480
19430
31280
33680
34430
312400
354200
792800
788500
730300
652100
589500
538200
495300
593600
570200
532500
490500
454700
423900
397000
373400
352700
880400
875200
804200
709900
635900
576300
527200
486000
531400
2065000
7876000
4941000
2952000
1818000
1340000
1083000
914500
793200
701500
911200
850500
767300
681200
613000
557500
511800
953500
918900
832800
731700
653300
590500
538900
495900
459300
427900
400500
376500
355300
336300
319300
304000
290100
277400
265800
255100
245300
236200
227700
219900
212500
205700
19010000
5024000
2455000
915300
793800
701800
629500
571100
523100
927800
3922000
2633000
1913000
1377000
1106000
930100
804700
710200
636200
576600
527400
486100
451000
420600
394200
370900
350300
331900
315300
300400
286800
274400
263000
252500
242900
234000
225700
15690000
3886000
9738000
2273000
1137000
2610000
2072000
832500
2312000
4984000
3224000
1048000
455200
299200
285700
2778000
1161000
833800
607100
552700
507400
469200
436400
408000
383100
361100
341500
324000
308200
293900
280900
269000
258000
248000
238700
230100
222000
214600
207600
201000
194900
189100
183700
178600
173700
169100
630300
260300
3648000
892500
416000
146000
142800
139700
136700
133800
131100
128500
126000
123500
121200
119000
116800
114700
112700
110800
1708000
5345000
1277000
481400
102000
100400
98870
97370
95920
94510
93150
91820
90530
89280
88060
92100
21110000
4638000
1768000
146300
143000
139900
136900
155300
156200
154100
150500
147000
143700
140600
137600
134700
131900
129300
126700
124300
121900
119600
117500
115300
113300
111400
109500
107600
105900
104100
102500
100900
99320
97820
96350
94930
13130000
19860000
5408000
34140000
11600000
4e+06
917000
554800
509200
470700
437700
409100
384100
362000
342300
324700
308800
294500
281400
269500
258500
248400
239100
230400
222400
214900
207900
201300
195200
189400
2405000
8968000
3179000
1844000
1071000
905600
786600
696200
625100
702200
789200
736700
667600
602000
548500
503900
466200
433800
405700
381100
359400
475100
1168000
1118000
990600
848800
743900
662900
598200
545400
501300
464000
431900
404000
6917000
65630000
14380000
5091000
147700
144400
141200
138200
135200
132500
129800
127200
124700
294300
316800
314600
299700
286300
563200
575200
547900
503500
465800
433500
405400
380800
359100
397200
390500
373100
352600
334000
340800
1014000
18230000
4427000
1950000
549900
657200
626000
580000
531500
1736000
1850000
1539000
1232000
1015000
865900
756900
673100
654600
844400
795500
722000
645600
584200
533800
492800
1797000
1595000
1337000
1082000
913100
792300
4413000
42350000
9199000
15300000
2645000
997300
66800
66110
65440
64790
64140
63510
62890
62290
61690
61110
60540
59970
59420
58880
58350
57830
57310
56810
56310
55830
55350
54880
88700
94780
96040
94630
21580000
13960000
5119000
9852000
40710000
11540000
4882000
1516000
1163000
969900
1804000
7105000
3325000
2138000
1373000
1104000
928500
803500
709300
635500
576000
11450000
11590000
6911000
15520000
4844000
2675000
1376000
1119000
938900
830900
7257000
3293000
2143000
1358000
1094000
922000
798800
705600
632600
573600
5304000
4608000
2881000
1870000
1361000
1096000
923500
799800
706400
633200
574100
525400
484900
1152000
1099000
978100
839800
737100
657500
593900
541800
498300
461300
429600
402100
377900
356500
337400
320300
304900
290900
278100
266400
255700
245800
236700
228200
220300
213000
206100
199600
5348000
1319000
612300
209700
203100
196800
190900
185400
180200
175200
170600
166100
161900
157900
154100
150500
147100
143800
140600
137600
134700
132000
129300
126800
124300
121900
119700
1636000
6470000
2477000
1543000
978100
839800
737100
657500
593900
541800
498300
461400
429600
402100
377900
356500
337400
320300
304900
290900
278100
266400
255700
245800
236700
228200
220300
213000
206100
199600
193600
187900
182500
177500
172700
168100
163800
159800
155900
152200
148600
145300
142100
139000
136000
133200
130500
127900
125400
123000
120700
118500
116300
114300
112300
110300
108500
106700
104900
103300
101600
100100
98530
97040
95600
94200
92850
91530
90240
89000
87790
86610
85460
84340
83250
14580000
3255000
1326000
215500
211900
205100
198700
192700
187000
181700
176700
172000
167500
163200
159100
155300
151600
1599000
827500
938900
810200
3373000
1221000
796600
541100
497700
460900
429200
401700
377600
356200
337200
320100
304700
290700
277900
266300
255600
245700
236600
228100
220200
212900
206000
215300
445400
465000
450300
420000
393700
370500
349900
331500
315000
300100
286500
274100
262800
252300
242800
569600
589300
562900
516000
476500
442700
413500
387900
365400
345300
327400
1483000
11650000
9512000
4109000
2142000
1362000
1097000
930500
3853000
2598000
1901000
1372000
1125000
26050000
35330000
8443000
2398000
107800
106000
104300
102600
6509000
12330000
5703000
3076000
1741000
1305000
1062000
899300
781900
692600
622100
565000
517800
478000
444300
1057000
10270000
24190000
5755000
2017000
364300
1.1e+07
4283000
2567000
1440000
1145000
956600
824200
725200
648100
586200
535400
492900
456900
693700
1103000
3994000
8155000
3649000
2206000
1388000
1113000
1209000
29650000
6448000
2369000
1670000
5271000
15740000
7006000
3621000
1882000
3164000
2282000
1716000
1293000
1054000
894000
777900
689500
621500
2195000
1842000
1492000
1174000
976400
838500
736100
656700
593300
541300
497800
461000
429300
401800
377700
485100
477300
453300
541800
523600
492100
456100
425100
398100
374600
855100
22390000
10730000
4804000
2116000
1398000
1119000
939100
1066000
1170000
1041000
902900
1118000
1011000
889800
774800
687000
617700
561400
514800
475400
441800
412600
387200
364700
344800
326900
310800
296300
283100
458600
466200
448000
418100
396700
392200
525900
533200
505900
469100
436300
407900
383000
361000
341500
323900
308200
541300
878900
2325000
1906000
7233000
2412000
1427000
845700
741600
661100
596800
544200
500300
463100
431100
403400
379000
357500
338300
321100
305600
291500
278700
267000
256200
246300
1198000
9221000
3673000
2244000
1327000
1076000
909000
789100
698200
626600
568700
520900
480600
446200
416500
390600
367700
347500
329300
313000
298300
284900
272600
261400
251100
241500
232700
224500
216900
209700
203100
196800
190900
185400
180200
175200
170600
166100
161900
157900
154200
150500
147100
143800
140600
137600
134700
132000
129300
856300
280500
178200
119700
117500
115400
113300
111400
109500
107700
105900
104200
9e+05
324800
223300
161900
157900
2685000
692200
342300
5091000
1199000
519200
134700
131900
129300
126700
124300
121900
119600
117400
115300
113300
111300
109500
107600
4269000
1003000
433000
2712000
1058000
391500
135400
103400
101800
100200
98660
97170
95730
94330
92960
91640
90360
89110
87890
86710
85560
84440
83350
555300
969100
940400
840900
737900
658300
782600
733300
669300
603400
549600
504900
467000
434500
406300
381600
359800
340400
323000
307300
4769000
2930000
2075000
1432000
1140000
953100
821600
723200
646500
585000
534400
492000
456100
54200000
16530000
7075000
2055000
1409000
1125000
943400
814500
717700
642200
581500
531500
489600
453900
423200
396400
372900
352100
333500
316700
301600
287900
275400
264000
253400
243700
234700
226400
218600
211400
204600
198300
192300
186700
181400
176400
171700
167200
162900
158900
155000
151400
147900
144600
141400
138300
135400
132600
129900
127300
124900
122500
120200
118000
115900
113800
111800
109900
108100
106300
104600
102900
101300
99710
98190
96720
95290
93900
92550
91240
89970
106200
108200
107700
106000
104300
102800
957100
1933000
1666000
2023000
56700000
12170000
4341000
1661
11920000
2762000
1175000
3241000
1081000
683200
437200
423800
6223000
3147000
2123000
1392000
1116000
936700
809600
714000
639300
775700
9716000
6266000
29560000
43240000
18660000
29830000
8042000
3710000
1470000
1161000
967800
832300
731400
653000
590200
538700
495700
459200
10210000
22470000
5479000
1975000
411800
386400
364000
344200
326400
515500
518500
1384000
11670000
8731000
5431000
2867000
1824000
1342000
1085000
915400
793900
701900
633000
2794000
7130000
3749000
17860000
8689000
5229000
2617000
1744000
1307000
1063000
9e+05
782500
895300
822700
740000
659800
595800
1682000
14620000
4006000
1987000
831300
730600
652400
589800
538400
495400
458900
427500
478000
8710000
4855000
2950000
1770000
1319000
1070000
906200
1625000
2088000
1708000
1358000
1095000
922200
798900
705700
632600
573700
525000
8017000
9302000
3910000
2145000
1333000
1079000
911300
790800
706300
3908000
2622000
1918000
1378000
1107000
930800
805200
2682000
37090000
13710000
5871000
2106000
1402000
1122000
2801000
34600000
7867000
3071000
446900
417100
391100
368200
347900
329700
313400
298600
285100
272900
261600
251300
241700
232900
224700
217000
209900
203200
196900
191100
185500
180300
175300
170700
166200
162000
158000
154200
150800
731900
848400
1033000
31910000
14180000
4862000
1463000
839500
736900
657400
593800
588300
624600
587400
542500
498800
461900
430100
402400
378200
356800
337700
320500
305100
291100
278300
4807000
24230000
31260000
40300000
18620000
7343000
4692000
9201000
2183000
2145000
6287000
5291000
12160000
3816000
1746000
16880000
5105000
2007000
5314000
10330000
6370000
1677000
472200
6224000
11290000
2709000
1917000
345700
202400
120700
118500
116400
114300
112300
110400
108500
3424000
3013000
7645000
31840000
12780000
5997000
1190000
449300
268100
257300
247300
8961000
9220000
5334000
18580000
5658000
6117000
1873000
1191000
801200
707500
634100
574800
526000
484900
449900
419700
393400
370200
349700
331300
314800
299900
286300
274000
262600
252200
242600
233700
225400
217700
210500
203800
197500
191600
186000
180800
175800
171100
449900
1081000
1050000
936700
809600
714000
639200
579000
529400
487800
452400
960700
1944000
1666000
1359000
1095000
922500
799100
705900
632800
573800
525100
484100
449300
419200
392900
369800
349300
331000
314500
299600
286100
273700
262400
252000
242400
233500
225300
217600
210400
203700
197400
191500
185900
180700
175700
171000
166600
162300
158300
154500
150900
147400
144200
690300
726500
688800
619100
562600
515700
476200
4691000
58070000
12970000
4858000
453700
423000
396300
372800
351900
333400
1386000
19160000
6415000
24190000
15220000
5879000
2541000
1455000
1153000
999100
10480000
3585000
2099000
1156000
964100
829600
729500
29010000
72070000
16320000
5081000
173.5
173.5
173.5
3051
3665
3885
3883
3880
3878
3876
3873
7630
8425
8704
8692
654700
4277000
3202000
2295000
10480000
3622000
2106000
1176000
977900
839600
736900
657400
593800
541700
498200
461300
429600
402000
377800
356400
337400
320300
304800
290800
278100
268200
2208000
1877000
1526000
1194000
989300
847900
809800
1342000
8573000
3457000
2523000
1588000
1268000
1039000
2033000
1720000
6142000
3157000
2107000
1402000
1121000
940600
812400
716200
640900
580400
530600
488800
453300
422700
396000
372500
351700
333100
316400
301400
287700
275200
263800
5847000
10120000
5074000
2854000
1707000
1289000
1051000
892100
776500
688400
618800
562300
515500
476000
442300
413100
387600
365100
345100
327200
311100
13860000
23260000
10700000
4546000
2083000
1408000
1125000
943000
816900
2497000
2260000
1767000
1370000
6689000
3360000
2213000
1437000
1143000
955100
823000
724300
647400
585700
535000
492500
456500
425400
398400
374600
353600
334800
318000
302700
288900
276300
264800
254200
244500
11520000
3233000
1705000
775700
1254000
784200
651800
557100
511100
472300
439100
410300
385100
362900
343200
325500
309500
295100
282000
270000
259000
248800
239500
230800
222700
215200
208200
201600
1485000
7390000
3454000
1102000
336700
202200
196000
190100
3119000
807500
400900
169900
165500
161400
157400
153600
150000
146600
1875000
9644000
2950000
1595000
826600
727100
649600
587500
536500
493800
457500
426300
399200
375300
354200
335400
318500
303200
289400
276700
13600000
4763000
2720000
1409000
1126000
943600
814600
717800
642300
581500
531500
489600
454000
423200
396500
372900
352100
333500
316800
301700
287900
11810000
3499000
1912000
927300
802700
708600
635000
575600
526600
485400
450400
420100
393700
370500
349900
331600
315000
300100
286500
274100
262800
252400
242700
233800
225500
217800
210600
203900
197600
191700
186100
180800
175900
171200
166700
162500
158500
154600
151000
147500
144200
141000
138000
135100
132300
129600
127100
124600
122200
120000
117800
115600
113600
111600
109700
107900
106100
104400
102700
101100
99550
98030
96560
745300
10150000
12940000
40270000
10210000
4243000
1203000
995300
852100
746500
664900
599900
546700
502400
464900
432700
404700
380200
358600
339300
322000
306400
292200
279400
267600
256800
246800
237600
229000
221100
213700
206800
200300
194200
188500
183100
3614000
1397000
1629000
1266000
1090000
919000
796500
10450000
51780000
11400000
3825000
4032
4073
4070
4068
4065
4063
4060
4058
4055
4824
19190
22230
23250
23160
23080
23000
22920
22840
22760
22680
22600
22520
22440
22360
22290
22210
15520000
6266000
5255000
2859000
1974000
2273000
3485000
2432000
1772000
1319000
1090000
29140000
48030000
11200000
3257000
35470
35270
35080
34890
34710
36800
46240
52110
53270
53150
52720
52290
51870
51460
51050
50650
50290
443600
492100
484700
449800
419600
393300
370100
349600
2025000
11050000
3706000
2089000
1128000
945500
816000
718900
643100
582200
532100
490100
454400
423600
396800
377400
3292000
2403000
1820000
1340000
1085000
2154000
1922000
3165000
2394000
8498000
3465000
2144000
1314000
1067000
903200
842100
1579000
1602000
1353000
1111000
933400
807100
712100
637700
577900
825100
1163000
1070000
935600
808700
714500
1753000
1542000
1292000
1104000
940700
816800
719500
643600
582600
532400
490400
454600
423800
397000
373400
522400
517500
509300
7337000
3292000
2144000
1351000
1090000
919000
800500
2978000
2258000
4452000
3058000
6684000
29080000
14590000
5075000
2076000
1123000
4483000
3689000
1428000
789600
566900
519300
479300
445100
415500
389700
367000
346800
328700
312500
297800
284400
272200
261000
250700
241200
232400
224200
216600
209500
202800
196600
190700
185200
180000
175100
170400
166000
161800
222000
228100
225100
217400
210200
2401000
4503000
8487000
2045000
1409000
317900
621600
14130000
3163000
1229000
7743000
1775000
732800
144000
140900
137800
134900
132200
129500
126900
124500
122100
119800
117600
115500
113500
111500
109600
107800
106000
104300
1852000
6630000
11050000
2864000
1122000
386100
363800
343900
326200
310200
295700
282500
270500
259400
249200
239800
231100
223000
215500
208500
201900
195700
189900
184400
179200
174300
169700
2332000
624900
324400
153500
149900
146500
143200
140100
137100
134200
131500
128800
319900
308100
300600
284100
271900
260700
250500
241100
7680000
7105000
3272000
1866000
11060000
7040000
2470000
1066000
679000
611300
556100
510300
471600
438500
409800
384700
362500
342800
325200
309200
294800
281700
269800
258800
248700
239300
230600
222600
215100
208100
201500
195300
189500
184100
178900
174100
169500
165100
3167000
1600000
1233000
10700000
4465000
3071000
8456000
15400000
56390000
13260000
5093000
943200
820700
722500
646000
584800
1056000
1001000
896400
779700
690900
620800
563900
516900
477200
443300
414000
388400
365800
345700
327700
311600
297400
1132000
1826000
1908000
1558000
20250000
85330000
18870000
6248000
15480000
14760000
3644000
18570000
10390000
2778000
510100
858.3
858.2
858.1
858
857.8
857.7
21150000
4580000
1696000
67590
66890
66210
65530
64880
64230
63600
62980
62370
61770
15090000
7680000
4181000
2155000
1495000
1176000
977800
839500
736900
657400
593800
541700
498200
461300
597300
586900
3994000
3740000
3811000
2470000
1762000
5206000
21720000
60610000
24810000
6755000
9007000
25850000
5848000
19940000
