967100
977400
963300
945200
927200
909900
893300
877200
861700
846700
832300
818300
804800
791800
779200
766900
790900
1240000
1362000
1349000
1316000
1325000
1560000
1580000
2026000
3858000
3897000
3643000
3383000
3216000
3365000
3242000
3096000
3178000
3122000
3721000
6706000
8713000
7779000
6693000
5891000
5521000
4988000
4736000
5406000
5128000
5084000
4664000
4252000
3899000
3602000
3347000
3141000
3025000
2858000
2699000
2555000
2425000
2309000
2203000
2106000
2047000
2181000
2126000
2041000
1958000
1882000
1811000
1746000
1686000
1680000
1953000
2308000
2424000
2343000
2238000
2138000
2047000
1964000
1887000
1826000
1823000
1769000
1708000
1649000
1595000
1544000
1508000
1589000
1562000
1516000
1470000
1427000
1386000
1347000
1311000
1277000
1244000
1213000
1183000
1155000
1128000
1103000
1078000
1055000
1033000
1011000
990600
970900
951900
933700
916100
899200
883000
906200
1348000
1393000
1365000
1328000
1292000
1259000
1227000
1203000
1250000
1459000
1459000
1422000
1381000
1343000
1307000
1273000
1240000
1209000
1180000
1152000
1125000
1100000
1076000
1052000
1030000
1009000
988200
968600
949700
931600
914100
897300
881100
865400
850300
835800
841400
1119000
1165000
1307000
1302000
1272000
1239000
1208000
1179000
1151000
1125000
1099000
1075000
1052000
1029000
1024000
1197000
1203000
1178000
1150000
1124000
1098000
1074000
1051000
1029000
1008000
987100
967500
948700
930600
913100
896400
880200
864600
849500
835000
820900
807400
794200
781500
769200
757300
745700
734500
723600
713000
702800
692800
683100
673700
664600
655600
647000
638500
630300
622300
614500
606800
599400
592100
585100
578100
571400
564800
558400
552100
545900
539900
534000
528200
522600
517100
511700
506400
501200
496100
491100
486300
481500
476800
472200
467700
472600
664800
691300
686300
676800
667600
658600
649800
641300
633000
624900
617000
609400
601900
594500
587400
580400
573600
567000
560500
554100
547900
541900
535900
530100
524500
518900
513500
508100
502900
497800
492800
487900
483100
478300
473700
476100
631900
984200
1138000
2149000
2406000
2346000
2241000
2141000
2050000
1966000
1889000
1818000
1752000
1691000
1634000
1580000
1530000
1483000
1439000
1398000
1359000
1322000
1287000
1253000
1222000
1192000
1163000
1136000
1110000
1090000
1161000
1460000
1476000
1439000
1398000
1359000
1322000
1289000
1284000
1285000
1257000
1226000
1196000
1167000
1140000
1114000
1089000
1065000
1042000
1023000
1041000
1145000
1141000
1118000
1093000
1069000
1046000
1024000
1003000
982300
962900
944300
926300
989700
2169000
4369000
4387000
4061000
3739000
3465000
3229000
3024000
2844000
2684000
2541000
2444000
2569000
2482000
2365000
2254000
2177000
2268000
2199000
2108000
2019000
1938000
1863000
1794000
1730000
1673000
1648000
1602000
1552000
1504000
1460000
1430000
1488000
2259000
2302000
2216000
2127000
2104000
2028000
1948000
1913000
2132000
2141000
2065000
1982000
1903000
1831000
1764000
1704000
1669000
1688000
1644000
1592000
1541000
1494000
1449000
1429000
1629000
1619000
1572000
1523000
1476000
1437000
1552000
2471000
2557000
2817000
3645000
3557000
3331000
3113000
2922000
2753000
2604000
2469000
2348000
2239000
2139000
2048000
1965000
1888000
1817000
1751000
1690000
1633000
1579000
1530000
1483000
1439000
1397000
1359000
1334000
1300000
1266000
1234000
1477000
3466000
3582000
3493000
5035000
9446000
8819000
7512000
6447000
5727000
5761000
6128000
5586000
5007000
4521000
4124000
3792000
3510000
3268000
3058000
2874000
3016000
4586000
5006000
4900000
5695000
5349000
4836000
4384000
4010000
3889000
4531000
4299000
3961000
3654000
3392000
3166000
2969000
2795000
2640000
2502000
2489000
3048000
2986000
2826000
2668000
2527000
2401000
2287000
2183000
2088000
2001000
1921000
1865000
1910000
1858000
1792000
1728000
1668000
1613000
1561000
1512000
1466000
1423000
1383000
1344000
1308000
1274000
1241000
1210000
1181000
1153000
1126000
1101000
1076000
1053000
1031000
1009000
988900
969200
950300
932200
914700
897800
881600
865900
850800
836300
822200
808500
795400
782600
770300
758300
746700
735500
724600
714000
703700
693700
684000
674600
665400
656400
647700
639300
631000
623000
615100
607500
605100
709700
719700
712000
701800
691800
682200
672800
663600
654800
646100
637700
629500
621500
613700
606100
598600
591400
584300
577400
570700
564100
557700
551400
545300
539300
533400
527600
522000
516500
511100
505800
500700
495600
490600
485800
481000
476300
471700
467200
462800
458500
454200
450100
446000
441900
438000
434100
430300
426500
422900
419200
415700
412200
408800
405400
402100
398800
395600
392400
389300
386200
383200
380200
377300
374400
371600
368800
366000
363300
360600
358000
355400
352900
351200
372400
385900
385600
382900
379900
377000
374100
371300
368500
365700
363000
360400
357700
355100
352600
350100
348700
376800
399600
400700
398200
402200
400200
397100
393900
390800
387700
384600
381700
378700
375800
372900
370100
367400
364600
361900
359300
356700
354100
351600
349100
346600
344200
342300
353500
353400
351200
348700
346300
343800
341400
339100
336800
334500
332200
330000
327800
325600
324500
350600
353200
351300
348800
346400
343900
341500
339200
336900
334600
332300
333700
475100
656000
679600
674100
665000
656000
655100
780900
792800
783400
771000
775000
1086000
2141000
2254000
2181000
2086000
2e+06
1920000
1863000
2125000
3607000
3915000
3703000
3442000
3209000
3006000
2828000
2670000
2529000
2402000
2288000
2184000
2089000
2031000
2179000
2504000
3749000
3712000
3473000
3508000
4724000
4732000
4365000
3999000
3686000
3420000
3190000
2990000
2813000
2657000
2517000
2392000
2293000
2326000
2434000
2800000
3114000
3017000
2850000
2690000
2547000
2585000
3605000
3553000
3537000
4491000
5027000
5638000
6250000
5714000
5207000
5169000
4741000
4316000
3953000
3648000
3387000
3161000
2964000
2869000
3129000
3011000
2842000
2683000
2540000
2413000
2297000
2192000
2097000
2009000
1929000
1855000
1786000
1722000
1667000
1655000
1608000
1562000
1561000
1521000
1476000
1433000
1392000
1353000
1330000
1434000
1622000
2987000
3058000
2906000
2740000
2591000
2466000
2422000
2379000
2279000
2189000
2187000
2109000
2023000
1941000
1866000
1797000
1732000
1672000
1617000
1564000
1515000
1469000
1426000
1385000
1347000
1311000
1276000
1244000
1222000
1194000
1165000
1138000
1112000
1090000
1115000
1103000
1081000
1057000
1035000
1013000
992700
972800
953800
935500
917900
905300
958600
1077000
1077000
1067000
1163000
1157000
1133000
1107000
1082000
1059000
1036000
1015000
993900
974100
955000
936600
919000
902000
885600
869800
854500
839800
825600
811900
798600
787400
811500
1047000
1069000
1052000
1030000
1008000
987900
968300
949400
931300
913800
897000
880800
865200
850100
835600
821500
807900
794700
782000
769700
757700
746200
734900
724000
713500
703200
693200
683500
674100
664900
656000
647300
638900
630600
622600
614800
607100
599700
592400
585300
578400
571700
565100
558600
552300
546100
540100
534200
528500
522800
517300
511900
506600
501400
496300
491300
486400
481700
477000
472400
467900
463400
459100
454800
450600
446500
442500
438500
434700
430800
427100
423400
419800
416200
412700
409200
405900
402500
399200
396000
392800
389700
386600
383600
380600
377700
374800
372000
369200
366400
363700
361000
358400
355800
353200
350700
348200
345800
343300
340900
338600
336300
334000
331700
329500
327300
327400
389500
398000
396300
393200
390400
397200
395800
392900
389800
386700
383700
380700
377800
374900
372000
369200
366500
363800
361100
361500
457600
471100
469000
464600
460200
455900
451700
447600
443500
439600
435700
431800
557800
2015000
2190000
2129000
2039000
1956000
1880000
1809000
1744000
1683000
1627000
1574000
1524000
1478000
1434000
1393000
1354000
1317000
1282000
1249000
1218000
1188000
1160000
1133000
1107000
1083000
1059000
1036000
1015000
994100
974200
955100
936800
919100
902100
885700
869900
854700
840000
825800
812000
798700
785900
773400
761400
749700
738300
727300
716700
706300
696200
686500
677000
667700
658700
650000
641400
633100
625000
617100
609500
602000
594600
587500
580500
573700
567100
560600
554200
548000
541900
536000
530200
524500
519000
513500
511500
568700
623800
626600
644100
1013000
1060000
1051000
1128000
1546000
2560000
2625000
2567000
2755000
2662000
2529000
2537000
3233000
3173000
2994000
2817000
2660000
2520000
2394000
2281000
2185000
2257000
2875000
2960000
3963000
7535000
13330000
14620000
17180000
13190000
10180000
8247000
6964000
6040000
5340000
4789000
4344000
3976000
3667000
3404000
3679000
5980000
5738000
5164000
4648000
4228000
3880000
3585000
3364000
3330000
3146000
3182000
4240000
4377000
4878000
4568000
4182000
3841000
3552000
3304000
3090000
2901000
2825000
3220000
3577000
3484000
3567000
4961000
5217000
4810000
4372000
4e+06
3687000
3421000
3205000
3083000
2910000
2745000
2596000
2463000
2511000
3445000
3399000
3197000
2996000
2819000
2662000
2521000
2395000
2282000
2178000
2084000
2105000
2803000
2962000
2838000
2683000
2541000
2413000
2319000
2403000
2435000
2343000
2236000
2137000
2046000
1963000
1886000
1815000
1749000
1688000
1747000
2591000
2618000
2504000
2379000
2267000
2165000
2072000
2039000
2364000
2326000
2228000
2129000
2039000
1956000
1880000
1887000
2858000
5424000
5321000
4834000
4381000
4007000
4018000
5816000
6896000
6286000
5563000
4967000
4489000
4097000
3769000
3491000
3251000
3043000
2861000
2699000
2555000
2426000
2309000
2203000
2107000
2018000
1937000
1862000
1793000
1729000
1669000
1614000
1562000
1513000
1467000
1424000
1383000
1345000
1313000
1317000
1310000
1322000
1449000
2738000
3258000
3158000
2972000
2798000
2643000
2505000
2380000
2268000
2166000
2073000
1987000
1908000
1836000
1769000
1706000
1648000
1594000
1543000
1495000
1451000
1408000
1369000
1426000
2449000
4774000
8441000
8872000
7839000
7055000
6777000
6022000
5341000
4834000
4744000
5152000
4789000
4544000
4978000
4648000
4248000
3988000
4118000
3923000
3643000
3384000
3205000
3271000
3109000
2925000
2756000
2606000
2471000
2350000
2241000
2141000
2050000
1966000
1950000
2351000
2521000
3116000
5129000
5346000
4907000
4449000
4064000
3741000
3548000
4265000
6236000
6299000
6094000
7187000
6552000
5857000
5213000
4689000
4262000
3908000
3609000
3354000
3133000
2939000
2769000
2617000
2482000
2359000
2249000
2148000
2057000
1972000
1895000
1823000
1757000
1695000
1638000
1584000
1534000
1487000
1443000
1401000
1362000
1325000
1289000
1256000
1224000
1194000
1166000
1138000
1112000
1088000
1064000
1041000
1019000
998300
978300
959000
948600
1053000
1053000
1033000
1012000
991300
971600
952600
934300
916700
899800
883500
867800
852600
838000
823800
810200
796900
784100
771700
759700
748100
736800
725900
715200
704900
694900
685100
675700
666500
657500
648800
640300
632000
623900
616100
608400
600900
593600
586500
579600
572800
569000
619300
621800
615400
607700
600300
593000
585900
604300
1208000
2577000
2687000
2574000
2443000
2325000
2217000
2120000
2052000
2270000
3215000
3824000
4197000
6221000
6957000
6285000
5555000
4960000
4738000
5607000
5234000
4736000
4300000
3940000
3636000
3398000
4664000
10290000
9334000
7845000
6680000
5828000
5547000
6583000
6046000
5384000
4824000
4373000
4e+06
3687000
3462000
3485000
3294000
3086000
2961000
3375000
4671000
5419000
5278000
5864000
5402000
4865000
4406000
4028000
3711000
3441000
3209000
3006000
2828000
2670000
2529000
2402000
2287000
2184000
2089000
2002000
1922000
1848000
1780000
1717000
1712000
2047000
2034000
1961000
1884000
1813000
1750000
1718000
1845000
2241000
2231000
2203000
2118000
2030000
1976000
2095000
2092000
2396000
2351000
2251000
2150000
2058000
1974000
1896000
1825000
1758000
1696000
1639000
1585000
1535000
1488000
1444000
1402000
1362000
1325000
1290000
1257000
1225000
1195000
1169000
1241000
1917000
2085000
2036000
1956000
1880000
1809000
1744000
1683000
1627000
1574000
1524000
1478000
1434000
1393000
1354000
1317000
1282000
1249000
1218000
1188000
1251000
2207000
3446000
3441000
3236000
3030000
2849000
2689000
2599000
2779000
2723000
2591000
2549000
2959000
2901000
2750000
2601000
2467000
2347000
2237000
2138000
2047000
1963000
1887000
1816000
1750000
1689000
1632000
1579000
1529000
1482000
1438000
1397000
1358000
1321000
1286000
1252000
1221000
1217000
1427000
1429000
1394000
1358000
1342000
1310000
1276000
1243000
1212000
1183000
1155000
1128000
1102000
1078000
1055000
1032000
1011000
990200
970500
951600
933300
915800
898900
882600
867000
851800
837200
823100
813400
850500
856700
845300
831200
817200
803800
790800
778200
766000
754100
742700
731500
720700
710300
700100
690300
690700
811000
987300
1001000
984700
965200
946400
928400
911000
894300
878200
862700
847700
833200
819200
805700
792600
780000
767700
755800
765700
1045000
1075000
1059000
1036000
1015000
994200
974300
955200
936800
919200
902100
885800
870000
854700
840000
825800
812000
798800
785900
773400
775900
952400
968000
953700
935400
917800
900800
884500
868700
853500
838800
824700
811000
797700
784900
772500
760400
748800
737500
726500
715800
705500
695500
685700
676200
667000
658000
649300
640800
632500
624400
616500
608900
601400
594100
586900
580000
573200
566600
560100
553700
547500
541500
535600
529800
524100
518500
513100
507800
502600
497500
492500
487600
482700
478000
473400
468900
464400
460100
455800
451600
447500
443400
440100
467100
628000
939700
2052000
2165000
2097000
2009000
1929000
1855000
1786000
1723000
1663000
1608000
1556000
1508000
1462000
1420000
1379000
1341000
1305000
1271000
1238000
1208000
1178000
1151000
1124000
1099000
1074000
1051000
1029000
1008000
987200
967600
948700
930600
921100
1025000
1114000
1108000
1085000
1062000
1039000
1130000
2146000
2244000
2210000
2120000
2032000
1950000
1874000
1804000
1739000
1679000
1622000
1572000
1575000
1785000
1768000
1712000
1653000
1598000
1547000
1499000
1454000
1412000
1372000
1334000
1299000
1265000
1233000
1202000
1206000
1670000
3008000
3298000
3183000
3025000
3058000
3150000
3003000
2831000
2673000
2637000
3867000
7482000
7759000
6834000
5961000
5279000
4740000
4304000
3946000
3673000
3510000
3318000
3110000
2920000
2752000
2602000
2468000
2347000
2238000
2138000
2115000
2565000
2531000
2417000
2301000
2196000
2100000
2012000
1932000
1992000
2849000
2854000
2715000
2570000
2439000
2321000
2214000
2116000
2027000
1945000
1870000
1800000
1736000
1675000
1675000
2044000
2037000
1964000
1887000
1845000
1966000
1967000
2078000
2087000
2424000
2382000
2280000
2176000
2082000
1998000
1958000
2063000
2045000
1972000
1896000
1824000
1758000
1696000
1638000
1591000
1617000
1657000
1619000
1568000
1519000
1489000
1623000
1603000
1556000
1516000
1471000
1428000
1387000
1349000
1312000
1278000
1245000
1214000
1184000
1156000
1133000
1147000
1128000
1144000
1519000
1544000
1506000
1461000
1418000
1378000
1360000
1536000
1545000
1703000
1716000
1761000
2083000
3570000
4042000
3840000
3562000
3313000
3097000
2908000
2741000
2593000
2459000
2339000
2231000
2132000
2041000
1959000
1882000
1811000
1746000
1685000
1628000
1575000
1526000
1479000
1435000
1394000
1355000
1318000
1283000
1250000
1219000
1189000
1161000
1134000
1108000
1083000
1060000
1037000
1016000
994800
974900
955700
937400
919700
902700
886200
870400
855200
840400
826200
818300
878100
875800
863200
862600
850200
836000
821900
808300
795100
782400
770000
758100
746500
735300
724400
713800
703500
693500
683800
674400
665200
656300
647600
639100
635100
741300
911700
926700
913300
896500
880300
864700
849700
835100
821100
807500
794300
781600
769300
757400
745800
734600
723700
713100
702900
692900
683200
673800
664600
655700
647100
638600
630400
622300
614500
606900
599500
592200
585100
578200
571500
564900
558400
552100
546000
539900
534000
528300
522600
518200
539000
708900
804600
809200
803600
867000
922600
917600
902100
885700
869900
854700
839900
825700
812000
798700
785800
773400
761300
749700
738300
727300
716700
706300
696200
686500
676900
667700
658700
649900
641400
633100
625000
617100
609400
601900
594600
587500
583100
630000
634200
639600
827700
892600
907700
1098000
1981000
5193000
5272000
4817000
4368000
3996000
3684000
3456000
3463000
3271000
3067000
2881000
2717000
2571000
2440000
2322000
2215000
2118000
2028000
1946000
1871000
1801000
1736000
1676000
1643000
1799000
1884000
1883000
1869000
2482000
4958000
6782000
6303000
6070000
7779000
8720000
8405000
10330000
10130000
8539000
7199000
6214000
5474000
4896000
4431000
4049000
4845000
9292000
8509000
7261000
6259000
5508000
4923000
4453000
4067000
3744000
3470000
3233000
3082000
3789000
6439000
6211000
5550000
4958000
4482000
4091000
3764000
3487000
3248000
3040000
2858000
2697000
2562000
2520000
2505000
2982000
3075000
3093000
2938000
2855000
3192000
3945000
7314000
10110000
11090000
9759000
1.1e+07
14130000
12750000
