379200
379000
378500
377800
377000
376100
375200
374300
373300
372300
371300
370200
369000
367900
366700
365500
364400
376800
394900
414400
425000
431500
444600
457300
474700
529100
593100
655300
687100
707300
732200
753600
772700
792500
814800
846100
938600
1091000
1242000
1343000
1390000
1433000
1464000
1485000
1540000
1602000
1687000
1741000
1781000
1795000
1796000
1793000
1784000
1782000
1781000
1784000
1780000
1773000
1765000
1753000
1739000
1721000
1717000
1717000
1718000
1707000
1693000
1677000
1658000
1636000
1615000
1619000
1655000
1704000
1736000
1743000
1737000
1726000
1709000
1691000
1674000
1667000
1663000
1657000
1644000
1627000
1609000
1589000
1580000
1573000
1569000
1557000
1544000
1531000
1516000
1500000
1483000
1466000
1448000
1432000
1415000
1398000
1381000
1363000
1345000
1328000
1311000
1294000
1278000
1263000
1248000
1233000
1218000
1203000
1188000
1221000
1260000
1300000
1308000
1308000
1306000
1299000
1289000
1285000
1307000
1333000
1355000
1357000
1354000
1348000
1339000
1328000
1317000
1309000
1303000
1297000
1289000
1280000
1270000
1259000
1246000
1233000
1221000
1210000
1199000
1188000
1176000
1165000
1153000
1140000
1127000
1115000
1133000
1157000
1196000
1216000
1230000
1233000
1230000
1225000
1217000
1212000
1207000
1204000
1198000
1191000
1183000
1192000
1203000
1215000
1213000
1209000
1205000
1198000
1191000
1185000
1179000
1172000
1165000
1155000
1145000
1135000
1125000
1114000
1103000
1092000
1081000
1071000
1061000
1052000
1042000
1033000
1022000
1012000
1002000
992200
982700
973200
963600
954000
944700
935500
926500
917700
909000
900500
892100
884000
875900
868000
860300
852700
845200
837800
830600
823500
816600
809700
803000
796300
789800
783400
777100
770900
764800
758800
752900
747000
741300
735600
730100
724600
719200
713900
731200
753000
775600
782800
785700
787500
786300
784000
781500
780600
780500
780500
778500
775200
771700
767600
763100
758600
754500
750900
747500
744200
740900
737700
733900
729200
724300
719600
715000
710500
705900
700900
695900
690900
686000
681200
692200
735600
785400
892600
998700
1100000
1152000
1178000
1197000
1208000
1217000
1226000
1238000
1250000
1260000
1262000
1259000
1255000
1248000
1241000
1234000
1229000
1226000
1223000
1220000
1215000
1209000
1202000
1191000
1180000
1176000
1199000
1226000
1248000
1249000
1245000
1239000
1230000
1222000
1218000
1216000
1214000
1209000
1201000
1191000
1181000
1170000
1159000
1149000
1139000
1133000
1138000
1145000
1150000
1147000
1141000
1133000
1124000
1115000
1106000
1098000
1090000
1082000
1073000
1129000
1318000
1525000
1685000
1745000
1780000
1802000
1804000
1801000
1802000
1813000
1829000
1857000
1871000
1878000
1869000
1854000
1852000
1850000
1851000
1844000
1837000
1830000
1823000
1811000
1793000
1774000
1755000
1738000
1718000
1697000
1677000
1653000
1702000
1758000
1815000
1821000
1821000
1820000
1810000
1793000
1801000
1821000
1841000
1844000
1834000
1819000
1802000
1781000
1761000
1749000
1741000
1734000
1720000
1704000
1687000
1670000
1674000
1678000
1683000
1673000
1660000
1646000
1634000
1702000
1779000
1871000
1976000
2073000
2149000
2161000
2159000
2152000
2142000
2132000
2123000
2113000
2101000
2088000
2066000
2039000
2012000
1984000
1957000
1932000
1910000
1890000
1870000
1849000
1825000
1800000
1776000
1750000
1725000
1699000
1673000
1815000
1979000
2140000
2234000
2580000
2944000
3231000
3296000
3310000
3360000
3455000
3538000
3579000
3576000
3574000
3560000
3506000
3439000
3378000
3324000
3270000
3384000
3554000
3719000
3868000
3956000
4030000
4e+06
3940000
3872000
3903000
3941000
3978000
3938000
3876000
3805000
3712000
3614000
3521000
3441000
3370000
3385000
3400000
3413000
3369000
3312000
3248000
3175000
3103000
3033000
2974000
2919000
2864000
2819000
2772000
2720000
2659000
2597000
2539000
2484000
2432000
2380000
2332000
2287000
2244000
2199000
2152000
2107000
2064000
2023000
1983000
1945000
1907000
1871000
1836000
1802000
1770000
1738000
1707000
1677000
1648000
1620000
1594000
1568000
1542000
1517000
1493000
1470000
1448000
1426000
1405000
1385000
1365000
1346000
1327000
1309000
1291000
1274000
1257000
1241000
1225000
1209000
1194000
1179000
1165000
1151000
1137000
1124000
1111000
1098000
1104000
1112000
1121000
1118000
1112000
1105000
1097000
1087000
1078000
1070000
1063000
1057000
1048000
1039000
1030000
1021000
1011000
1002000
993000
984600
976400
968500
960700
953000
945000
936400
927900
919500
911400
903400
895500
887300
879200
871300
863500
855800
848300
840900
833600
826400
819400
812500
805700
799100
792500
786000
779700
773400
767300
761200
755300
749400
743600
738000
732400
726900
721400
716100
710800
705600
700500
695500
690500
685600
680800
676000
671300
666700
662100
657600
653200
648800
644500
640200
640900
644300
648200
648900
647600
645700
643200
640200
637100
634400
632000
629700
627000
624000
620800
617400
614000
615000
619700
625100
627800
628800
629200
629000
627500
625400
623400
621600
620000
618000
615600
612900
610000
606900
603700
600600
597700
594800
592000
589200
586500
583700
580700
577600
576500
575800
575300
573300
570900
568300
565500
562700
559800
557000
554400
551800
549100
546200
543400
544300
545800
547600
546900
545600
544100
542200
540100
537900
536000
534100
532300
545300
576700
612000
637700
649600
657600
662700
677000
692400
708900
718900
727200
750900
837500
936000
1023000
1063000
1088000
1108000
1117000
1130000
1226000
1352000
1476000
1540000
1571000
1590000
1597000
1596000
1593000
1596000
1604000
1612000
1613000
1607000
1617000
1638000
1741000
1837000
1922000
1947000
2045000
2157000
2255000
2285000
2292000
2298000
2293000
2283000
2264000
2247000
2233000
2216000
2189000
2170000
2165000
2195000
2251000
2300000
2325000
2322000
2308000
2287000
2356000
2432000
2507000
2597000
2721000
2888000
3052000
3167000
3230000
3263000
3282000
3293000
3263000
3232000
3207000
3176000
3137000
3092000
3085000
3077000
3068000
3024000
2978000
2935000
2887000
2836000
2788000
2744000
2700000
2655000
2604000
2548000
2495000
2447000
2399000
2352000
2309000
2267000
2227000
2184000
2141000
2100000
2059000
2036000
2018000
2141000
2268000
2388000
2406000
2400000
2389000
2369000
2352000
2337000
2328000
2327000
2326000
2311000
2281000
2250000
2216000
2181000
2147000
2117000
2090000
2064000
2040000
2014000
1989000
1960000
1927000
1894000
1863000
1835000
1809000
1782000
1752000
1722000
1693000
1671000
1650000
1630000
1607000
1584000
1560000
1537000
1514000
1492000
1470000
1450000
1430000
1418000
1424000
1431000
1433000
1437000
1441000
1443000
1434000
1422000
1411000
1400000
1389000
1377000
1364000
1352000
1339000
1325000
1310000
1296000
1282000
1268000
1255000
1242000
1230000
1218000
1205000
1196000
1216000
1239000
1260000
1261000
1257000
1252000
1243000
1233000
1222000
1215000
1208000
1201000
1191000
1181000
1170000
1158000
1147000
1135000
1124000
1115000
1105000
1096000
1086000
1077000
1068000
1057000
1046000
1036000
1026000
1016000
1006000
995800
985600
975600
965800
956200
946800
937600
928500
919700
911000
902400
894100
885800
877800
869800
862100
854400
846900
839500
832300
825200
818200
811300
804500
797900
791300
784900
778500
772300
766200
760100
754200
748400
742600
736900
731400
725900
720400
715100
709900
704700
699600
694500
689600
684700
679900
675100
670500
665800
661300
656800
652400
648000
643700
639400
635200
631100
627000
622900
619000
615000
611100
607300
603500
599800
596100
592400
588800
585300
581700
578300
574800
571400
568100
564800
561500
567100
574500
582300
584200
584400
585400
585400
585100
583900
583000
582400
581700
580100
578000
576000
573700
571300
568800
566300
564100
573400
585100
597300
601800
603800
604700
604100
602900
601500
601000
600700
600400
598900
691700
811800
935800
994500
1028000
1054000
1068000
1075000
1081000
1093000
1109000
1126000
1133000
1133000
1132000
1129000
1123000
1117000
1112000
1109000
1107000
1105000
1104000
1102000
1098000
1090000
1081000
1071000
1063000
1055000
1046000
1036000
1025000
1014000
1003000
993000
982900
972900
963200
953600
944300
935100
926100
917300
908600
900100
891800
883600
875600
867700
859900
852300
844900
837500
830300
823200
816300
809400
802700
796000
789500
783100
776800
770600
764500
758500
752600
746800
741000
735400
729800
724400
719000
713700
708400
703300
705500
714300
724300
729500
762500
800500
838200
858100
895300
995300
1098000
1183000
1239000
1286000
1327000
1345000
1403000
1466000
1530000
1559000
1577000
1588000
1590000
1589000
1585000
1586000
1638000
1697000
1793000
1975000
2416000
2902000
3546000
3953000
4231000
4273000
4255000
4224000
4167000
4130000
4106000
4092000
4055000
4e+06
3917000
4079000
4242000
4388000
4351000
4297000
4252000
4182000
4110000
4062000
4026000
3986000
4063000
4118000
4248000
4274000
4268000
4191000
4091000
3994000
3896000
3812000
3737000
3735000
3778000
3815000
3792000
3883000
4012000
4124000
4111000
4049000
3988000
3917000
3843000
3777000
3717000
3660000
3597000
3515000
3427000
3466000
3509000
3547000
3498000
3440000
3388000
3322000
3253000
3185000
3129000
3076000
3019000
3042000
3086000
3129000
3107000
3059000
3006000
2946000
2907000
2885000
2872000
2849000
2818000
2774000
2719000
2663000
2607000
2554000
2504000
2459000
2516000
2580000
2642000
2631000
2607000
2580000
2537000
2493000
2496000
2512000
2531000
2518000
2488000
2451000
2410000
2366000
2388000
2636000
2899000
3107000
3143000
3145000
3136000
3250000
3471000
3683000
3794000
3811000
3810000
3767000
3698000
3626000
3562000
3509000
3464000
3413000
3351000
3288000
3226000
3161000
3097000
3031000
2965000
2904000
2847000
2794000
2744000
2689000
2624000
2556000
2493000
2433000
2378000
2324000
2269000
2222000
2181000
2148000
2112000
2214000
2370000
2523000
2576000
2577000
2569000
2544000
2511000
2477000
2453000
2438000
2424000
2398000
2362000
2325000
2286000
2245000
2205000
2170000
2139000
2110000
2083000
2056000
2030000
2092000
2291000
2734000
3189000
3523000
3665000
3756000
3805000
3806000
3760000
3743000
3828000
3909000
3957000
4003000
4026000
4037000
3969000
3934000
3912000
3896000
3853000
3804000
3788000
3768000
3741000
3671000
3589000
3512000
3436000
3358000
3279000
3204000
3129000
3055000
3039000
3044000
3086000
3287000
3503000
3682000
3700000
3666000
3622000
3559000
3546000
3737000
3976000
4163000
4355000
4469000
4556000
4496000
4412000
4328000
4247000
4181000
4120000
4056000
3986000
3917000
3829000
3731000
3630000
3534000
3447000
3366000
3293000
3226000
3156000
3083000
3005000
2929000
2855000
2779000
2707000
2638000
2568000
2502000
2438000
2375000
2314000
2257000
2203000
2151000
2102000
2055000
2011000
1968000
1927000
1888000
1851000
1815000
1780000
1747000
1736000
1727000
1720000
1699000
1676000
1654000
1630000
1606000
1582000
1561000
1541000
1522000
1501000
1480000
1460000
1439000
1419000
1400000
1381000
1363000
1346000
1330000
1313000
1297000
1282000
1265000
1249000
1234000
1218000
1204000
1189000
1175000
1161000
1147000
1133000
1120000
1107000
1094000
1082000
1070000
1058000
1047000
1044000
1043000
1043000
1036000
1029000
1021000
1012000
1003000
1047000
1209000
1389000
1532000
1588000
1620000
1641000
1644000
1642000
1658000
1757000
1910000
2058000
2269000
2506000
2719000
2816000
2833000
2839000
2935000
3027000
3114000
3132000
3140000
3144000
3117000
3081000
3468000
3874000
4243000
4293000
4279000
4258000
4339000
4404000
4458000
4434000
4409000
4380000
4293000
4188000
4119000
4058000
3994000
3907000
3859000
3958000
4150000
4300000
4445000
4506000
4538000
4461000
4360000
4267000
4182000
4111000
4036000
3945000
3848000
3754000
3652000
3548000
3450000
3356000
3269000
3189000
3115000
3049000
2985000
2919000
2902000
2888000
2873000
2820000
2764000
2708000
2648000
2604000
2618000
2638000
2656000
2634000
2603000
2562000
2540000
2518000
2540000
2554000
2567000
2550000
2519000
2486000
2448000
2409000
2371000
2336000
2302000
2269000
2234000
2199000
2164000
2127000
2090000
2052000
2016000
1982000
1950000
1919000
1888000
1860000
1911000
1981000
2050000
2063000
2055000
2043000
2022000
1995000
1969000
1950000
1935000
1920000
1899000
1873000
1847000
1820000
1792000
1765000
1740000
1717000
1696000
1761000
1937000
2120000
2238000
2267000
2277000
2274000
2256000
2264000
2283000
2311000
2320000
2366000
2402000
2427000
2413000
2388000
2364000
2337000
2312000
2288000
2267000
2248000
2230000
2205000
2172000
2136000
2101000
2066000
2034000
2003000
1972000
1940000
1907000
1875000
1844000
1813000
1781000
1781000
1785000
1789000
1772000
1755000
1736000
1714000
1690000
1666000
1645000
1626000
1607000
1586000
1564000
1543000
1521000
1500000
1479000
1459000
1440000
1422000
1404000
1387000
1371000
1354000
1336000
1318000
1302000
1285000
1277000
1271000
1265000
1255000
1242000
1229000
1216000
1202000
1189000
1176000
1164000
1153000
1141000
1128000
1116000
1104000
1093000
1098000
1124000
1152000
1171000
1174000
1173000
1170000
1163000
1155000
1149000
1144000
1140000
1135000
1127000
1118000
1109000
1099000
1088000
1079000
1070000
1095000
1125000
1155000
1163000
1165000
1164000
1158000
1151000
1143000
1139000
1135000
1131000
1124000
1115000
1106000
1096000
1086000
1076000
1067000
1058000
1050000
1064000
1081000
1099000
1101000
1097000
1093000
1087000
1079000
1072000
1066000
1060000
1054000
1047000
1038000
1030000
1021000
1011000
1002000
993500
985500
977700
970100
962700
955400
947600
939100
930600
922300
914200
906300
898400
890200
882100
874100
866200
858500
850900
843500
836200
829000
821900
815000
808100
801400
794800
788300
781900
775600
769500
763400
757400
751500
745700
740000
734300
728800
723300
718000
712700
707400
702300
697200
692200
691300
707800
745300
860900
980400
1086000
1133000
1160000
1181000
1190000
1196000
1203000
1216000
1229000
1240000
1243000
1241000
1236000
1230000
1222000
1215000
1209000
1206000
1203000
1200000
1197000
1192000
1185000
1174000
1163000
1153000
1143000
1132000
1121000
1109000
1096000
1096000
1105000
1116000
1119000
1115000
1109000
1102000
1171000
1252000
1338000
1371000
1390000
1402000
1402000
1398000
1393000
1392000
1395000
1398000
1396000
1411000
1428000
1441000
1438000
1432000
1425000
1417000
1409000
1401000
1395000
1390000
1382000
1369000
1355000
1341000
1327000
1341000
1450000
1585000
1704000
1753000
1787000
1828000
1857000
1870000
1869000
1873000
1926000
2187000
2489000
2743000
2836000
2865000
2876000
2857000
2828000
2805000
2809000
2826000
2839000
2825000
2791000
2750000
2703000
2653000
2606000
2566000
2531000
2552000
2577000
2601000
2585000
2555000
2515000
2468000
2422000
2379000
2436000
2501000
2560000
2546000
2518000
2489000
2448000
2405000
2363000
2331000
2304000
2279000
2246000
2210000
2175000
2184000
2195000
2206000
2187000
2164000
2162000
2159000
2172000
2174000
2215000
2243000
2264000
2250000
2227000
2205000
2179000
2171000
2166000
2164000
2150000
2130000
2105000
2077000
2048000
2019000
1997000
1987000
1980000
1967000
1945000
1922000
1916000
1910000
1903000
1884000
1863000
1843000
1820000
1795000
1770000
1746000
1721000
1698000
1673000
1649000
1625000
1607000
1589000
1572000
1596000
1625000
1654000
1651000
1642000
1632000
1617000
1622000
1630000
1660000
1680000
1705000
1726000
1855000
2022000
2172000
2236000
2256000
2268000
2264000
2252000
2237000
2230000
2228000
2224000
2207000
2182000
2155000
2127000
2097000
2067000
2040000
2015000
1992000
1969000
1946000
1924000
1899000
1868000
1837000
1806000
1777000
1749000
1721000
1692000
1662000
1633000
1605000
1579000
1553000
1528000
1503000
1480000
1457000
1435000
1414000
1393000
1373000
1355000
1338000
1321000
1304000
1287000
1280000
1275000
1270000
1260000
1250000
1240000
1227000
1214000
1202000
1190000
1178000
1167000
1155000
1143000
1131000
1119000
1107000
1096000
1084000
1073000
1063000
1052000
1042000
1032000
1022000
1026000
1051000
1079000
1098000
1101000
1101000
1098000
1092000
1085000
1079000
1075000
1072000
1068000
1061000
1053000
1045000
1037000
1028000
1019000
1011000
1004000
997100
990200
983500
976600
968600
960000
951300
943000
934900
926800
918500
910000
901500
893100
884900
876900
868900
861200
853600
846100
838700
831500
824400
817400
814100
830300
858100
885300
899300
911600
928200
942800
950200
952100
954100
956200
957100
955900
953400
950800
947800
943600
938400
933200
928400
923600
918800
914300
910000
905200
899500
893400
887400
881400
875100
868300
861300
854100
847000
840000
832900
825800
818800
819000
820700
822700
839500
862500
886900
912500
961900
1179000
1416000
1628000
1717000
1765000
1803000
1817000
1838000
1859000
1892000
1918000
1938000
1941000
1931000
1919000
1902000
1885000
1868000
1856000
1845000
1834000
1823000
1812000
1800000
1802000
1808000
1819000
1818000
1837000
2002000
2290000
2553000
2699000
2865000
3116000
3337000
3620000
3884000
4127000
4220000
4217000
4190000
4135000
4076000
4019000
3964000
4331000
4698000
5015000
4997000
4931000
4867000
4758000
4643000
4534000
4464000
4413000
4364000
4312000
4540000
4767000
4926000
4858000
4758000
4666000
4550000
4434000
4325000
4247000
4182000
4108000
3993000
3883000
3781000
3756000
3743000
3751000
3708000
3652000
3640000
3653000
3943000
4408000
4995000
5327000
5572000
6057000
6442000
