840100
834300
827500
820400
813400
806500
799700
793100
786500
780100
773800
767600
761500
755400
749500
743700
4448000
2232000
1285000
964000
1067000
2958000
1408000
2445000
10190000
3306000
2011000
1431000
1410000
3055000
1952000
1573000
2747000
1967000
2868000
11230000
10540000
4126000
2588000
2120000
3196000
2302000
2107000
6654000
3087000
4265000
2524000
2228000
2065000
2021000
1979000
1938000
2303000
1965000
1876000
1815000
1781000
1748000
1717000
1686000
1657000
3196000
1993000
1755000
1628000
1601000
1574000
1549000
1524000
1620000
3859000
4606000
3280000
2056000
1741000
1653000
1624000
1597000
1571000
1545000
2062000
1630000
1534000
1476000
1454000
1432000
1411000
2590000
1663000
1480000
1384000
1364000
1345000
1326000
1308000
1290000
1273000
1256000
1240000
1224000
1208000
1193000
1178000
1164000
1150000
1136000
1123000
1110000
1097000
1084000
1072000
1060000
1049000
1037000
5485000
2130000
1519000
1224000
1208000
1193000
1178000
1164000
1631000
3108000
1649000
1358000
1226000
1211000
1195000
1181000
1166000
1152000
1138000
1125000
1112000
1099000
1086000
1074000
1062000
1050000
1039000
1028000
1017000
1006000
995600
985300
975300
965400
955700
946200
936900
4078000
1693000
2700000
1408000
1203000
1100000
1087000
1075000
1063000
1051000
1040000
1029000
1018000
1007000
996300
2857000
1438000
1175000
1046000
1035000
1024000
1013000
1002000
991800
981600
971600
961800
952200
942800
933600
924500
915600
906900
898400
890000
881800
873700
865800
858000
850400
842800
835500
828200
821100
814100
807200
800400
793800
787200
780800
774400
768200
762100
756000
750100
744300
738500
732800
727300
721800
716300
711000
705700
700600
695500
690400
685500
680600
675800
671000
666400
661700
657200
652700
648300
643900
639600
635300
631100
627000
622900
618900
3195000
1246000
894400
726500
721100
715700
710300
705100
699900
694800
689800
684900
680000
675200
670400
665800
661200
656600
652100
647700
643300
639000
634800
630600
626500
622400
618400
614400
610500
606600
602800
599000
595200
591600
587900
584300
2490000
4090000
1543000
7714000
3263000
1754000
1212000
1148000
1134000
1121000
1108000
1095000
1082000
1070000
1058000
1047000
1035000
1024000
1013000
1003000
992300
982100
972000
962200
952600
943200
934000
924900
916000
907300
1497000
3654000
1587000
1186000
1011000
1e+06
989700
979600
1180000
1264000
1035000
978100
952600
943200
934000
924900
916000
907300
898800
890400
1197000
2120000
1183000
996300
913600
904900
896400
888100
879900
871800
864000
856200
848600
841100
7318000
12090000
3926000
2197000
1564000
1538000
1514000
1490000
1467000
1445000
1423000
1402000
2857000
1722000
1502000
1388000
1368000
2614000
1637000
1447000
1348000
1329000
1311000
1293000
1275000
1259000
1446000
1295000
1240000
1209000
1193000
1279000
1189000
6972000
2574000
1775000
1389000
1851000
1467000
1382000
1333000
3482000
2159000
1592000
1390000
1349000
1330000
1312000
1294000
1386000
1754000
1376000
1291000
1245000
1229000
1214000
1198000
2875000
1600000
1359000
1238000
1222000
1206000
1543000
7897000
2836000
3219000
6324000
2718000
1999000
1684000
1655000
1627000
1599000
1573000
1547000
1523000
1499000
1475000
1453000
1431000
1410000
1389000
1369000
1350000
1331000
1312000
1295000
1277000
1260000
1244000
1322000
1236000
1208000
1187000
1173000
14220000
4361000
2578000
4618000
17360000
6243000
3579000
2501000
2403000
4049000
6130000
3275000
2649000
2374000
2316000
2260000
2208000
2157000
2109000
2063000
2019000
11230000
6547000
3490000
7573000
3802000
2903000
2493000
2416000
2356000
7088000
3434000
2731000
2370000
2313000
2257000
2205000
2155000
2107000
2061000
2017000
6927000
3143000
2430000
2072000
2028000
1985000
1945000
1905000
1868000
1832000
1797000
1764000
2669000
1937000
1781000
1692000
1662000
1634000
1606000
1579000
1553000
1528000
1504000
1481000
1458000
1436000
1415000
1394000
1374000
1354000
1335000
1317000
1299000
1281000
1264000
1248000
1232000
1216000
1201000
1186000
1171000
1157000
1143000
1129000
1116000
1103000
1091000
1078000
1066000
1054000
1043000
1032000
1021000
1010000
999200
988800
978700
968700
959000
949400
940100
930900
921900
913100
904400
895900
887600
879400
871400
2641000
1286000
1037000
915800
907100
898500
890100
881900
873800
865900
858100
850500
842900
835600
828300
821200
814200
807300
800500
793900
787300
780900
774500
768300
762200
756100
750200
744300
738600
732900
727300
721800
716400
711100
705800
700600
695500
690500
685600
680700
675800
671100
666400
661800
657200
652800
648300
644000
639600
635400
631200
627000
623000
618900
614900
611000
607100
603300
599500
595800
592100
588400
584800
581300
577800
574300
570800
567500
564100
560800
557500
554300
551100
547900
902200
852400
634900
579600
562300
559000
555800
552600
549400
546300
543200
540100
537100
534000
531100
528100
525200
949000
894500
636400
571200
643900
571900
556500
547600
544500
541400
538300
535300
532300
529400
526500
523600
520700
517900
515100
512300
509600
506900
504200
501600
499000
496400
493800
695200
539900
510100
494800
492200
489700
487200
484700
482300
479900
477500
475100
472800
470400
468100
897000
570900
510900
481400
479000
476600
474200
471900
469600
467300
465000
462700
2154000
2877000
1141000
762500
632500
628400
624300
2030000
961400
767100
673500
668800
2504000
7658000
2554000
1491000
1057000
1041000
1030000
1019000
1671000
8e+06
3989000
2075000
1458000
1360000
1341000
1322000
1304000
1287000
1269000
1253000
1236000
1221000
1205000
2320000
2337000
8030000
2914000
1961000
1526000
7138000
3531000
2266000
1794000
1722000
1691000
1662000
1633000
1606000
1579000
1553000
1528000
1504000
2281000
2514000
4023000
4208000
2326000
1817000
1647000
1614000
1587000
7386000
2996000
2186000
6739000
5684000
5836000
6907000
3296000
2524000
4244000
2667000
2343000
2166000
2117000
2071000
2027000
1984000
1944000
4485000
2508000
2122000
1921000
1883000
1846000
1811000
1777000
1744000
1713000
1682000
1653000
1625000
1598000
1571000
1932000
1616000
1540000
1947000
1581000
1497000
1446000
1424000
1403000
1383000
2837000
1830000
11550000
3858000
2471000
1805000
1771000
1739000
2139000
2165000
1794000
1687000
2284000
1769000
1654000
1587000
1561000
1536000
1511000
1488000
1465000
1442000
1421000
1400000
1380000
1360000
1341000
1322000
1304000
1286000
1351000
1273000
1246000
1225000
1210000
1195000
1648000
1324000
1217000
1168000
1151000
1138000
1124000
1111000
1098000
1086000
1074000
1062000
1761000
2508000
1431000
1201000
2249000
1380000
1215000
1130000
1116000
1103000
1091000
1078000
1066000
1055000
1043000
1032000
1021000
1010000
999300
989000
978800
968900
959100
949600
940200
931000
1190000
3760000
1616000
1214000
1028000
1017000
1006000
995500
985200
975200
965300
955600
946100
936900
927700
918800
910000
901400
893000
884700
876600
868600
860800
853100
845500
838100
830800
823600
816600
809600
802800
796100
789600
783100
776700
770400
764300
758200
752200
746300
740600
734900
729200
723700
718300
712900
707600
702400
697300
692200
687300
682300
677500
672700
668000
663400
658800
654300
649800
645500
641100
636800
632600
628500
624400
620300
616300
612400
608500
604600
600800
597000
593300
589700
586100
582500
579000
575500
572000
568600
565300
561900
558600
555400
552200
549000
545900
542800
539700
536700
533700
530700
527800
524900
522000
519200
516400
513600
510900
508200
505500
502800
500200
497600
495000
492400
489900
487400
1407000
714600
589100
528500
525600
653400
553000
532700
521700
518900
516100
513300
510600
507900
505200
502500
499900
497300
494700
492200
1718000
797800
631500
551500
548400
545200
542100
539100
536100
533100
530100
527200
524300
11950000
3325000
1778000
1047000
1035000
1024000
1013000
1003000
992200
982000
972000
962200
952600
943200
933900
924900
916000
907300
898700
890300
882100
874000
866100
858300
850700
843100
835700
828500
821400
814400
807500
800700
794000
787500
781000
774700
768500
762300
756300
750300
744500
738700
733100
727500
722000
716500
711200
706000
700800
695700
690600
685700
680800
676000
671200
666500
661900
657400
652900
648400
644100
639800
635500
631300
627200
623100
619000
615000
611100
607200
603400
599600
595900
592200
588500
584900
1427000
1414000
818000
675200
4090000
1487000
1018000
1276000
3278000
6839000
2453000
1530000
2562000
1505000
1304000
1202000
5080000
2135000
1595000
1331000
1313000
1295000
1278000
1261000
1244000
1544000
5182000
2192000
5103000
9770000
16930000
8611000
14750000
5388000
3674000
2909000
2822000
2740000
2663000
2590000
2521000
2456000
2394000
2334000
2278000
14500000
5199000
3479000
2632000
2561000
2493000
2429000
2369000
3479000
2544000
2333000
9267000
4328000
6897000
3419000
2805000
2494000
2430000
2369000
2312000
2256000
2204000
5513000
5706000
3474000
2562000
10170000
6041000
3524000
2710000
2525000
2459000
2397000
2337000
2816000
2359000
2235000
2152000
2104000
2058000
9336000
3762000
2725000
2211000
2161000
2112000
2066000
2022000
1980000
1940000
1901000
1863000
7406000
4438000
2689000
2123000
2e+06
1959000
1919000
3024000
2846000
2131000
1928000
1847000
1812000
1778000
1746000
1714000
1684000
1654000
1626000
8339000
3249000
2313000
1853000
1818000
1784000
1751000
1719000
4494000
2367000
1961000
1753000
1721000
1691000
1661000
1633000
5730000
15440000
5197000
3164000
2300000
2246000
2194000
10070000
8936000
4161000
2942000
2565000
2498000
2433000
2372000
2314000
2259000
2207000
2156000
2108000
2062000
2019000
1976000
1936000
1897000
1860000
1824000
1790000
1757000
1725000
1694000
1665000
1636000
1608000
1581000
1556000
1530000
1506000
1483000
1892000
1731000
1986000
1552000
11380000
6431000
3127000
2119000
1917000
1879000
1843000
1808000
1774000
1742000
1710000
1680000
1651000
1623000
1595000
1569000
1544000
1519000
1495000
1472000
1449000
1428000
1407000
1386000
8086000
11470000
16230000
8426000
4366000
3417000
4860000
3128000
2744000
2542000
3390000
6158000
3338000
2744000
6276000
3353000
2777000
2472000
4682000
3238000
2630000
2384000
2306000
3974000
2623000
2339000
2180000
2131000
2084000
2039000
1996000
1955000
1915000
1877000
1841000
5350000
3711000
4607000
13430000
6218000
3512000
2576000
2425000
2365000
2307000
5128000
12020000
6237000
3645000
9525000
4297000
3618000
2881000
2759000
2663000
2590000
2521000
2455000
2393000
2334000
2278000
2224000
2173000
2125000
2078000
2033000
1991000
1950000
1911000
1873000
1837000
1802000
1768000
1736000
1705000
1675000
1646000
1618000
1591000
1564000
1539000
1514000
1491000
1468000
1445000
1424000
1403000
1382000
1363000
1343000
1325000
1307000
1289000
1272000
1255000
2660000
1579000
1373000
1267000
1250000
1234000
1218000
1203000
1188000
1173000
1159000
1145000
1131000
1118000
1105000
1092000
1080000
1068000
1056000
1044000
1033000
1022000
1011000
1001000
990300
980100
970100
960300
950800
941400
932200
923100
914300
905600
897100
888700
880500
872500
864600
856800
849200
841700
1689000
1038000
916100
854700
847100
839600
832300
825100
6336000
11520000
3719000
2095000
1483000
1461000
1439000
1417000
1396000
2545000
6918000
5491000
3088000
9909000
7453000
3500000
2450000
2164000
2116000
7497000
3353000
2572000
2179000
2130000
2083000
2038000
2732000
23730000
7244000
4207000
2762000
2684000
2609000
8616000
4001000
3114000
2658000
2585000
2516000
2451000
2389000
3869000
2655000
2393000
2242000
4543000
9546000
7915000
3898000
7144000
3653000
3009000
2666000
2593000
2524000
2458000
2396000
2337000
2281000
2227000
2176000
2127000
2080000
2036000
1993000
1952000
1913000
1875000
1838000
1803000
1770000
4905000
2511000
2055000
1822000
1788000
1755000
1835000
2785000
5190000
2589000
2475000
1925000
1835000
1775000
3225000
2086000
4457000
2393000
2013000
1815000
1781000
1748000
1717000
1686000
1657000
1628000
1601000
1575000
1549000
1524000
1500000
1477000
1454000
1432000
1411000
1390000
1370000
1351000
1332000
1624000
7863000
3769000
2200000
1648000
1567000
1542000
1517000
1494000
1470000
1448000
1426000
1405000
1385000
1365000
1346000
1327000
1309000
1291000
1274000
1257000
1240000
8200000
9518000
3610000
2256000
1808000
1774000
1742000
1710000
3478000
2343000
1893000
1718000
4728000
2515000
2001000
1764000
1726000
1695000
1665000
1636000
1609000
1582000
1556000
1531000
1507000
1483000
1460000
1438000
1417000
1396000
1376000
1356000
1337000
1319000
1301000
1283000
1266000
1249000
3564000
1795000
1465000
1300000
1458000
1311000
1271000
1243000
1227000
1212000
1197000
1182000
1167000
1153000
1139000
1126000
1113000
1100000
1087000
1075000
1063000
1051000
1040000
1029000
1018000
1007000
996400
986100
976000
1611000
1263000
1054000
983500
964300
954700
945200
935900
926800
917900
909200
900600
892200
883900
875800
867800
901200
2484000
3197000
1490000
1114000
980700
970700
960900
951400
942000
932800
923700
914900
906200
897600
889300
881100
873000
865100
857300
849700
4158000
1644000
1187000
968300
958600
949000
939700
930500
921500
912700
904100
895600
887200
879100
871000
863200
855400
847800
840300
833000
825800
2913000
1326000
1036000
895500
887200
879000
871000
863100
855400
847800
840300
833000
825800
818700
811700
804900
798100
791500
785000
778600
772300
766100
760000
754000
748100
742300
736600
730900
725400
719900
714500
709200
704000
698800
693800
688700
683800
679000
674200
669400
664800
660200
655600
651200
646800
642400
638100
633900
629700
625600
621500
617500
613500
609600
605800
601900
598200
594500
590800
587100
583600
580000
576500
969600
2709000
2931000
8883000
2760000
1611000
1118000
1105000
1092000
1080000
1068000
1056000
1045000
1033000
1022000
1011000
1001000
990300
980100
970100
960400
950800
941400
932200
923200
914300
905700
897100
888800
880600
872500
864600
856900
849200
841700
834400
1906000
1959000
1145000
951200
887700
879500
871500
8078000
2635000
1865000
1238000
1195000
1167000
1153000
1139000
1126000
1113000
1100000
1087000
1243000
2781000
1490000
1242000
1124000
1111000
1098000
1085000
1073000
1061000
1050000
1038000
1027000
1016000
1005000
994700
984500
3507000
9133000
4189000
2309000
1565000
2347000
2897000
1810000
1562000
1461000
1439000
4766000
15080000
6876000
3410000
2287000
2115000
2069000
2025000
1983000
2017000
2328000
2130000
1922000
1841000
1797000
1763000
1731000
1700000
1670000
1642000
1614000
5072000
2433000
1938000
1689000
1660000
1631000
1604000
1577000
1551000
7449000
2988000
2166000
1762000
1730000
1699000
1669000
1641000
1613000
1586000
1560000
1535000
1510000
1487000
1464000
4899000
2272000
1783000
1540000
1516000
2999000
1992000
2997000
1926000
4440000
2224000
1818000
1616000
1589000
1562000
1649000
2871000
2087000
1683000
1541000
1501000
1477000
1455000
1433000
1412000
2034000
2238000
1594000
1437000
1372000
1353000
3012000
1722000
1476000
1426000
1350000
1321000
1299000
1281000
1264000
1248000
1231000
1216000
1200000
1186000
1171000
1541000
1240000
1175000
4720000
2016000
1521000
1279000
1262000
1245000
1229000
2907000
1625000
2996000
1888000
2096000
2782000
9740000
5350000
2737000
1943000
1790000
1757000
1725000
1694000
1665000
1636000
1608000
1582000
1556000
1531000
1506000
1483000
1460000
1438000
1417000
1396000
1376000
1356000
1337000
1319000
1300000
1283000
1266000
1249000
1233000
1217000
1202000
1187000
1172000
1158000
1144000
1131000
1117000
1104000
1092000
1079000
1067000
1056000
1044000
1033000
1022000
1011000
1e+06
989800
979600
969600
1893000
1179000
1043000
1153000
1008000
974600
953700
944200
935000
925900
917000
908300
899700
891300
883000
874900
867000
859200
851500
844000
836600
829300
822200
815100
808200
2009000
3170000
1431000
1066000
926200
917300
908500
9e+05
891500
883300
875200
867200
859400
851700
844200
836800
829500
822400
815400
808400
801700
795000
788400
782000
775600
769400
763200
757100
751200
745300
739600
733900
728300
722800
717300
712000
706700
701500
696400
691400
686400
681500
676700
671900
667200
955000
2694000
1926000
1078000
847800
1462000
1453000
988100
873300
835000
827800
820700
813700
806800
8e+05
793400
786800
780400
774100
767900
761700
755700
749800
743900
738200
732500
726900
721400
716000
710700
705400
700300
695200
690200
685200
680300
675500
670800
666100
1333000
851100
734400
2671000
1552000
1059000
2273000
4091000
15400000
4698000
2538000
1627000
1591000
1565000
1540000
2615000
1763000
1591000
1498000
1475000
1452000
1430000
1409000
1389000
1369000
1349000
1330000
1312000
1294000
1277000
1260000
1243000
2529000
2325000
1912000
1431000
3668000
11990000
10520000
4090000
2580000
8687000
8344000
3866000
10180000
7221000
3943000
3001000
2735000
2658000
2585000
2516000
2451000
2389000
21080000
6861000
4246000
2970000
2879000
2794000
2713000
2638000
2566000
2498000
2434000
2373000
4367000
16430000
6021000
3804000
2829000
2733000
2657000
2584000
2515000
2450000
2388000
2329000
2273000
2220000
2852000
2288000
6473000
4034000
3832000
2539000
2279000
5321000
4528000
16100000
14100000
12250000
5236000
8316000
17010000
6865000
14270000
