588900
498500
482200
471600
470500
469400
468300
467200
466100
465100
464000
462900
461800
460800
459700
458700
2920000
1327000
788100
550100
604800
1531000
768000
1284000
4689000
1582000
1013000
689300
686900
1584000
986900
796700
1406000
996600
1479000
5521000
4650000
1899000
1164000
937100
1386000
1038000
975600
2822000
1390000
1883000
1166000
1066000
1002000
996600
991600
986700
1260000
1045000
1004000
977200
972400
967700
963100
958500
953900
1871000
1169000
1046000
967000
962400
957800
953200
948700
1160000
2226000
2619000
2010000
1275000
1083000
1029000
1024000
1019000
1014000
1009000
1410000
1098000
1041000
1003000
997900
993000
988100
1657000
1143000
1051000
992300
987400
982500
977700
973000
968300
963600
959000
954400
949900
945400
940900
936500
932200
927900
923600
919300
915100
911000
906800
902800
898700
894700
890700
6023000
2122000
1454000
1034000
1029000
1024000
1018000
1013000
1778000
2939000
1501000
1207000
1059000
1054000
1048000
1043000
1037000
1032000
1027000
1021000
1016000
1011000
1006000
1001000
996000
991100
986200
981400
976600
971800
967200
962500
957900
953300
948800
944300
1143000
4852000
1886000
2796000
1386000
1194000
1072000
1066000
1060000
1055000
1049000
1044000
1038000
1033000
1028000
1022000
3697000
1650000
1296000
1073000
1068000
1062000
1056000
1051000
1045000
1040000
1035000
1029000
1024000
1019000
1014000
1009000
1003000
998500
993500
988600
983700
978900
974200
969400
964800
960100
955600
951000
946500
942100
937700
933300
929000
1633000
1092000
996600
935100
930800
926500
922200
918000
913800
909600
905500
901400
897400
893400
889400
885500
881600
877700
931000
1815000
1097000
968400
889400
885400
881500
877700
873800
870100
866300
862600
858900
855200
851500
1104000
4753000
1800000
1279000
963800
959200
954600
1260000
1021000
976500
947100
942600
938200
933800
929500
925200
920900
916700
912500
908400
904300
900200
896200
892200
888200
884300
880400
876600
872700
869000
865200
861500
857800
854100
850500
846900
843300
4745000
5233000
2102000
8143000
3454000
1968000
1308000
1237000
1229000
1222000
1214000
1207000
1200000
1193000
1186000
1179000
1172000
1165000
1158000
1151000
1145000
1138000
1132000
1126000
1119000
1113000
1107000
1101000
1095000
1089000
3739000
4272000
1968000
1413000
1199000
1192000
1184000
1177000
1514000
1493000
1253000
1187000
1160000
1153000
1147000
1140000
1134000
1127000
1121000
1115000
1635000
2374000
1425000
1227000
1128000
1122000
1115000
1109000
1103000
1097000
1091000
1085000
1079000
1074000
7657000
10240000
3609000
2084000
1460000
1450000
1439000
1429000
1419000
1409000
1399000
1389000
2513000
1645000
1489000
1388000
1379000
2303000
1586000
1456000
1372000
1362000
1353000
1344000
1335000
1326000
1541000
1379000
1329000
1301000
1291000
1383000
1299000
6046000
2413000
1788000
1394000
1749000
1463000
1407000
1368000
2941000
1978000
1579000
1410000
1381000
1371000
1362000
1353000
1451000
1817000
1448000
1371000
1326000
1317000
1308000
1300000
3007000
1697000
1466000
1319000
1311000
1302000
1670000
6591000
2582000
2829000
5260000
2407000
1855000
1554000
1542000
1530000
1518000
1507000
1495000
1484000
1473000
1463000
1452000
1441000
1431000
1421000
1411000
1401000
1391000
1382000
1372000
1363000
1354000
1345000
2249000
1547000
1420000
1338000
1329000
12370000
3965000
2523000
4465000
13690000
5047000
3004000
2009000
1956000
3316000
4807000
2671000
2210000
1984000
1964000
1945000
1926000
1908000
1890000
1872000
1855000
9573000
5434000
3090000
5987000
3132000
2504000
2157000
2121000
2099000
5896000
2984000
2470000
2139000
2116000
2094000
2072000
2051000
2030000
2010000
1990000
7002000
3169000
2499000
2072000
2050000
2030000
2009000
1989000
1969000
1950000
1931000
1913000
3820000
2340000
2073000
1899000
1881000
1864000
1846000
1830000
1813000
1797000
1781000
1765000
1749000
1734000
1719000
1705000
1690000
1676000
1662000
1648000
1635000
1622000
1609000
1596000
1583000
1571000
1558000
1546000
1534000
4185000
2152000
1796000
1568000
1556000
1544000
1532000
1521000
1509000
1498000
1487000
1476000
1465000
1454000
1444000
1433000
1423000
1413000
1403000
1393000
1384000
1374000
1365000
1356000
1347000
1337000
1329000
3716000
4437000
2191000
1660000
1444000
1434000
1424000
1414000
1404000
1394000
1384000
1375000
1365000
1356000
1347000
1338000
1329000
1320000
1312000
1303000
1295000
1286000
1278000
1270000
1262000
1254000
1246000
1239000
1231000
1223000
1216000
1209000
1201000
1194000
1187000
1180000
1173000
1166000
1160000
1153000
1146000
1140000
1133000
1127000
1121000
1114000
1108000
1102000
1096000
1090000
1084000
1078000
1073000
1067000
1061000
1056000
1050000
1045000
1039000
1034000
1028000
1023000
1018000
1013000
1008000
1003000
997700
992700
987800
983000
978200
973400
968700
964000
959400
5e+06
2241000
1469000
1095000
1063000
1058000
1052000
1047000
1041000
1036000
1031000
1025000
1020000
1015000
1010000
1005000
999600
2960000
1984000
1326000
1094000
1288000
1098000
1061000
1036000
1031000
1026000
1020000
1015000
1010000
1005000
1e+06
995100
990200
985300
980500
975700
970900
1030000
977100
964300
954600
950100
1252000
1701000
1138000
1021000
961100
956500
952000
947400
943000
938600
934200
929800
925500
921300
917100
912900
1831000
1128000
1005000
926200
921900
917700
913500
909400
905300
901200
897200
893100
3502000
3690000
1703000
1208000
1027000
1022000
1017000
2733000
1419000
1190000
1045000
1040000
3540000
8641000
3043000
1864000
1278000
1264000
1256000
1248000
1908000
7397000
3651000
2131000
1520000
1437000
1427000
1417000
1407000
1397000
1387000
1378000
1368000
1359000
1350000
2576000
2487000
6646000
2658000
1937000
1525000
6510000
3330000
2187000
1688000
1625000
1611000
1597000
1585000
1572000
1560000
1548000
1536000
1524000
2195000
2294000
3625000
4086000
2287000
1796000
1607000
1588000
1576000
7130000
2875000
2138000
5980000
4703000
4760000
5462000
2742000
2164000
3427000
2253000
2038000
1897000
1879000
1862000
1845000
1828000
1811000
4114000
2334000
2017000
1813000
1797000
1781000
1765000
1750000
1734000
1719000
1705000
1690000
1676000
1662000
1648000
2295000
1778000
1679000
2075000
1709000
1636000
1586000
1574000
1561000
1549000
2759000
1916000
10910000
3752000
2532000
1769000
1754000
1739000
2283000
2214000
1843000
1735000
2354000
1834000
1734000
1666000
1652000
1639000
1626000
1612000
1600000
1587000
1574000
1562000
1550000
1538000
1526000
1515000
1503000
1492000
2466000
1711000
1573000
1483000
1539000
1543000
1932000
1601000
1496000
1444000
1430000
1420000
1410000
1400000
1391000
1381000
1372000
1362000
3113000
3037000
1841000
1526000
2585000
1689000
1528000
1424000
1414000
1404000
1394000
1384000
1375000
1365000
1356000
1347000
1338000
1329000
1320000
1312000
1303000
1295000
1286000
1278000
1270000
1262000
3686000
4556000
2168000
1610000
1381000
1372000
1362000
1353000
1344000
1335000
1326000
1318000
1309000
1300000
1292000
1284000
1275000
1267000
1259000
1252000
1244000
1236000
1228000
1221000
1214000
1206000
1199000
1192000
1185000
1178000
1171000
1164000
1157000
1151000
1144000
1138000
1131000
1125000
1119000
1112000
1106000
1100000
1094000
1088000
1082000
1076000
1071000
1065000
1059000
2079000
1291000
1152000
1063000
1057000
1052000
1046000
1041000
1035000
1030000
1025000
1020000
1965000
1238000
1110000
1028000
1023000
1018000
1013000
1008000
1003000
997700
992700
987800
983000
978200
973400
968700
964000
959400
954800
950300
945800
941400
1418000
1049000
1806000
1140000
1029000
958500
953900
949400
944900
940500
936100
931700
927400
923200
918900
914700
910600
906400
902300
898300
894300
890300
886400
882500
955700
3201000
1438000
1130000
939300
934900
1250000
1004000
958300
928200
923900
919700
915500
911300
907200
903100
899000
895000
891000
887100
1727000
2923000
1416000
1107000
954000
949400
944900
940500
936100
931800
927400
923200
918900
1573000
13880000
4046000
2327000
1283000
1275000
1267000
1259000
1251000
1243000
1236000
1228000
1221000
1213000
1206000
1199000
1192000
1185000
1178000
1171000
1164000
1157000
1150000
1144000
1137000
1131000
1125000
1118000
1112000
1106000
1100000
1094000
1088000
1082000
1076000
1070000
1065000
1059000
1054000
1048000
1043000
1037000
1032000
1027000
1021000
1016000
1011000
1006000
1001000
995900
990900
986100
981200
976400
971700
967000
962300
957700
953200
948700
944200
939800
935400
931000
926700
922400
918200
914000
909900
905700
901700
1544000
1050000
962300
906100
902100
898000
2817000
1975000
1254000
1015000
4918000
1906000
1388000
1727000
3782000
7040000
2653000
1715000
2636000
1588000
1403000
1285000
4540000
2056000
1625000
1353000
1344000
1335000
1326000
1317000
1309000
1658000
4477000
2072000
4162000
8093000
13410000
6798000
10240000
3814000
2714000
2129000
2107000
2085000
2063000
2042000
2021000
2001000
1981000
1962000
1943000
10860000
4070000
2896000
2153000
2130000
2108000
2086000
2064000
2957000
2243000
2105000
7299000
3589000
5556000
2867000
2444000
2186000
2162000
2139000
2116000
2094000
2072000
4711000
4750000
3086000
2377000
8078000
4950000
3110000
2427000
2289000
2263000
2237000
2212000
2708000
2291000
2201000
2136000
2113000
2091000
7680000
3414000
2669000
2193000
2169000
2146000
2123000
2100000
2079000
2057000
2036000
2016000
7050000
4148000
2758000
2206000
2108000
2086000
2064000
3418000
3049000
2325000
2104000
2027000
2007000
1987000
1967000
1948000
1929000
1911000
1893000
8725000
3510000
2605000
2032000
2011000
1991000
1972000
1952000
5059000
2669000
2246000
1974000
1955000
1936000
1917000
1899000
6598000
13640000
4942000
3164000
2280000
2255000
2229000
8859000
8455000
4013000
2840000
2432000
2403000
2375000
2347000
2319000
2293000
2267000
2241000
2216000
2192000
2168000
2145000
2122000
2100000
2078000
2056000
2035000
2015000
1995000
1975000
1956000
1937000
1918000
1900000
1882000
1864000
1847000
1830000
5121000
2774000
2656000
1993000
11160000
6292000
3404000
2350000
2149000
2126000
2103000
2500000
2408000
2146000
2059000
2019000
1999000
1979000
1960000
1940000
1922000
1903000
1886000
1868000
1851000
1834000
1817000
3081000
9003000
10820000
14960000
8178000
4336000
3333000
4727000
3034000
2695000
2496000
3571000
6143000
3342000
2773000
6378000
3363000
2823000
2475000
4879000
3309000
2721000
2453000
2398000
4118000
2764000
2510000
2341000
2314000
2287000
2261000
2236000
2211000
2187000
2163000
3474000
5879000
3975000
4436000
12740000
6174000
3668000
2650000
2507000
2476000
2446000
5359000
11760000
6209000
3691000
8719000
4034000
3557000
2786000
2706000
2644000
2609000
2575000
2543000
2511000
2479000
2449000
2419000
2390000
2362000
2334000
2307000
2281000
2255000
2230000
2205000
2181000
2158000
2134000
2112000
2090000
2068000
2047000
2026000
2006000
1986000
1966000
1947000
1928000
4812000
3965000
2529000
2097000
1967000
1948000
1929000
1911000
1893000
1875000
1857000
1840000
4870000
2538000
2126000
1862000
1845000
1828000
1812000
1795000
1779000
1764000
1748000
1733000
1718000
1704000
1689000
1675000
1661000
1647000
1634000
1621000
1608000
1595000
1582000
1570000
1557000
1545000
1534000
1522000
1510000
1499000
1488000
1477000
1466000
1455000
1445000
1435000
1424000
1414000
1404000
1395000
1385000
1375000
3671000
1916000
1609000
1413000
1403000
1394000
1384000
1374000
7278000
12840000
4410000
2615000
1786000
1770000
1755000
1739000
1724000
2902000
7149000
5715000
3340000
8762000
6313000
3298000
2389000
2141000
2118000
6176000
3067000
2519000
2167000
2143000
2121000
2098000
2691000
19350000
6213000
3915000
2499000
2468000
2438000
8264000
3770000
2978000
2473000
2443000
2413000
2384000
2356000
3512000
2593000
2414000
2292000
4043000
8702000
7657000
3816000
7021000
3470000
2891000
2517000
2486000
2455000
2425000
2396000
2368000
2340000
2313000
2286000
2261000
2235000
2210000
2186000
2163000
2139000
2117000
2094000
2073000
2051000
5660000
2890000
2401000
2086000
2065000
2044000
2217000
3093000
5460000
2863000
2754000
2164000
2090000
2036000
3492000
2353000
4694000
2621000
2270000
2044000
2023000
2003000
1983000
1963000
1944000
1925000
1907000
1889000
1871000
1854000
1837000
1820000
1804000
1788000
1772000
1756000
1741000
1726000
1711000
2708000
8297000
4151000
2580000
1938000
1852000
1835000
1818000
1802000
1785000
1770000
1754000
1739000
1724000
1709000
1695000
1680000
1666000
1653000
1639000
1626000
1613000
10020000
9865000
3990000
2479000
1953000
1934000
1916000
1898000
4185000
2651000
2157000
1922000
4912000
2694000
2210000
1934000
1908000
1890000
1872000
1854000
1837000
1821000
1804000
1788000
1772000
1757000
1741000
1726000
1711000
1697000
1683000
1669000
1655000
1641000
1628000
1615000
1602000
1589000
7933000
3074000
2234000
1704000
2023000
1755000
1698000
1657000
1643000
1630000
1617000
1604000
1591000
1578000
1566000
1554000
1542000
1530000
1518000
1507000
1496000
1485000
1474000
1463000
1736000
1511000
1464000
1461000
2110000
2968000
1963000
1609000
1468000
1446000
1435000
1425000
1415000
1405000
1395000
1386000
1376000
1367000
1357000
1348000
1339000
3004000
3348000
3809000
2007000
1619000
1455000
1444000
1434000
1424000
1413000
1404000
1394000
1384000
1375000
1365000
1356000
1347000
1338000
1329000
1320000
2650000
6255000
2569000
1854000
1471000
1460000
1449000
1439000
1429000
1419000
1409000
1399000
1389000
1379000
1370000
1361000
1351000
1342000
1333000
1325000
1316000
1307000
6107000
2454000
1825000
1427000
1417000
1407000
1397000
1387000
1378000
1368000
1359000
1350000
1341000
1332000
1323000
1314000
1306000
1297000
1289000
1281000
1273000
1264000
1257000
1249000
1241000
1233000
1226000
1218000
1211000
1204000
1196000
1189000
1182000
1175000
1168000
1162000
1155000
1148000
1142000
1135000
1129000
1123000
1116000
1110000
1104000
1098000
1092000
1086000
1080000
1074000
1069000
1063000
1057000
1052000
1046000
1041000
1035000
1030000
1025000
1020000
1014000
1219000
1614000
2894000
4256000
4341000
9945000
3320000
2077000
1421000
1411000
1401000
1391000
1382000
1372000
1363000
1354000
1345000
1336000
1327000
1318000
1309000
1301000
1292000
1284000
1276000
1268000
1260000
1252000
1244000
1236000
1229000
1221000
1214000
1207000
1199000
1192000
1185000
1178000
4073000
2713000
1680000
1327000
1250000
1242000
1235000
8292000
2925000
2212000
1474000
1437000
1410000
1401000
1391000
1381000
1372000
1362000
1353000
1620000
3044000
1754000
1511000
1369000
1360000
1351000
1342000
1333000
1324000
1315000
1307000
1298000
1290000
1282000
1273000
1265000
3829000
8222000
3862000
2324000
1625000
2186000
2597000
1807000
1625000
1539000
1527000
4297000
13100000
5876000
3101000
2009000
1873000
1856000
1839000
1822000
1950000
2222000
2032000
1840000
1773000
1746000
1731000
1716000
1701000
1687000
1673000
1659000
5170000
2470000
1998000
1698000
1684000
1669000
1656000
1642000
1629000
7611000
3028000
2235000
1734000
1719000
1705000
1690000
1676000
1662000
1648000
1635000
1622000
1609000
1596000
1583000
5171000
2413000
1932000
1627000
1614000
3123000
2097000
3091000
2009000
4485000
2271000
1895000
1660000
1647000
1633000
1768000
2945000
2170000
1784000
1632000
1599000
1586000
1574000
1561000
1549000
2204000
2206000
1719000
1587000
1534000
1522000
2836000
1824000
1642000
1601000
1531000
1510000
1492000
1481000
1470000
1460000
1449000
1439000
1428000
1418000
1408000
1996000
1534000
1447000
4676000
2179000
1746000
1470000
1460000
1449000
1439000
3344000
1885000
2919000
1947000
2093000
2566000
9376000
5278000
2779000
1906000
1739000
1724000
1710000
1695000
1681000
1667000
1653000
1639000
1626000
1613000
1600000
1587000
1575000
1562000
1550000
1538000
1527000
1515000
1504000
1492000
1481000
1471000
1460000
1449000
1439000
1428000
1418000
1408000
1399000
1389000
1379000
1370000
1360000
2614000
1648000
1476000
1364000
1355000
1346000
1337000
1410000
2786000
1669000
1467000
1341000
1332000
2574000
1617000
1447000
1622000
1397000
1351000
1319000
1311000
1302000
1294000
1285000
1277000
1269000
1261000
1253000
1245000
1238000
1230000
1222000
1215000
1208000
1200000
1193000
1186000
3496000
3391000
3848000
1897000
1492000
1319000
1310000
1302000
1293000
1285000
1277000
1269000
1261000
1253000
1245000
1237000
1230000
1222000
1215000
1207000
1200000
1193000
1186000
1179000
1172000
1165000
1159000
1640000
1261000
1192000
1145000
1139000
1132000
1126000
1120000
1114000
1107000
1101000
1095000
2755000
1479000
1256000
1115000
1109000
1103000
1096000
2666000
4128000
2904000
1647000
1291000
2227000
2108000
1459000
1282000
1221000
1213000
1206000
1199000
1192000
1185000
1178000
1171000
1164000
1157000
1151000
1144000
1138000
1131000
1125000
1118000
1112000
1106000
1100000
1094000
1088000
1082000
1076000
1071000
1065000
1059000
1054000
1048000
1043000
1508000
4233000
1847000
1371000
3811000
2259000
1593000
3016000
4480000
14820000
4728000
2723000
1659000
1634000
1621000
1608000
2863000
1882000
1705000
1589000
1577000
1564000
1552000
1540000
1528000
1517000
1505000
1494000
1483000
1472000
1461000
1451000
1440000
3380000
2545000
2064000
1607000
3293000
11130000
9103000
3786000
2380000
6842000
6581000
3258000
7779000
5557000
3207000
2470000
2270000
2245000
2220000
2195000
2172000
2148000
16600000
5575000
3672000
2472000
2442000
2412000
2383000
2355000
2328000
2301000
2275000
2249000
3910000
13780000
5265000
3483000
2521000
2472000
2441000
2412000
2383000
2355000
2327000
2301000
2274000
2249000
2874000
2358000
5483000
3649000
3529000
2524000
2335000
4610000
4024000
14230000
12010000
10160000
4507000
6795000
13300000
5622000
11130000
