1148000
1133000
1116000
1098000
1080000
1063000
1047000
1031000
1015000
1e+06
985500
971400
957600
944200
931200
918600
906300
1268000
1388000
1406000
1383000
1371000
1543000
1554000
1679000
2859000
3017000
2989000
2861000
2744000
2876000
2835000
2746000
2819000
2779000
2870000
4434000
5942000
5884000
5518000
5087000
4926000
4627000
4341000
4878000
4716000
4791000
4535000
4271000
4011000
3781000
3577000
3393000
3334000
3198000
3060000
2926000
2803000
2690000
2585000
2489000
2400000
2551000
2510000
2439000
2353000
2273000
2199000
2129000
2063000
2071000
2277000
2576000
2695000
2644000
2554000
2460000
2373000
2292000
2216000
2145000
2184000
2138000
2081000
2019000
1960000
1904000
1852000
1928000
1903000
1861000
1811000
1764000
1718000
1676000
1635000
1596000
1559000
1524000
1525000
1499000
1469000
1438000
1408000
1379000
1352000
1325000
1299000
1275000
1251000
1228000
1206000
1185000
1165000
1145000
1967000
2108000
2119000
2055000
1994000
1937000
1882000
1831000
1979000
2229000
2233000
2184000
2115000
2050000
1989000
1932000
1878000
1827000
1779000
1733000
1689000
1692000
1671000
1637000
1599000
1562000
1527000
1493000
1460000
1429000
1400000
1371000
1344000
1318000
1292000
1268000
1345000
1884000
1965000
2162000
2140000
2092000
2028000
1969000
1913000
1860000
1810000
1762000
1717000
1674000
1634000
1595000
1998000
2039000
2017000
1959000
1903000
1851000
1801000
1754000
1710000
1667000
1627000
1588000
1552000
1517000
1483000
1451000
1421000
1392000
1363000
1336000
1310000
1285000
1261000
1238000
1216000
1194000
1174000
1154000
1134000
1115000
1097000
1107000
1102000
1189000
1192000
1180000
1160000
1141000
1122000
1103000
1086000
1068000
1052000
1036000
1020000
1005000
990200
975900
962000
948500
935400
990700
1084000
1094000
1085000
1068000
1052000
1035000
1020000
1005000
990000
975700
961800
948300
935200
922400
988900
1448000
1532000
1540000
1506000
1473000
1442000
1509000
1498000
1474000
1442000
1412000
1383000
1355000
1329000
1303000
1278000
1255000
1232000
1210000
1188000
1168000
1229000
1226000
1211000
1190000
1169000
1149000
1130000
1111000
1093000
1076000
1059000
1043000
1027000
1012000
1069000
1575000
2250000
2353000
3792000
4124000
4053000
3838000
3627000
3439000
3270000
3116000
2977000
2849000
2733000
2625000
2526000
2434000
2348000
2269000
2194000
2125000
2059000
1998000
1940000
1886000
1834000
1785000
1739000
1695000
1696000
2116000
2582000
2619000
2557000
2463000
2375000
2294000
2218000
2218000
2199000
2143000
2080000
2017000
1958000
1903000
1850000
1801000
1754000
1709000
1667000
1709000
1823000
1813000
1777000
1732000
1688000
1647000
1608000
1570000
1534000
1500000
1467000
1436000
1406000
2220000
4108000
4318000
4202000
3951000
3728000
3529000
3351000
3190000
3044000
2911000
2789000
2903000
2832000
2736000
2628000
2529000
2599000
2538000
2459000
2372000
2290000
2215000
2144000
2077000
2015000
1989000
1942000
1890000
1839000
1790000
1755000
1714000
2340000
2410000
2384000
2303000
2284000
2221000
2155000
2088000
2258000
2273000
2227000
2159000
2091000
2028000
1969000
1913000
1873000
1883000
1845000
1801000
1754000
1709000
1667000
1627000
1792000
1792000
1763000
1718000
1675000
1634000
1641000
2332000
2419000
2560000
3151000
3164000
3076000
2941000
2816000
2702000
2597000
2500000
2410000
2326000
2248000
2175000
2106000
2042000
1982000
1925000
1871000
1821000
1773000
1727000
1684000
1643000
1603000
1566000
1698000
1694000
1667000
1626000
1589000
3193000
3412000
3387000
3736000
6772000
6970000
6583000
5987000
5482000
5449000
5823000
5534000
5162000
4784000
4459000
4176000
3927000
3707000
3510000
3334000
3176000
4720000
5217000
5073000
5753000
5550000
5211000
4830000
4499000
4212000
4873000
4735000
4495000
4207000
3955000
3731000
3532000
3353000
3192000
3046000
2913000
3809000
3823000
3701000
3505000
3329000
3170000
3026000
2894000
2774000
2663000
2564000
2470000
2704000
2669000
2594000
2497000
2407000
2324000
2246000
2173000
2105000
2041000
1980000
1924000
1870000
1819000
1771000
1726000
1683000
1642000
1602000
1565000
1530000
1496000
1463000
1432000
1402000
1374000
1346000
1320000
1295000
1669000
1720000
1713000
1671000
1630000
1592000
1555000
1520000
1486000
1454000
1423000
1394000
1366000
1339000
1313000
1288000
1263000
1240000
1218000
1196000
1175000
1155000
1136000
1117000
1099000
1081000
1064000
1319000
1623000
1669000
1652000
1613000
1575000
1539000
1505000
1472000
1440000
1410000
1381000
1354000
1378000
1362000
1340000
1314000
1288000
1264000
1241000
1219000
1197000
1194000
1183000
1166000
1146000
1127000
1109000
1091000
1073000
1057000
1040000
1025000
1009000
994400
980000
966000
952400
939200
926300
913800
901600
889800
878200
867000
856000
845300
834900
824700
814800
805100
795600
786400
777400
768500
759900
751500
743200
735200
727300
719500
712000
704600
697300
690200
683300
676400
669800
663200
656800
650500
644300
638200
632300
626400
963900
1062000
1085000
1071000
1055000
1038000
1023000
1007000
992600
978200
964300
950700
937500
924700
912200
900100
888300
1104000
1182000
1192000
1176000
1180000
1165000
1147000
1128000
1110000
1092000
1074000
1058000
1041000
1026000
1010000
995300
980900
966800
953200
960100
953100
973300
967100
956300
943100
930100
955100
1014000
1017000
1008000
993300
978900
964900
951400
938200
925300
912800
900700
888900
877300
866100
855200
942100
952600
948300
935500
922700
910300
898200
886400
875000
863800
852900
842300
1087000
1378000
1431000
1424000
1395000
1367000
1340000
1507000
1519000
1502000
1470000
1438000
1680000
2831000
3005000
2977000
2851000
2734000
2627000
2527000
2552000
3816000
4159000
4080000
3865000
3651000
3460000
3289000
3134000
2993000
2864000
2746000
2637000
2537000
2444000
2587000
2696000
3726000
3775000
3664000
3473000
4398000
4503000
4339000
4084000
3847000
3635000
3446000
3276000
3122000
2982000
2854000
2737000
2629000
2667000
2708000
2959000
3236000
3196000
3080000
2945000
2820000
2706000
3507000
3528000
3428000
4071000
4449000
4838000
5419000
5214000
4895000
4919000
4656000
4379000
4106000
3865000
3652000
3461000
3289000
3134000
3387000
3309000
3186000
3040000
2907000
2786000
2674000
2571000
2476000
2387000
2305000
2228000
2156000
2089000
2026000
2059000
2018000
1967000
1958000
1913000
1864000
1813000
1766000
1721000
1683000
1783000
1780000
2887000
3020000
2987000
2859000
2742000
2633000
2624000
2593000
2514000
2427000
2425000
2359000
2285000
2210000
2139000
2073000
2011000
1953000
1897000
1845000
1796000
1749000
1705000
1663000
1622000
1584000
1548000
1513000
1652000
1651000
1626000
1588000
1573000
1548000
1565000
1545000
1515000
1482000
1450000
1420000
1390000
1362000
1335000
1309000
1284000
1260000
1475000
1635000
1648000
1621000
1721000
1709000
1678000
1638000
1599000
1562000
1526000
1492000
1460000
1429000
1399000
1371000
1344000
1317000
1292000
1268000
1244000
1222000
1200000
1179000
1159000
1139000
1427000
1779000
1831000
1810000
1763000
1718000
1675000
1634000
1595000
1559000
1523000
1490000
1457000
1426000
1397000
1369000
1341000
1315000
1290000
1266000
1242000
1255000
1241000
1221000
1200000
1179000
1159000
1139000
1151000
1138000
1122000
1104000
1086000
1069000
1052000
1036000
1021000
1005000
990700
976400
962500
949000
935800
923000
910600
898500
886700
875300
864100
1015000
1039000
1038000
1023000
1007000
992600
978200
964200
950700
937500
924700
912200
1021000
1035000
1030000
1015000
999900
985300
971200
957400
944100
931100
918400
906100
894100
882500
871100
860100
849300
838700
828500
818500
808700
868300
914500
918400
983700
987200
979800
965900
952300
939100
926200
913700
901600
889700
878200
866900
855900
845200
834800
824600
814700
811700
803700
794900
785700
776700
798400
992400
1029000
1031000
1016000
1001000
1028000
1023000
1011000
996200
981800
967700
954100
940800
927900
915300
903100
891200
879600
868300
984900
1195000
1231000
1227000
1206000
1184000
1164000
1144000
1125000
1107000
1089000
1072000
1055000
1163000
3315000
3663000
3659000
3472000
3299000
3143000
3001000
2871000
2753000
2644000
2543000
2450000
2363000
2283000
2207000
2137000
2071000
2009000
1950000
1895000
1843000
1794000
1747000
1703000
1661000
1621000
1583000
1547000
1512000
1479000
1447000
1416000
1387000
1359000
1332000
1307000
1282000
1258000
1235000
1213000
1191000
1171000
1151000
1131000
1113000
1095000
1077000
1060000
1044000
1028000
1013000
997700
983200
969100
955400
942100
929200
916600
904300
892400
880800
869500
858400
847700
837200
827000
817000
807200
797700
788400
885100
899400
897400
886000
874600
863400
1025000
1115000
1127000
1115000
1525000
1592000
1593000
1630000
1922000
2846000
2964000
2918000
3069000
2994000
2888000
2769000
3337000
3326000
3225000
3076000
2940000
2816000
2702000
2597000
2499000
2477000
2982000
2987000
3465000
4975000
8750000
9645000
12750000
11470000
10010000
8628000
7594000
6788000
6141000
5610000
5165000
4787000
4461000
4178000
3933000
6025000
6005000
5691000
5234000
4846000
4512000
4222000
3968000
3927000
3747000
3563000
4451000
4472000
4978000
4783000
4517000
4226000
3972000
3746000
3546000
3366000
3203000
3526000
3837000
3803000
3643000
4698000
4998000
4825000
4524000
4233000
3977000
3751000
3550000
3480000
3331000
3181000
3036000
2903000
2783000
3605000
3622000
3514000
3337000
3177000
3032000
2900000
2816000
2710000
2608000
2510000
2419000
3059000
3237000
3182000
3050000
2916000
2794000
2682000
2799000
2833000
2758000
2657000
2555000
2461000
2373000
2292000
2216000
2145000
2079000
2017000
2887000
2972000
2924000
2802000
2689000
2585000
2488000
2399000
2764000
2753000
2682000
2578000
2483000
2394000
2311000
2234000
2846000
4995000
5146000
4949000
4602000
4300000
4040000
5264000
6269000
6073000
5647000
5196000
4813000
4484000
4198000
3947000
3724000
3526000
3348000
3187000
3041000
2908000
2793000
2682000
2579000
2578000
2504000
2421000
2337000
2258000
2184000
2115000
2051000
1990000
1932000
1878000
1943000
1914000
1871000
2193000
2227000
2244000
2186000
3487000
4052000
4029000
3836000
3626000
3438000
3268000
3281000
3203000
3078000
2946000
2821000
2706000
2601000
2503000
2413000
2329000
2251000
2177000
2109000
2045000
1984000
1927000
2062000
2946000
4488000
7426000
8232000
7806000
7183000
7026000
6464000
5923000
5466000
5275000
5637000
5362000
5016000
5460000
5213000
4897000
4557000
4716000
4554000
4310000
4050000
3816000
3943000
3794000
3617000
3430000
3261000
3109000
2970000
2843000
2727000
2620000
2521000
2751000
3241000
3383000
3597000
5378000
5693000
5459000
5063000
4700000
4386000
4113000
4362000
5947000
6209000
5893000
6851000
6502000
6114000
5606000
5169000
4790000
4464000
4181000
3931000
3711000
3514000
3337000
3177000
3032000
2900000
2779000
2668000
2565000
2470000
2382000
2300000
2224000
2153000
2086000
2023000
1963000
1908000
1855000
1805000
1758000
1713000
1813000
1798000
1764000
2046000
2209000
2200000
2143000
2077000
2014000
1956000
1900000
1848000
1798000
1752000
1707000
2034000
2057000
2028000
1969000
1913000
1860000
1810000
1762000
1717000
1674000
1634000
1595000
1558000
1523000
1489000
1457000
1426000
1396000
1368000
1341000
1315000
1290000
1265000
1242000
1220000
1198000
1177000
1157000
1137000
1119000
1100000
1083000
1066000
1049000
1033000
1018000
1002000
987800
973600
959800
946300
933300
1126000
1157000
1156000
1137000
1118000
1100000
1082000
1065000
1575000
2920000
3122000
3091000
2954000
2829000
2714000
2608000
2510000
2576000
3294000
3815000
3867000
5229000
5980000
5778000
5377000
4968000
4619000
5325000
5143000
4855000
4520000
4229000
3974000
3749000
3673000
7864000
7906000
7395000
6630000
6013000
5506000
6399000
6111000
5698000
5240000
4851000
4517000
4226000
3972000
3983000
3808000
3621000
3434000
3577000
4517000
5204000
5068000
5612000
5352000
5019000
4662000
4353000
4083000
3845000
3634000
3445000
3275000
3121000
2981000
2853000
2736000
2628000
2529000
2436000
2351000
2271000
2197000
2127000
2061000
2463000
2477000
2429000
2344000
2264000
2190000
2151000
2204000
2549000
2551000
2542000
2461000
2378000
2296000
2395000
2352000
2605000
2578000
2510000
2419000
2334000
2256000
2182000
2113000
2049000
1988000
1931000
1877000
1826000
1777000
1742000
1700000
1659000
1619000
1581000
1545000
1510000
1477000
1446000
1520000
2112000
2290000
2288000
2222000
2150000
2084000
2021000
1962000
1906000
1853000
1804000
1756000
1712000
1690000
1653000
1615000
1577000
1541000
1506000
1474000
1442000
2292000
3385000
3507000
3414000
3248000
3096000
2959000
2833000
3135000
3122000
3026000
2898000
3248000
3216000
3111000
2974000
2847000
2730000
2623000
2524000
2432000
2346000
2267000
2193000
2123000
2058000
1997000
1939000
1885000
1833000
1784000
1738000
1694000
1653000
1613000
1575000
1539000
1505000
2248000
2350000
2338000
2260000
2235000
2173000
2109000
2045000
1984000
1927000
1873000
1823000
1774000
1729000
1685000
1644000
1605000
1568000
1532000
1498000
1465000
1434000
1404000
1376000
1467000
1463000
1442000
1431000
1472000
1602000
1620000
1598000
1562000
1527000
1493000
1461000
1430000
1400000
1372000
1344000
1318000
1293000
1268000
1245000
1222000
1420000
1613000
1865000
1882000
1851000
1801000
1754000
1710000
1667000
1627000
1588000
1552000
1517000
1483000
1451000
1421000
1392000
1363000
1336000
1310000
1525000
2149000
2238000
2219000
2148000
2081000
2019000
1960000
1904000
1852000
1802000
1755000
1710000
1668000
1627000
1589000
1552000
1517000
1484000
1452000
1421000
1447000
2085000
2175000
2164000
2097000
2034000
1974000
1917000
1864000
1814000
1766000
1721000
1678000
1637000
1598000
1561000
1526000
1492000
1460000
1429000
1399000
1371000
1365000
1343000
1318000
1293000
1269000
1245000
1223000
1201000
1180000
1160000
1140000
1121000
1103000
1138000
1131000
1121000
1103000
1086000
1069000
1052000
1036000
1020000
1005000
990400
976100
962200
948700
935600
922800
910400
898300
886500
875100
863900
862300
853700
843900
833500
823400
813500
850600
897000
1020000
1258000
1544000
2844000
3030000
3007000
2878000
2759000
2649000
2548000
2455000
2368000
2287000
2211000
2140000
2074000
2012000
1953000
1898000
1846000
1797000
1750000
1705000
1663000
1623000
1585000
1548000
1514000
1480000
1448000
1418000
1389000
1361000
1334000
1308000
1283000
1655000
1810000
1820000
1782000
1736000
1692000
1651000
2683000
2819000
2837000
2731000
2627000
2527000
2435000
2350000
2270000
2195000
2126000
2060000
2052000
2242000
2227000
2176000
2107000
2043000
1983000
1926000
1872000
1821000
1773000
1728000
1684000
1643000
1604000
1567000
1531000
1799000
2862000
3171000
3174000
3050000
3049000
3134000
3045000
2928000
2805000
2692000
3068000
5499000
6076000
5858000
5413000
4998000
4644000
4337000
4069000
3875000
3743000
3589000
3417000
3252000
3100000
2962000
2836000
2720000
2614000
2515000
2424000
2820000
2811000
2739000
2631000
2531000
2439000
2353000
2273000
2199000
2934000
2986000
2927000
2804000
2691000
2587000
2490000
2401000
2318000
2240000
2168000
2100000
2036000
1976000
1920000
2285000
2302000
2262000
2188000
2119000
2224000
2207000
2303000
2270000
2542000
2523000
2459000
2372000
2291000
2215000
2165000
2245000
2233000
2180000
2114000
2049000
1988000
1931000
1877000
1826000
1884000
1922000
1893000
1847000
1797000
1751000
1881000
1869000
1834000
1798000
1754000
1710000
1668000
1627000
1589000
1552000
1517000
1484000
1452000
1421000
1395000
1436000
1422000
1399000
1730000
1769000
1755000
1711000
1668000
1628000
1590000
1809000
1820000
1960000
1963000
1987000
2076000
3132000
3570000
3552000
3400000
3234000
3084000
2947000
2823000
2708000
2602000
2505000
2414000
2330000
2252000
2178000
2110000
2045000
1985000
1928000
1874000
1823000
1775000
1729000
1686000
1645000
1605000
1568000
1532000
1498000
1466000
1434000
1405000
1376000
1348000
1322000
1297000
1272000
1468000
1487000
1474000
1443000
1413000
1384000
1356000
1366000
1487000
1490000
1470000
1439000
1409000
1532000
1533000
1512000
1520000
1495000
1466000
1435000
1405000
1376000
1349000
1322000
1297000
1273000
1249000
1226000
1204000
1183000
1163000
1143000
1124000
1106000
1088000
1071000
1097000
1305000
1498000
1752000
1774000
1749000
1705000
1662000
1622000
1584000
1548000
1513000
1480000
1493000
1471000
1444000
1414000
1385000
1357000
1330000
1304000
1280000
1256000
1233000
1211000
1189000
1169000
1149000
1254000
1260000
1248000
1226000
1204000
1183000
1163000
1143000
1124000
1105000
1088000
1070000
1263000
1288000
1283000
1259000
1236000
1214000
1193000
1344000
1635000
1797000
1802000
1766000
1861000
1928000
1906000
1861000
1810000
1763000
1718000
1675000
1634000
1596000
1559000
1523000
1490000
1457000
1427000
1397000
1369000
1341000
1394000
1384000
1363000
1336000
1310000
1285000
1261000
1238000
1216000
1194000
1173000
1153000
1134000
1115000
1097000
1196000
1492000
1541000
1533000
1808000
1896000
1896000
2093000
2555000
5986000
6274000
6012000
5507000
5078000
4713000
4397000
4433000
4222000
3994000
3767000
3564000
3382000
3218000
3069000
2934000
2810000
2696000
2592000
2495000
2405000
2322000
2244000
2171000
2503000
2616000
2625000
2546000
2779000
4576000
6203000
6140000
5756000
6818000
7786000
7356000
8841000
9171000
8401000
7505000
6717000
6084000
5562000
5125000
4752000
4439000
8209000
8110000
7531000
6739000
6101000
5577000
5137000
4763000
4441000
4160000
3913000
3695000
3843000
6072000
6135000
5816000
5343000
4939000
4593000
4293000
4030000
3798000
3592000
3407000
3241000
3090000
3072000
2963000
3360000
3428000
3472000
3341000
3194000
3438000
3573000
5665000
7521000
8884000
8294000
8562000
11400000
10560000
