178300
178100
177800
177500
177200
176800
176500
176100
175800
175400
175100
174700
174400
174100
173700
173400
16790000
6584000
3470000
2250000
2198000
8221000
2210000
6305000
29940000
8665000
5426000
3405000
2333000
5419000
1835000
1054000
4332000
2173000
4589000
25580000
21560000
8314000
5297000
3507000
4116000
1096000
551500
10170000
2851000
5672000
2166000
1521000
786400
446900
250700
161900
1484000
501900
379800
298000
258400
190700
159900
159600
159300
4759000
1343000
919300
635600
498500
263600
157300
157100
1013000
6768000
8893000
5651000
2691000
1793000
1083000
504500
213600
154300
154000
2049000
641400
466700
349700
293000
196100
152200
3565000
1030000
716000
505400
403700
229300
150400
150100
149900
149600
149400
149100
148900
148600
148400
148100
147900
147600
147400
147100
146900
146600
146400
146200
145900
145700
145400
22790000
5975000
3890000
2495000
1821000
665700
143800
143500
3366000
7742000
2419000
1597000
1084000
717700
297900
141700
141500
141300
141000
140800
140600
140400
140100
139900
139700
139500
139300
139000
138800
138600
138400
138200
137900
137700
137500
137300
137100
17340000
4567000
8303000
3292000
2290000
1085000
529600
258000
135200
135000
134800
134600
134400
134200
134000
9720000
2602000
1719000
1128000
842800
353600
132600
132400
132200
132000
131800
131600
131400
131200
131000
130800
130600
130400
130200
130100
129900
129700
129500
129300
129100
128900
128700
128500
128400
128200
128000
127800
127600
1858000
572900
413400
306600
254900
166400
126300
126200
126000
125800
125600
125400
125300
125100
124900
124700
124600
124400
124200
3267000
933000
643500
449700
356100
195600
123000
122800
122700
122500
122300
122200
122000
121800
121600
19680000
5158000
3357000
2152000
1569000
571400
948300
333500
257100
205900
181100
138800
119500
119400
119200
119000
118900
118700
118600
118400
118200
118100
117900
117800
117600
117500
117300
117100
117000
116800
116700
116500
116400
116200
116100
115900
18040000
20390000
7112000
29970000
12530000
6642000
3596000
2299000
916300
181800
114300
114200
114000
113900
113700
113600
113400
113300
113100
113000
112900
112700
112600
112400
112300
112100
112000
111900
111700
111600
7923000
11700000
3868000
2505000
1683000
999600
331200
110500
1222000
1319000
531600
378000
287900
203600
130800
109400
109200
109100
109000
108800
1807000
4824000
1491000
992200
678000
463900
206500
107800
107700
107500
107400
107300
107100
107000
24600000
34810000
11470000
7345000
4867000
2773000
760400
106000
105900
105800
105600
105500
4260000
1175000
792200
536200
412500
3669000
997700
678200
464400
361100
184100
104000
103900
103800
907600
372600
252400
197000
169100
498800
200300
17960000
4724000
3074000
1958000
2763000
858100
324300
241400
6100000
2565000
1313000
864900
633000
304900
122200
101100
501700
1909000
605900
424200
307100
235800
139500
100200
6445000
1734000
1149000
758300
569400
245700
1464000
19920000
5336000
7040000
15460000
5335000
2956000
1642000
1093000
382200
98290
98180
98070
97970
97860
97750
97640
97530
97430
97320
97210
97100
97000
96890
96790
96680
96570
96470
2572000
733600
505600
353000
279300
36740000
9514000
6147000
11770000
36450000
11530000
6440000
4151000
2738000
4627000
8157000
2532000
1651000
1105000
704300
257500
94320
94220
94120
94020
93920
20860000
10280000
4775000
13480000
5260000
2769000
1360000
911400
366100
10460000
2758000
1805000
1167000
859200
331100
92450
92350
92260
92160
92070
12970000
3407000
2222000
1428000
1045000
388200
91430
91330
91240
91150
91050
90960
4635000
1261000
842400
562300
427000
195100
90330
90240
90150
90060
89970
89880
89780
89690
89600
89510
89420
89330
89240
89150
89060
88970
88880
88790
88700
88610
88530
88440
88350
5267000
1422000
944700
625600
471500
207200
87770
87680
87590
87510
87420
87330
87250
87160
87070
86990
86900
86820
86730
86650
86560
86480
86390
86310
86230
86140
86060
6740000
11280000
3627000
2345000
1563000
941000
304000
85480
85390
85310
85230
85150
85060
84980
84900
84820
84740
84660
84580
84500
84420
84330
84250
84170
84090
84010
83930
83850
83780
83700
83620
83540
83460
83380
83300
83220
83150
83070
82990
82910
82830
82760
82680
82600
82520
82450
82370
82290
82220
82140
82060
81990
81910
81840
81760
81690
81610
81540
81460
81390
81310
81240
81160
81090
81010
80940
80860
80790
80720
80640
80570
80500
80420
80350
80280
14950000
5094000
2845000
1820000
1304000
510300
107200
79770
79700
79620
79550
79480
79410
79340
79270
79200
79120
7242000
3860000
1762000
1143000
1629000
598000
258700
163600
139200
97340
78410
78340
78270
78200
78130
78060
77990
77920
77850
77790
77720
77650
77580
77510
77440
77380
869700
3816000
1118000
744000
502600
357000
158400
76860
76800
76730
76660
76600
76530
76460
76400
76330
4328000
1171000
779400
517400
390900
173900
75890
75830
75760
75700
75630
75570
13200000
13880000
4931000
3163000
2130000
1150000
315500
7306000
1937000
1271000
825500
610400
9598000
28630000
8640000
5445000
3529000
2256000
698200
81140
2530000
23070000
9588000
4890000
3131000
2134000
837500
151400
74130
74070
74010
73950
73890
73820
73760
4506000
4397000
19640000
5699000
3712000
2281000
16720000
6159000
3044000
1944000
1385000
554300
113800
73340
73210
73040
72930
72870
72810
2486000
3018000
7253000
7961000
3180000
1932000
1206000
655600
218100
15780000
4114000
2669000
13580000
9861000
9811000
11980000
4633000
2737000
5684000
1896000
954000
506700
382000
168300
71670
71620
71560
6364000
1691000
1112000
724400
537200
216200
71190
71130
71070
71010
70960
70900
70840
70790
70730
1642000
475100
330400
1492000
510900
314800
201000
163500
99240
70180
4266000
1497000
26850000
7256000
4716000
2890000
2003000
668800
1487000
1460000
568000
386200
2085000
642500
391400
256600
202900
110900
69270
69220
69160
69110
69060
69000
68950
68890
68840
68790
68730
68680
2738000
755800
510000
345500
345900
394200
1847000
701100
418600
288900
215000
118100
71380
67960
67910
67860
67810
67760
5404000
6148000
2162000
1400000
5234000
1642000
884300
512000
384500
166000
67250
67200
67150
67100
67050
67000
66950
66900
66850
66800
66750
66700
66650
66600
66550
66500
7018000
11980000
3823000
2462000
1632000
976100
299500
66180
66130
66080
66030
65980
65930
65880
65830
65780
65730
65680
65640
65590
65540
65490
65440
65390
65340
65300
65250
65200
65150
65100
65060
65010
64960
64910
64870
64820
64770
64720
64680
64630
64580
64530
64490
64440
64390
64350
64300
64250
64210
713400
231300
171500
131400
112100
78900
63890
63840
63800
63750
63710
63660
2967000
811000
543700
364800
278400
130300
63370
63320
63280
63230
63190
63140
63100
63050
63010
62960
62920
62870
62830
62780
62740
62690
344700
135200
4311000
1174000
778500
505100
373600
159200
62350
62310
62260
62220
62170
62130
62090
62040
62000
61960
61910
61870
61830
61780
61740
61700
61650
11190000
2927000
1902000
1217000
885600
1712000
420400
292100
206100
164600
93430
61260
61220
61180
61140
61090
61050
61010
60970
2912000
10230000
2963000
1918000
1252000
825500
278300
60790
60750
60710
60660
60620
60580
2318000
52190000
13710000
8821000
5578000
3930000
1248000
60480
60440
60400
60350
60310
60270
60230
60190
60150
60110
60070
60030
59990
59940
59900
59860
59820
59780
59740
59700
59660
59620
59580
59540
59500
59460
59420
59380
59340
59300
59260
59220
59180
59140
59100
59060
59020
58990
58950
58910
58870
58830
58790
58750
58710
58670
58630
58590
58560
58520
58480
58440
58400
58360
58320
58290
58250
58210
58170
58130
58090
58060
58020
57980
1195000
350700
246000
175900
142000
83970
9850000
5708000
2483000
1592000
18500000
4993000
3007000
4272000
11420000
22940000
7097000
4510000
7855000
3029000
1346000
578200
12470000
3272000
2049000
1308000
949400
335300
57890
57850
57810
1301000
11810000
3206000
11380000
23120000
35780000
17850000
28170000
10580000
6401000
3149000
1617000
499800
58250
58210
58170
58130
58100
58060
58020
24440000
6334000
4090000
2588000
1863000
619600
57950
57910
2495000
685400
461000
14810000
4824000
10680000
3749000
2534000
1280000
665800
240900
57810
57770
57730
7177000
7506000
3413000
1914000
17460000
8658000
3890000
2379000
1648000
710400
144900
57780
1356000
392000
272400
192400
153800
87490
15320000
3988000
2583000
1642000
1188000
409200
57480
57440
57410
57370
57330
57290
13580000
6102000
2954000
1885000
1325000
558600
116300
3550000
2835000
1119000
730500
510800
276700
100400
57060
57020
56990
56950
56910
18320000
4758000
3077000
1952000
1409000
477600
56840
56800
8250000
2166000
1412000
907200
663500
245500
56690
56660
12380000
31070000
9264000
5942000
3860000
2403000
698300
16580000
14280000
5356000
3421000
2315000
1176000
286500
56820
56780
56750
56710
56680
56640
56600
56570
56530
56490
56460
56420
56390
56350
56310
56280
56240
56210
56170
56140
56100
56060
56030
55990
55960
7354000
2433000
2655000
1221000
26260000
12910000
5902000
3711000
2558000
1084000
193900
544100
847900
308300
216800
161200
116500
71220
55830
55800
55760
55730
55690
55660
55620
55590
55550
2480000
19640000
25230000
33060000
17630000
9758000
6637000
7560000
2381000
1046000
587400
2537000
7821000
2242000
1455000
8959000
2694000
1544000
887100
5534000
2152000
1032000
671300
485700
4164000
1087000
708800
465600
348200
146900
55890
55860
55820
55780
55750
2395000
10030000
5262000
7086000
25130000
10390000
5351000
3239000
2110000
779700
121000
6045000
19760000
8759000
4464000
15320000
5055000
3420000
1588000
1087000
411600
105400
71420
56070
56040
56000
55960
55930
55890
55860
55820
55790
55750
55720
55680
55650
55610
55580
55540
55510
55470
55440
55400
55370
55330
55300
55270
55230
55200
5052000
5061000
1839000
1189000
811200
445700
140800
55090
55060
55030
54990
54960
7406000
1947000
1271000
817900
599200
224200
54860
54830
54800
54760
54730
54690
54660
54630
54590
54560
54520
54490
54460
54420
54390
54360
54320
54290
54260
54220
54190
54160
54120
54090
54060
54030
53990
53960
53930
53890
53860
53830
53800
53760
53730
53700
7226000
1900000
1240000
798200
584800
218900
53610
53570
21020000
33680000
10790000
6899000
4537000
2627000
704200
53800
53770
3239000
1.5e+07
11450000
5761000
21150000
14300000
5946000
3418000
2192000
1027000
11330000
2912000
1890000
1207000
876300
310000
54190
1683000
41080000
10780000
6939000
4389000
3099000
989800
12290000
3205000
2078000
1324000
960400
336200
54210
54180
3228000
871300
579100
383500
5082000
15310000
12260000
4872000
11850000
4250000
2394000
1138000
698700
254900
54360
54320
54290
54260
54220
54190
54160
54120
54090
54060
54030
53990
53960
53930
53890
53860
9446000
2472000
1607000
1029000
749400
270200
501300
2992000
9527000
2800000
2923000
1459000
944500
368700
4110000
1103000
7615000
2244000
1490000
862000
565000
212800
53750
53720
53690
53650
53620
53590
53560
53520
53490
53460
53430
53400
53360
53330
53300
53270
53230
2245000
18060000
7208000
3758000
2407000
1634000
625600
106300
53250
53220
53190
53160
53130
53090
53060
53030
53000
52970
52940
52900
52870
52840
22180000
22920000
8133000
5189000
3474000
1834000
448600
53050
5815000
2172000
1170000
756200
8708000
2599000
1486000
944000
684900
260700
59090
52960
52920
52890
52860
52830
52800
52770
52730
52700
52670
52640
52610
52580
52550
52520
52480
52450
52420
52390
1.5e+07
3901000
2525000
1604000
1967000
604800
186000
136200
112200
70930
52290
52260
52230
52190
52160
52130
52100
52070
52040
52010
51980
51950
51920
51890
51860
51830
51800
51770
1974000
5607000
2204000
1225000
807100
525800
207600
63900
51630
51600
51570
51540
51510
51480
51450
51420
51390
4624000
7141000
9310000
3301000
2158000
1319000
704600
212300
51450
51420
51390
51360
51330
51300
51270
51240
51210
51180
51150
51120
2577000
17720000
4852000
3129000
2005000
1370000
443400
51170
51150
51120
51090
51060
51030
51000
50970
50940
50910
50880
50850
50820
50790
50760
15490000
4026000
2604000
1653000
1194000
406500
50800
50770
50740
50710
50690
50660
50630
50600
50570
50540
50510
50480
50450
50430
50400
50370
50340
50310
50280
50250
50220
50200
50170
50140
50110
50080
50050
50030
50000
49970
49940
49910
49880
49860
49830
49800
49770
49740
49720
49690
49660
49630
49610
49580
49550
49520
49490
49470
49440
49410
49380
49360
49330
49300
49270
49250
2335000
7302000
12270000
13040000
34440000
10740000
6775000
4017000
2444000
730000
49740
49710
49690
49660
49630
49600
49580
49550
49520
49490
49460
49440
49410
49380
49350
49330
49300
49270
49240
49220
49190
49160
49130
49110
49080
49050
49030
8912000
5447000
2317000
1484000
1029000
484000
120800
26040000
6742000
5109000
2943000
2100000
727000
105400
66640
49110
49080
49060
49030
920000
6258000
1734000
1129000
734700
512200
186800
48930
48910
48880
48850
48820
48800
48770
48740
48720
48690
9318000
25510000
10410000
5929000
3700000
4696000
4765000
1389000
852600
569200
349600
9026000
32290000
13210000
6950000
4474000
2885000
1034000
141000
49290
374600
1211000
780900
364300
251300
178000
103600
58330
49080
49050
49020
48990
9490000
2480000
1611000
1029000
748100
266500
48970
48940
48920
16250000
4221000
2729000
1731000
1249000
422400
48990
48960
48940
48910
48880
48860
48830
48800
48770
9757000
2548000
1655000
1056000
767700
4350000
1499000
4394000
1670000
8437000
2483000
1568000
914900
601700
219300
413700
3670000
1697000
845200
554400
388900
180300
64350
48650
48630
2241000
2497000
896300
587800
406500
238600
4795000
1259000
826400
789000
461700
198600
74630
67090
54200
48360
48330
48310
48280
48250
48230
1987000
547500
368900
12140000
3254000
2060000
1283000
929000
322300
48200
6619000
1740000
5842000
2556000
3113000
4676000
23460000
11620000
5456000
3445000
2270000
925800
165000
48510
48480
48450
48430
48400
48370
48350
48320
48290
48270
48240
48220
48190
48160
48140
48110
48080
48060
48030
48010
47980
47950
47930
47900
47880
47850
47820
47800
47770
47750
2134000
584900
392800
264300
202200
95700
47600
47580
5168000
1366000
894500
579000
426700
4345000
1124000
738800
1385000
589600
293200
141200
114300
68220
47370
47340
47320
47290
47270
47240
47220
47190
47170
47140
47120
47090
47070
47040
47020
6581000
7798000
10090000
3634000
2385000
1415000
735000
217700
47130
47100
47080
47050
47030
47000
46980
46950
46930
46900
46880
46850
46830
46800
46780
46750
46730
46710
46680
46660
46630
46610
46580
46560
46530
46510
46480
46460
46440
46410
46390
4349000
1154000
758100
493000
365000
145400
46290
5173000
11100000
7120000
3146000
2051000
4863000
3908000
1354000
822400
565400
309700
102600
46380
46360
46330
46310
46290
46260
46240
46210
46190
46160
46140
46120
46090
46070
46040
46020
46000
45970
45950
45920
45900
45880
45850
45830
45810
45780
45760
10780000
2953000
1858000
11030000
5272000
2724000
7949000
13180000
45740000
13590000
8588000
5345000
3402000
1031000
55160
3309000
886300
586000
385000
287900
121500
46320
46290
46270
46240
46220
46200
46170
46150
46120
46100
46080
6336000
4035000
2687000
1346000
7422000
28190000
22120000
8741000
5710000
17010000
14670000
5050000
17620000
11640000
4981000
2750000
1736000
816900
182000
47140
47120
47090
33990000
8787000
5662000
3571000
2561000
829400
47260
47230
47210
47180
47160
47130
4473000
26450000
7743000
4803000
3073000
2068000
663400
57940
47300
47270
47250
47220
47200
47170
1680000
467600
9068000
4322000
4360000
1883000
1263000
7025000
5228000
27080000
21920000
1.9e+07
8052000
12460000
24670000
7758000
19230000
