1525000
1516000
1466000
1415000
1367000
1322000
1280000
1240000
1203000
1168000
1135000
1104000
1075000
1047000
1021000
995400
971600
1795000
1975000
1902000
1816000
1770000
2203000
2158000
2429000
6418000
6014000
5189000
4570000
4087000
4330000
4050000
3677000
3808000
3617000
3758000
8307000
12200000
9701000
7633000
6328000
5868000
5147000
4538000
5719000
5202000
5229000
4693000
4183000
3776000
3443000
3165000
2929000
2837000
2663000
2495000
2347000
2216000
2099000
1994000
1899000
1813000
2019000
1962000
1870000
1786000
1710000
1640000
1575000
1516000
1484000
1796000
2260000
2412000
2303000
2177000
2064000
1962000
1870000
1787000
1710000
1733000
1674000
1607000
1545000
1488000
1434000
1385000
1503000
1471000
1419000
1371000
1326000
1283000
1244000
1207000
1171000
1138000
1107000
1078000
1050000
1023000
997700
973700
950800
928900
908100
888100
869100
850800
833300
816500
800300
784800
769900
1447000
1492000
1439000
1389000
1343000
1299000
1259000
1221000
1276000
1587000
1573000
1514000
1459000
1408000
1360000
1316000
1274000
1235000
1198000
1164000
1131000
1100000
1071000
1043000
1017000
992100
968300
945600
924000
903400
883700
864800
846700
829300
812700
796700
781400
1236000
1264000
1476000
1458000
1407000
1360000
1315000
1274000
1235000
1198000
1163000
1131000
1100000
1071000
1043000
1330000
1331000
1289000
1249000
1211000
1176000
1143000
1111000
1081000
1053000
1026000
1001000
976800
953700
931700
910700
890700
871500
853100
835500
818600
802400
786800
771800
757400
743500
730100
717200
704700
692700
681100
669800
658900
648400
638200
628300
618800
609500
600500
591700
583200
575000
566900
559100
551500
544200
537000
530000
523100
516500
510000
503700
497500
491500
485600
479900
474300
468800
463500
458300
453200
448200
443300
438500
433800
429300
424800
740500
771800
757400
743500
730100
717200
704800
692700
681100
669800
659000
648400
638200
628300
618800
609500
600500
591700
583200
575000
566900
559100
551500
544200
537000
530000
523100
516500
510000
503700
497500
491500
485600
479900
474300
468800
722800
1309000
1347000
3282000
3646000
3385000
3116000
2887000
2690000
2519000
2368000
2235000
2116000
2010000
1913000
1826000
1746000
1673000
1606000
1544000
1487000
1434000
1384000
1338000
1295000
1255000
1217000
1181000
1148000
1116000
1241000
1721000
1719000
1648000
1583000
1523000
1467000
1416000
1409000
1412000
1370000
1325000
1283000
1243000
1206000
1171000
1138000
1106000
1077000
1049000
1069000
1218000
1206000
1171000
1138000
1107000
1077000
1049000
1023000
997500
973400
950600
928700
908000
2154000
6236000
5875000
5087000
4491000
4023000
3646000
3335000
3073000
2851000
2659000
2492000
2699000
2577000
2419000
2280000
2157000
2307000
2217000
2100000
1995000
1900000
1814000
1735000
1663000
1597000
1577000
1526000
1471000
1419000
1370000
1342000
1302000
2392000
2411000
2273000
2150000
2136000
2040000
1941000
1851000
2175000
2188000
2083000
1980000
1886000
1801000
1724000
1653000
1609000
1645000
1593000
1533000
1476000
1424000
1375000
1330000
1605000
1587000
1527000
1471000
1419000
1370000
1387000
2724000
2736000
2899000
4254000
4040000
3660000
3346000
3083000
2859000
2666000
2498000
2350000
2219000
2101000
1996000
1901000
1815000
1736000
1664000
1597000
1536000
1480000
1427000
1378000
1332000
1290000
1250000
1252000
1219000
1184000
1150000
1119000
4188000
4187000
3780000
4557000
13360000
11160000
8531000
6914000
5835000
5724000
6486000
5732000
4981000
4409000
3958000
3592000
3290000
3035000
2818000
2631000
2468000
4726000
5363000
4822000
6184000
5662000
4940000
4377000
3932000
3573000
4662000
4351000
3911000
3554000
3258000
3008000
2795000
2610000
2449000
2306000
2180000
3067000
2983000
2773000
2591000
2432000
2292000
2167000
2055000
1954000
1863000
1780000
1704000
1823000
1769000
1695000
1626000
1562000
1504000
1450000
1399000
1352000
1308000
1267000
1228000
1192000
1158000
1125000
1095000
1066000
1039000
1012000
987700
964200
941700
920300
899800
880200
861500
843500
826300
809800
793900
778700
764000
749800
736200
723100
710400
698200
686400
674900
663900
653200
642900
632800
623100
613700
604600
595700
587100
578700
570600
562700
555000
547500
540200
533200
526200
530300
735700
752000
738300
725100
712400
700100
688200
676700
665600
654900
644500
634400
624600
615200
606000
597100
588400
580000
571900
563900
556200
548700
541400
534300
527300
520600
514000
507600
501300
495200
489300
483400
477800
472200
466800
461500
456300
451300
446300
441500
436700
432100
427500
423100
418700
414500
410300
406200
402200
398300
394400
390600
386900
383300
379700
376200
372700
369400
366000
362800
359600
356400
353300
350300
347300
344400
341500
338600
335900
333100
330400
327700
325100
322600
408900
434900
432800
428300
423800
419400
415200
411000
406900
402800
398900
395000
391200
387500
383800
380300
376700
433400
468000
467000
461700
467900
464200
459000
453800
448800
443900
439200
434500
429900
425400
421000
416700
412400
408300
404300
400300
396400
392600
388800
385100
381500
378000
374500
402700
403200
399300
395400
391600
387900
384200
380600
377100
373600
370200
366900
363600
360400
357200
399600
402100
398100
394300
390500
386800
383200
379600
376100
372600
369300
365900
570300
858400
877900
859200
841400
824300
807800
1021000
1027000
1002000
977600
954500
1300000
3403000
3446000
3172000
2935000
2732000
2555000
2400000
2465000
5280000
5648000
5006000
4429000
3973000
3605000
3301000
3045000
2826000
2637000
2473000
2328000
2199000
2084000
2294000
2475000
4525000
4342000
3904000
3550000
5614000
5536000
4880000
4330000
3895000
3541000
3247000
2999000
2787000
2603000
2443000
2301000
2175000
2229000
2315000
2752000
3231000
3089000
2867000
2673000
2504000
2356000
3902000
3775000
3443000
4829000
5489000
6082000
7198000
6286000
5388000
5459000
4881000
4331000
3895000
3541000
3247000
2999000
2787000
2604000
3031000
2896000
2698000
2526000
2375000
2241000
2121000
2014000
1917000
1829000
1749000
1676000
1609000
1547000
1489000
1497000
1451000
1401000
1413000
1374000
1328000
1286000
1246000
1209000
1173000
1314000
1314000
3292000
3309000
3052000
2832000
2643000
2477000
2433000
2391000
2267000
2145000
2165000
2071000
1969000
1876000
1792000
1715000
1645000
1580000
1520000
1465000
1413000
1365000
1320000
1278000
1239000
1202000
1167000
1135000
1141000
1115000
1085000
1056000
1029000
1007000
1043000
1030000
1005000
981100
957800
935600
914500
894300
874900
856400
838700
821700
905200
1062000
1057000
1030000
1164000
1154000
1122000
1092000
1063000
1036000
1010000
985200
961700
939400
918000
897700
878200
859500
841700
824500
808100
792300
777100
762400
748400
734800
795100
1134000
1151000
1119000
1089000
1060000
1033000
1007000
982800
959500
937300
916000
895700
876300
857800
840000
822900
806500
790800
775600
761000
747000
733500
720500
707900
695700
684000
672700
661700
651100
640800
630800
621200
611800
602700
593900
585400
577000
569000
561100
553500
546000
538800
531700
524900
518200
511700
505300
499100
493000
487100
481400
475700
470200
464900
459600
454500
449400
444500
439700
435000
430400
425900
421500
417200
413000
408800
404700
400800
396900
393000
389300
385600
382000
378400
374900
371500
368100
364800
361600
358400
355300
352200
349200
346200
343300
340400
337600
334900
332100
329400
326800
324200
321600
319100
316600
314200
311800
309400
307100
304800
302500
300300
298100
295900
293800
291700
289600
391100
401900
398000
394100
390300
401400
399500
395600
391800
388100
384400
380800
377300
373900
370500
367100
363800
360600
357400
359100
500200
514200
507800
501600
495400
489500
483700
478000
472400
467000
461700
456500
459900
3162000
3284000
3030000
2814000
2627000
2463000
2319000
2191000
2077000
1974000
1881000
1797000
1719000
1649000
1583000
1523000
1468000
1416000
1368000
1323000
1281000
1241000
1204000
1169000
1136000
1105000
1076000
1048000
1021000
996000
972100
949200
927500
906700
886800
867800
849600
832100
815300
799300
783800
768900
754600
740800
727500
714700
702300
690400
678800
667600
656800
646400
636200
626400
616900
607700
598700
590000
581500
573300
565400
557600
550000
542700
535500
528600
521800
515200
508700
502400
496300
490300
484500
478800
473200
467800
581000
659400
658700
648200
1200000
1244000
1207000
1276000
1758000
3585000
3552000
3260000
3595000
3375000
3107000
2881000
4133000
3934000
3573000
3274000
3022000
2807000
2620000
2458000
2314000
2279000
3269000
3170000
4095000
7823000
19440000
16710000
22430000
14430000
1e+07
7808000
6444000
5501000
4807000
4273000
3849000
3503000
3215000
2972000
2766000
6225000
5823000
5048000
4461000
3999000
3627000
3319000
3060000
3090000
2900000
2703000
4262000
4201000
5051000
4637000
4139000
3740000
3413000
3140000
2907000
2708000
2535000
3050000
3574000
3454000
3189000
5284000
5667000
5034000
4450000
3990000
3619000
3312000
3055000
2951000
2762000
2581000
2424000
2284000
2161000
3532000
3442000
3164000
2928000
2726000
2550000
2396000
2260000
2138000
2029000
1931000
1842000
2810000
3032000
2852000
2660000
2492000
2345000
2214000
2347000
2407000
2291000
2166000
2054000
1954000
1863000
1780000
1704000
1634000
1570000
1512000
2739000
2737000
2560000
2404000
2267000
2145000
2035000
1937000
2432000
2373000
2239000
2120000
2012000
1916000
1828000
1748000
2528000
6928000
6420000
5484000
4795000
4263000
3844000
6303000
8224000
7063000
5938000
5134000
4527000
4052000
3669000
3354000
3090000
2865000
2671000
2502000
2354000
2222000
2104000
1999000
1904000
1817000
1738000
1666000
1599000
1538000
1481000
1428000
1379000
1334000
1291000
1251000
1213000
1178000
1144000
1248000
1251000
1273000
1242000
3056000
3822000
3584000
3283000
3030000
2813000
2626000
2463000
2332000
2205000
2089000
1985000
1891000
1806000
1728000
1656000
1590000
1530000
1474000
1421000
1373000
1328000
1285000
1252000
2427000
5066000
11750000
11860000
9379000
7738000
7479000
6376000
5452000
4771000
4544000
5298000
4820000
4284000
5099000
4674000
4168000
3764000
4055000
3847000
3514000
3224000
2980000
3150000
2970000
2762000
2581000
2423000
2284000
2160000
2049000
1949000
1858000
1775000
1709000
2298000
2467000
2776000
5990000
6199000
5410000
4738000
4219000
3805000
3467000
3932000
7084000
7130000
6094000
8173000
7091000
6091000
5265000
4628000
4132000
3734000
3408000
3136000
2904000
2705000
2532000
2380000
2245000
2125000
2018000
1920000
1832000
1752000
1679000
1611000
1549000
1491000
1438000
1388000
1342000
1299000
1258000
1220000
1184000
1150000
1118000
1088000
1060000
1033000
1083000
1066000
1039000
1012000
987700
964200
941700
920300
899800
880200
861500
1043000
1045000
1019000
993700
969900
947100
925500
904800
885000
866000
847900
830500
813800
797800
782400
767500
753300
739500
726300
713500
701200
689200
677700
666600
655800
645400
635300
625500
616000
606800
597900
589200
580800
572600
564600
556900
549300
542000
534900
527900
521200
514600
600800
605100
596200
587600
579200
571000
563100
555400
1177000
3488000
3505000
3217000
2973000
2765000
2584000
2426000
2286000
2417000
3858000
4822000
4630000
7947000
9206000
7653000
6340000
5427000
4753000
6288000
5673000
4937000
4374000
3930000
3570000
3271000
3210000
13490000
10930000
8330000
6785000
5744000
4993000
6837000
6114000
5263000
4626000
4131000
3733000
3407000
3135000
3245000
3046000
2827000
2639000
2935000
4626000
5796000
5228000
6281000
5620000
4896000
4343000
3905000
3549000
3254000
3005000
2792000
2608000
2446000
2304000
2178000
2065000
1963000
1871000
1788000
1711000
1641000
1577000
1517000
1462000
1933000
1916000
1828000
1748000
1675000
1608000
1564000
1669000
2223000
2189000
2158000
2059000
1958000
1866000
2053000
1991000
2431000
2365000
2232000
2114000
2007000
1911000
1824000
1744000
1672000
1605000
1543000
1486000
1433000
1383000
1337000
1294000
1254000
1216000
1181000
1147000
1115000
1085000
1057000
1075000
1990000
2198000
2107000
2001000
1906000
1819000
1740000
1667000
1601000
1539000
1482000
1430000
1381000
1335000
1292000
1252000
1214000
1178000
1145000
1113000
1084000
2232000
4243000
4091000
3701000
3381000
3112000
2884000
2688000
3013000
2933000
2739000
2562000
3225000
3123000
2897000
2699000
2527000
2375000
2241000
2122000
2014000
1918000
1830000
1750000
1676000
1609000
1547000
1490000
1436000
1387000
1341000
1297000
1257000
1219000
1183000
1149000
1117000
1087000
1496000
1503000
1449000
1398000
1384000
1343000
1299000
1259000
1221000
1185000
1151000
1119000
1089000
1060000
1033000
1007000
982700
959400
937200
915900
895700
876300
857700
839900
822800
806400
790700
775600
761000
858900
873000
856900
839100
822100
805700
790000
774900
760400
746400
732900
719900
707300
695200
683500
672100
696900
854200
1106000
1111000
1081000
1053000
1026000
1001000
976800
953700
931800
910800
890700
871500
853200
835600
818700
802400
786800
771900
757400
1262000
1296000
1255000
1217000
1182000
1148000
1116000
1086000
1058000
1031000
1005000
980800
957500
935400
914200
894000
874700
856200
838500
821400
805100
1157000
1176000
1143000
1111000
1081000
1053000
1026000
1001000
976800
953800
931800
910800
890800
871600
853200
835600
818700
802500
786900
771900
757500
743600
730200
717200
704800
692700
681100
669900
659000
648400
638300
628400
618800
609500
600500
591700
583200
575000
567000
559200
551600
544200
537000
530000
523200
516500
510000
503700
497500
491500
485700
479900
474300
468900
463500
458300
453200
448200
443300
438500
433900
429300
424800
495900
723700
1031000
3123000
3172000
2935000
2732000
2555000
2400000
2263000
2142000
2032000
1934000
1844000
1763000
1689000
1620000
1557000
1499000
1445000
1395000
1348000
1305000
1264000
1225000
1189000
1155000
1123000
1092000
1064000
1036000
1010000
985800
962300
939900
918600
1105000
1235000
1216000
1181000
1147000
1115000
1086000
2754000
2804000
2689000
2528000
2377000
2242000
2123000
2015000
1918000
1831000
1750000
1677000
1648000
1971000
1931000
1842000
1761000
1687000
1619000
1556000
1498000
1444000
1394000
1347000
1303000
1263000
1224000
1188000
1154000
1562000
3655000
4015000
3741000
3421000
3421000
3585000
3341000
3078000
2855000
2663000
3448000
9947000
9907000
7954000
6540000
5570000
4859000
4314000
3882000
3559000
3393000
3185000
2953000
2747000
2568000
2412000
2274000
2151000
2041000
1941000
1851000
2478000
2430000
2290000
2165000
2054000
1953000
1862000
1779000
1704000
2932000
2906000
2707000
2533000
2381000
2247000
2126000
2019000
1921000
1833000
1753000
1679000
1612000
1550000
1492000
2016000
2e+06
1904000
1817000
1739000
1924000
1899000
2063000
2012000
2504000
2437000
2296000
2170000
2058000
1957000
1887000
2047000
2030000
1938000
1848000
1767000
1692000
1623000
1560000
1502000
1545000
1606000
1559000
1501000
1447000
1396000
1587000
1560000
1501000
1458000
1409000
1361000
1316000
1275000
1236000
1199000
1164000
1132000
1101000
1071000
1044000
1074000
1055000
1028000
1540000
1558000
1499000
1445000
1395000
1348000
1305000
1565000
1548000
1765000
1767000
1800000
1967000
4248000
4959000
4507000
4036000
3656000
3343000
3081000
2857000
2664000
2496000
2348000
2217000
2100000
1995000
1900000
1814000
1735000
1663000
1597000
1536000
1479000
1427000
1378000
1332000
1289000
1249000
1212000
1176000
1143000
1112000
1082000
1054000
1027000
1001000
977100
954000
932000
911000
890900
871800
853400
835800
818800
802600
787000
837400
829600
812900
797000
781600
872200
868500
850300
854000
839300
822300
805900
790200
775100
760500
746500
733000
720000
707400
695300
683600
672200
661300
650700
640400
630500
620800
611500
602400
632400
782000
1031000
1039000
1013000
988300
964700
942200
920800
900300
880700
861900
844000
826700
810200
794300
779000
764300
750200
736500
723400
710700
698500
686600
675200
664200
653500
643100
633100
623400
613900
604800
595900
587300
578900
570800
562900
555200
547700
540400
533300
526400
519700
513100
506700
500500
563900
806300
941900
937000
915800
1011000
1094000
1078000
1050000
1023000
997700
973700
950800
928900
908100
888100
869000
850800
833300
816500
800300
784800
769900
755600
741700
728400
715500
703100
691200
679600
668400
657500
647100
636900
627100
617500
608300
599300
590600
715200
725100
712900
1002000
1091000
1084000
1337000
1959000
9219000
8352000
6816000
5766000
5005000
4428000
3973000
4011000
3693000
3374000
3107000
2879000
2683000
2513000
2363000
2230000
2112000
2006000
1910000
1823000
1743000
1670000
1604000
1542000
1775000
1893000
1895000
1818000
2200000
5621000
8932000
7673000
6389000
8861000
10640000
8633000
11800000
11630000
9051000
7240000
6060000
5223000
4596000
4106000
3714000
3402000
10910000
9307000
7396000
6167000
5301000
4655000
4154000
3752000
3423000
3148000
2915000
2714000
2957000
7109000
6637000
5655000
4923000
4364000
3922000
3563000
3265000
3015000
2800000
2615000
2453000
2310000
2298000
2189000
2847000
2950000
3004000
2824000
2636000
3110000
3349000
7885000
11860000
13670000
10380000
10400000
17190000
12570000
