719300
714900
710300
705700
701200
696700
692300
688000
683700
679400
675300
671100
667000
663000
659000
655100
651200
829200
862300
857500
850800
851300
935300
934500
990400
1449000
1466000
1447000
1428000
1410000
1485000
1482000
1463000
1517000
1516000
1570000
2166000
2644000
2619000
2557000
2498000
2522000
2471000
2416000
2704000
2665000
2742000
2685000
2620000
2559000
2500000
2444000
2390000
2389000
2342000
2292000
2245000
2200000
2156000
2114000
2074000
2035000
2139000
2109000
2068000
2030000
1993000
1957000
1922000
1889000
1893000
2034000
2212000
2262000
2222000
2177000
2135000
2094000
2054000
2016000
1979000
2007000
1976000
1941000
1907000
1874000
1842000
1812000
1872000
1847000
1816000
1787000
1758000
1730000
1703000
1677000
1651000
1627000
1603000
1580000
1557000
1535000
1514000
1493000
1473000
1453000
1434000
1416000
1397000
1380000
1363000
1346000
1329000
1313000
1298000
1861000
1875000
1844000
1813000
1783000
1755000
1727000
1700000
1784000
1935000
1915000
1882000
1850000
1819000
1789000
1761000
1733000
1705000
1679000
1654000
1629000
1605000
1588000
1566000
1544000
1522000
1501000
1481000
1461000
1442000
1423000
1405000
1387000
1369000
1353000
1336000
1368000
1735000
1738000
1841000
1821000
1791000
1762000
1734000
1707000
1681000
1655000
1631000
1607000
1583000
1561000
1539000
1785000
1778000
1749000
1722000
1695000
1669000
1644000
1619000
1596000
1573000
1550000
1529000
1507000
1487000
1467000
1447000
1429000
1410000
1392000
1375000
1357000
1341000
1325000
1309000
1293000
1278000
1263000
1249000
1235000
1221000
1207000
1194000
1184000
1252000
1244000
1230000
1217000
1203000
1190000
1177000
1165000
1153000
1140000
1129000
1117000
1106000
1095000
1084000
1073000
1063000
1053000
1073000
1138000
1132000
1121000
1109000
1098000
1087000
1076000
1066000
1056000
1046000
1036000
1026000
1016000
1007000
1038000
1358000
1367000
1351000
1334000
1318000
1302000
1331000
1318000
1302000
1287000
1272000
1257000
1243000
1229000
1215000
1202000
1189000
1176000
1164000
1151000
1139000
1144000
1134000
1122000
1111000
1100000
1089000
1078000
1067000
1057000
1047000
1037000
1027000
1018000
1008000
1023000
1347000
1683000
1684000
2359000
2460000
2414000
2361000
2311000
2263000
2217000
2172000
2130000
2089000
2050000
2012000
1975000
1940000
1906000
1873000
1842000
1811000
1781000
1753000
1725000
1698000
1672000
1647000
1622000
1599000
1575000
1828000
2076000
2058000
2020000
1983000
1947000
1913000
1880000
1886000
1880000
1850000
1820000
1790000
1761000
1733000
1706000
1679000
1654000
1629000
1605000
1632000
1709000
1690000
1665000
1640000
1615000
1592000
1569000
1547000
1525000
1504000
1484000
1464000
1444000
2007000
2991000
2987000
2907000
2831000
2759000
2691000
2626000
2564000
2504000
2448000
2394000
2485000
2441000
2387000
2336000
2287000
2350000
2309000
2261000
2215000
2171000
2128000
2087000
2048000
2010000
1997000
1965000
1930000
1897000
1864000
1842000
1813000
2280000
2272000
2226000
2181000
2179000
2139000
2098000
2058000
2191000
2189000
2148000
2106000
2066000
2028000
1990000
1955000
1931000
1943000
1912000
1879000
1848000
1817000
1787000
1758000
1891000
1871000
1840000
1809000
1780000
1751000
1758000
2268000
2264000
2329000
2712000
2680000
2615000
2554000
2495000
2439000
2385000
2334000
2285000
2238000
2193000
2150000
2108000
2068000
2029000
1992000
1956000
1922000
1889000
1856000
1825000
1795000
1766000
1738000
1816000
1795000
1766000
1738000
1710000
2806000
2824000
2752000
2992000
4554000
4568000
4388000
4216000
4057000
4127000
4399000
4259000
4097000
3947000
3808000
3678000
3557000
3443000
3337000
3237000
3143000
4149000
4362000
4214000
4682000
4563000
4380000
4209000
4051000
3904000
4373000
4250000
4089000
3939000
3801000
3671000
3551000
3438000
3332000
3232000
3139000
3752000
3682000
3561000
3447000
3341000
3240000
3146000
3057000
2974000
2894000
2819000
2747000
2912000
2854000
2781000
2712000
2645000
2583000
2523000
2465000
2411000
2358000
2308000
2260000
2214000
2170000
2128000
2087000
2047000
2010000
1973000
1938000
1904000
1872000
1840000
1809000
1780000
1751000
1723000
1697000
1671000
1928000
1917000
1884000
1852000
1821000
1791000
1762000
1734000
1707000
1680000
1655000
1630000
1606000
1583000
1560000
1538000
1517000
1496000
1476000
1456000
1437000
1418000
1400000
1382000
1365000
1348000
1332000
1524000
1731000
1721000
1694000
1668000
1643000
1619000
1595000
1572000
1550000
1528000
1507000
1486000
1470000
1451000
1432000
1414000
1395000
1378000
1361000
1344000
1328000
1312000
1296000
1281000
1266000
1252000
1237000
1223000
1210000
1197000
1184000
1171000
1159000
1146000
1135000
1123000
1111000
1100000
1089000
1079000
1068000
1058000
1048000
1038000
1028000
1018000
1009000
999700
990600
981800
973000
964400
956000
947700
939600
931600
923700
916000
908400
900900
893500
886300
879200
872200
865300
858500
851800
845200
838800
832400
826100
819900
813800
807800
1068000
1097000
1087000
1077000
1066000
1056000
1046000
1036000
1026000
1016000
1007000
997900
988900
980000
971300
962800
954400
1093000
1123000
1114000
1103000
1107000
1097000
1086000
1075000
1065000
1054000
1044000
1034000
1025000
1015000
1006000
996800
987800
978900
970200
961700
953300
963900
957000
948700
940500
932500
948200
989000
983800
975100
966500
958000
949700
941500
933500
925600
917800
910200
902700
895300
888000
880900
939800
937100
929100
921300
913600
906000
898600
891300
884100
877000
870000
863100
1037000
1204000
1203000
1190000
1177000
1165000
1152000
1262000
1258000
1243000
1229000
1216000
1370000
1964000
1984000
1949000
1915000
1882000
1850000
1819000
1852000
2490000
2604000
2552000
2494000
2438000
2384000
2333000
2284000
2237000
2192000
2149000
2107000
2067000
2028000
2126000
2190000
2765000
2745000
2677000
2612000
3151000
3185000
3100000
3013000
2932000
2855000
2782000
2712000
2646000
2583000
2523000
2466000
2411000
2447000
2478000
2645000
2811000
2764000
2696000
2631000
2568000
2509000
3051000
3015000
2933000
3366000
3568000
3773000
4109000
3993000
3851000
3940000
3819000
3688000
3566000
3452000
3346000
3245000
3151000
3062000
3258000
3185000
3094000
3008000
2927000
2850000
2777000
2707000
2641000
2579000
2519000
2462000
2407000
2355000
2305000
2323000
2280000
2233000
2227000
2186000
2143000
2101000
2062000
2023000
1986000
2073000
2054000
2894000
2888000
2813000
2742000
2674000
2610000
2608000
2588000
2531000
2473000
2481000
2430000
2377000
2326000
2278000
2231000
2186000
2143000
2102000
2062000
2023000
1986000
1951000
1917000
1883000
1851000
1820000
1791000
1878000
1856000
1825000
1794000
1776000
1754000
1768000
1746000
1719000
1692000
1667000
1642000
1617000
1594000
1571000
1548000
1527000
1506000
1654000
1752000
1733000
1706000
1785000
1765000
1737000
1710000
1683000
1658000
1633000
1609000
1585000
1563000
1541000
1519000
1498000
1478000
1458000
1439000
1420000
1402000
1384000
1367000
1350000
1334000
1531000
1757000
1747000
1719000
1693000
1667000
1642000
1617000
1594000
1571000
1548000
1527000
1506000
1485000
1465000
1446000
1427000
1409000
1391000
1373000
1356000
1339000
1323000
1307000
1292000
1277000
1262000
1248000
1247000
1234000
1220000
1207000
1193000
1181000
1168000
1156000
1144000
1132000
1120000
1109000
1098000
1087000
1076000
1065000
1055000
1045000
1035000
1026000
1016000
1101000
1097000
1086000
1076000
1065000
1055000
1045000
1035000
1025000
1016000
1006000
997200
1067000
1063000
1053000
1043000
1033000
1023000
1014000
1004000
995300
986400
977600
968900
960400
952000
943800
935700
927800
920000
912300
904800
897400
916900
943300
937800
986000
981700
973000
964400
956000
947700
939500
931500
923700
915900
908300
900900
893500
886300
879100
872100
865200
858500
851800
845200
838700
832300
841900
986500
989500
980600
971900
963400
980300
973600
965000
956500
948200
940100
932100
924200
916500
908800
901400
894000
886800
879600
944900
1074000
1075000
1064000
1054000
1044000
1034000
1024000
1015000
1005000
996200
987200
978400
1032000
2119000
2164000
2122000
2082000
2043000
2005000
1969000
1934000
1900000
1867000
1836000
1806000
1776000
1748000
1720000
1693000
1667000
1642000
1618000
1594000
1571000
1549000
1527000
1506000
1486000
1466000
1446000
1427000
1409000
1391000
1374000
1356000
1340000
1324000
1308000
1292000
1277000
1262000
1248000
1234000
1220000
1207000
1193000
1181000
1168000
1156000
1143000
1132000
1120000
1109000
1098000
1087000
1076000
1065000
1055000
1045000
1035000
1025000
1016000
1007000
997400
988400
979600
970900
962300
953900
945700
937600
929600
921800
980900
977500
968800
960300
952000
943800
1074000
1122000
1115000
1104000
1393000
1399000
1381000
1411000
1594000
2087000
2092000
2053000
2160000
2130000
2089000
2050000
2380000
2358000
2308000
2260000
2214000
2169000
2127000
2086000
2047000
2048000
2361000
2338000
2606000
3367000
4943000
5280000
6614000
6349000
5992000
5674000
5389000
5131000
4897000
4683000
4488000
4308000
4142000
3989000
3847000
5248000
5124000
4891000
4678000
4483000
4303000
4138000
3985000
3981000
3850000
3718000
4399000
4341000
4666000
4510000
4329000
4162000
4007000
3863000
3730000
3605000
3489000
3748000
3951000
3874000
3743000
4531000
4661000
4487000
4307000
4141000
3988000
3846000
3714000
3668000
3554000
3441000
3335000
3235000
3141000
3790000
3720000
3596000
3480000
3372000
3270000
3174000
3093000
3008000
2927000
2850000
2777000
3293000
3361000
3269000
3173000
3083000
2997000
2917000
3004000
3014000
2939000
2861000
2787000
2718000
2651000
2588000
2528000
2470000
2415000
2363000
3031000
3005000
2924000
2847000
2774000
2705000
2639000
2577000
2849000
2803000
2732000
2665000
2601000
2540000
2482000
2427000
2867000
4179000
4129000
3977000
3835000
3704000
3581000
4381000
4920000
4755000
4554000
4369000
4198000
4041000
3895000
3759000
3633000
3515000
3404000
3300000
3203000
3111000
3024000
2942000
2864000
2822000
2753000
2685000
2620000
2559000
2500000
2443000
2390000
2338000
2289000
2242000
2234000
2192000
2149000
2408000
2396000
2388000
2340000
3272000
3538000
3448000
3342000
3242000
3147000
3059000
3051000
3002000
2923000
2846000
2774000
2704000
2639000
2576000
2516000
2459000
2405000
2353000
2303000
2255000
2209000
2165000
2255000
2893000
3789000
5255000
5566000
5373000
5192000
5264000
5042000
4815000
4616000
4574000
4861000
4688000
4492000
4840000
4673000
4479000
4300000
4447000
4335000
4170000
4015000
3871000
3975000
3853000
3720000
3596000
3480000
3372000
3270000
3174000
3083000
2998000
2917000
3043000
3392000
3436000
3563000
4735000
4822000
4630000
4439000
4263000
4101000
3950000
4156000
5190000
5261000
5032000
5715000
5497000
5281000
5038000
4812000
4606000
4417000
4243000
4082000
3933000
3795000
3666000
3545000
3433000
3327000
3228000
3135000
3046000
2963000
2884000
2809000
2739000
2671000
2607000
2546000
2487000
2432000
2379000
2328000
2279000
2232000
2228000
2186000
2143000
2389000
2487000
2441000
2388000
2336000
2287000
2240000
2195000
2151000
2110000
2070000
2031000
2269000
2245000
2199000
2156000
2114000
2074000
2035000
1998000
1962000
1927000
1893000
1861000
1830000
1800000
1770000
1742000
1715000
1688000
1662000
1637000
1613000
1590000
1567000
1545000
1523000
1502000
1482000
1462000
1442000
1424000
1405000
1387000
1370000
1353000
1337000
1320000
1305000
1289000
1274000
1259000
1245000
1231000
1391000
1388000
1370000
1353000
1337000
1321000
1305000
1289000
1713000
2555000
2562000
2503000
2447000
2393000
2342000
2292000
2245000
2303000
2758000
3020000
3011000
3766000
4121000
4002000
3859000
3726000
3601000
4073000
3971000
3830000
3699000
3577000
3462000
3355000
3332000
5723000
5626000
5345000
5091000
4861000
4650000
5293000
5110000
4877000
4666000
4472000
4293000
4129000
3976000
4013000
3883000
3749000
3623000
3751000
4428000
4816000
4649000
5037000
4857000
4647000
4454000
4277000
4114000
3963000
3822000
3692000
3570000
3456000
3349000
3248000
3153000
3064000
2980000
2900000
2825000
2753000
2685000
2620000
2558000
2889000
2845000
2772000
2703000
2637000
2575000
2537000
2581000
2857000
2810000
2782000
2715000
2649000
2586000
2673000
2620000
2819000
2769000
2700000
2634000
2572000
2512000
2455000
2401000
2349000
2300000
2252000
2206000
2162000
2120000
2080000
2041000
2003000
1967000
1932000
1898000
1866000
1834000
1804000
1858000
2340000
2407000
2361000
2311000
2263000
2217000
2172000
2130000
2089000
2050000
2012000
1975000
1940000
1906000
1873000
1842000
1811000
1781000
1753000
1725000
1698000
2340000
2979000
2949000
2871000
2797000
2727000
2660000
2596000
2789000
2764000
2697000
2631000
2885000
2845000
2773000
2704000
2639000
2576000
2516000
2459000
2405000
2353000
2303000
2255000
2209000
2165000
2123000
2082000
2043000
2006000
1969000
1934000
1901000
1868000
1837000
1806000
1777000
1748000
2265000
2262000
2215000
2171000
2159000
2119000
2079000
2040000
2002000
1966000
1931000
1898000
1865000
1834000
1803000
1774000
1746000
1718000
1692000
1666000
1641000
1616000
1593000
1570000
1607000
1588000
1565000
1550000
1584000
1681000
1677000
1652000
1628000
1604000
1580000
1558000
1536000
1515000
1494000
1474000
1454000
1435000
1416000
1398000
1380000
1514000
1635000
1789000
1773000
1745000
1717000
1691000
1665000
1640000
1615000
1592000
1569000
1547000
1525000
1504000
1484000
1464000
1444000
1425000
1407000
1530000
1930000
1929000
1895000
1863000
1831000
1801000
1772000
1743000
1716000
1689000
1664000
1639000
1614000
1591000
1568000
1546000
1524000
1503000
1483000
1463000
1443000
1873000
1877000
1845000
1814000
1785000
1756000
1728000
1701000
1675000
1650000
1625000
1601000
1578000
1556000
1534000
1512000
1492000
1472000
1452000
1433000
1414000
1396000
1379000
1361000
1345000
1328000
1312000
1297000
1282000
1267000
1252000
1238000
1224000
1211000
1213000
1201000
1191000
1179000
1166000
1154000
1142000
1130000
1118000
1107000
1096000
1085000
1074000
1064000
1054000
1044000
1034000
1024000
1015000
1005000
996100
987100
978300
969600
961100
952700
944500
965800
998500
1090000
1254000
1423000
2147000
2163000
2121000
2080000
2041000
2004000
1967000
1932000
1899000
1866000
1835000
1804000
1775000
1747000
1719000
1692000
1666000
1641000
1617000
1593000
1570000
1548000
1526000
1505000
1485000
1465000
1446000
1427000
1408000
1390000
1373000
1356000
1339000
1572000
1639000
1621000
1597000
1574000
1552000
1530000
2176000
2186000
2166000
2126000
2085000
2046000
2008000
1972000
1937000
1903000
1870000
1839000
1838000
1968000
1946000
1912000
1879000
1847000
1816000
1786000
1758000
1730000
1703000
1677000
1651000
1627000
1603000
1579000
1557000
1755000
2411000
2511000
2475000
2421000
2448000
2515000
2467000
2412000
2360000
2310000
2564000
3851000
4041000
3913000
3776000
3648000
3529000
3417000
3313000
3235000
3191000
3121000
3035000
2952000
2874000
2800000
2729000
2662000
2599000
2538000
2480000
2778000
2736000
2669000
2605000
2544000
2486000
2430000
2377000
2326000
2870000
2843000
2770000
2701000
2636000
2573000
2514000
2457000
2402000
2350000
2301000
2253000
2207000
2163000
2121000
2403000
2377000
2326000
2277000
2231000
2317000
2292000
2361000
2327000
2529000
2491000
2435000
2382000
2331000
2282000
2249000
2316000
2299000
2253000
2207000
2163000
2121000
2080000
2041000
2004000
2043000
2066000
2031000
1994000
1958000
1924000
2027000
2001000
1965000
1939000
1905000
1873000
1841000
1810000
1781000
1752000
1724000
1698000
1672000
1646000
1622000
1653000
1633000
1609000
1880000
1871000
1840000
1809000
1780000
1751000
1723000
1884000
1866000
1960000
1952000
1964000
2029000
2717000
2906000
2846000
2773000
2704000
2638000
2576000
2516000
2459000
2405000
2353000
2303000
2255000
2209000
2165000
2123000
2082000
2043000
2006000
1969000
1934000
1901000
1868000
1836000
1806000
1777000
1748000
1720000
1694000
1668000
1643000
1618000
1595000
1572000
1549000
1528000
1507000
1630000
1618000
1594000
1571000
1549000
1527000
1506000
1502000
1597000
1583000
1560000
1538000
1517000
1604000
1590000
1567000
1571000
1551000
1529000
1508000
1487000
1467000
1448000
1429000
1410000
1392000
1375000
1358000
1341000
1325000
1309000
1293000
1278000
1264000
1249000
1235000
1228000
1390000
1510000
1664000
1652000
1627000
1603000
1580000
1557000
1535000
1514000
1493000
1473000
1454000
1434000
1416000
1398000
1380000
1363000
1346000
1330000
1314000
1298000
1283000
1268000
1253000
1239000
1225000
1275000
1266000
1251000
1237000
1223000
1210000
1196000
1184000
1171000
1158000
1146000
1134000
1250000
1246000
1232000
1219000
1205000
1192000
1179000
1276000
1457000
1530000
1515000
1495000
1558000
1596000
1577000
1555000
1533000
1512000
1491000
1471000
1451000
1432000
1414000
1396000
1378000
1361000
1344000
1328000
1312000
1296000
1295000
1281000
1266000
1252000
1238000
1224000
1210000
1197000
1184000
1171000
1159000
1147000
1135000
1123000
1112000
1156000
1346000
1348000
1332000
1512000
1547000
1535000
1659000
1908000
3402000
3435000
3331000
3231000
3138000
3049000
2966000
3037000
2966000
2887000
2813000
2741000
2674000
2610000
2548000
2490000
2434000
2381000
2330000
2281000
2234000
2189000
2146000
2104000
2309000
2358000
2346000
2299000
2467000
3504000
4247000
4150000
4003000
4661000
5178000
4991000
5859000
6123000
5829000
5528000
5257000
5011000
4788000
4583000
4396000
4224000
6578000
6392000
6031000
5708000
5419000
5158000
4922000
4706000
4509000
4327000
4160000
4006000
4127000
5695000
5577000
5304000
5054000
4826000
4619000
4429000
4254000
4092000
3943000
3804000
3674000
3553000
3533000
3429000
3759000
3763000
3762000
3645000
3526000
3736000
3810000
5251000
6264000
6945000
6594000
6878000
8623000
8167000
