40060
40050
40030
40020
40000
39990
39970
39960
39940
39930
39910
39900
39880
39870
39850
39840
3384000
1040000
148200
53550
168200
1885000
345500
1517000
9051000
1488000
147000
81500
81440
1838000
557700
129700
1533000
595100
1553000
10470000
8957000
1363000
192500
138500
1363000
336400
150200
5273000
972300
2213000
481800
174800
159500
159300
159000
158800
752400
254600
164200
159500
159300
159100
158800
158600
158300
2426000
525800
181200
164100
163800
163600
163300
163000
376000
3561000
4412000
2186000
437400
199000
188400
188000
187700
187400
187000
993800
317600
194800
188500
188100
187800
187500
2182000
510000
206800
191500
191200
190800
190500
190100
189800
189500
189100
188800
188400
188100
187800
187400
187100
186800
186400
186100
185800
185400
185100
184800
184500
184100
183800
11370000
1994000
294400
210400
210000
209600
209200
208700
1543000
4981000
958600
256100
221700
221200
220700
220300
219800
219300
218900
218400
218000
217500
217100
216600
216200
215700
215300
214900
214400
214000
213600
213100
212700
212300
211800
211400
211000
8720000
1588000
3850000
807800
267500
240500
239900
239400
238800
238300
237700
237200
236700
236100
235600
5149000
1031000
284800
247500
247000
246400
245800
245200
244700
244100
243500
243000
242400
241800
241300
240700
240200
239600
239100
238600
238000
237500
236900
236400
235900
235300
234800
234300
233800
233300
232700
232200
231700
231200
230700
230200
229700
229200
228700
228200
227700
227200
226700
226200
225800
225300
224800
224300
223800
223400
222900
222400
221900
221500
221000
220500
220100
219600
219200
218700
218300
217800
217400
216900
216500
216000
215600
10160000
1826000
315400
240600
240000
239500
239000
238400
237900
237300
236800
236300
235700
235200
234700
234200
233600
233100
232600
232100
231600
231100
230600
230100
229600
229100
228600
228100
227600
227100
226600
226100
225600
225100
224700
224200
7878000
12650000
2114000
20950000
6056000
870800
343600
324300
323300
322300
321300
320300
319400
318400
317400
316500
315500
314600
313600
312700
311800
310900
309900
309000
308100
307200
306300
305400
304600
303700
2954000
8764000
1626000
384500
323500
322500
321500
320500
1009000
1205000
449600
325900
319100
318100
317200
316200
315300
314300
313400
312500
1347000
4068000
900200
346200
318400
317400
316500
315500
314600
313700
312700
311800
310900
310000
20790000
29880000
4750000
606300
408700
407100
405500
403900
402400
400900
399300
397800
3777000
943100
428400
401600
400100
3286000
865400
425500
402400
400900
399400
397900
396400
394900
1025000
546500
405400
391300
389500
697300
436800
16800000
3037000
542600
418400
1519000
594100
425000
415100
5538000
2009000
587200
430800
423300
421600
419900
418300
751800
1900000
649000
427700
415400
413800
412100
410500
5776000
1278000
461000
419300
417600
416000
1504000
19520000
3479000
4210000
13500000
2492000
568400
473200
471100
468900
466900
464800
462800
460700
458700
456700
454700
452800
450800
448900
447000
445100
443200
441400
439500
437700
435900
434100
1007000
523800
434800
428800
427100
38040000
6487000
768500
8437000
35770000
7206000
994100
559400
547800
4146000
8292000
1733000
614100
557600
554600
551700
548800
546000
543200
540400
537600
21120000
8760000
1516000
11170000
2730000
747700
597600
590900
587600
10800000
2234000
678100
598400
595000
591600
588300
585000
581800
578600
575400
11560000
2346000
673900
588600
585300
582000
578800
575600
572500
569400
566300
563300
3478000
1029000
582800
558000
555000
552100
549200
546400
543600
540800
538000
535200
532500
529800
527200
524500
521900
519400
516800
514300
511800
509300
506800
504400
502000
499600
497200
494900
492600
490300
488000
485700
483500
481300
479100
476900
474800
472600
470500
468400
466300
464300
462200
460200
458200
456200
454200
452300
450300
448400
446500
444600
442700
440900
439000
437200
435400
8977000
1811000
511100
445400
443500
441700
439800
438000
436200
434400
432600
430800
429100
427300
425600
423900
422200
420500
418800
417100
415500
413800
412200
410600
409000
407400
405900
404300
402700
401200
399700
398200
396700
395200
393700
392200
390800
389300
387900
386500
385000
383600
382200
380900
379500
378100
376800
375400
374100
372700
371400
370100
368800
367500
366300
365000
363700
362500
361200
360000
358800
357500
356300
355100
353900
352700
351600
350400
349200
348100
346900
345800
344600
343500
4753000
2055000
546100
360100
351500
350300
349200
348000
346900
345700
344600
343500
342300
341200
340100
339000
337900
3514000
2482000
630500
357700
928100
437700
348000
342500
341400
340300
339200
338100
337000
335900
334800
333800
332700
331700
330600
329600
328600
327500
326500
325500
324500
323500
322500
1999000
591800
336000
322500
321500
320500
319600
318600
317600
316700
315700
314800
313800
312900
312000
3098000
760700
336400
314600
313700
312800
311800
310900
310000
309100
308200
307300
10870000
10800000
1830000
415200
348500
347300
346200
6359000
1318000
403000
356900
355700
8193000
26180000
4637000
645500
424000
420500
418900
417200
2454000
22760000
7393000
1174000
490200
462800
460700
458700
456700
454800
452800
450800
448900
447000
445100
4618000
4349000
19280000
3425000
620600
481900
15960000
4751000
908300
520600
504900
502500
500100
497700
495400
493100
490800
488500
486200
2720000
3204000
7165000
7272000
1683000
582800
505500
501500
499200
16400000
3062000
643600
12590000
8127000
7623000
9921000
1958000
642300
4818000
1260000
612100
577200
574100
571000
567900
564800
561800
6759000
1558000
613300
564000
560900
558000
555000
552100
549200
546300
543500
540700
538000
535200
532500
1673000
711800
535500
1777000
724100
531100
519200
516700
514100
511600
4590000
1518000
28370000
4991000
765100
554800
551900
549000
1769000
1783000
720600
550400
2330000
826400
551600
535500
532800
530100
527500
524800
522200
519600
517100
514500
512000
509600
507100
504700
502200
499900
1192000
607300
499400
491900
489600
537400
2224000
910800
521000
483300
480000
477800
475600
473500
471400
469300
467200
465100
3536000
5739000
1259000
507500
4713000
1152000
505300
471500
469400
467300
465200
463200
461100
459100
457100
455100
453200
451200
449300
447400
445500
443600
441700
439900
438100
436200
2235000
10820000
2079000
529100
451700
449800
447900
446000
444100
442200
440300
438500
436700
434900
433100
431300
429500
427800
426100
424300
422600
420900
419300
417600
415900
414300
412700
411100
409500
407900
406300
404700
403200
401600
400100
398600
397100
395600
394100
392600
391200
389700
388300
386900
385400
384000
382600
381200
379900
378500
377100
375800
374400
373100
371800
370500
369200
367900
366600
365300
364100
362800
361600
360300
359100
357900
356700
355500
354300
353100
351900
350700
349500
348400
347200
346100
345000
343800
342700
341600
340500
339400
338300
337200
336100
335100
334000
332900
331900
330800
329800
328800
327700
326700
325700
324700
323700
322700
321700
320700
319800
318800
317800
316900
315900
315000
314000
313100
6991000
1391000
375700
324800
323800
1182000
460800
329300
321900
320900
319900
318900
318000
317000
316100
315100
314200
313200
312300
311400
8295000
1601000
386700
326100
325100
324100
323100
322100
321100
320100
319200
318200
510000
49410000
8231000
771700
403700
402200
400600
399100
397600
396100
394600
393100
391700
390200
388800
387400
385900
384500
383100
381700
380300
379000
377600
376300
374900
373600
372300
370900
369600
368300
367100
365800
364500
363300
362000
360800
359500
358300
357100
355900
354700
353500
352300
351100
349900
348800
347600
346500
345300
344200
343100
342000
340900
339800
338700
337600
336500
335400
334400
333300
332300
331200
330200
329100
328100
327100
326100
325100
324100
323100
322100
321100
320100
319100
318200
317200
316300
5027000
3765000
794400
349800
15050000
2711000
473600
2415000
8737000
20170000
3577000
586300
5017000
1165000
466200
430100
12300000
2343000
537600
447000
445100
443300
441400
439600
437700
1419000
12090000
2298000
10080000
21780000
34310000
11830000
22730000
3990000
759100
599300
595900
592500
589200
585900
582700
579500
576300
573100
570000
27160000
4850000
804200
602100
598600
595200
591900
588600
3045000
979900
603000
16180000
3981000
9218000
1961000
682400
616400
612800
609200
605700
602300
598800
7677000
7555000
2359000
783000
18760000
7519000
1419000
674200
640500
636600
632800
629000
1779000
808300
629400
617200
613500
610000
17290000
3293000
753700
625300
621600
617900
614300
610800
607200
603700
600300
596900
14520000
5494000
1148000
637100
613700
610100
606600
3815000
3066000
943000
619900
601900
598500
595100
591700
588400
585100
581900
578700
19370000
3604000
744400
600600
597200
593800
590500
587200
8400000
1845000
654400
592700
589400
586100
582900
579600
12320000
34110000
5779000
878200
637900
634100
630300
19110000
15040000
2630000
748600
659000
654900
650800
646800
642800
638900
635100
631200
627500
623700
620000
616400
612800
609300
605700
602300
598800
595400
592100
588800
585500
582200
579000
575800
572700
569600
566500
563500
3052000
1476000
1971000
773800
28550000
11260000
1811000
657400
607600
604100
600600
597200
612500
593500
587400
584000
580700
577500
574400
571300
568200
565100
562100
559100
556100
553200
550300
547400
20520000
25760000
32250000
11930000
2580000
1854000
5656000
1442000
696500
656300
2614000
9112000
1977000
720100
9595000
2091000
728500
657500
5836000
2163000
803900
658200
649100
4401000
1249000
674600
642600
638700
634800
631000
627200
623500
619800
616200
612600
10480000
4693000
5884000
27200000
8106000
1390000
694000
665200
661000
656800
7264000
22920000
7758000
1426000
15450000
3049000
1558000
810700
691600
681500
677100
672800
668500
664200
660100
655900
651900
647800
643900
639900
636100
632200
628400
624700
621000
617400
613800
610200
606700
603200
599700
596300
593000
589600
586300
583100
579900
576700
573500
1420000
704700
572600
563200
560200
557200
554300
551400
548500
545600
542800
6428000
1489000
591400
544600
541800
539000
536300
533500
530800
528200
525500
522900
520300
517700
515200
512700
510200
507700
505300
502900
500500
498100
495800
493400
491100
488800
486600
484300
482100
479900
477700
475600
473400
471300
469200
467100
465000
463000
460900
458900
456900
455000
4827000
1157000
489800
455200
453200
451300
449300
447400
21770000
33930000
5486000
757100
530000
527300
524700
522100
519500
3742000
15530000
10370000
3088000
20200000
11540000
2008000
668800
606800
603300
12550000
2526000
706700
613800
610300
606800
603300
2227000
48530000
8276000
1013000
652400
648300
644400
14550000
2878000
759300
651300
647300
643300
639400
635500
3866000
1152000
656600
628600
5560000
17290000
12260000
2227000
10910000
2298000
745900
665600
661400
657300
653200
649200
645200
641200
637300
633500
629700
625900
622200
618500
614900
611300
607800
604300
600800
597400
9582000
2045000
676000
605400
601900
598500
924500
3570000
10190000
2090000
1828000
793300
615300
603200
4678000
1256000
7778000
1756000
666900
610000
606500
603000
599600
596200
592800
589500
586200
582900
579700
576500
573400
570300
567200
564100
561100
558100
555200
552300
549400
1636000
19270000
5931000
1102000
597600
576600
573500
570400
567300
564200
561200
558200
555300
552400
549500
546600
543800
541000
538200
535500
532800
530100
21970000
22580000
3724000
734800
592600
589300
586000
582700
5674000
2059000
729700
588400
8981000
2210000
700900
593100
587800
584500
581300
578100
574900
571800
568700
565600
562600
559600
556600
553700
550800
547900
545100
542300
539500
536700
534000
531300
528600
526000
9406000
1956000
603500
534500
1208000
638300
532900
525200
522600
520000
517500
514900
512400
509900
507500
505000
502600
500200
497800
495500
493200
490900
488600
486300
484100
481900
479700
477500
475300
3870000
1569000
589600
478500
472200
470100
468000
466000
463900
461900
459800
457800
455800
453900
451900
450000
1425000
6728000
8672000
1668000
520900
464800
462800
460700
458700
456700
454700
452800
450800
448900
447000
445100
443200
441400
439500
437700
435900
14170000
2650000
559900
455300
453300
451400
449400
447500
445600
443700
441900
440000
438200
436400
434600
432800
431000
429200
427500
425800
424000
9808000
1937000
509400
437500
435700
433900
432100
430300
428600
426800
425100
423400
421700
420000
418300
416700
415000
413400
411800
410200
408600
407000
405400
403900
402300
400800
399200
397700
396200
394800
393300
391800
390400
388900
387500
386000
384600
383200
381800
380500
379100
377700
376400
375000
373700
372400
371100
369800
368500
367200
365900
364600
363400
362100
360900
359600
358400
357200
356000
354800
353600
352400
351200
3450000
9551000
9557000
30700000
5138000
671400
452800
450900
449000
447100
445200
443300
441400
439600
437800
435900
434100
432300
430600
428800
427100
425300
423600
421900
420200
418600
416900
415300
413600
412000
410400
408800
407200
405600
404100
402500
4911000
3808000
879400
437700
416100
414400
412800
26070000
4552000
1435000
583700
462500
454600
452700
450700
448800
446900
445000
443100
1001000
6624000
1427000
494700
447300
445400
443500
441600
439800
437900
436100
434300
432500
430800
429000
427300
425500
9274000
25420000
7303000
1511000
568100
2936000
4321000
1059000
515300
487300
485000
9686000
34410000
9915000
1458000
586400
552700
549800
547000
544100
765500
1691000
1133000
611300
537300
531500
528800
526100
523500
520900
518300
515800
10120000
2062000
600200
525900
523200
520600
518100
515500
513000
16970000
3168000
663500
537800
535000
532300
529600
527000
524300
521700
519100
516600
514100
511600
509100
10090000
2052000
593200
519100
516500
4667000
1597000
4311000
1337000
8250000
1759000
590100
530200
527500
524900
839400
4225000
1815000
664100
527100
519300
516700
514200
511700
509200
2348000
2753000
834600
521800
504800
502400
5150000
1248000
539500
715900
534400
499600
495600
493300
491000
488700
486500
484200
482000
479800
477600
1991000
717900
485400
12640000
2434000
582300
489200
486900
484600
482400
6525000
1454000
5409000
1908000
2332000
4359000
24030000
9464000
1558000
588200
546200
543400
540600
537800
535100
532400
529700
527000
524400
521800
519200
516700
514100
511600
509200
506700
504300
501900
499500
497100
494800
492400
490200
487900
485600
483400
481200
479000
476800
474600
472500
470400
468300
466200
464200
462100
460100
458100
456100
454100
452200
1898000
681900
459900
447100
445200
4022000
1019000
473200
1125000
552600
447300
440300
438500
436700
434900
433100
431300
429500
427800
426000
424300
422600
420900
419200
417600
415900
414300
412700
411000
1137000
5887000
8388000
1610000
489300
434500
432700
430900
429200
427400
425700
424000
422300
420600
418900
417200
415600
414000
412300
410700
409100
407500
406000
404400
402800
401300
399800
398300
396800
395300
393800
392300
390900
389400
388000
386500
385100
383700
382300
380900
379600
378200
376800
375500
374200
372800
2816000
9127000
4946000
978700
429400
3282000
2964000
770800
429700
412400
410800
409200
407600
406000
404500
402900
401400
399900
398300
396800
395400
393900
392400
390900
389500
388100
386600
385200
383800
382400
381000
379600
378300
376900
375600
374200
372900
371600
370300
4470000
1155000
428000
8838000
3363000
986900
6030000
11430000
46680000
8085000
900600
505500
500200
497800
495500
3569000
987300
517700
492400
490100
487800
485500
483300
481100
478900
476700
474600
472400
470300
468200
466100
464100
5401000
3712000
1927000
653800
7204000
29110000
19650000
3147000
802800
14620000
12670000
2278000
16960000
9441000
1750000
679900
629600
625900
622200
618500
614900
611300
39410000
6851000
947900
653900
649800
645800
641900
638000
634100
630300
626600
622800
4962000
30510000
5832000
958100
663400
655700
651600
647600
643600
639700
635800
632000
628200
624500
2090000
855000
10180000
4074000
3361000
1025000
650600
7550000
5184000
30490000
22400000
16020000
2817000
9542000
25940000
4914000
18720000
