492700
492000
490500
488400
485600
482500
479300
475900
472500
468900
465400
461800
458300
454700
451000
447300
3345000
3690000
3691000
3692000
2292000
2678000
2604000
3388000
8075000
7186000
6906000
6505000
3843000
3689000
3695000
3649000
3880000
2907000
3264000
7476000
9747000
9857000
9291000
6958000
5049000
3946000
3899000
5235000
4536000
4803000
4664000
3918000
3917000
3760000
3590000
3334000
2918000
2533000
2423000
2408000
2313000
2076000
1859000
1680000
1532000
2317000
2321000
2293000
2210000
1827000
1618000
1465000
1452000
1330000
2071000
3141000
3539000
3510000
3042000
2245000
1789000
1606000
1317000
1063000
1179000
1147000
1155000
1224000
1191000
1165000
1109000
1494000
1319000
1225000
1212000
940200
794400
782500
772300
716200
690200
691700
693500
697700
739000
732600
726000
718600
601600
519900
480500
468200
458300
454100
458000
457200
454500
437600
3619000
3606000
3609000
3613000
1959000
1267000
1266000
1245000
1419000
2129000
2131000
2134000
1979000
1653000
1441000
1440000
1405000
966700
806300
804300
806300
778800
797000
795300
793600
776200
741500
716300
714400
704800
679500
659500
657600
658600
540100
488600
486500
2801000
2813000
3574000
3579000
2393000
1877000
1367000
1185000
1049000
855100
814900
756100
779100
964900
960900
2237000
2239000
1991000
1938000
1221000
935800
886800
842500
753500
634200
650200
707900
725200
843400
842200
843900
842900
708200
677500
579700
524200
466000
423800
427700
436900
446500
480000
475100
415200
412300
393400
391700
389900
388100
334700
304000
302100
300100
301400
305600
303800
302000
298500
265600
263800
262000
260300
258500
256800
255100
253500
251800
373100
372000
370900
369800
305500
277800
276400
275000
266500
254800
253400
252000
252000
260600
259300
2703000
2708000
2700000
2702000
1449000
924900
948200
946100
803900
599000
586100
583000
608300
805900
804300
802200
802100
537300
479000
475000
471200
419800
373300
369600
368400
386100
447800
446200
441700
440800
442900
442400
442200
441300
338900
281100
2314000
4588000
4604000
8709000
8086000
6496000
6014000
3861000
2660000
2272000
2084000
1847000
1503000
1658000
1842000
1886000
2223000
2037000
1744000
1691000
1249000
1066000
970300
926900
841300
771200
831800
888700
919000
1026000
1868000
3272000
3277000
3287000
2782000
1745000
1393000
1223000
1205000
1188000
1082000
1091000
1047000
980200
1008000
1001000
889500
769200
585900
550900
759200
1351000
1317000
1292000
1185000
823800
709100
740500
727000
670600
614900
612600
613400
636200
4506000
9201000
9180000
9169000
7130000
3852000
2836000
2833000
2586000
1944000
1506000
1506000
2129000
2509000
2897000
2899000
2606000
2547000
1938000
1826000
1784000
1379000
1090000
999800
1005000
1053000
1259000
1389000
1387000
1324000
1282000
1310000
1308000
4081000
3856000
3525000
3406000
2166000
1583000
1611000
1630000
2230000
2085000
1985000
1867000
1444000
1380000
1337000
1328000
1333000
1206000
1112000
1102000
1080000
937200
825500
826500
1721000
1628000
1642000
1623000
1159000
955800
1150000
4269000
4220000
4673000
6437000
4733000
4075000
3881000
2740000
2125000
1863000
1734000
1519000
1313000
1561000
1547000
1595000
1734000
1391000
1323000
1284000
1019000
894100
833700
821600
771100
762000
839700
1044000
1049000
1092000
1095000
972300
7169000
7169000
7041000
8171000
10440000
9197000
9167000
8568000
5121000
3910000
5016000
4870000
4488000
4197000
3418000
3184000
3336000
3071000
2822000
2725000
2594000
5253000
5832000
5924000
7627000
5867000
4726000
4418000
3515000
2973000
4438000
4345000
4225000
4116000
3286000
2868000
2914000
3003000
2294000
1881000
1857000
3636000
3548000
3450000
3375000
2302000
1832000
1603000
1582000
1484000
1361000
1329000
1280000
1852000
2012000
1883000
1813000
1494000
1082000
999000
1015000
982100
894300
858600
699600
644000
700800
704800
704400
709600
643600
629300
624200
579200
564200
468900
420300
417200
418700
435800
442500
439700
692300
688400
637200
635300
502000
420600
404600
402100
384800
362500
362900
360500
360800
378400
361600
359400
357200
327400
319100
316900
314800
307400
300600
298500
296400
296400
300900
845000
2159000
2162000
2166000
1888000
1098000
815400
804200
765800
642700
531600
530900
536600
593500
698900
697700
690500
630600
474500
442000
440500
427800
389100
363100
361500
364100
386700
418900
417600
416300
415600
416000
414800
413600
389600
321100
289200
287600
287500
292000
296900
295500
293300
276400
242000
240500
239100
237600
236100
234700
233300
231900
230500
229200
227800
226500
225200
223900
222600
221300
220100
218800
217600
216400
215200
214000
212900
211700
210600
209400
208300
207200
206100
205000
203900
1605000
1747000
1750000
1754000
1037000
665500
636000
636100
554500
428900
416700
416200
430500
545200
556200
556100
556000
1074000
1254000
1253000
1256000
973100
685600
635000
635200
561400
510000
494400
494000
495600
546300
564600
564600
565400
441600
362600
353300
352500
331800
318900
314400
313500
314000
295000
692100
692600
693800
697400
494700
409400
408900
380600
332000
292900
292000
289100
294100
326400
325700
772100
756300
708500
699800
469800
371000
362200
354200
327400
289200
291400
300700
1929000
3355000
3363000
3372000
2544000
1439000
1133000
2101000
2001000
1779000
1657000
1155000
2272000
6659000
6833000
6787000
6032000
3406000
2292000
2263000
2610000
5896000
5980000
5949000
5688000
3873000
3221000
3155000
3117000
2716000
1892000
1736000
1746000
1810000
1934000
2418000
2839000
5794000
5467000
5135000
4771000
5641000
5184000
5036000
4919000
3409000
2456000
2293000
2260000
2177000
2168000
2165000
2119000
2082000
2275000
2370000
3120000
3996000
3517000
3137000
2581000
1927000
1676000
4242000
4061000
3917000
5844000
5508000
5967000
7396000
6427000
5226000
4884000
3867000
3344000
3026000
2686000
2344000
2197000
2341000
2049000
3047000
3189000
2995000
2741000
2095000
1708000
1634000
1582000
1455000
1258000
1184000
1217000
1246000
1352000
1391000
1588000
1475000
1312000
1437000
1231000
1110000
1039000
848200
769800
758700
1267000
1322000
5735000
5705000
5383000
5215000
2912000
1940000
2084000
2115000
1810000
1430000
1586000
1522000
1542000
1898000
1762000
1618000
1561000
1083000
964000
944800
941800
847300
757000
754500
747400
769500
876800
844400
1089000
1085000
1089000
1079000
921500
879800
927200
845400
836800
802100
683000
640400
628300
620200
591000
456600
442500
407800
1016000
1695000
1699000
1691000
1961000
1465000
1316000
1311000
976000
752200
690500
688500
659200
666900
725100
724200
718300
692900
605800
588600
587500
509000
457500
436800
433900
417900
1131000
2618000
2622000
2630000
2286000
1377000
1061000
1061000
994300
807500
668000
666400
649300
711400
832300
831300
831000
740300
546900
510500
507900
476700
431500
402300
400400
403900
431500
467400
465800
464100
463400
463700
462300
460800
430000
351100
315300
313500
313500
318900
324300
322700
320000
298700
260200
258500
256800
255100
253400
251800
250100
248500
246900
245400
243800
242300
240800
239300
237900
236400
235000
354100
353200
352300
351300
288400
261300
260100
258900
250700
239400
238200
237000
237100
245700
244500
243400
242300
228200
224200
223100
221900
218400
215000
213900
516200
517100
520100
520100
364000
298200
297600
296800
278400
252200
246300
242600
244900
268700
268200
268000
267300
233600
225500
221600
220700
213500
207000
1377000
1380000
1385000
1396000
796600
690900
691500
692400
624800
452600
421100
408200
413200
499300
487100
487700
489100
363800
347400
543500
1686000
1666000
1632000
1531000
900100
662800
690100
676300
593000
496700
499000
504600
697700
9342000
9303000
9286000
9189000
4635000
2775000
2776000
2761000
2222000
1484000
1455000
1458000
1576000
2299000
2300000
2297000
2280000
1352000
1150000
1149000
1137000
904600
718000
716800
717400
790400
1014000
1014000
1013000
1005000
986300
986100
985300
977600
617700
418200
416700
415800
437100
477100
475800
474300
457100
241300
239800
238300
236900
235400
234000
232600
231200
229900
228500
227200
225900
224600
223300
222000
220700
219500
218200
217000
215800
214600
213500
212300
211100
210000
208900
207800
206600
205600
204500
203400
202300
201300
1244000
1617000
1621000
1625000
3491000
3084000
3011000
3351000
3402000
5882000
5886000
5726000
5576000
3593000
2951000
2931000
4360000
4e+06
3681000
3679000
2715000
2113000
2282000
2279000
2142000
2022000
3431000
3369000
4866000
8153000
12220000
12790000
15440000
13230000
9770000
8068000
6019000
4945000
4296000
3914000
3651000
3523000
3817000
3866000
3858000
8268000
7850000
7125000
6882000
4253000
3068000
2840000
2692000
2760000
2402000
2515000
5123000
5158000
6812000
6767000
5429000
4765000
3510000
2956000
2529000
2165000
1858000
2755000
3732000
4038000
4066000
6438000
6252000
5599000
5464000
3736000
2634000
2362000
2303000
2154000
1861000
1902000
1973000
1922000
2038000
4542000
4511000
4476000
4019000
2517000
1822000
1757000
1666000
1455000
1254000
1266000
1256000
3551000
4199000
4139000
4132000
2925000
1891000
1710000
2240000
2306000
1961000
1867000
1591000
1347000
1466000
1544000
1508000
1431000
1090000
977000
3925000
3974000
3956000
3801000
2215000
1520000
1484000
1541000
2647000
2389000
2373000
2367000
1687000
1659000
1673000
1588000
3330000
7801000
7738000
7751000
6812000
3931000
2799000
5579000
7087000
6526000
6167000
4730000
3287000
3104000
3481000
3303000
2962000
2626000
1958000
1801000
2044000
2139000
2010000
1931000
1625000
1389000
1376000
1396000
1335000
1245000
1217000
1226000
1245000
1327000
1288000
1006000
889000
889400
893500
1730000
1825000
1889000
1752000
5539000
6180000
6085000
6069000
3823000
2327000
2097000
2007000
1814000
1463000
1388000
1400000
1397000
1645000
1696000
1673000
1661000
1170000
943600
912900
907800
830200
749000
931900
4023000
7409000
11860000
12760000
11250000
9029000
6766000
5313000
4850000
4287000
3518000
3991000
3933000
4204000
5626000
5258000
5068000
4738000
4406000
3533000
3200000
3098000
2471000
2588000
2543000
2551000
2617000
2381000
2201000
2197000
2211000
2100000
2015000
1984000
2043000
3249000
3406000
4059000
7876000
7533000
6949000
6466000
4266000
3001000
2657000
3385000
6213000
6391000
6431000
8090000
6364000
5838000
5572000
4308000
3456000
2656000
2411000
2190000
2082000
2242000
2204000
2239000
2320000
2003000
1984000
1982000
1711000
1574000
1487000
1405000
1313000
1278000
1177000
1079000
1089000
1146000
1161000
1174000
1135000
1082000
900100
703100
676100
882000
1379000
1390000
1389000
1240000
880900
683000
668000
644900
532100
483900
478000
1467000
1497000
1540000
1540000
1031000
784900
717700
702700
642700
551300
532100
519500
527300
607300
616700
628300
626200
517000
491600
489900
487600
464900
431900
400300
385500
390700
414400
415000
415300
413200
411800
401600
386100
383900
340800
315700
313400
311300
311700
314400
312300
310300
1133000
1108000
1109000
1109000
684800
506400
505000
503600
3614000
8260000
8271000
8283000
6677000
3650000
2640000
2641000
2459000
2282000
4129000
5298000
5524000
8648000
9020000
7948000
7613000
5646000
3617000
4856000
4752000
4501000
4081000
3122000
2815000
2887000
3449000
10700000
10370000
10320000
9853000
5756000
4221000
6274000
6066000
5271000
4384000
3302000
2893000
3108000
3726000
4092000
3914000
3784000
2769000
3082000
5480000
6642000
6374000
7267000
5619000
4407000
4198000
3460000
2864000
2541000
2352000
2254000
2186000
2431000
2523000
2220000
2022000
1737000
1538000
1525000
1386000
1211000
1088000
1043000
829400
2292000
2373000
2406000
2417000
1685000
1311000
1366000
1783000
3065000
2832000
2863000
2606000
1753000
1532000
2079000
2020000
3021000
2733000
2308000
2137000
1609000
1414000
1351000
1304000
1190000
944400
952400
980900
976400
1028000
1001000
928200
912500
810700
757300
709300
699200
673900
655900
911500
3729000
4052000
4015000
3824000
2326000
1551000
1487000
1478000
1267000
995600
907000
846300
895000
1123000
1150000
1154000
1125000
798000
692300
654000
646300
4046000
6832000
6834000
6844000
5098000
2970000
2368000
2368000
3015000
2656000
2419000
2420000
3319000
3319000
3454000
3448000
2729000
1985000
1593000
1526000
1457000
1332000
1140000
1077000
1088000
1127000
1209000
1278000
1276000
1115000
1065000
1064000
1062000
1039000
890400
691300
622700
630100
2598000
2625000
2641000
2643000
1721000
1192000
1117000
1116000
895800
682200
679300
676900
691100
821300
817300
815400
812800
578000
529200
526800
524400
470900
430200
427700
425300
435600
480800
478600
560600
1283000
1365000
1365000
1322000
932100
656600
594100
587500
536700
470400
469000
468000
480700
536000
492700
491100
922800
1687000
2660000
2662000
2437000
1894000
1186000
970200
944500
865300
754700
671900
675300
718900
797900
878100
877400
825400
690600
541400
551700
3128000
3109000
3080000
3046000
1715000
1174000
1185000
1206000
1051000
834700
834600
835100
864600
1055000
1009000
947200
919100
638400
580000
585000
587500
2500000
2443000
2423000
2401000
1412000
1055000
1054000
1054000
938400
775800
774800
773500
791700
841900
781000
779800
778900
571400
535800
534200
532600
485900
382700
380800
379000
392400
441200
439600
438100
436500
437400
436000
434600
433100
349800
302600
300900
299200
302600
310500
308900
307300
303100
252100
250500
248900
247300
245700
244200
242700
241100
239700
238200
236700
235300
233900
232500
231100
229700
228400
227000
225700
285400
1080000
2434000
3712000
8567000
8161000
7309000
6376000
3598000
2502000
2359000
2174000
1785000
1390000
1469000
1593000
1748000
2138000
2052000
1888000
1719000
1160000
1026000
982800
930400
805400
721200
750600
793800
863000
987200
987400
988400
989300
992100
957300
881900
1844000
2059000
1951000
1960000
1434000
998700
923400
5104000
5014000
4975000
4821000
2664000
1773000
1807000
1820000
1575000
1223000
1102000
1019000
1162000
2358000
2340000
2322000
2259000
1342000
1066000
1084000
1085000
938600
787600
785000
783300
832200
1008000
964500
923400
2247000
5949000
6361000
6428000
5745000
3657000
3020000
2875000
2776000
2291000
1660000
2930000
8247000
9037000
9196000
8469000
5445000
3823000
3235000
3039000
2639000
2299000
2164000
2040000
2167000
2515000
2554000
2603000
2448000
1827000
1616000
1611000
3086000
2957000
2805000
2610000
1749000
1488000
1610000
1617000
1517000
4036000
4039000
4001000
3925000
2616000
1793000
1646000
1621000
1294000
1055000
1080000
1080000
1073000
1214000
1069000
2530000
2542000
2294000
2232000
1469000
1748000
1752000
2235000
2176000
2919000
2723000
2472000
2358000
1833000
1530000
1552000
2036000
1908000
1822000
1659000
1357000
1176000
1157000
1139000
1055000
1286000
1444000
1401000
1331000
1216000
1004000
1619000
1620000
1558000
1477000
1098000
949200
939200
938500
893700
819000
798800
762300
645800
668000
667400
911600
904500
814900
2623000
2463000
2398000
2361000
1408000
1001000
981400
1913000
1825000
2369000
2454000
2195000
2525000
6033000
6656000
6467000
6056000
3787000
2449000
2244000
2264000
1977000
1642000
1586000
1508000
1563000
1843000
1885000
1836000
1757000
1329000
1124000
1097000
1104000
944500
832500
819600
828100
872200
981000
994300
954000
928400
856100
835300
823600
799000
632200
512400
490000
466400
474800
474700
473500
464300
443700
346800
323100
968600
967800
967100
966300
632100
1047000
1046000
1046000
1122000
782000
661300
659800
606200
6e+05
551900
550200
541900
466300
494200
492500
492000
486200
412300
397400
395500
386200
386900
374700
372900
978800
1847000
2922000
2928000
2620000
2025000
1282000
1055000
1020000
919600
765000
662500
667700
719500
782400
870100
869600
803300
694200
544200
517700
503500
469900
430400
409000
412000
432700
461500
487200
485800
485200
485000
485000
483800
457200
405800
340300
314200
314100
577200
583600
588200
586900
436400
356300
328400
912700
2250000
2765000
2771000
2475000
2159000
1968000
1857000
1825000
1444000
986200
860400
866200
898500
946100
955100
955000
896700
782300
727100
713700
700800
607200
520800
501300
504500
518300
528600
528600
527300
530700
547400
557200
556200
530900
460300
399500
385700
385700
1523000
1523000
1520000
2917000
2583000
2344000
3260000
4154000
11040000
10920000
10430000
9339000
5082000
3537000
3471000
3788000
3341000
2620000
2601000
2451000
2408000
2923000
2895000
2766000
2502000
1642000
1484000
1466000
1464000
1318000
1187000
1192000
1997000
2426000
2712000
2689000
3255000
7354000
9622000
9608000
9044000
8665000
7697000
6964000
9470000
9003000
7183000
6677000
5372000
4178000
3955000
3808000
3655000
3286000
9065000
8820000
8789000
8993000
5541000
3856000
3775000
3503000
2987000
2502000
2532000
2476000
3172000
8214000
8325000
8346000
8016000
4695000
3336000
3262000
3222000
2669000
2068000
2029000
1925000
1950000
2599000
2549000
3991000
4232000
3926000
3718000
2973000
3484000
3371000
7514000
9920000
11050000
10570000
9547000
10960000
9606000
11800000
