752900
750500
747600
744500
741500
738500
735500
732500
729500
726600
723700
720800
718000
715100
712300
709500
20840000
7794000
3088000
935300
1380000
9965000
2766000
7522000
36350000
8804000
3755000
677700
675200
6307000
2508000
1303000
5180000
2498000
5594000
31440000
25320000
7228000
2237000
648600
3531000
1281000
900100
12720000
3306000
6474000
1683000
1057000
628400
626200
624000
621900
2047000
932900
743400
613500
611400
609400
607300
605300
603300
5985000
1788000
1079000
595300
593400
591500
589500
587600
1158000
8630000
10990000
6363000
2050000
860500
574600
572800
571000
569200
567400
2521000
995800
737300
560400
558700
556900
555200
4643000
1455000
916400
548500
546900
545200
543600
542000
540300
538700
537100
535600
534000
532400
530800
529300
527800
526200
524700
523200
521700
520200
518700
517200
515700
514300
512800
22870000
5448000
2511000
507100
505700
504300
502900
501500
3156000
9475000
2588000
1247000
494600
493300
492000
490600
489300
488000
486700
485400
484100
482800
481500
480200
479000
477700
476400
475200
474000
472700
471500
470300
469100
467800
466600
465400
464300
17040000
4122000
8496000
1906000
1045000
457200
456100
454900
453800
452700
451500
450400
449300
448200
447100
9883000
2529000
1289000
442700
441600
440600
439500
438400
437400
436300
435300
434200
433200
432200
431100
430100
429100
428100
427100
426100
425100
424100
423100
422100
421100
420200
419200
418200
417300
416300
415300
414400
413400
412500
411600
410600
409700
408800
407900
407000
406000
405100
404200
403300
402400
401500
400700
399800
398900
398000
397200
396300
395400
394600
393700
392900
392000
391200
390300
389500
388600
387800
387000
386200
385300
384500
383700
19930000
4699000
2132000
380500
379700
378900
378100
377300
376500
375800
375000
374200
373400
372700
371900
371100
370400
369600
368900
368100
367400
366600
365900
365200
364400
363700
363000
362300
361500
360800
360100
359400
358700
358000
357300
356600
15800000
23170000
6024000
33560000
10920000
3970000
676200
351000
350400
349700
349000
348300
347700
347000
346300
345700
345000
344400
343700
343100
342400
341800
341100
340500
339900
339200
338600
338000
337300
336700
5077000
13250000
3381000
1397000
333600
333000
332400
331800
1394000
1710000
677900
431900
328800
328200
327600
327000
326400
325800
325200
324700
1927000
5981000
1638000
797300
321800
321200
320600
320100
319500
318900
318400
317800
317300
316700
30460000
42170000
10790000
3467000
314000
313400
312900
312400
311800
311300
310700
310200
5323000
1416000
757600
308100
307600
4577000
1249000
688400
305500
305000
304500
304000
303500
303000
1243000
586700
402700
307900
300500
757400
400500
22410000
5172000
2274000
297500
1931000
657300
442300
295600
7594000
3040000
1198000
395100
293200
292700
292200
291800
786700
2514000
801500
479200
289400
289000
288500
288100
8050000
2001000
981900
286200
285800
285300
1904000
24780000
5759000
6879000
16540000
4053000
1650000
281800
281400
280900
280500
280100
279600
279200
278800
278300
277900
277500
277100
276600
276200
275800
275400
275000
274500
274100
273700
273300
1417000
525200
374600
271700
271300
45530000
10260000
4323000
10020000
41630000
11230000
4096000
396400
267700
4706000
10030000
2604000
1053000
265700
265300
264900
264500
264200
263800
263400
263000
24730000
11680000
3780000
13740000
3667000
1541000
309500
260000
259600
12700000
3005000
1372000
258100
257800
257400
257000
256700
256300
256000
255600
14050000
3301000
1490000
254200
253800
253500
253100
252700
252400
252000
251700
251300
4117000
1104000
596600
250000
249600
249300
248900
248600
248200
247900
247600
247200
246900
246600
246200
245900
245600
245200
244900
244600
244200
243900
243600
243300
242900
242600
242300
242000
241600
241300
241000
240700
240400
240000
239700
239400
239100
238800
238500
238100
237800
237500
237200
236900
236600
236300
236000
235700
235400
235100
234800
234500
234200
233900
233600
233300
985200
12180000
2902000
1287000
231800
231500
231200
230900
230600
230300
230000
229700
229400
229100
228800
228600
228300
228000
227700
227400
227100
226800
226600
226300
226000
225700
225400
225100
224900
224600
224300
224000
223800
223500
223200
222900
222700
222400
222100
221800
221600
221300
221000
220800
220500
220200
220000
219700
219400
219200
218900
218600
218400
218100
217900
217600
217300
217100
216800
216600
216300
216000
215800
215500
215300
215000
214800
214500
214200
214000
213700
213500
213200
213000
212700
8833000
3593000
1310000
344000
211500
211300
211000
210800
210500
210300
210000
209800
209500
209300
209100
208800
208600
5482000
3784000
1213000
423600
1089000
401900
285900
206700
206500
206200
206000
205700
205500
205300
205100
204800
204600
204400
204100
203900
203700
203400
203200
203000
202800
202500
202300
3108000
843500
461900
201400
201200
201000
200700
200500
200300
200100
199900
199600
199400
199200
199000
4470000
1142000
580900
198100
197900
197700
197500
197300
197000
196800
196600
196400
15900000
16650000
4469000
1358000
195300
195100
194900
9094000
2160000
991300
194100
193900
11780000
35230000
8758000
3180000
224600
192600
192400
192200
3209000
28640000
10770000
3601000
564800
191000
190800
190600
190400
190200
190000
189800
189600
189400
189200
5412000
5305000
23930000
5490000
2194000
188100
19160000
6552000
2367000
382000
187100
186900
186700
186500
186300
186100
185900
185700
185600
2958000
3692000
8771000
9195000
2689000
872700
207300
184100
183900
19670000
4488000
1929000
14980000
10380000
10480000
12670000
3107000
1098000
5382000
1330000
647400
181500
181300
181100
180900
180800
180600
7808000
1865000
863200
179900
179700
179500
179300
179100
179000
178800
178600
178400
178300
178100
177900
1649000
502600
309200
1716000
517000
314700
176700
176500
176400
176200
5205000
1718000
33020000
7348000
3068000
175200
175000
174800
1705000
1789000
593300
288500
2374000
659700
370700
173500
173300
173200
173000
172800
172700
172500
172300
172200
172000
171900
171700
171500
171400
171200
1358000
433100
277100
170600
170400
274200
2313000
829000
399800
185900
169400
169300
169100
169000
168800
168700
168500
168300
4315000
6944000
1833000
692600
5383000
1319000
634400
167100
167000
166800
166600
166500
166300
166200
166000
165900
165700
165600
165400
165300
165100
165000
164800
164700
164500
164400
3610000
13530000
3257000
1293000
163600
163500
163400
163200
163100
162900
162800
162600
162500
162300
162200
162000
161900
161700
161600
161500
161300
161200
161000
160900
160700
160600
160500
160300
160200
160000
159900
159800
159600
159500
159300
159200
159100
158900
158800
158600
158500
158400
158200
158100
157900
157800
157700
157500
157400
157300
157100
157000
156900
156700
156600
156500
156300
156200
156000
155900
155800
155600
155500
155400
155200
155100
155000
154800
154700
154600
154500
154300
154200
154100
153900
153800
153700
153500
153400
153300
153200
153000
152900
152800
152600
152500
152400
152300
152100
152000
151900
151700
151600
151500
151400
151200
151100
151000
150900
150700
150600
150500
150400
150200
150100
150000
149900
149700
10910000
2525000
1113000
149200
149100
1482000
443300
268200
148600
148500
148400
148300
148200
148000
147900
147800
147700
147500
147400
627900
12060000
2798000
1205000
146800
146700
146600
146500
146400
146200
146100
146000
145900
770000
64360000
14350000
5884000
145300
145200
145100
145000
144800
144700
144600
144500
144400
144300
144200
144000
143900
143800
143700
143600
143500
143400
143200
143100
143000
142900
142800
142700
142600
142500
142300
142200
142100
142000
141900
141800
141700
141600
141500
141300
141200
141100
141000
140900
140800
140700
140600
140500
140400
140300
140100
140000
139900
139800
139700
139600
139500
139400
139300
139200
139100
139000
138900
138800
138600
138500
138400
138300
138200
138100
138000
137900
137800
137700
137600
137500
137400
8168000
5881000
1733000
492500
21890000
4940000
2085000
3170000
12690000
27600000
6837000
2383000
6468000
1530000
701200
135800
15220000
3466000
1486000
135400
135300
135200
135100
134900
134800
1601000
14800000
3432000
13110000
26960000
41890000
17770000
28950000
6110000
2279000
133800
133700
133600
133500
133400
133300
133200
133100
133000
132900
30220000
6777000
2827000
132500
132400
132300
132200
132100
3155000
799400
402500
18260000
5219000
11990000
2435000
1026000
131300
131200
131100
131000
130900
130800
8840000
9179000
3413000
973700
20450000
9395000
3001000
559600
130000
129900
129800
129700
1571000
447800
258500
129300
129200
129100
19010000
4297000
1819000
128800
128700
128600
128500
128400
128300
128200
128100
128000
16380000
6969000
2301000
419000
127600
127500
127400
4123000
3393000
1011000
340600
127000
126900
126800
126700
126600
126500
126500
126400
21900000
4934000
2076000
126000
125900
125800
125800
125700
9794000
2261000
991300
125300
125200
125200
125100
125000
14420000
38070000
9088000
3240000
124600
124500
124400
20570000
17160000
4721000
1246000
124000
123900
123800
123700
123600
123600
123500
123400
123300
123200
123100
123100
123000
122900
122800
122700
122600
122600
122500
122400
122300
122200
122100
122100
122000
121900
121800
121700
4202000
1654000
2229000
531900
31940000
14700000
4633000
800600
121000
120900
120900
120800
328600
166500
139200
120500
120400
120300
120200
120100
120100
120000
119900
119800
119700
119700
119600
312200
23910000
30280000
38380000
16520000
5290000
2230000
5881000
1428000
603400
118800
2560000
9684000
2331000
926800
9990000
2298000
1002000
118100
6045000
2256000
831900
192100
117800
4690000
1127000
527000
117500
117400
117300
117200
117200
117100
117000
116900
308500
11960000
5794000
7706000
29630000
10390000
3410000
437000
116300
116200
116100
7551000
24500000
9656000
3003000
16060000
3561000
2316000
293000
187400
115400
115300
115300
115200
115100
115000
115000
114900
114800
114700
114700
114600
114500
114500
114400
114300
114200
114200
114100
114000
114000
113900
113800
113700
113700
113600
113500
113500
113400
113300
2741000
693500
348400
113000
113000
112900
112800
112800
112700
112600
112500
7598000
1766000
782800
112300
112200
112100
112100
112000
111900
111900
111800
111700
111600
111600
111500
111400
111400
111300
111200
111200
111100
111000
111000
110900
110800
110800
110700
110600
110600
110500
110400
110400
110300
110200
110200
110100
110000
110000
109900
109800
109800
109700
6023000
1415000
639100
109400
109400
109300
109200
109200
26240000
41200000
10250000
3272000
108900
108800
108700
108700
108600
4069000
18740000
13550000
5220000
23700000
14800000
4239000
968200
108000
108000
14050000
3187000
1356000
107700
107700
107600
107500
2109000
51190000
11470000
4642000
107200
107200
107100
15450000
3496000
1481000
106900
106800
106700
106700
106600
4075000
982900
461800
106400
6155000
18960000
14440000
3867000
12030000
2543000
1094000
105900
105800
105700
105700
105600
105600
105500
105400
105400
105300
105300
105200
105100
105100
105000
105000
104900
104800
104800
11140000
2541000
1092000
104500
104500
104400
527900
3780000
11940000
2855000
2496000
414700
230000
103900
5104000
1208000
9303000
2036000
887400
103600
103500
103500
103400
103400
103300
103200
103200
103100
103100
103000
102900
102900
102800
102800
102700
102700
102600
102500
102500
1636000
22330000
7994000
2708000
363700
102100
102100
102000
102000
101900
101900
101800
101700
101700
101600
101600
101500
101500
101400
101300
101300
101200
25750000
27320000
7157000
2031000
101000
100900
100800
100800
6475000
2315000
849600
172800
10400000
2710000
1097000
130400
100300
100200
100200
100100
100100
1e+05
99970
99910
99860
99800
99750
99690
99640
99580
99530
99470
99420
99360
99310
99260
99200
99150
12190000
2769000
1182000
98930
951300
287100
175100
98720
98670
98610
98560
98510
98450
98400
98350
98290
98240
98190
98130
98080
98030
97970
97920
97870
97820
97760
97710
97660
97600
5039000
1863000
688800
157700
97340
97290
97240
97190
97140
97080
97030
96980
96930
96880
96830
96770
1972000
8011000
10780000
2724000
889600
96470
96420
96370
96320
96270
96220
96160
96110
96060
96010
95960
95910
95860
95810
95760
95710
18400000
4139000
1735000
95510
95460
95410
95360
95310
95260
95210
95160
95110
95060
95010
94960
94910
94860
94810
94760
94710
94670
13430000
3039000
1289000
94470
94420
94370
94320
94280
94230
94180
94130
94080
94030
93980
93930
93890
93840
93790
93740
93690
93640
93600
93550
93500
93450
93400
93350
93310
93260
93210
93160
93120
93070
93020
92970
92920
92880
92830
92780
92730
92690
92640
92590
92550
92500
92450
92400
92360
92310
92260
92220
92170
92120
92080
92030
91980
91940
91890
91840
91800
91750
91700
91660
5923000
14220000
14920000
40770000
9289000
3405000
91360
91310
91270
91220
91180
91130
91080
91040
90990
90950
90900
90860
90810
90770
90720
90670
90630
90580
90540
90490
90450
90400
90360
90310
90270
90220
90180
90130
90090
90050
7377000
5643000
1613000
443100
89840
89790
89750
32610000
7272000
3959000
300900
175200
89500
89460
89410
89370
89330
89280
89240
934200
7856000
1839000
767900
89030
88990
88950
88900
88860
88820
88770
88730
88690
88640
88600
88560
88510
11620000
31610000
11170000
3940000
514800
3115000
4946000
1283000
464200
88140
88100
11340000
40090000
14400000
4557000
537900
87890
87850
87810
87770
378000
1513000
920000
321200
132900
87520
87480
87430
87390
87350
87310
87270
11850000
2686000
1141000
87120
87080
87030
86990
86950
86910
20260000
4542000
1893000
86760
86720
86680
86640
86600
86560
86520
86470
86430
86390
86350
86310
11870000
2688000
1141000
86170
86130
5161000
1713000
5159000
1396000
9908000
2177000
924000
85850
85810
85770
481500
4629000
1964000
674400
162500
85540
85500
85460
85420
85380
2397000
2975000
817800
298300
85190
85150
5789000
1345000
595800
352500
144000
108900
84880
84840
84800
84760
84720
84680
84640
84600
84560
2013000
510400
257200
14980000
3373000
1418000
84320
84280
84240
84200
7574000
1738000
6701000
2172000
2861000
4986000
28650000
12910000
3948000
655600
83870
83830
83790
83750
83710
83680
83640
83600
83560
83520
83480
83450
83410
83370
83330
83290
83250
83220
83180
83140
83100
83060
83030
82990
82950
82910
82870
82840
82800
82760
82720
82690
82650
82610
82570
82530
82500
82460
82420
82390
82350
2967000
719400
340600
82200
82170
4616000
1083000
488100
972600
278700
161700
81920
81880
81850
81810
81770
81740
81700
81660
81630
81590
81550
81520
81480
81440
81410
81370
81330
81300
2334000
8245000
11320000
2832000
918300
81120
81080
81050
81010
80980
80940
80900
80870
80830
80800
80760
80720
80690
80650
80620
80580
80540
80510
80470
80440
80400
80370
80330
80300
80260
80220
80190
80150
80120
80080
80050
80010
79980
79940
79910
79870
79840
79800
79770
79730
79700
4717000
13390000
7909000
2218000
500400
4348000
4101000
1142000
355200
79410
79370
79340
79310
79270
79240
79200
79170
79130
79100
79060
79030
78990
78960
78930
78890
78860
78820
78790
78760
78720
78690
78650
78620
78580
78550
78520
78480
78450
78410
7304000
1855000
765300
12530000
5201000
2105000
8571000
15180000
55630000
13200000
4831000
121000
78120
78090
78060
3874000
916400
418000
77930
77900
77860
77830
77800
77760
77730
77700
77660
77630
77600
77560
77530
77500
6351000
4456000
2552000
621800
8393000
34550000
25920000
7007000
1850000
17010000
15840000
4243000
19600000
11540000
3361000
739100
77180
77150
77120
77080
77050
77020
42270000
9395000
3856000
76940
76910
76880
76840
76810
76780
76750
76710
76680
5408000
32910000
8128000
3040000
128700
76550
76520
76490
76460
76420
76390
76360
76330
76300
1902000
479300
11290000
4856000
4447000
918200
332600
8159000
6056000
33130000
25330000
19900000
4565000
10460000
27220000
6765000
21100000
