1958000
1622000
1349000
1156000
1013000
902100
813700
741500
681300
630300
586600
548600
515300
485900
459700
436200
3251000
7865000
4836000
2879000
2112000
3168000
4437000
4073000
30350000
16510000
4565000
2258000
1703000
1967000
2598000
2182000
2183000
2576000
2764000
21530000
30980000
9196000
3450000
2226000
1990000
2032000
1678000
3235000
5236000
4142000
3861000
2674000
1964000
1565000
1307000
1126000
1102000
1170000
1054000
935400
840600
763600
699900
646100
600200
805900
1252000
1161000
1021000
908100
818600
745600
684700
704400
1328000
3652000
5707000
4386000
2814000
2026000
1602000
1333000
1144000
1004000
1049000
1241000
1124000
990500
884500
799500
729700
858000
1142000
1057000
939000
843400
766000
701800
647800
601600
561700
526800
518800
548700
524600
494500
467400
443100
421300
401500
383600
367100
352100
338200
325400
313600
302600
292300
9776000
14850000
4465000
2140000
1626000
1348000
1155000
1012000
1366000
3402000
4614000
3052000
2141000
1669000
1378000
1176000
1028000
914200
823500
749600
688100
683000
732100
715700
664700
616300
574500
538000
506000
477600
452300
429500
409000
390400
373400
357800
435100
4756000
9338000
6467000
4687000
2943000
2087000
1638000
1357000
1783000
4691000
2634000
1028000
752500
683100
631900
2076000
4185000
2943000
2097000
1644000
1361000
1164000
1019000
907000
817700
744800
684100
632700
588600
550400
516900
487300
460900
437300
416000
396800
379200
363200
348400
334800
322300
310700
299800
289800
280300
271500
277800
312400
437400
705400
693700
643000
597500
558100
523700
493300
466300
442100
420400
400700
382800
366500
351500
337600
324900
313100
369900
767400
1193000
1110000
981200
877100
793500
724800
667200
618300
576200
539500
507300
478800
453300
561000
8458000
11330000
4303000
2358000
1769000
1443000
1527000
1836000
1571000
1316000
1132000
994300
887500
801900
731800
673100
623300
580500
543300
510700
481800
556000
747300
719900
664700
616200
574300
537900
505900
477500
452200
429500
408900
390300
373300
436400
6259000
27560000
9912000
36440000
11220000
3369000
2045000
1604000
1334000
1145000
1004000
895400
808400
737100
677600
627200
583800
546200
513200
484000
458000
434700
413700
394600
377200
361400
346800
333300
320900
321900
1342000
6409000
8133000
3948000
2407000
1809000
1468000
1240000
1184000
1320000
1296000
1139000
1001000
892400
805900
735100
675900
625700
582600
545100
598100
1021000
1444000
1300000
1124000
988500
882900
798200
728700
670500
621100
578600
541600
509200
8628000
48620000
12280000
3614000
2231000
1720000
1411000
1200000
1046000
928100
834700
758800
943800
1332000
1216000
1061000
940000
1067000
1364000
1229000
1071000
947600
850400
771700
706600
651800
638300
658800
624700
582800
545300
521500
514400
3624000
7571000
3903000
2404000
1951000
1823000
1520000
1279000
1735000
2650000
2339000
1830000
1484000
1252000
1085000
958000
874800
921200
1004000
921400
830600
755400
693000
640300
1001000
1655000
1480000
1254000
1087000
959600
941700
7749000
12730000
5136000
9595000
10770000
4253000
2385000
1787000
1454000
1231000
1069000
946100
849100
770600
705700
651100
604500
564200
529000
498000
470500
445900
423800
403800
385600
369000
353800
487600
817200
797200
730300
671900
25890000
19570000
4644000
5218000
44060000
11090000
3744000
2379000
1806000
1951000
4058000
5265000
3276000
2230000
1719000
1410000
1200000
1046000
927900
834500
758700
8883000
17660000
6303000
8689000
6814000
3746000
2421000
1823000
1477000
3453000
5865000
3501000
2310000
1762000
1438000
1219000
1061000
939400
843800
766300
3982000
7811000
3940000
2408000
1809000
1468000
1241000
1076000
951700
853600
774300
708800
1117000
1861000
1631000
1358000
1163000
1018000
906000
816900
744100
683500
632200
588200
550000
516600
487000
460700
437100
415800
396600
379000
363000
348300
334700
322200
310500
299700
289700
280300
271400
1193000
2808000
2277000
1762000
1438000
1219000
1060000
939400
843800
766200
702100
648000
601800
561900
527000
496200
468900
444500
422500
402600
384600
368000
352900
339000
326100
314200
303200
996400
5033000
7120000
3776000
2381000
1797000
1461000
1235000
1072000
948700
851200
772300
707200
722700
808900
759200
697200
643800
598200
558700
524200
493800
479800
490400
482600
459100
435800
414700
395500
378100
362100
347500
334000
321500
309900
299100
289100
279700
271000
262700
255000
247600
240800
234200
228100
222200
216600
211400
206300
201500
196900
192600
188400
184400
180500
176900
173300
169900
166700
163500
160500
157600
154800
152100
149500
147000
144500
142200
139900
137700
135500
133400
131400
129500
127600
2478000
6373000
4127000
2622000
1928000
1543000
1292000
1114000
981000
877000
793400
724700
667100
618200
576100
539400
507200
1629000
3806000
3379000
2403000
1932000
1751000
1464000
1239000
1075000
950900
853000
773800
708400
653300
606400
565800
530500
499300
471700
467100
491000
523100
610800
587500
550300
516800
548900
838900
1136000
1051000
934400
839800
763000
699300
645700
599800
560100
525400
494900
467700
443400
421500
619400
1039000
989900
887300
801800
731600
673000
623200
580400
543200
510600
481700
2127000
9831000
9809000
4146000
2410000
1805000
1466000
2271000
3477000
2584000
1924000
1540000
2948000
3e+07
15840000
4637000
2362000
1766000
1441000
1221000
1250000
13210000
18150000
5708000
2638000
1896000
1523000
1279000
1104000
973400
870900
788400
720500
663600
615200
815500
1549000
10460000
13790000
4432000
2228000
6936000
11760000
5030000
2721000
1961000
1565000
1308000
1126000
990000
884100
799100
729400
671200
743700
1079000
2095000
4562000
5189000
3284000
2247000
1730000
1417000
5812000
9957000
4203000
6346000
11940000
9538000
11250000
8568000
3937000
3160000
3389000
2479000
1866000
1505000
1266000
1095000
966100
865100
1344000
2145000
1821000
1484000
1252000
1084000
957900
858600
778400
712200
656600
609200
568300
532600
501200
543600
671800
646500
650500
698100
658800
611800
570500
534600
506000
654700
993900
15040000
16580000
4529000
2064000
1575000
1314000
1265000
1434000
1399000
1216000
1182000
1274000
1138000
1001000
892500
806000
735100
675900
625800
582600
545200
512300
483200
457300
434000
413100
394100
376700
538700
915600
885000
802800
759600
762300
798700
894900
846800
772200
707100
652300
605500
565100
529800
498700
471100
446500
960400
2723000
3423000
2514000
2576000
3030000
2308000
1774000
1446000
1225000
1065000
942700
846400
768400
703900
649500
603100
563000
528000
497100
469700
445200
423100
403200
385100
368500
1299000
6607000
8518000
4009000
2412000
1810000
1469000
1241000
1077000
951900
853800
774500
708900
653800
606800
566200
530800
499600
471900
447200
424900
436200
482300
466600
442900
421100
401300
383400
392700
440100
428400
408400
389800
372900
357300
343100
329900
317700
306400
295900
286100
276900
268300
260200
252600
245400
238600
232200
226200
462000
1008000
981200
881100
796700
727400
669500
620200
577800
541000
508600
479900
762600
1335000
1238000
1079000
953900
855400
775700
710000
654700
607600
566900
531400
500100
472400
447600
425300
405200
386900
370200
354900
340800
421300
752300
951500
1208000
1623000
1432000
1219000
1060000
939200
843600
766100
702000
647900
601700
561800
526900
496200
468900
444400
422500
406200
395700
379500
363500
348700
373500
1567000
3279000
2523000
1894000
1522000
1469000
1568000
1359000
1166000
1020000
907900
818400
745400
684600
633100
589000
550700
517200
487500
833200
3523000
5626000
3420000
2283000
1748000
1429000
1213000
1056000
935600
840800
763800
7e+05
1012000
54790000
2.3e+07
4836000
2059000
1572000
1312000
1129000
992100
885800
800500
730600
672100
622500
579800
542700
510100
481300
455500
432500
411700
392800
375600
359800
345400
332000
319700
308200
297600
287700
278400
269700
261500
253800
246600
239700
233300
227200
221300
215800
210600
205600
200800
196300
191900
187800
183800
180000
176300
172800
169400
166200
163100
160100
157200
154400
151700
149100
146600
144200
141800
139500
137300
135200
133100
131100
129200
127300
125400
123700
121900
172400
374800
390300
374800
359100
344700
830900
2207000
2587000
2042000
8610000
12780000
4387000
2640000
5405000
25940000
13100000
4419000
3419000
3837000
2703000
1981000
4726000
7624000
3891000
2402000
1807000
1467000
1240000
1076000
951100
932600
2992000
5430000
6570000
26500000
47810000
17420000
30360000
7944000
2886000
1974000
1571000
1312000
1129000
991900
885600
800400
730500
672000
622400
10110000
15490000
4484000
2091000
1593000
1327000
1140000
1e+06
1052000
1236000
1118000
4324000
8259000
7174000
7285000
3771000
2378000
1796000
1460000
1235000
1072000
948300
1617000
4112000
5102000
3445000
9758000
15140000
6022000
2990000
2078000
1633000
1353000
1159000
1127000
1196000
1074000
951200
853200
774000
3827000
7535000
3892000
2403000
1807000
1467000
1240000
1116000
1052000
943600
847600
769400
3139000
7158000
4914000
2961000
2089000
1639000
1358000
1589000
2339000
2320000
1848000
1497000
1261000
1091000
963200
862800
781800
715100
659000
5912000
11140000
4299000
2348000
1762000
1438000
1220000
1061000
2176000
3800000
2756000
2010000
1593000
1326000
1139000
1e+06
3841000
37530000
14750000
4420000
2400000
1797000
1461000
6840000
19530000
8735000
3731000
2344000
1779000
1449000
1227000
1066000
944000
847500
769300
704600
650100
603600
563500
528400
497500
518700
611100
588500
551200
517600
487900
461500
437800
416500
397200
379600
424200
573400
562800
1330000
2691000
2504000
2186000
20370000
20370000
6647000
3008000
2074000
1630000
1352000
1375000
1622000
1510000
1289000
1113000
980000
876200
792700
724100
666700
617800
575800
539200
507000
478500
453100
612800
12130000
33110000
43070000
17660000
5644000
4734000
10120000
2538000
2014000
6967000
5497000
12860000
3371000
1116000
18620000
4670000
913500
5792000
11140000
6148000
1150000
431600
6856000
12150000
2119000
1381000
478100
320100
301700
291500
282000
273100
264700
256800
360900
1606000
3555000
4581000
30450000
12550000
4738000
2595000
1887000
1516000
1274000
1796000
13510000
16370000
5679000
11120000
7142000
4101000
2544000
1875000
1509000
1269000
1097000
968000
866600
784900
717600
661200
613100
571700
535600
503800
475700
450600
428000
407600
389100
372200
356700
342500
329400
317200
306000
295500
285700
276500
335800
506700
505900
1126000
2872000
3292000
2428000
1839000
1487000
1254000
1086000
959200
859600
779200
712900
1785000
3402000
2576000
1921000
1539000
1289000
1112000
979500
875700
792400
723800
666400
617600
575600
539000
506800
478400
453000
430100
409500
390900
373800
358200
343900
330600
318400
307100
296500
286600
277400
268800
260700
253000
245800
239000
232600
226500
220700
215300
210000
205100
200300
514500
1227000
1173000
1031000
916200
825100
750900
689200
7057000
46220000
12790000
3877000
2327000
1770000
1444000
1223000
1063000
1190000
5866000
14290000
8334000
17550000
19850000
7209000
3260000
2183000
1693000
3882000
6456000
3651000
2353000
1784000
1452000
1229000
1182000
37500000
20660000
4714000
2021000
1546000
1294000
3678000
6553000
3682000
2361000
1788000
1455000
1231000
1069000
1190000
1465000
1302000
1125000
1426000
7199000
16270000
8078000
6658000
7495000
3829000
2390000
1802000
1464000
1237000
1074000
949800
852100
773100
707800
652800
606000
565500
530100
499000
471400
446700
424500
404500
386200
1084000
2296000
1952000
1568000
1309000
1127000
1039000
1210000
3102000
4909000
3373000
2590000
1967000
1570000
1755000
2177000
3116000
4276000
2927000
2087000
1638000
1357000
1161000
1017000
905300
816300
743700
683100
631900
587900
555100
535600
506100
477900
452500
429700
409200
390500
373500
450300
4660000
10280000
5229000
2910000
2056000
1620000
1345000
1153000
1010000
9e+05
812000
740100
680200
649600
636600
597000
557900
523500
493200
466200
442000
8081000
32930000
9855000
3521000
2241000
1725000
1414000
1203000
1971000
3252000
2636000
1981000
3157000
4818000
3238000
2239000
1725000
1414000
1203000
1048000
929600
836000
759800
696700
643400
597900
558400
524000
493600
466500
442400
420600
400900
383000
366600
351600
337800
325000
4356000
9294000
4145000
2405000
1919000
1754000
1468000
1242000
1077000
952500
854300
774800
709200
654100
607000
566400
531000
499700
472000
447300
425000
404900
386700
370000
464200
702200
687300
663300
771500
1405000
2104000
1876000
1535000
1287000
1111000
978400
874900
791700
723200
665900
617200
575200
538700
506600
478100
981500
3090000
6753000
6983000
3696000
2359000
1787000
1454000
1231000
1069000
946000
849100
770600
705700
651100
604500
564200
529000
498000
470500
966700
9845000
13290000
4411000
2257000
1703000
1400000
1192000
1040000
923500
831000
755700
693300
640500
595400
556300
522100
491900
465000
441000
419400
440600
5048000
9986000
4211000
2389000
1790000
1456000
1232000
1070000
946800
849700
771100
706100
651400
604800
564400
529200
498200
470700
446100
423900
403900
391800
393400
379000
363100
348400
334800
322300
310600
299800
289700
280300
271500
263200
285000
366700
368100
361900
348600
335000
322500
310800
3e+05
289900
280500
271700
263400
255600
248200
241300
234800
228600
222700
217100
211800
208500
210200
206300
201500
197000
192600
216700
365300
900300
4041000
11920000
46410000
12060000
3660000
2256000
1733000
1419000
1206000
1051000
931700
837600
761200
697800
644400
598700
559200
524600
494100
467000
442800
421000
401300
383300
366900
351900
338000
325200
313400
302400
292100
282600
273600
265200
257300
1152000
3409000
3545000
2528000
1890000
1519000
1276000
16200000
17310000
4669000
2254000
1714000
1409000
1199000
1045000
927200
834000
758200
695300
697600
1214000
1925000
1669000
1384000
1181000
1031000
916700
825600
751300
689500
637300
592600
553900
520000
490000
463400
1098000
18490000
18260000
5700000
2759000
2298000
2867000
3042000
2288000
1761000
1438000
2694000
34670000
19360000
6299000
3014000
2088000
1639000
1357000
1162000
1054000
1065000
1096000
1030000
923500
831300
756000
693500
640700
595500
556400
522200
1254000
2486000
2066000
1638000
1357000
1161000
1017000
905200
816200
4545000
8772000
4079000
2412000
1807000
1467000
1240000
1076000
951300
853300
774100
708600
653500
606600
566000
1502000
2993000
2364000
1809000
1469000
1686000
2204000
2416000
2732000
3866000
5144000
3245000
2219000
1713000
1406000
1230000
1441000
1861000
1717000
1435000
1218000
1060000
938700
843200
765800
856200
1216000
1358000
1203000
1050000
931400
1227000
1807000
1577000
1345000
1203000
1056000
936600
841500
764400
700500
646700
600700
560900
526100
497200
553800
700800
674100
2212000
4398000
3028000
2134000
1665000
1375000
1174000
2055000
3348000
3477000
3968000
3225000
3389000
22330000
17750000
6286000
3027000
2093000
3394000
2454000
1307000
1024000
906200
817100
744300
683700
632300
588300
550100
516700
487100
460700
437200
415900
396600
379100
363000
348300
334700
322200
310600
299800
289700
280300
271500
263200
255400
248100
241200
234600
447400
951500
930200
840100
763200
699500
645800
650000
1057000
1612000
1437000
1224000
1064000
11200000
2487000
846900
6235000
1534000
645400
562800
527800
496900
469500
445000
423000
403100
385000
368400
353300
339300
326400
314500
303400
293100
283500
274500
291600
875300
3055000
7019000
7346000
3776000
2378000
1796000
1460000
1235000
1072000
948300
850900
822200
867300
803700
734100
675000
625000
582000
544600
511800
482700
456900
433700
412700
393800
376500
516000
862100
836900
763300
699600
645900
6e+05
560300
525600
495000
467800
443500
994000
1984000
1736000
1429000
1213000
1056000
935900
1532000
5718000
9565000
5864000
3233000
3923000
3624000
3092000
2265000
1746000
1428000
1212000
1055000
935300
840500
763500
699800
646100
600100
560400
525700
495100
467900
521400
670200
647700
602900
562800
527800
496900
469500
445000
423000
403100
385000
368400
353300
339300
462000
2452000
4731000
3196000
4986000
7795000
4760000
5677000
16580000
62180000
12820000
3140000
2e+06
1588000
1323000
1137000
1314000
1688000
1474000
1249000
1082000
956400
857400
777400
711400
655900
608600
567700
532100
500800
473000
448100
425800
905700
2155000
2502000
2190000
2886000
28010000
30950000
9572000
3645000
16990000
16590000
4859000
20980000
11810000
3354000
1796000
1431000
1214000
1057000
936500
841500
764400
24180000
19200000
4628000
1962000
1505000
1266000
1095000
966300
865200
783800
716700
660400
877500
17010000
17390000
4707000
2126000
1611000
1338000
1148000
1007000
897300
809900
738400
678700
628100
663200
777800
1637000
3309000
3488000
3123000
2291000
2886000
4799000
27300000
30820000
20380000
7065000
1.1e+07
30050000
7135000
21800000
