1574000
1509000
1481000
1459000
1437000
1416000
1395000
1375000
1356000
1337000
1319000
1301000
1284000
1267000
1250000
1234000
2493000
1849000
1657000
1620000
1634000
2092000
1782000
2082000
4825000
2953000
2683000
2610000
2541000
2976000
2677000
2549000
2866000
2655000
2898000
6190000
6397000
4486000
4137000
3964000
4180000
3813000
3644000
5070000
4019000
4379000
3876000
3690000
3552000
3424000
3305000
3194000
3330000
3078000
2966000
2877000
2793000
2713000
2638000
2567000
2500000
2957000
2596000
2497000
2433000
2373000
2316000
2261000
2209000
2294000
2846000
3115000
2853000
2585000
2501000
2438000
2377000
2319000
2264000
2212000
2400000
2205000
2140000
2094000
2049000
2006000
1965000
2303000
2021000
1954000
1915000
1877000
1841000
1807000
1773000
1741000
1710000
1680000
1651000
1623000
1596000
1570000
1545000
1520000
1497000
1474000
1452000
1430000
1409000
1389000
1369000
1350000
1331000
1313000
3211000
2055000
1895000
1859000
1823000
1789000
1757000
1725000
1990000
2455000
1992000
1909000
1872000
1836000
1802000
1768000
1736000
1705000
1676000
1647000
1619000
1592000
1566000
1541000
1517000
1493000
1470000
1448000
1427000
1406000
1386000
1366000
1347000
1328000
1310000
1292000
1406000
2543000
1786000
2030000
1817000
1764000
1732000
1701000
1672000
1643000
1615000
1589000
1563000
1538000
1514000
1490000
2246000
1780000
1702000
1672000
1643000
1616000
1589000
1563000
1538000
1514000
1490000
1468000
1446000
1424000
1403000
1383000
1363000
1344000
1326000
1308000
1290000
1273000
1257000
1240000
1225000
1209000
1194000
1180000
1165000
1151000
1138000
1124000
1111000
1287000
1178000
1154000
1140000
1127000
1114000
1101000
1089000
1076000
1065000
1053000
1042000
1030000
1019000
1009000
998300
988100
978100
1023000
1188000
1061000
1037000
1026000
1015000
1005000
994400
984300
974300
964600
955000
945600
936400
927400
1010000
1900000
1348000
1273000
1257000
1241000
1225000
1349000
1244000
1218000
1203000
1188000
1174000
1160000
1146000
1132000
1119000
1106000
1094000
1081000
1069000
1058000
1047000
1035000
1024000
1014000
1003000
992700
982600
972700
962900
953400
944100
934900
925900
917100
945700
1847000
2397000
1671000
3917000
2779000
2386000
2309000
2254000
2202000
2153000
2105000
2060000
2017000
1975000
1935000
1897000
1860000
1825000
1791000
1758000
1726000
1696000
1666000
1638000
1610000
1584000
1558000
1533000
1509000
1486000
2218000
2627000
2020000
1925000
1887000
1850000
1815000
1781000
1844000
1825000
1754000
1719000
1689000
1660000
1631000
1604000
1578000
1552000
1528000
1504000
1627000
1813000
1609000
1565000
1540000
1515000
1492000
1469000
1447000
1426000
1405000
1384000
1365000
1346000
3168000
5360000
3170000
2866000
2783000
2704000
2629000
2559000
2492000
2429000
2369000
2311000
2714000
2386000
2301000
2247000
2195000
2520000
2241000
2167000
2119000
2073000
2029000
1987000
1946000
1908000
1962000
1872000
1826000
1792000
1759000
1753000
1708000
3360000
2293000
2134000
2087000
2190000
2053000
2001000
1960000
2553000
2206000
2057000
2008000
1967000
1927000
1889000
1853000
1845000
1926000
1819000
1777000
1745000
1714000
1684000
1655000
2071000
1800000
1742000
1711000
1681000
1652000
1722000
3437000
2302000
2519000
3553000
2702000
2550000
2483000
2421000
2361000
2304000
2250000
2198000
2149000
2101000
2056000
2013000
1972000
1932000
1894000
1857000
1822000
1788000
1755000
1724000
1693000
1664000
1635000
1877000
1700000
1655000
1627000
1600000
5148000
2982000
2677000
3627000
8386000
5075000
4340000
4133000
3961000
4421000
5078000
4211000
3967000
3808000
3661000
3525000
3399000
3282000
3173000
3070000
2974000
6364000
4890000
4066000
5770000
4548000
4169000
3987000
3826000
3678000
5250000
4117000
3849000
3699000
3561000
3432000
3312000
3201000
3097000
2999000
2908000
5137000
3567000
3293000
3183000
3080000
2983000
2893000
2808000
2727000
2652000
2580000
2512000
3060000
2647000
2541000
2475000
2412000
2353000
2297000
2243000
2191000
2142000
2095000
2051000
2008000
1966000
1927000
1889000
1852000
1817000
1783000
1751000
1720000
1689000
1660000
1632000
1605000
1578000
1553000
1528000
1504000
2183000
1761000
1687000
1658000
1630000
1603000
1577000
1551000
1526000
1503000
1479000
1457000
1435000
1414000
1394000
1374000
1354000
1335000
1317000
1299000
1282000
1265000
1249000
1233000
1217000
1202000
1187000
1809000
2056000
1603000
1536000
1512000
1488000
1465000
1443000
1422000
1401000
1381000
1362000
1343000
1324000
1306000
1289000
1272000
1255000
1239000
1223000
1208000
1193000
1178000
1164000
1150000
1136000
1123000
1110000
1098000
1085000
1073000
1061000
1050000
1038000
1027000
1016000
1006000
995400
985200
975300
965500
955900
946500
937300
928300
919400
910700
902200
893800
885600
877500
869600
861900
854200
846700
839300
832100
825000
818000
811100
804300
797700
791100
784700
778300
772100
766000
759900
754000
748200
742400
736700
731100
725600
720200
1430000
1072000
989700
976600
966800
957200
947800
938500
929500
920600
911900
903300
895000
886700
878600
870700
862900
1268000
1102000
1020000
1004000
1034000
1002000
988800
978800
968900
959300
949800
940600
931500
922500
913800
905200
896800
888500
880400
872400
864600
895800
864700
854500
847000
839600
905300
1005000
901300
883300
875300
867400
859700
852100
844600
837300
830100
823000
816000
809200
802400
795800
1001000
864200
842800
835500
828300
821200
814300
807500
800800
794200
787700
781300
1335000
1444000
1157000
1117000
1105000
1092000
1080000
1368000
1207000
1176000
1162000
1148000
1684000
3309000
2115000
1930000
1890000
1854000
1819000
1785000
1925000
4140000
3012000
2589000
2499000
2436000
2375000
2318000
2263000
2211000
2161000
2113000
2067000
2024000
1982000
2444000
2424000
4065000
2856000
2659000
2587000
4613000
3520000
3104000
2988000
2899000
2812000
2732000
2656000
2584000
2516000
2451000
2390000
2332000
2557000
2584000
3026000
3173000
2746000
2624000
2552000
2486000
2423000
4323000
3070000
2856000
4652000
4247000
4412000
4967000
3998000
3761000
4292000
3757000
3575000
3445000
3325000
3212000
3107000
3009000
2917000
3866000
3103000
2938000
2850000
2768000
2690000
2616000
2546000
2480000
2417000
2358000
2301000
2247000
2195000
2146000
2310000
2132000
2073000
2167000
2036000
1985000
1945000
1906000
1869000
1833000
2219000
1957000
4664000
2928000
2671000
2598000
2530000
2464000
2576000
2525000
2390000
2325000
2468000
2295000
2229000
2179000
2130000
2084000
2039000
1997000
1956000
1917000
1879000
1843000
1808000
1775000
1743000
1712000
1682000
1653000
1914000
1726000
1679000
1650000
1646000
1623000
1703000
1619000
1580000
1554000
1529000
1505000
1482000
1459000
1437000
1416000
1396000
1376000
1854000
1860000
1616000
1569000
1848000
1650000
1604000
1577000
1552000
1527000
1503000
1480000
1458000
1436000
1415000
1394000
1374000
1355000
1336000
1318000
1300000
1283000
1266000
1249000
1233000
1218000
1894000
2144000
1665000
1593000
1567000
1542000
1518000
1494000
1471000
1449000
1428000
1407000
1386000
1367000
1348000
1329000
1311000
1293000
1276000
1259000
1243000
1227000
1212000
1197000
1182000
1168000
1154000
1140000
1139000
1120000
1106000
1093000
1081000
1069000
1057000
1046000
1035000
1024000
1013000
1002000
992000
981900
972000
962300
952800
943500
934300
925300
916500
1132000
994300
970500
960800
951300
942000
932900
923900
915100
906500
898100
889800
1095000
961900
939100
930100
921200
912400
903900
895500
887200
879100
871200
863400
855700
848200
840800
833500
826400
819400
812500
805700
799000
841700
910900
834700
1002000
884300
864600
856900
849300
841900
834600
827500
820400
813500
806700
8e+05
793400
786900
780600
774300
768100
762100
756100
750200
744400
738700
756800
1171000
918700
884000
875900
868000
936200
882800
870000
862200
854500
847000
839700
832400
825300
818300
811400
804600
798000
791400
993400
1266000
1006000
970600
960900
951400
942100
933000
924000
915300
906600
898200
889900
1052000
4418000
2338000
2072000
2028000
1986000
1946000
1907000
1870000
1834000
1800000
1767000
1735000
1704000
1674000
1645000
1618000
1591000
1565000
1540000
1516000
1492000
1469000
1447000
1426000
1405000
1385000
1365000
1346000
1327000
1309000
1292000
1274000
1258000
1242000
1226000
1210000
1195000
1181000
1166000
1152000
1139000
1125000
1112000
1100000
1087000
1075000
1063000
1052000
1040000
1029000
1018000
1008000
997100
986900
976900
967100
957500
948100
938800
929800
920900
912200
903600
895200
887000
878900
870900
863100
855500
848000
1025000
906200
886000
877900
870000
862200
1279000
1160000
1048000
1029000
1940000
1397000
1321000
1475000
2011000
3270000
2202000
2037000
2539000
2152000
2069000
2026000
3287000
2438000
2295000
2242000
2190000
2141000
2094000
2050000
2007000
2112000
3215000
2393000
3266000
5438000
8982000
6697000
9970000
6671000
5965000
5608000
5292000
5011000
4758000
4530000
4323000
4134000
3961000
3802000
3656000
8344000
5204000
4650000
4432000
4234000
4052000
3886000
3733000
4e+06
3623000
3466000
5684000
4316000
5362000
4331000
4058000
3892000
3738000
3597000
3466000
3344000
3230000
4313000
4381000
3743000
3482000
5999000
5019000
4243000
4020000
3856000
3706000
3567000
3438000
3558000
3295000
3170000
3068000
2972000
2883000
5292000
3608000
3320000
3208000
3104000
3006000
2914000
2836000
2749000
2671000
2599000
2530000
4300000
3525000
3042000
2921000
2834000
2752000
2675000
3024000
2925000
2713000
2626000
2556000
2490000
2426000
2366000
2309000
2255000
2203000
2153000
4231000
2917000
2704000
2629000
2559000
2492000
2429000
2369000
3258000
2651000
2524000
2459000
2397000
2338000
2283000
2229000
3612000
6988000
4189000
3757000
3614000
3482000
3359000
5880000
6263000
4635000
4295000
4109000
3938000
3781000
3636000
3502000
3378000
3262000
3154000
3053000
2958000
2869000
2785000
2706000
2632000
2590000
2507000
2441000
2380000
2322000
2267000
2215000
2165000
2117000
2071000
2027000
2032000
1962000
1919000
2908000
2268000
2256000
2120000
5148000
4187000
3265000
3095000
2998000
2906000
2820000
2915000
2810000
2684000
2606000
2537000
2471000
2409000
2350000
2293000
2240000
2189000
2140000
2093000
2048000
2005000
1964000
2355000
4088000
5822000
8473000
6540000
5271000
5069000
5675000
4792000
4499000
4298000
4494000
5549000
4451000
4165000
5572000
4431000
4140000
3966000
4642000
4118000
3847000
3691000
3553000
4126000
3577000
3406000
3288000
3178000
3076000
2979000
2889000
2804000
2724000
2649000
3045000
4104000
3508000
3821000
7031000
5180000
4320000
4091000
3921000
3766000
3622000
4490000
7308000
5606000
4693000
7318000
5258000
4972000
4632000
4406000
4210000
4031000
3866000
3715000
3575000
3445000
3325000
3213000
3108000
3010000
2918000
2831000
2749000
2672000
2600000
2531000
2465000
2403000
2344000
2288000
2235000
2184000
2135000
2089000
2044000
2001000
1962000
1922000
1884000
2842000
2572000
2204000
2129000
2083000
2038000
1996000
1955000
1916000
1879000
1842000
1808000
2649000
2064000
1964000
1925000
1887000
1850000
1815000
1782000
1749000
1718000
1688000
1659000
1630000
1603000
1577000
1551000
1527000
1503000
1480000
1457000
1435000
1414000
1394000
1374000
1354000
1336000
1317000
1300000
1282000
1265000
1249000
1233000
1217000
1202000
1187000
1173000
1159000
1145000
1131000
1118000
1105000
1093000
1528000
1268000
1225000
1210000
1195000
1180000
1166000
1152000
2512000
4364000
2619000
2385000
2327000
2271000
2219000
2169000
2121000
2431000
3696000
3677000
3111000
5728000
5033000
3979000
3748000
3606000
3474000
5159000
3955000
3691000
3553000
3425000
3306000
3195000
3366000
10980000
5937000
5129000
4865000
4626000
4410000
6984000
5013000
4592000
4380000
4186000
4009000
3846000
3696000
4084000
3638000
3473000
3350000
4024000
5680000
5721000
4449000
6052000
4658000
4325000
4136000
3963000
3804000
3657000
3522000
3396000
3279000
3170000
3067000
2972000
2882000
2797000
2718000
2642000
2571000
2504000
2440000
2379000
2322000
3368000
2670000
2532000
2467000
2405000
2346000
2352000
2570000
3277000
2647000
2642000
2507000
2436000
2375000
2757000
2441000
3111000
2613000
2499000
2435000
2375000
2317000
2263000
2210000
2160000
2113000
2067000
2023000
1982000
1941000
1903000
1866000
1830000
1796000
1763000
1731000
1700000
1671000
1642000
1828000
3338000
2528000
2216000
2150000
2103000
2057000
2014000
1973000
1933000
1895000
1858000
1823000
1789000
1756000
1724000
1694000
1665000
1636000
1609000
1582000
1557000
3635000
4301000
2941000
2735000
2659000
2587000
2519000
2454000
3106000
2705000
2553000
2482000
3319000
2775000
2631000
2559000
2492000
2429000
2369000
2311000
2257000
2205000
2155000
2108000
2062000
2019000
1977000
1937000
1899000
1862000
1826000
1792000
1759000
1728000
1697000
1668000
1639000
1612000
3246000
2211000
2058000
2015000
2078000
1970000
1924000
1886000
1849000
1814000
1781000
1748000
1717000
1687000
1658000
1630000
1602000
1576000
1551000
1526000
1502000
1479000
1457000
1435000
1549000
1446000
1417000
1412000
1558000
1787000
1579000
1511000
1485000
1463000
1441000
1419000
1399000
1379000
1359000
1340000
1322000
1304000
1286000
1269000
1253000
1718000
1816000
2004000
1670000
1612000
1585000
1560000
1535000
1511000
1487000
1465000
1443000
1421000
1401000
1380000
1361000
1342000
1323000
1305000
1288000
1691000
2565000
1869000
1766000
1735000
1704000
1674000
1645000
1618000
1591000
1565000
1540000
1515000
1492000
1469000
1447000
1426000
1405000
1384000
1365000
1346000
1327000
2617000
1833000
1720000
1689000
1660000
1632000
1605000
1578000
1553000
1528000
1504000
1481000
1459000
1437000
1416000
1395000
1375000
1356000
1337000
1318000
1301000
1283000
1266000
1250000
1234000
1218000
1203000
1188000
1174000
1160000
1146000
1132000
1119000
1106000
1104000
1087000
1081000
1065000
1053000
1042000
1031000
1020000
1009000
998700
988500
978400
968600
959000
949500
940200
931200
922200
913500
904900
896500
888200
880100
872200
864300
856700
849100
915700
986500
1191000
1448000
1756000
3768000
2263000
2063000
2020000
1978000
1938000
1900000
1863000
1827000
1793000
1760000
1729000
1698000
1668000
1640000
1612000
1586000
1560000
1535000
1511000
1488000
1465000
1443000
1421000
1401000
1381000
1361000
1342000
1324000
1306000
1288000
1271000
1255000
2046000
1749000
1544000
1506000
1483000
1460000
1438000
3605000
2265000
2161000
2064000
2016000
1974000
1934000
1896000
1859000
1824000
1790000
1757000
1802000
2234000
1900000
1833000
1798000
1765000
1733000
1702000
1673000
1644000
1616000
1590000
1564000
1539000
1514000
1491000
1468000
2112000
3967000
2828000
2476000
2373000
2573000
2727000
2438000
2356000
2299000
2245000
3170000
6959000
4759000
3947000
3753000
3611000
3478000
3356000
3241000
3205000
3236000
3087000
2940000
2848000
2765000
2687000
2614000
2544000
2478000
2416000
2356000
3351000
2684000
2549000
2483000
2420000
2360000
2303000
2249000
2198000
3926000
2837000
2651000
2579000
2512000
2447000
2386000
2328000
2273000
2220000
2170000
2122000
2076000
2032000
1989000
3055000
2320000
2194000
2145000
2098000
2507000
2222000
2508000
2240000
2961000
2418000
2309000
2255000
2203000
2153000
2152000
2464000
2249000
2129000
2078000
2034000
1992000
1951000
1912000
1875000
2120000
2106000
1915000
1863000
1828000
1794000
2197000
1901000
1836000
1823000
1779000
1745000
1714000
1684000
1655000
1627000
1600000
1573000
1548000
1523000
1500000
1639000
1521000
1487000
2314000
1810000
1726000
1696000
1666000
1638000
1611000
2093000
1785000
2084000
1908000
1965000
2204000
4290000
3399000
2809000
2692000
2619000
2549000
2482000
2420000
2360000
2303000
2249000
2197000
2148000
2101000
2056000
2013000
1971000
1931000
1893000
1857000
1821000
1787000
1755000
1723000
1693000
1663000
1635000
1608000
1581000
1556000
1531000
1507000
1484000
1461000
1439000
1418000
1397000
1779000
1517000
1468000
1446000
1425000
1404000
1384000
1403000
1732000
1484000
1438000
1416000
1396000
1713000
1489000
1445000
1503000
1434000
1408000
1388000
1368000
1349000
1330000
1312000
1294000
1277000
1260000
1244000
1228000
1213000
1198000
1183000
1169000
1155000
1141000
1127000
1114000
1600000
1729000
1936000
1575000
1517000
1494000
1471000
1449000
1427000
1406000
1386000
1366000
1347000
1329000
1311000
1293000
1276000
1259000
1243000
1227000
1211000
1196000
1182000
1167000
1153000
1140000
1126000
1236000
1160000
1140000
1126000
1113000
1101000
1088000
1076000
1064000
1053000
1041000
1030000
1320000
1149000
1119000
1106000
1093000
1081000
1069000
1322000
1792000
1647000
1426000
1388000
1638000
1627000
1485000
1451000
1430000
1409000
1388000
1369000
1349000
1331000
1313000
1295000
1278000
1261000
1245000
1229000
1213000
1198000
1183000
1169000
1155000
1141000
1128000
1115000
1102000
1090000
1077000
1065000
1054000
1042000
1031000
1020000
1010000
1119000
1577000
1278000
1224000
1903000
1582000
1456000
1872000
2309000
7052000
3798000
3300000
3186000
3083000
2986000
2895000
3387000
2923000
2798000
2718000
2643000
2572000
2504000
2440000
2380000
2322000
2267000
2214000
2164000
2116000
2071000
2027000
1985000
2771000
2466000
2311000
2178000
2835000
5918000
5861000
4200000
3912000
6276000
6808000
4995000
8040000
7040000
5691000
5291000
5009000
4757000
4528000
4321000
4133000
3960000
11260000
6493000
5655000
5334000
5048000
4791000
4560000
4350000
4159000
3984000
3823000
3675000
4297000
8883000
5573000
4904000
4656000
4437000
4238000
4057000
3890000
3737000
3595000
3464000
3343000
3229000
3423000
3131000
4443000
3741000
3713000
3349000
3213000
4155000
3935000
8181000
8396000
8231000
6259000
7451000
12120000
7926000
11760000
