1969000
1966000
1961000
1954000
1944000
1934000
1923000
1912000
1900000
1889000
1877000
1865000
1853000
1841000
1828000
1815000
1802000
1797000
1799000
1805000
1815000
1821000
1828000
1835000
1846000
1875000
1915000
1961000
2008000
2045000
2076000
2104000
2127000
2148000
2164000
2180000
2216000
2277000
2354000
2439000
2512000
2570000
2616000
2652000
2688000
2720000
2753000
2786000
2814000
2838000
2857000
2870000
2876000
2877000
2874000
2869000
2860000
2847000
2833000
2818000
2802000
2784000
2770000
2757000
2745000
2734000
2719000
2702000
2683000
2662000
2640000
2622000
2614000
2614000
2620000
2623000
2621000
2614000
2602000
2588000
2570000
2552000
2533000
2514000
2496000
2478000
2459000
2440000
2422000
2405000
2388000
2372000
2354000
2335000
2315000
2295000
2276000
2256000
2236000
2217000
2198000
2179000
2161000
2142000
2122000
2103000
2083000
2064000
2045000
2026000
2007000
1988000
1969000
1951000
1933000
1925000
1924000
1928000
1935000
1937000
1936000
1932000
1926000
1919000
1915000
1914000
1915000
1916000
1915000
1912000
1908000
1901000
1893000
1884000
1873000
1862000
1851000
1840000
1829000
1818000
1807000
1796000
1784000
1773000
1761000
1750000
1738000
1726000
1713000
1701000
1689000
1677000
1672000
1671000
1676000
1684000
1690000
1694000
1695000
1694000
1691000
1686000
1680000
1673000
1666000
1658000
1651000
1648000
1646000
1646000
1645000
1643000
1639000
1633000
1627000
1620000
1612000
1604000
1596000
1588000
1581000
1573000
1566000
1558000
1549000
1540000
1531000
1521000
1512000
1502000
1492000
1483000
1473000
1464000
1454000
1445000
1435000
1426000
1417000
1407000
1398000
1388000
1379000
1370000
1361000
1352000
1343000
1334000
1325000
1316000
1308000
1299000
1291000
1282000
1274000
1266000
1258000
1250000
1242000
1234000
1226000
1219000
1211000
1204000
1197000
1189000
1182000
1175000
1168000
1161000
1154000
1148000
1141000
1135000
1133000
1135000
1140000
1145000
1149000
1151000
1152000
1152000
1151000
1149000
1146000
1143000
1140000
1137000
1134000
1131000
1128000
1124000
1120000
1116000
1111000
1106000
1101000
1097000
1092000
1087000
1083000
1078000
1074000
1069000
1065000
1061000
1056000
1051000
1046000
1041000
1040000
1046000
1057000
1082000
1114000
1149000
1185000
1216000
1240000
1260000
1276000
1288000
1297000
1305000
1311000
1318000
1323000
1328000
1332000
1334000
1334000
1334000
1332000
1329000
1326000
1323000
1319000
1316000
1313000
1310000
1308000
1311000
1317000
1325000
1333000
1337000
1340000
1341000
1341000
1340000
1338000
1336000
1334000
1331000
1327000
1324000
1319000
1315000
1309000
1303000
1298000
1294000
1291000
1290000
1288000
1286000
1283000
1279000
1275000
1271000
1266000
1262000
1256000
1251000
1255000
1278000
1315000
1362000
1408000
1446000
1476000
1501000
1520000
1534000
1543000
1550000
1557000
1567000
1577000
1588000
1596000
1602000
1607000
1612000
1614000
1614000
1612000
1610000
1607000
1603000
1600000
1597000
1595000
1592000
1589000
1586000
1581000
1584000
1592000
1604000
1617000
1627000
1634000
1639000
1642000
1645000
1648000
1652000
1655000
1657000
1658000
1658000
1656000
1652000
1649000
1645000
1640000
1635000
1630000
1624000
1617000
1613000
1611000
1610000
1610000
1607000
1604000
1601000
1607000
1619000
1638000
1666000
1695000
1725000
1753000
1774000
1789000
1799000
1805000
1807000
1808000
1808000
1808000
1807000
1804000
1801000
1797000
1791000
1784000
1776000
1767000
1758000
1748000
1738000
1729000
1720000
1712000
1704000
1696000
1687000
1698000
1722000
1755000
1799000
1858000
1930000
2011000
2090000
2153000
2204000
2252000
2297000
2338000
2373000
2399000
2419000
2435000
2447000
2456000
2460000
2460000
2472000
2499000
2535000
2585000
2632000
2675000
2712000
2740000
2758000
2779000
2800000
2821000
2841000
2854000
2862000
2865000
2863000
2857000
2847000
2832000
2825000
2823000
2824000
2825000
2821000
2811000
2799000
2784000
2767000
2748000
2728000
2707000
2688000
2671000
2654000
2637000
2618000
2598000
2576000
2554000
2530000
2505000
2480000
2454000
2429000
2405000
2381000
2357000
2334000
2310000
2287000
2264000
2240000
2217000
2194000
2171000
2149000
2127000
2105000
2084000
2063000
2042000
2022000
2002000
1982000
1962000
1943000
1924000
1906000
1888000
1870000
1852000
1835000
1818000
1801000
1785000
1769000
1753000
1737000
1722000
1707000
1692000
1678000
1664000
1650000
1636000
1622000
1609000
1596000
1587000
1581000
1577000
1575000
1570000
1565000
1558000
1551000
1543000
1534000
1525000
1516000
1508000
1499000
1491000
1482000
1473000
1464000
1455000
1446000
1437000
1428000
1418000
1409000
1400000
1391000
1383000
1374000
1366000
1357000
1349000
1341000
1333000
1324000
1316000
1308000
1299000
1291000
1283000
1275000
1267000
1259000
1251000
1243000
1236000
1228000
1220000
1213000
1205000
1198000
1191000
1184000
1177000
1170000
1163000
1156000
1149000
1143000
1136000
1129000
1123000
1117000
1110000
1104000
1098000
1092000
1086000
1080000
1074000
1068000
1063000
1057000
1051000
1046000
1042000
1039000
1038000
1037000
1035000
1033000
1031000
1028000
1025000
1021000
1018000
1014000
1010000
1006000
1002000
998700
994800
991900
990300
989500
989200
988700
987700
986400
984800
982800
980400
977800
975000
972200
969400
966600
963600
960400
957100
953600
950100
946500
942700
938900
935100
931300
927500
923700
920500
917700
915100
912800
910100
907200
904200
901100
897800
894400
891000
887600
884200
880700
877300
874700
872700
871000
869600
867700
865600
863300
860800
858100
855300
852500
849600
849900
855300
864400
875900
886600
895100
901900
909300
916700
923900
930500
935700
942800
959900
984600
1014000
1044000
1069000
1089000
1107000
1122000
1143000
1170000
1202000
1236000
1265000
1290000
1312000
1330000
1344000
1355000
1363000
1369000
1374000
1378000
1384000
1392000
1409000
1433000
1460000
1486000
1515000
1546000
1578000
1610000
1634000
1653000
1668000
1680000
1689000
1697000
1703000
1706000
1708000
1709000
1712000
1718000
1729000
1743000
1757000
1768000
1775000
1780000
1791000
1807000
1826000
1853000
1885000
1923000
1971000
2019000
2064000
2105000
2139000
2165000
2187000
2202000
2212000
2218000
2222000
2223000
2228000
2234000
2240000
2246000
2246000
2244000
2239000
2232000
2223000
2212000
2201000
2190000
2179000
2168000
2156000
2146000
2134000
2122000
2110000
2098000
2085000
2071000
2057000
2041000
2026000
2012000
2001000
2006000
2024000
2049000
2077000
2096000
2109000
2116000
2121000
2122000
2121000
2118000
2115000
2112000
2109000
2105000
2099000
2091000
2081000
2070000
2058000
2045000
2031000
2017000
2003000
1990000
1977000
1964000
1951000
1938000
1926000
1914000
1902000
1888000
1874000
1861000
1849000
1837000
1825000
1813000
1800000
1787000
1774000
1760000
1746000
1732000
1718000
1706000
1697000
1691000
1687000
1684000
1682000
1679000
1676000
1671000
1665000
1658000
1650000
1641000
1633000
1624000
1615000
1606000
1597000
1588000
1579000
1569000
1559000
1549000
1539000
1529000
1518000
1509000
1506000
1506000
1509000
1512000
1513000
1512000
1510000
1507000
1502000
1496000
1490000
1483000
1476000
1470000
1463000
1457000
1449000
1441000
1433000
1425000
1417000
1408000
1400000
1391000
1383000
1375000
1367000
1359000
1351000
1343000
1336000
1328000
1320000
1312000
1304000
1296000
1288000
1280000
1273000
1265000
1257000
1249000
1241000
1234000
1226000
1219000
1211000
1204000
1196000
1189000
1182000
1175000
1168000
1161000
1154000
1148000
1141000
1135000
1128000
1122000
1115000
1109000
1103000
1097000
1091000
1085000
1079000
1073000
1067000
1061000
1056000
1050000
1044000
1039000
1033000
1028000
1023000
1017000
1012000
1007000
1002000
996900
991900
986900
982000
977100
972300
967500
962800
958100
953500
948900
944400
939900
935400
931000
926700
922300
918000
913800
909600
905400
901300
897200
893100
889100
885100
883200
882700
883300
884500
884800
884700
884300
883700
882700
881200
879400
877400
875400
873400
871400
869200
866900
864300
861700
859000
858600
859800
862100
865100
867100
868300
868900
869100
868600
867700
866600
865100
863700
876400
900300
932300
969000
999900
1026000
1048000
1066000
1080000
1090000
1099000
1105000
1112000
1119000
1126000
1132000
1136000
1139000
1141000
1142000
1141000
1140000
1138000
1136000
1134000
1132000
1131000
1129000
1127000
1126000
1124000
1122000
1119000
1115000
1111000
1107000
1103000
1098000
1094000
1089000
1084000
1079000
1074000
1068000
1063000
1057000
1052000
1046000
1041000
1035000
1030000
1025000
1019000
1014000
1009000
1004000
998700
993700
988700
983800
978900
974100
969300
964600
959900
955200
950600
946100
941600
937100
932700
928300
923900
919600
915400
911100
908400
907600
908100
909600
915500
924200
935000
947400
960700
981100
1007000
1036000
1066000
1092000
1116000
1137000
1159000
1182000
1204000
1226000
1244000
1258000
1271000
1282000
1291000
1298000
1308000
1322000
1341000
1374000
1429000
1504000
1603000
1712000
1817000
1913000
1992000
2055000
2106000
2146000
2176000
2201000
2222000
2240000
2257000
2292000
2337000
2387000
2437000
2472000
2496000
2512000
2522000
2528000
2532000
2534000
2549000
2573000
2610000
2655000
2695000
2726000
2745000
2756000
2759000
2755000
2747000
2742000
2746000
2756000
2771000
2798000
2833000
2871000
2910000
2937000
2951000
2955000
2953000
2947000
2938000
2927000
2916000
2903000
2890000
2890000
2898000
2909000
2920000
2921000
2915000
2905000
2891000
2873000
2853000
2832000
2811000
2802000
2804000
2813000
2824000
2827000
2823000
2814000
2803000
2792000
2781000
2768000
2754000
2739000
2723000
2706000
2687000
2667000
2645000
2623000
2614000
2614000
2620000
2629000
2630000
2625000
2618000
2607000
2599000
2594000
2589000
2585000
2578000
2569000
2558000
2544000
2538000
2560000
2603000
2659000
2715000
2754000
2781000
2816000
2865000
2920000
2978000
3024000
3057000
3081000
3099000
3109000
3110000
3103000
3092000
3079000
3066000
3051000
3034000
3014000
2992000
2969000
2945000
2920000
2895000
2869000
2844000
2819000
2794000
2767000
2741000
2714000
2688000
2663000
2637000
2612000
2586000
2563000
2540000
2538000
2555000
2584000
2619000
2644000
2658000
2665000
2665000
2659000
2648000
2634000
2619000
2604000
2590000
2576000
2561000
2544000
2525000
2505000
2484000
2462000
2439000
2416000
2394000
2386000
2406000
2467000
2562000
2672000
2779000
2873000
2951000
3012000
3057000
3087000
3115000
3142000
3169000
3205000
3239000
3270000
3295000
3314000
3326000
3333000
3335000
3328000
3319000
3310000
3302000
3293000
3280000
3265000
3249000
3232000
3212000
3190000
3165000
3137000
3117000
3105000
3103000
3131000
3175000
3227000
3280000
3314000
3333000
3340000
3345000
3368000
3407000
3456000
3522000
3585000
3643000
3695000
3726000
3739000
3739000
3729000
3711000
3690000
3666000
3642000
3618000
3592000
3565000
3537000
3506000
3473000
3438000
3401000
3364000
3325000
3287000
3250000
3213000
3178000
3144000
3110000
3074000
3038000
3001000
2963000
2925000
2887000
2850000
2813000
2777000
2742000
2707000
2672000
2638000
2604000
2570000
2537000
2505000
2474000
2447000
2424000
2404000
2385000
2364000
2343000
2321000
2299000
2276000
2253000
2231000
2208000
2186000
2165000
2144000
2124000
2103000
2083000
2063000
2043000
2023000
2004000
1984000
1965000
1947000
1929000
1911000
1894000
1877000
1860000
1844000
1827000
1811000
1795000
1779000
1764000
1748000
1733000
1718000
1704000
1689000
1675000
1663000
1653000
1643000
1635000
1626000
1616000
1606000
1595000
1595000
1617000
1656000
1706000
1756000
1796000
1828000
1852000
1870000
1883000
1903000
1933000
1972000
2029000
2099000
2174000
2247000
2308000
2354000
2398000
2440000
2478000
2512000
2536000
2555000
2570000
2584000
2635000
2712000
2804000
2901000
2973000
3026000
3079000
3131000
3174000
3212000
3235000
3249000
3260000
3268000
3275000
3279000
3277000
3271000
3266000
3277000
3306000
3346000
3398000
3446000
3485000
3516000
3533000
3537000
3533000
3523000
3509000
3491000
3470000
3448000
3425000
3400000
3373000
3343000
3310000
3274000
3237000
3198000
3160000
3122000
3094000
3072000
3055000
3039000
3020000
2999000
2975000
2951000
2936000
2925000
2918000
2912000
2901000
2887000
2874000
2860000
2851000
2845000
2837000
2830000
2817000
2802000
2785000
2766000
2744000
2721000
2698000
2674000
2650000
2627000
2603000
2579000
2555000
2530000
2505000
2481000
2456000
2432000
2408000
2385000
2375000
2377000
2386000
2399000
2405000
2406000
2403000
2396000
2385000
2370000
2355000
2338000
2322000
2307000
2292000
2276000
2259000
2241000
2222000
2203000
2184000
2178000
2194000
2227000
2270000
2309000
2338000
2358000
2372000
2383000
2392000
2398000
2403000
2411000
2422000
2436000
2449000
2456000
2456000
2453000
2445000
2435000
2422000
2408000
2393000
2378000
2364000
2350000
2335000
2321000
2306000
2290000
2274000
2257000
2238000
2220000
2201000
2182000
2164000
2152000
2143000
2136000
2130000
2122000
2112000
2100000
2087000
2073000
2058000
2042000
2026000
2010000
1994000
1979000
1963000
1947000
1931000
1915000
1899000
1883000
1866000
1850000
1834000
1819000
1804000
1789000
1774000
1760000
1748000
1737000
1727000
1718000
1708000
1697000
1686000
1675000
1664000
1652000
1640000
1628000
1616000
1605000
1593000
1582000
1571000
1563000
1560000
1562000
1566000
1569000
1570000
1568000
1565000
1561000
1556000
1550000
1543000
1536000
1530000
1523000
1516000
1509000
1502000
1494000
1485000
1483000
1485000
1489000
1495000
1499000
1500000
1500000
1498000
1495000
1492000
1487000
1482000
1477000
1471000
1466000
1460000
1454000
1447000
1440000
1432000
1424000
1420000
1419000
1420000
1422000
1422000
1421000
1418000
1415000
1412000
1407000
1402000
1396000
1390000
1384000
1378000
1372000
1366000
1359000
1352000
1344000
1337000
1329000
1321000
1314000
1306000
1299000
1291000
1284000
1277000
1270000
1263000
1256000
1249000
1242000
1234000
1227000
1220000
1213000
1206000
1199000
1192000
1185000
1178000
1171000
1164000
1157000
1150000
1144000
1137000
1131000
1124000
1118000
1112000
1105000
1099000
1093000
1087000
1081000
1075000
1069000
1064000
1058000
1052000
1048000
1047000
1053000
1073000
1103000
1139000
1176000
1206000
1231000
1251000
1267000
1278000
1287000
1294000
1300000
1306000
1312000
1317000
1321000
1323000
1323000
1323000
1321000
1319000
1315000
1312000
1308000
1305000
1302000
1299000
1296000
1293000
1290000
1286000
1282000
1277000
1274000
1273000
1274000
1275000
1276000
1276000
1274000
1281000
1296000
1315000
1337000
1355000
1368000
1379000
1387000
1392000
1395000
1396000
1396000
1396000
1399000
1404000
1409000
1414000
1417000
1418000
1418000
1416000
1413000
1410000
1406000
1402000
1398000
1394000
1390000
1386000
1385000
1398000
1421000
1451000
1483000
1509000
1533000
1555000
1574000
1588000
1598000
1610000
1641000
1690000
1751000
1815000
1867000
1909000
1942000
1967000
1985000
1998000
2006000
2013000
2020000
2027000
2033000
2037000
2039000
2038000
2035000
2031000
2030000
2032000
2036000
2041000
2043000
2042000
2040000
2037000
2032000
2036000
2046000
2060000
2075000
2084000
2088000
2089000
2087000
2082000
2075000
2065000
2054000
2043000
2032000
2021000
2015000
2013000
2013000
2014000
2011000
2008000
2005000
2005000
2006000
2010000
2017000
2024000
2031000
2034000
2035000
2033000
2031000
2029000
2027000
2024000
2019000
2013000
2006000
1998000
1989000
1979000
1970000
1963000
1956000
1948000
1940000
1933000
1927000
1922000
1917000
1910000
1903000
1894000
1885000
1874000
1864000
1852000
1840000
1828000
1816000
1804000
1792000
1781000
1769000
1765000
1764000
1766000
1769000
1769000
1767000
1763000
1761000
1759000
1761000
1765000
1770000
1777000
1797000
1830000
1870000
1911000
1945000
1969000
1988000
2001000
2009000
2013000
2014000
2013000
2012000
2011000
2010000
2007000
2002000
1996000
1988000
1978000
1968000
1956000
1945000
1933000
1922000
1911000
1900000
1889000
1878000
1867000
1855000
1843000
1831000
1817000
1804000
1790000
1776000
1762000
1749000
1735000
1720000
1706000
1692000
1678000
1664000
1651000
1638000
1626000
1614000
1602000
1592000
1583000
1575000
1567000
1559000
1551000
1543000
1534000
1525000
1515000
1506000
1496000
1486000
1477000
1468000
1458000
1449000
1440000
1430000
1421000
1411000
1402000
1393000
1384000
1375000
1369000
1369000
1372000
1377000
1382000
1384000
1384000
1384000
1382000
1378000
1374000
1369000
1364000
1359000
1354000
1350000
1344000
1339000
1332000
1326000
1319000
1312000
1305000
1298000
1291000
1285000
1278000
1271000
1265000
1259000
1252000
1246000
1239000
1233000
1226000
1219000
1212000
1205000
1199000
1192000
1185000
1178000
1171000
1165000
1158000
1152000
1150000
1153000
1159000
1166000
1172000
1179000
1185000
1191000
1195000
1198000
1199000
1199000
1199000
1198000
1197000
1195000
1193000
1191000
1188000
1185000
1181000
1177000
1172000
1168000
1163000
1159000
1154000
1150000
1145000
1141000
1137000
1132000
1127000
1122000
1118000
1112000
1107000
1102000
1098000
1096000
1094000
1095000
1099000
1105000
1114000
1127000
1159000
1206000
1262000
1321000
1370000
1411000
1445000
1475000
1499000
1519000
1536000
1550000
1563000
1575000
1586000
1594000
1600000
1603000
1604000
1604000
1603000
1600000
1597000
1593000
1592000
1594000
1598000
1604000
1613000
1636000
1680000
1736000
1797000
1861000
1928000
1997000
2077000
2162000
2243000
2318000
2381000
2430000
2468000
2499000
2521000
2537000
2580000
2644000
2720000
2801000
2861000
2905000
2937000
2958000
2969000
2972000
2969000
2964000
2964000
2996000
3048000
3112000
3173000
3215000
3243000
3259000
3264000
3260000
3247000
3230000
3212000
3195000
3180000
3166000
3161000
3160000
3164000
3168000
3165000
3161000
3160000
3189000
3256000
3358000
3478000
3600000
3742000
3885000
