656100
654500
652400
650200
648000
645800
643600
641400
639200
637100
634900
632800
630700
628600
626500
624500
20310000
7918000
3569000
1092000
1325000
9503000
2806000
7408000
34920000
9245000
4555000
894000
598800
6083000
2492000
1382000
4985000
2444000
5450000
30180000
24920000
8103000
2846000
729900
3353000
1248000
903100
12170000
3375000
6495000
1773000
1105000
603800
561500
559900
558200
2175000
947000
745500
566200
550100
548500
546900
545400
543800
6070000
1880000
1196000
587000
536100
534600
533100
531600
1661000
8378000
10730000
6466000
2305000
956700
548400
519900
518500
517100
515700
2853000
1080000
789300
531000
508700
507400
506000
4584000
1492000
986500
537100
499400
498000
496700
495400
494100
492900
491600
490300
489000
487800
486500
485300
484000
482800
481600
480400
479100
477900
476700
475500
474300
473200
472000
28370000
7229000
3782000
716500
466200
465000
463900
462800
4587000
9485000
2894000
1448000
528800
456100
455000
453900
452800
451700
450700
449600
448500
447500
446400
445400
444300
443300
442200
441200
440200
439200
438100
437100
436100
435100
434100
433100
432100
21630000
5566000
9266000
2149000
1178000
482800
425400
424400
423500
422500
421600
420600
419700
418800
417900
12290000
3293000
1826000
520300
413300
412400
411500
410600
409700
408800
408000
407100
406200
405300
404500
403600
402800
401900
401100
400200
399400
398500
397700
396900
396000
395200
394400
393600
392700
391900
391100
390300
389500
3421000
1123000
747200
413400
385500
384800
384000
383200
382400
381700
380900
380100
379400
378600
377900
377100
376400
375600
374900
5051000
1507000
928100
413700
371200
370500
369700
369000
368300
367600
366900
366200
365500
364800
699900
24070000
6126000
3170000
572200
360600
359900
1686000
680100
515500
369100
356500
355900
355200
354500
353900
353200
352600
351900
351200
350600
349900
349300
348700
348000
347400
346700
346100
345500
344900
344200
343600
343000
342400
341700
341100
340500
22710000
24330000
7494000
32870000
11270000
4754000
1017000
366600
335100
334500
333900
333300
332700
332200
331600
331000
330400
329900
329300
328700
328100
327600
327000
326400
325900
325300
324800
324200
323700
323100
10570000
14160000
4289000
1761000
421800
319800
319300
318800
1712000
1750000
747900
459100
325900
315600
315000
314500
314000
313500
313000
312400
2444000
5901000
1793000
932000
355200
309400
308900
308400
307900
307400
306900
306400
305900
305400
29390000
41020000
11920000
4562000
603600
302500
302000
301500
301000
300600
300100
299600
5258000
1500000
887200
342000
297300
4418000
1295000
785300
332200
294900
294500
294000
293600
293100
1260000
600100
424500
308700
291500
733500
397300
21450000
5407000
2796000
476700
1888000
675200
477000
300800
7284000
3065000
1379000
476000
294000
283900
283500
283100
758200
2419000
828100
525700
299000
280500
280100
279700
7829000
2108000
1175000
345500
277700
277300
1913000
23760000
6063000
7278000
16120000
4319000
2048000
404500
273700
273300
272900
272500
272100
271700
271300
270900
270500
270100
269800
269400
269000
268600
268200
267900
267500
267100
266700
266400
3626000
1080000
664300
294900
264500
43660000
10780000
5418000
1e+07
40030000
11830000
5131000
759300
273500
4720000
9743000
2825000
1297000
334500
259100
258700
258400
258000
257700
257300
257000
25190000
12050000
4611000
13540000
3831000
1853000
427400
258900
253900
12640000
3254000
1724000
363100
252200
251900
251500
251200
250900
250500
250200
16010000
4069000
2121000
389600
248500
248200
247900
247600
247300
246900
246600
246300
6012000
1643000
930200
296500
244700
244400
244100
243800
243400
243100
242800
242500
242200
241900
241600
241300
241000
240700
240400
240100
239700
239400
239100
238800
238500
238200
237900
237600
237300
8054000
2131000
1165000
306000
235900
235600
235300
235000
234700
234400
234100
233800
233500
233300
233000
232700
232400
232100
231800
231500
231300
231000
230700
230400
230100
229900
229600
9278000
13690000
4034000
1648000
328900
227900
227700
227400
227100
226800
226600
226300
226000
225800
225500
225200
225000
224700
224400
224200
223900
223600
223400
223100
222800
222600
222300
222100
221800
221500
221300
221000
220800
220500
220300
220000
219700
219500
219200
219000
218700
218500
218200
218000
217700
217500
217200
217000
216700
216500
216200
216000
215700
215500
215200
215000
214800
214500
214300
214000
213800
213600
213300
213100
212800
212600
212400
212100
211900
211600
211400
211200
210900
210700
210500
19440000
6282000
2836000
549100
221900
209100
208800
208600
208400
208200
207900
207700
207500
207300
207000
206800
206600
9498000
4764000
1868000
562600
1235000
449700
324800
213800
204600
204300
204100
203900
203700
203500
203300
203000
202800
202600
202400
202200
202000
201700
201500
201300
201100
200900
1618000
4753000
1389000
712700
237400
199600
199400
199200
199000
198800
198600
198400
198200
197900
197700
197500
5487000
1479000
825200
244000
196500
196300
196100
195900
195700
195500
195300
195100
15980000
16440000
5078000
1810000
305000
193900
193700
8829000
2286000
1219000
270000
192700
11350000
33960000
9382000
4063000
509400
194600
191400
191200
3124000
27470000
10970000
4339000
901200
225700
189900
189700
189500
189300
189100
188900
188700
188500
188300
5534000
5272000
23160000
5876000
2766000
378600
18340000
6664000
2846000
595500
208800
187100
186400
185800
185600
185400
185200
185100
184900
3112000
3660000
8562000
9063000
2962000
1110000
273000
185700
183300
18890000
4716000
2405000
14500000
10240000
10590000
12590000
3455000
1406000
5260000
1391000
774000
225600
180900
180700
180500
180300
180200
7718000
2006000
1075000
246800
179300
179200
179000
178800
178700
178500
178300
178100
178000
177800
177600
2160000
657500
412600
1700000
541600
355500
189900
176300
176200
176000
5218000
1810000
31760000
7753000
3848000
450900
174900
174700
1917000
1817000
676900
334600
2343000
696700
429900
192700
173300
173100
173000
172800
172700
172500
172300
172200
172000
171900
171700
171600
171400
171200
3801000
1050000
601900
203100
339500
501500
2288000
870700
455300
208400
171100
169400
169300
169100
169000
168800
168700
168500
7067000
7442000
2345000
894900
5345000
1410000
776500
213100
167200
167000
166900
166700
166600
166500
166300
166200
166000
165900
165700
165600
165400
165300
165100
165000
164900
164700
9428000
14460000
4185000
1678000
271600
163900
163700
163600
163400
163300
163200
163000
162900
162700
162600
162500
162300
162200
162100
161900
161800
161600
161500
161400
161200
161100
161000
160800
160700
160500
160400
160300
160100
160000
159900
159700
159600
159500
159300
159200
159100
158900
158800
158700
158500
158400
158300
158100
158000
2460000
715500
431000
178000
157300
157200
157100
157000
156800
156700
156600
156400
4296000
1159000
647700
192900
155800
155700
155500
155400
155300
155200
155000
154900
154800
154700
154500
154400
154300
154100
154000
153900
153800
153700
1559000
494000
5358000
1386000
751400
197900
152800
152700
152500
152400
152300
152200
152100
151900
151800
151700
151600
151400
151300
151200
151100
151000
150800
150700
150600
13970000
3499000
1792000
273600
150000
1943000
584200
362600
165600
149400
149300
149200
149100
149000
148800
148700
148600
148500
148400
4269000
12440000
3373000
1525000
248600
147700
147600
147500
147300
147200
147100
147000
146900
3380000
62200000
15380000
7452000
693500
146200
146100
146000
145900
145800
145700
145600
145400
145300
145200
145100
145000
144900
144800
144700
144600
144400
144300
144200
144100
144000
143900
143800
143700
143600
143500
143400
143200
143100
143000
142900
142800
142700
142600
142500
142400
142300
142200
142100
142000
141900
141700
141600
141500
141400
141300
141200
141100
141000
140900
140800
140700
140600
140500
140400
140300
140200
140100
140000
139900
139800
139700
139600
139500
139300
139200
2570000
728000
427600
160500
138700
138600
11910000
6788000
2457000
694300
20980000
5179000
2609000
3253000
12210000
26720000
7406000
3077000
6408000
1602000
854100
191000
14570000
3634000
1851000
265600
136600
136500
136400
136300
136200
1672000
14220000
3640000
12960000
26150000
40880000
18500000
29040000
6856000
2921000
339700
135100
135000
134900
134800
134700
134600
134500
134400
134300
29340000
7210000
3603000
394800
133800
133700
133700
133600
3108000
854000
486500
17520000
5376000
1.2e+07
2726000
1277000
218100
132600
132500
132500
132400
132300
8768000
9037000
3693000
1233000
19650000
9412000
3541000
848800
172400
131400
131300
131200
1749000
523000
323100
145300
130800
130700
18460000
4571000
2307000
294000
130200
130100
130100
130000
129900
129800
129700
129600
16480000
7188000
2821000
643200
156900
129100
129000
4458000
3448000
1193000
437000
148900
128500
128400
128300
128300
128200
128100
128000
22210000
5478000
2750000
324900
127600
127500
127400
127300
10130000
2550000
1315000
216300
126900
126800
126800
126700
15160000
37010000
9967000
4209000
423200
126200
126100
19950000
16890000
5378000
1723000
232600
125700
125600
125500
125400
125400
125300
125200
125100
125000
125000
124900
124800
124700
124600
124500
124500
124400
124300
124200
124100
124100
124000
123900
123800
123700
123600
123600
9773000
3063000
2942000
650700
30670000
14720000
5479000
1252000
187500
122900
122800
1007000
1142000
422600
226000
129600
122300
122200
122200
122100
122000
121900
121900
121800
121700
121600
121500
3563000
23620000
29800000
37860000
17280000
6271000
2615000
5720000
1520000
743700
166900
2773000
9360000
2518000
1165000
9869000
2464000
1269000
206700
6086000
2356000
1020000
267200
127000
4988000
1299000
697900
163200
119600
119500
119500
119400
119300
119200
119200
3535000
12190000
6156000
7768000
28600000
10680000
4164000
761900
149100
118600
118500
7393000
23580000
9909000
3650000
15610000
3751000
2696000
447700
214500
125100
117800
117700
117700
117600
117500
117400
117400
117300
117200
117200
117100
117000
116900
116900
116800
116700
116700
116600
116500
116400
116400
116300
116200
116200
116100
116000
115900
115900
7575000
6417000
2090000
716000
155700
115500
115400
115300
115300
115200
115100
115100
9405000
2366000
1218000
197800
114700
114700
114600
114500
114500
114400
114300
114300
114200
114100
114100
114000
113900
113800
113800
113700
113600
113600
113500
113400
113400
113300
113200
113200
113100
113000
113000
112900
112800
112800
112700
112600
112600
112500
112400
112400
112300
112200
9372000
2356000
1212000
194700
111900
111900
111800
111700
25200000
39890000
11260000
4338000
412500
111500
111400
111400
111300
3979000
17960000
13400000
5695000
23020000
14680000
4878000
1388000
192600
110800
13440000
3340000
1694000
229600
110500
110500
110400
2094000
48930000
12060000
5869000
541900
110100
110000
14790000
3666000
1853000
240900
109800
109700
109600
109600
3958000
1042000
566500
143700
5908000
18200000
14290000
4433000
11890000
2741000
1358000
202900
108900
108800
108800
108700
108700
108600
108500
108500
108400
108300
108300
108200
108200
108100
108000
108000
107900
107800
11650000
2905000
1479000
210700
107600
107500
682800
3658000
11480000
3056000
2722000
525400
266200
119000
4919000
1273000
9022000
2171000
1098000
181300
106700
106600
106600
106500
106500
106400
106300
106300
106200
106200
106100
106000
106000
105900
105900
105800
105700
105700
105600
3009000
21660000
8282000
3281000
621900
130200
105300
105200
105200
105100
105100
105000
104900
104900
104800
104800
104700
104600
104600
104500
104500
104400
26950000
27130000
8266000
2782000
287600
104200
104100
104100
7281000
2611000
1142000
259200
9987000
2817000
1354000
229900
106500
103600
103500
103500
103400
103300
103300
103200
103200
103100
103100
103000
103000
102900
102800
102800
102700
102700
102600
102600
102500
102500
19220000
4734000
2373000
273000
1119000
348600
222900
111200
102000
102000
101900
101800
101800
101700
101700
101600
101600
101500
101500
101400
101400
101300
101300
101200
101100
101100
101000
101000
3024000
6923000
2571000
1009000
231600
106400
100600
100600
100500
100500
100400
100400
100300
100300
100200
100200
100100
6362000
8760000
11010000
3048000
1165000
175200
99790
99740
99690
99630
99580
99530
99480
99430
99370
99320
99270
99220
99170
99110
4296000
21500000
5537000
2558000
281000
98870
98820
98770
98710
98660
98610
98560
98510
98460
98410
98360
98310
98250
98200
98150
98100
98050
19700000
4846000
2426000
272900
97850
97800
97750
97700
97650
97600
97550
97500
97450
97400
97350
97300
97250
97200
97150
97100
97050
97000
96950
96900
96850
96800
96750
96700
96650
96600
96550
96510
96460
96410
96360
96310
96260
96210
96160
96110
96070
96020
95970
95920
95870
95820
95770
95730
95680
95630
95580
95530
95480
95440
95390
95340
95290
95250
95200
95150
95100
233900
3542000
8991000
14690000
14970000
39500000
10040000
4377000
409500
94810
94760
94710
94660
94620
94570
94520
94470
94430
94380
94330
94290
94240
94190
94150
94100
94050
94010
93960
93910
93870
93820
93770
93730
93680
93640
93590
93540
93500
11610000
6648000
2373000
643300
126900
93260
93210
31170000
7624000
4703000
593300
202200
101200
92970
92930
92880
92840
92790
92750
1206000
7593000
1977000
961400
157100
92500
92450
92410
92360
92320
92270
92230
92180
92140
92090
92050
92000
11340000
30420000
11610000
4748000
857600
3034000
4804000
1404000
594200
127500
91640
10850000
38440000
14830000
5597000
981500
134400
91450
91410
91370
513500
1495000
940600
366800
160200
95430
91060
91020
90980
90930
90890
90850
11540000
2865000
1451000
193000
90660
90610
90570
90530
90480
19610000
4819000
2408000
264600
90320
90270
90230
90190
90140
90100
90060
90020
89970
89930
89890
11930000
2959000
1496000
195500
89700
5035000
1772000
5104000
1494000
9608000
2325000
1154000
169300
89370
89330
545900
4462000
1998000
798500
224800
96430
89050
89000
88960
88920
2845000
3033000
967600
383700
109100
88680
5828000
1479000
770300
457100
165400
126100
91240
88370
88330
88280
88240
88200
88160
88120
88080
2542000
682700
379500
14520000
3579000
1799000
216500
87790
87750
87710
8213000
2056000
6740000
2279000
2926000
4891000
27480000
13040000
4709000
1046000
141900
87350
87310
87270
87230
87190
87150
87110
87070
87030
86990
86950
86910
86870
86830
86790
86750
86710
86670
86630
86590
86560
86520
86480
86440
86400
86360
86320
86280
86240
86200
86160
86120
3840000
995700
531900
119500
85950
85910
85870
96620
6430000
1624000
839000
142300
85680
5274000
1343000
701800
1263000
359500
219800
95550
85420
85380
85340
85300
85260
85220
85190
85150
85110
85070
85030
84990
84960
84920
84880
84840
84800
8890000
9498000
11780000
3182000
1205000
164100
84700
84670
84630
84590
84550
84510
84480
84440
84400
84360
84330
84290
84250
84210
84180
84140
84100
84060
84030
83990
83950
563400
200100
140800
88090
83770
83740
83700
83660
83630
83590
83550
83520
6110000
1544000
799300
137300
83400
83360
83330
6472000
13300000
8079000
2595000
711300
4443000
4019000
1296000
465000
109100
83220
83180
83140
83110
83070
83030
83000
82960
82930
82890
82850
82820
82780
82740
82710
82670
82640
82600
82560
82530
82490
82460
82420
82390
82350
82310
82280
82240
531200
13690000
3575000
1730000
12010000
5168000
2386000
8229000
14570000
53410000
14050000
6167000
576600
86370
82330
82290
4024000
1037000
550300
117400
82160
82120
82090
82050
82020
81980
81940
81910
81870
81840
81800
81770
81730
7903000
4785000
2865000
769700
7952000
33010000
25510000
8005000
2538000
16310000
15360000
4743000
19100000
11360000
3843000
1062000
144000
82000
81970
81930
81900
81860
40550000
9886000
4888000
443300
81850
81820
81780
81750
81710
81680
81640
81610
5388000
31460000
8550000
3836000
415300
86490
81580
81540
81510
81470
81440
81400
81370
81330
2072000
563600
10750000
4823000
4540000
1086000
420100
7697000
5857000
31790000
24880000
20140000
5364000
10340000
26180000
7196000
20840000
