1676000
1649000
1619000
1590000
1562000
1536000
1510000
1485000
1460000
1437000
1414000
1392000
1371000
1350000
1330000
1311000
8063000
3356000
1707000
1563000
1763000
4580000
2047000
3613000
15810000
4142000
2240000
2185000
2132000
4534000
2728000
2138000
3997000
2722000
4001000
15810000
13310000
4172000
2897000
2805000
3975000
2875000
2629000
7904000
3474000
4754000
2993000
2639000
2563000
2491000
2423000
2359000
2917000
2352000
2213000
2159000
2108000
2059000
2013000
1968000
1926000
3948000
2220000
1904000
1864000
1826000
1789000
1754000
1720000
1874000
4321000
5156000
3466000
2075000
1880000
1841000
1804000
1768000
1734000
1701000
2316000
1758000
1641000
1612000
1583000
1556000
1529000
2860000
1723000
1517000
1491000
1467000
1443000
1420000
1398000
1377000
1356000
1335000
1316000
1297000
1278000
1260000
1243000
1226000
1209000
1193000
1177000
1162000
1147000
1133000
1119000
1105000
1091000
1078000
7297000
2175000
1325000
1306000
1287000
1269000
1251000
1234000
1864000
3890000
1678000
1316000
1297000
1278000
1260000
1243000
1226000
1209000
1193000
1177000
1162000
1147000
1133000
1119000
1105000
1091000
1078000
1065000
1053000
1041000
1029000
1017000
1006000
994500
983600
972900
962500
5004000
1677000
2739000
1410000
1181000
1166000
1151000
1136000
1122000
1108000
1094000
1081000
1068000
1056000
1043000
3343000
1443000
1121000
1108000
1094000
1081000
1068000
1055000
1043000
1031000
1019000
1008000
996700
985700
975000
964500
954200
944200
934300
924700
915300
906000
897000
888100
879400
870800
862500
854200
846200
838300
830500
822900
815400
808100
800900
793800
786800
780000
773300
766700
760200
753800
747500
741300
735300
729300
723400
717600
711900
706300
700800
695400
690100
684800
679600
674500
669500
664500
659600
654800
650100
645400
640800
636300
631800
627400
623000
4061000
1239000
773800
767200
760700
754300
748000
741900
735800
729800
723900
718100
712400
706800
701300
695900
690500
685200
680100
674900
669900
664900
660100
655200
650500
645800
641200
636700
632200
627800
623400
619100
614900
610700
606600
602500
3306000
5070000
1430000
9083000
3422000
1431000
1270000
1252000
1235000
1218000
1201000
1186000
1170000
1155000
1140000
1126000
1112000
1098000
1085000
1072000
1059000
1047000
1035000
1023000
1012000
1e+06
989200
978400
967800
957500
2084000
4067000
1510000
1107000
1093000
1080000
1067000
1055000
1303000
1360000
1082000
1033000
1021000
1009000
998100
987100
976300
965800
955500
945400
1328000
2303000
1166000
981000
970300
960000
949800
939800
930100
920500
911200
902000
893000
884200
8534000
13780000
3276000
1705000
1673000
1642000
1613000
1584000
1556000
1530000
1504000
1479000
3119000
1730000
1483000
1459000
1436000
2831000
1644000
1431000
1409000
1387000
1366000
1345000
1325000
1306000
1599000
1344000
1267000
1247000
1229000
1326000
1218000
8039000
2396000
1459000
1435000
1955000
1487000
1392000
1371000
3774000
2135000
1480000
1407000
1385000
1364000
1344000
1324000
1469000
2016000
1396000
1284000
1265000
1248000
1231000
1214000
3354000
1574000
1270000
1252000
1235000
1218000
1600000
8906000
2559000
2985000
6826000
2468000
1761000
1727000
1694000
1662000
1632000
1603000
1574000
1547000
1521000
1495000
1471000
1447000
1424000
1402000
1380000
1359000
1339000
1319000
1300000
1281000
1263000
1245000
1499000
1263000
1211000
1194000
1179000
16440000
3869000
1794000
5210000
20060000
5625000
2679000
2523000
2453000
4317000
6501000
3060000
2482000
2415000
2351000
2290000
2233000
2178000
2126000
2077000
2029000
12620000
6460000
2842000
8059000
3643000
2626000
2521000
2451000
2386000
7733000
3254000
2466000
2399000
2336000
2277000
2220000
2166000
2114000
2065000
2019000
7956000
2988000
2137000
2087000
2039000
1993000
1950000
1908000
1868000
1830000
1793000
1758000
2992000
1927000
1726000
1693000
1662000
1631000
1602000
1574000
1546000
1520000
1495000
1470000
1446000
1423000
1401000
1379000
1358000
1338000
1318000
1299000
1281000
1263000
1245000
1228000
1211000
1195000
1179000
1164000
1149000
1135000
1120000
1107000
1093000
1080000
1067000
1054000
1042000
1030000
1019000
1007000
995900
985000
974300
963800
953500
943500
933700
924100
914600
905400
896300
887500
878800
870300
861900
853700
966600
3764000
1345000
945600
935700
926000
916600
907300
898200
889300
880600
872000
863600
855400
847300
839400
831600
824000
816500
809100
801900
794800
787800
780900
774200
767600
761100
754700
748400
742200
736100
730100
724200
718400
712700
707100
701600
696200
690800
685500
680300
675200
670200
665200
660300
655500
650800
646100
641500
636900
632400
628000
623600
619300
615100
610900
606800
602700
598700
594700
590800
587000
583200
579400
575700
572000
568400
564800
561300
557800
554400
551000
547600
544300
541000
1907000
1039000
635200
596000
592100
588200
584400
580600
576900
573200
569600
566000
562400
558900
555500
552100
548700
1416000
1124000
649400
588100
740400
607700
583000
579200
575500
571900
568200
564700
561100
557700
554200
550800
547500
544200
540900
537600
534400
531300
528200
525100
522000
519000
516000
864000
575800
526300
523200
520200
517200
514300
511300
508400
505600
502700
5e+05
497200
494500
491700
1014000
583700
511200
508300
505400
502600
499800
497000
494300
491600
488900
486300
2746000
3197000
993700
680100
675000
670000
665000
2242000
941900
725500
719700
714000
2768000
8875000
2294000
1170000
1143000
1129000
1115000
1101000
1832000
9564000
3982000
1709000
1499000
1474000
1450000
1427000
1404000
1383000
1362000
1341000
1321000
1302000
1284000
2916000
2855000
8969000
2675000
1654000
1624000
8338000
3510000
1995000
1861000
1823000
1786000
1751000
1717000
1685000
1654000
1624000
1595000
1567000
2459000
2641000
4262000
4361000
2170000
1757000
1712000
1680000
1649000
8697000
2873000
1891000
7880000
5908000
5816000
7152000
3021000
2365000
4567000
2656000
2294000
2236000
2182000
2129000
2080000
2032000
1987000
5211000
2477000
1995000
1951000
1909000
1869000
1831000
1794000
1759000
1725000
1692000
1661000
1630000
1601000
1573000
2031000
1607000
1517000
2002000
1559000
1466000
1442000
1420000
1397000
1376000
3023000
1773000
12940000
3433000
1857000
1819000
1782000
1748000
2221000
2200000
1755000
1667000
2367000
1741000
1615000
1586000
1558000
1532000
1506000
1481000
1457000
1434000
1411000
1389000
1368000
1347000
1327000
1308000
1289000
1271000
1532000
1289000
1234000
1218000
1201000
1209000
1697000
1299000
1178000
1157000
1142000
1127000
1113000
1100000
1086000
1073000
1061000
1048000
2044000
2653000
1326000
1121000
2392000
1331000
1146000
1131000
1117000
1103000
1090000
1077000
1064000
1052000
1039000
1028000
1016000
1005000
993400
982500
971900
961400
951200
941300
931500
921900
1727000
4156000
1488000
1061000
1048000
1036000
1024000
1013000
1001000
990300
979500
968900
958500
948400
938500
928800
919200
909900
900800
891800
883000
874400
866000
857700
849600
841600
833800
826100
818600
811200
803900
796800
789800
782900
776100
769400
762900
756500
750200
743900
737800
731800
725900
720100
714300
708700
703100
697700
692300
687000
681800
676700
671600
666600
661700
656900
652100
647400
642800
638200
633700
629200
624900
620600
616300
612100
608000
603900
599800
595900
591900
588100
584200
580500
576700
573100
569400
565800
562300
558800
555300
551900
548600
545200
541900
538700
535500
532300
529200
526100
523000
520000
517000
514000
511100
508200
505400
502600
499800
497000
494300
491600
488900
486200
483600
481000
478500
475900
1751000
709800
537600
534400
531300
691700
555800
531000
527900
524800
521800
518800
515800
512900
509900
507100
504200
501400
498600
545600
2173000
795700
569700
566100
562600
559100
555600
552200
548800
545500
542200
539000
606200
14230000
2967000
1126000
1112000
1098000
1085000
1072000
1059000
1047000
1035000
1023000
1011000
1e+06
989100
978300
967800
957400
947300
937400
927700
918200
908900
899800
890900
882100
873500
865100
856800
848700
840800
832900
825300
817800
810400
803100
796000
789000
782100
775400
768700
762200
755800
749500
743300
737200
731200
725300
719400
713700
708100
702600
697100
691700
686400
681200
676100
671000
666100
661200
656300
651600
646900
642300
637700
633200
628800
624400
620100
615800
611600
607500
603400
599400
595400
591500
587600
1982000
1532000
760900
661700
4784000
1399000
841700
1539000
3880000
7814000
2179000
1260000
3104000
1554000
1286000
1268000
6104000
2094000
1423000
1401000
1379000
1358000
1338000
1318000
1299000
1757000
6105000
2104000
5326000
11210000
19410000
8166000
15930000
4954000
3145000
3037000
2936000
2842000
2754000
2671000
2593000
2520000
2450000
2384000
2322000
16590000
4764000
2767000
2683000
2605000
2531000
2460000
2394000
3647000
2510000
2276000
10110000
4074000
6922000
3248000
2595000
2521000
2452000
2386000
2323000
2264000
2208000
5946000
5886000
3188000
2382000
11140000
5922000
2971000
2616000
2541000
2471000
2404000
2340000
2906000
2336000
2197000
2144000
2094000
2046000
10220000
3419000
2265000
2209000
2155000
2104000
2056000
2009000
1965000
1923000
1882000
1843000
8278000
4347000
2271000
2034000
1989000
1945000
1904000
3239000
2909000
2017000
1868000
1830000
1793000
1758000
1724000
1691000
1660000
1629000
1600000
9419000
2965000
1881000
1842000
1805000
1769000
1734000
1701000
4877000
2237000
1777000
1742000
1708000
1676000
1646000
1616000
6328000
16890000
4376000
2387000
2325000
2265000
2209000
11050000
9263000
3493000
2677000
2599000
2525000
2455000
2389000
2327000
2267000
2211000
2158000
2106000
2058000
2011000
1967000
1925000
1884000
1845000
1808000
1772000
1737000
1704000
1672000
1641000
1612000
1583000
1556000
1529000
1503000
1478000
1454000
2734000
1851000
2014000
1525000
12900000
6677000
2460000
1985000
1942000
1901000
1861000
1823000
1846000
1762000
1721000
1688000
1657000
1627000
1598000
1570000
1543000
1516000
1491000
1467000
1443000
1420000
1398000
1413000
9249000
12620000
17570000
7921000
3608000
3358000
5136000
3070000
2676000
2598000
3585000
6582000
3170000
2574000
6799000
3231000
2585000
2512000
5022000
3213000
2507000
2393000
2331000
4258000
2573000
2250000
2195000
2142000
2092000
2044000
1998000
1954000
1912000
1872000
1875000
6323000
3910000
4720000
14700000
5780000
2800000
2520000
2451000
2385000
2323000
5501000
13410000
5894000
3037000
10620000
4061000
3261000
2886000
2752000
2669000
2591000
2518000
2448000
2383000
2321000
2262000
2206000
2152000
2101000
2053000
2007000
1963000
1920000
1880000
1841000
1804000
1768000
1734000
1701000
1669000
1638000
1609000
1580000
1553000
1526000
1501000
1476000
1452000
1429000
2198000
1525000
1397000
1376000
1355000
1335000
1315000
1296000
1277000
1260000
1242000
3417000
1602000
1291000
1273000
1255000
1238000
1221000
1205000
1189000
1173000
1158000
1143000
1129000
1115000
1101000
1088000
1075000
1062000
1049000
1037000
1025000
1014000
1002000
991300
980500
969900
959500
949300
939400
929600
920100
910800
901600
892600
883800
875200
866800
858500
850300
842300
834500
826800
2125000
1044000
861100
852900
844900
837000
829300
821700
7098000
12670000
3008000
1550000
1523000
1498000
1473000
1449000
1426000
2719000
7515000
5536000
2742000
11190000
7639000
2919000
2301000
2243000
2188000
8208000
3177000
2308000
2249000
2194000
2141000
2091000
2914000
2.7e+07
6361000
2941000
2847000
2758000
2675000
9914000
3849000
2787000
2703000
2623000
2548000
2477000
2409000
4074000
2599000
2308000
2250000
4829000
10250000
7883000
3321000
7842000
3541000
2767000
2683000
2605000
2530000
2460000
2394000
2331000
2272000
2215000
2161000
2110000
2061000
2015000
1970000
1928000
1887000
1848000
1810000
1774000
1740000
5487000
2375000
1836000
1799000
1763000
1729000
1836000
2880000
5627000
2370000
2300000
1884000
1786000
1751000
3379000
1995000
4684000
2258000
1830000
1794000
1758000
1724000
1692000
1660000
1630000
1601000
1573000
1545000
1519000
1494000
1469000
1445000
1422000
1400000
1379000
1358000
1337000
1318000
1299000
1768000
8619000
3528000
1737000
1580000
1553000
1526000
1500000
1476000
1452000
1429000
1406000
1384000
1363000
1343000
1323000
1304000
1285000
1267000
1249000
1232000
1215000
9289000
10300000
2917000
1857000
1819000
1783000
1748000
1714000
3793000
2311000
1780000
1711000
5100000
2398000
1819000
1768000
1734000
1701000
1669000
1639000
1609000
1581000
1553000
1527000
1501000
1476000
1452000
1429000
1407000
1385000
1364000
1343000
1323000
1304000
1285000
1267000
1249000
1232000
4840000
1846000
1343000
1323000
1585000
1334000
1278000
1260000
1242000
1225000
1209000
1192000
1177000
1162000
1147000
1132000
1118000
1104000
1091000
1078000
1065000
1052000
1040000
1028000
1017000
1005000
994000
983100
972500
2152000
1331000
1025000
991600
980700
970100
959700
949500
939600
929800
920300
911000
901800
892800
884000
875400
1303000
2785000
3378000
1328000
1025000
1013000
1002000
990600
979800
969200
958800
948700
938700
929000
919500
910100
901000
892000
883300
874600
866200
5332000
1644000
1035000
1023000
1011000
1e+06
989000
978200
967600
957300
947200
937300
927600
918100
908800
899700
890800
882000
873400
865000
856700
4096000
1412000
967400
957100
947000
937100
927400
917900
908600
899500
890600
881800
873200
864800
856500
848400
840500
832700
825000
817500
810100
802900
795800
788800
781900
775200
768500
762000
755600
749300
743100
737000
731000
725100
719300
713500
707900
702400
696900
691600
686300
681100
675900
670900
665900
661000
656200
651400
646700
642100
637500
633100
628600
624300
619900
615700
611500
607400
603300
599300
595300
591400
587500
1588000
3041000
3107000
10610000
2514000
1228000
1212000
1196000
1180000
1164000
1149000
1135000
1121000
1107000
1093000
1080000
1067000
1055000
1042000
1030000
1019000
1007000
996100
985200
974500
964000
953700
943700
933900
924200
914800
905600
896500
887600
878900
870400
2637000
2140000
1091000
950500
940500
930800
921200
9621000
2461000
1593000
1317000
1258000
1240000
1223000
1207000
1191000
1175000
1160000
1145000
1338000
3028000
1463000
1199000
1183000
1167000
1152000
1138000
1123000
1110000
1096000
1083000
1070000
1057000
1045000
1033000
1021000
3858000
10430000
3942000
1881000
1569000
2519000
3079000
1773000
1559000
1533000
1507000
5227000
17170000
6504000
2644000
2292000
2234000
2179000
2127000
2078000
2156000
2603000
2272000
1967000
1896000
1857000
1819000
1783000
1748000
1714000
1682000
1651000
5536000
2318000
1765000
1730000
1698000
1666000
1635000
1606000
1578000
8619000
2810000
1832000
1795000
1760000
1726000
1693000
1662000
1631000
1602000
1574000
1547000
1520000
1495000
1470000
5367000
2131000
1581000
1554000
1527000
3194000
1951000
3065000
1876000
4694000
2108000
1662000
1632000
1603000
1574000
1679000
3032000
2058000
1598000
1533000
1507000
1482000
1458000
1435000
1412000
2158000
2299000
1522000
1393000
1372000
1351000
3233000
1647000
1371000
1439000
1346000
1314000
1295000
1277000
1259000
1241000
1224000
1208000
1192000
1176000
1161000
1621000
1220000
1142000
5297000
1868000
1295000
1276000
1258000
1241000
1224000
3330000
1576000
3227000
1859000
2056000
2892000
10950000
5235000
2176000
1848000
1811000
1775000
1740000
1707000
1675000
1644000
1614000
1586000
1558000
1531000
1506000
1481000
1457000
1433000
1411000
1389000
1367000
1347000
1327000
1307000
1289000
1270000
1253000
1235000
1218000
1202000
1186000
1171000
1156000
1141000
1127000
1113000
1099000
1086000
1073000
1060000
1047000
1035000
1024000
1012000
1001000
1663000
1100000
998800
987800
977000
2086000
1157000
996200
1205000
1014000
973800
963400
953100
943100
933300
923700
914200
905000
896000
887100
878400
869900
861600
853400
845300
837400
829700
822100
814600
1177000
2648000
3444000
1291000
971100
960700
950500
940600
930800
921200
911900
902700
893700
884900
876200
867800
859400
851300
843300
835400
827700
820200
812700
805400
798300
791200
784300
777500
770800
764300
757800
751500
745200
739100
733100
727100
721300
715500
709900
704300
698800
693400
688100
682900
677700
672700
1468000
3003000
2076000
979000
841300
1844000
1766000
993000
882000
873400
865000
856700
848600
840700
832800
825200
817700
810300
803000
795900
788900
782000
775300
768600
762100
755700
749400
743200
737100
731100
725200
719400
713600
708000
702500
697000
691700
686400
681200
1934000
931800
732300
3041000
1692000
1020000
2889000
4478000
18510000
4237000
1801000
1745000
1712000
1679000
1648000
2883000
1822000
1624000
1595000
1567000
1540000
1514000
1489000
1464000
1441000
1418000
1396000
1374000
1354000
1333000
1314000
1295000
3328000
2617000
1917000
1419000
4080000
13800000
11390000
3334000
2284000
9560000
8701000
3371000
11690000
8169000
3560000
2925000
2832000
2744000
2662000
2584000
2511000
2442000
23920000
6142000
3154000
3045000
2944000
2849000
2761000
2677000
2599000
2525000
2455000
2389000
4657000
18390000
5440000
2980000
2843000
2754000
2671000
2593000
2520000
2450000
2385000
2322000
2263000
2207000
2950000
2245000
6922000
3926000
3639000
2420000
2197000
5680000
4562000
17730000
14740000
11850000
4428000
8478000
18880000
6111000
15100000
