1375000
1367000
1358000
1349000
1340000
1331000
1322000
1314000
1305000
1297000
1289000
1281000
1273000
1265000
1257000
1249000
27180000
7706000
1629000
1219000
2157000
11890000
2587000
8168000
41860000
6407000
1170000
1164000
1157000
8110000
2747000
1228000
6343000
2795000
6281000
36220000
26150000
3798000
1095000
1089000
4499000
1527000
1072000
15150000
2913000
6571000
1775000
1044000
1039000
1034000
1028000
1023000
3769000
1375000
1008000
1003000
998200
993300
988500
983800
979000
8819000
2002000
965100
960600
956100
951600
947200
942800
4030000
10510000
12110000
5911000
1405000
917300
913200
909100
905100
901100
897100
5136000
1447000
885400
881600
877800
874000
870300
6320000
1580000
859300
855700
852100
848600
845000
841500
838100
834700
831300
3939000
1234000
821200
817900
814600
811400
808200
805000
801800
798700
795600
792500
789400
786400
783300
780300
43930000
6450000
771500
768600
765700
762800
760000
757100
9822000
11660000
2027000
746100
743300
740600
738000
735300
732700
730000
727400
724800
722300
3883000
1669000
785100
712200
709700
707200
704800
702400
699900
697600
695200
692800
690500
688100
685800
7833000
27350000
4063000
8513000
1705000
672300
670000
667800
665700
663500
682300
662000
657100
655000
652900
650800
20920000
3313000
644600
642600
640600
638600
636600
634600
632600
630700
628700
626800
624900
623000
621100
619200
617300
615400
613600
611700
609900
608100
606300
604500
602700
600900
599200
597400
595700
593900
592200
3498000
1438000
7617000
1502000
583700
582100
580400
578800
577100
575500
573900
572300
570700
569100
567500
565900
564300
562800
561200
559700
7277000
8358000
1465000
553600
552100
550600
549100
547700
546200
544700
543300
541900
540400
539000
537600
8197000
30140000
4295000
532000
530600
529200
527800
6795000
1350000
523800
522400
521100
519800
518400
517100
515800
514500
513200
511900
510600
509400
508100
7741000
1457000
504300
503100
501900
500600
499400
498200
497000
495800
494600
493400
492200
491000
7521000
30730000
26820000
3443000
37060000
9490000
1035000
481700
480600
479400
478300
477200
476100
475000
473900
472800
471700
470600
469500
468400
467400
466300
465200
464200
463100
462100
461000
460000
458900
457900
4088000
19410000
16630000
2262000
452800
451800
450800
449800
448800
3285000
2145000
620200
444900
444000
443000
442000
441100
440100
439200
438200
437300
4759000
7146000
1242000
433600
432700
431700
430800
429900
429000
428100
427200
426300
425400
424600
36330000
45910000
5783000
421100
420200
419300
418500
417600
416800
415900
415100
414200
6922000
1269000
411700
410900
410100
5522000
1081000
407600
406800
406000
405200
404400
403600
402800
1789000
672800
412100
399600
398800
953400
470300
25960000
3758000
395000
394200
2459000
664400
391900
391200
8918000
2824000
561500
388200
387500
386700
386000
385300
966200
2908000
705000
382400
381700
381000
380300
379500
9924000
1634000
377400
376700
376000
375400
2640000
28620000
4049000
5532000
18740000
2698000
370600
369900
369200
368600
367900
367300
366600
365900
365300
364600
364000
363300
362700
362000
361400
360800
360100
359500
358900
358200
357600
357000
9467000
1554000
355100
354500
353900
53270000
7313000
352000
11770000
47250000
7982000
568000
349000
348400
6434000
11320000
1685000
346100
345500
344900
344300
343700
343200
342600
342000
341400
34460000
11790000
1255000
15360000
2949000
421600
337500
336900
336400
16820000
2504000
334700
334200
333600
333100
332500
332000
331500
330900
330400
25190000
3599000
328800
328300
327700
327200
326700
326200
325600
325100
1236000
444000
10320000
1638000
322600
322100
321500
321000
320500
320000
319500
319000
318500
318000
317500
317000
316600
316100
315600
315100
314600
314100
313600
313200
312700
312200
311700
311200
310800
310300
309800
23290000
3332000
308400
308000
307500
307000
306600
306100
305700
305200
304700
304300
303800
303400
302900
302500
302000
301600
301100
300700
599200
339100
299400
298900
298500
298100
297600
19270000
16440000
2091000
295900
295500
295000
294600
294200
293800
293400
292900
292500
1122000
3972000
761000
290800
290400
290000
289600
289200
288800
288400
2683000
967800
335200
286800
286400
329200
291200
285200
284800
284400
284000
283600
283200
282800
282400
282000
281600
281200
280800
280500
280100
279700
279300
278900
278500
278200
277800
277400
277000
276700
276300
275900
275500
275200
274800
274400
274100
273700
273300
273000
272600
272200
271900
271500
271100
270800
270400
270100
269700
269400
269000
268600
268300
3.6e+07
6677000
492100
266900
266600
266200
265900
265500
265200
264800
264500
264100
263800
263500
263100
262800
1048000
18980000
5502000
628500
261100
2022000
492100
260100
259800
259500
259100
258800
258500
258100
257800
257500
257200
256800
256500
256200
3288000
791300
2885000
598500
254600
254300
254000
3812000
5816000
923100
252700
252400
252100
251800
251500
251200
250800
250500
250200
249900
249600
249300
249000
9490000
1464000
248100
247800
247500
247200
246900
246600
246300
246000
245700
245400
21480000
18070000
2221000
244300
244000
243700
243400
11090000
1670000
242500
242200
242000
13990000
39640000
5596000
294800
240600
240300
240000
239700
3954000
32880000
9297000
873700
238300
238100
237800
237500
237200
237000
236700
236400
236100
235900
235600
7742000
5809000
26760000
3645000
234300
234000
22230000
5644000
564200
232900
259200
235900
232100
231900
231600
231400
231100
230800
230600
4610000
4156000
9581000
9562000
1600000
268200
228800
228500
228300
23110000
3237000
227500
17380000
10510000
9899000
13190000
1783000
226000
6337000
1029000
225300
225000
224800
224500
224300
224000
223800
10040000
1515000
223100
222800
222600
222300
222100
221900
221600
221400
221100
220900
220700
220400
220200
4178000
740300
219500
2157000
473900
218800
218500
218300
218100
643700
6688000
1560000
37670000
5134000
216700
216500
216200
216000
3201000
2086000
409700
215100
3012000
582600
214400
214200
214000
213800
213500
213300
213100
212900
212600
212400
212200
212000
211800
211500
211300
211100
9811000
1473000
210500
210200
1541000
736300
2710000
742300
236800
208900
208700
208500
208300
208100
207900
207700
207500
207200
15180000
8959000
1099000
206400
6880000
1084000
205800
205600
205400
205200
205000
204800
204600
204400
204200
203900
203700
203500
203300
203100
202900
202700
202500
202300
202100
201900
20250000
17430000
2121000
201200
201000
200800
200600
200400
200200
2e+05
199800
199600
199400
199200
199000
198800
198600
198400
198200
198000
197800
3317000
607700
197300
197100
196900
196700
196500
2935000
556300
195900
195800
195600
195400
195200
195000
194800
194600
194400
194300
194100
193900
193700
193500
193300
193200
193000
192800
192600
15730000
2236000
192100
191900
191700
191500
191400
191200
191000
190800
190700
190500
10880000
1597000
190000
189800
189600
189400
189300
189100
188900
188700
188600
188400
188200
188000
187900
187700
187500
187400
187200
187000
186800
8310000
4834000
657100
6378000
1e+06
185900
185700
185500
185400
185200
185000
184900
184700
184500
184400
184200
184000
183900
183700
183500
1962000
417200
183100
182900
182700
3515000
17730000
2432000
182100
182000
181800
3749000
650800
181300
181200
181000
180900
180700
180500
180400
180200
180100
179900
179700
179600
12360000
15390000
1969000
179100
178900
178700
178600
178400
178300
178100
178000
177800
177700
10180000
75600000
9924000
177200
177000
176900
176700
176600
176400
176200
176100
175900
175800
175600
175500
175300
175200
175000
174900
174700
174600
174400
174300
174100
174000
173800
173700
173500
173400
173300
173100
173000
172800
172700
172500
172400
172200
172100
171900
171800
171700
171500
171400
171200
171100
170900
170800
170600
170500
170400
170200
170100
169900
169800
169700
169500
169400
169200
169100
169000
168800
168700
168500
168400
168300
168100
168000
167800
167700
167600
167400
11350000
1638000
167100
166900
166800
166600
14600000
6642000
768300
166200
25290000
3470000
165900
3790000
14340000
30270000
4133000
197500
7442000
1122000
165000
164800
17610000
2459000
164500
164400
164200
164100
164000
163800
163700
2431000
16990000
2337000
13660000
29880000
44660000
14360000
28930000
3795000
162800
162700
162600
162400
162300
162200
162100
161900
161800
161700
161500
36680000
4964000
161300
161200
161000
160900
160800
160600
4e+06
665400
160300
21170000
4173000
11840000
1675000
159800
159600
159500
159400
159300
159100
159000
11450000
9859000
2310000
299500
23520000
8760000
885600
158200
158100
157900
157800
157700
2885000
516200
157300
157200
157100
157000
23140000
3180000
156700
156600
156500
156300
156200
1648000
352200
155900
155700
155600
20920000
6637000
648700
155200
155100
155000
154900
6941000
3796000
516100
154400
154300
154200
154100
154000
153900
153700
153600
153500
30040000
4084000
153300
153100
153000
152900
152800
152700
14210000
2002000
152400
152300
152200
152000
151900
151800
21740000
43090000
5426000
151600
151500
151300
410100
24800000
17830000
2050000
150900
150800
150700
150600
150500
150300
150200
150100
150000
149900
149800
1203000
805400
217500
149400
3398000
576400
149000
148900
148800
148700
148600
148500
148400
148300
148200
6436000
975100
147900
14790000
2802000
2092000
390600
37140000
13760000
1298000
147200
147100
147000
146900
5026000
1763000
274800
146500
146400
146300
146200
146100
146000
145900
145800
145700
744300
224200
145400
145200
7895000
28540000
32450000
39230000
13320000
2181000
1733000
6576000
965100
144600
943000
3685000
1.1e+07
1513000
144100
12730000
1799000
143800
143700
8309000
2174000
269300
143400
143300
7396000
1097000
143000
142900
142800
142700
142600
142500
142400
142300
142200
11070000
15190000
5452000
7359000
33250000
8508000
684600
141600
141500
141400
141300
9578000
27600000
8031000
725200
18140000
2508000
1289000
291800
140600
140500
140400
140300
140200
140100
140000
139900
139800
139700
139600
139500
139400
139400
139300
139200
139100
139000
138900
138800
138700
138600
138500
138400
138300
138200
138100
8564000
1246000
137900
13680000
7359000
853300
137600
137500
137400
137300
137200
137100
137000
136900
136800
16650000
2308000
136600
136500
136400
136300
136200
136100
136000
136000
135900
135800
135700
135600
135500
135400
135300
135200
135100
135100
135000
134900
134800
134700
134600
134500
367000
164900
134300
134200
134100
134000
133900
133800
133700
133600
133600
133500
133400
133300
133200
133100
16550000
2292000
132900
132800
132700
132600
132600
132500
30970000
44900000
5487000
132300
132200
132200
132100
132000
131900
5118000
21260000
13400000
3248000
26230000
14610000
1588000
131400
131300
131300
16430000
2275000
131000
131000
130900
130800
130700
2785000
58850000
7808000
130500
130500
130400
130300
18100000
2494000
130100
130000
129900
129800
129800
129700
5005000
770800
129400
129400
7279000
21270000
14230000
1634000
12880000
1806000
128900
128800
128800
128700
128600
128500
128400
128400
128300
128200
128100
128000
128000
127900
127800
127700
127600
127600
666900
198300
16090000
2227000
127200
127100
127100
127000
1351000
4383000
13320000
1791000
1718000
336000
126600
126500
6074000
908600
10220000
1453000
126200
126100
126100
126000
125900
125800
125700
125700
125600
125500
125400
125400
1026000
243700
125100
125100
125000
124900
124800
124800
124700
6065000
26070000
6737000
559000
124500
124500
124400
124300
124200
124200
124100
124000
123900
464300
1447000
291900
123700
123600
123500
123400
123400
123300
36900000
29700000
3378000
123300
123200
123200
123100
123000
11780000
2568000
242900
122800
12200000
2091000
172700
122700
122600
122500
122500
122400
122300
122200
122200
122100
122000
121900
121900
121800
121700
121700
121600
121500
121400
121400
121300
121200
121100
121100
33200000
4472000
121100
121000
1971000
364300
120800
120700
120700
120600
120500
120400
120400
120300
120200
120200
120100
120000
119900
119900
119800
119700
119700
119600
7844000
1136000
119500
1468000
3864000
7850000
1837000
219500
119200
119200
119100
119000
119000
118900
118800
118700
118700
842600
213800
118500
118400
13610000
10380000
11250000
1436000
118500
118400
118300
118300
118200
118100
118100
118000
117900
117900
117800
117700
117700
117600
117500
117500
14440000
26460000
3334000
117600
117500
117500
117400
117300
117300
117200
117100
117100
117000
116900
116800
116800
116700
116600
116600
116500
116400
4488000
28840000
3819000
116500
116400
116400
116300
116200
116200
116100
116000
116000
115900
115800
115800
115700
115600
115600
115500
115400
115400
115300
3196000
520400
115100
115100
115000
115000
114900
114800
114800
114700
114600
114600
114500
4773000
732100
367000
147400
114200
114200
114100
114000
114000
113900
113900
113800
113700
113700
113600
113500
113500
113400
113400
113300
113200
2339000
405900
113100
113000
112900
112900
4720000
4772000
10210000
15900000
1.5e+07
44150000
5681000
113300
113200
113100
113100
113000
112900
112900
112800
112800
112700
112600
112600
112500
112500
112400
112300
112300
112200
112100
112100
112000
112000
111900
111800
111800
111700
111700
111600
111500
111500
111400
22040000
7467000
699600
111500
111400
111400
111300
37690000
5054000
1215000
256500
111300
111300
111200
111200
111100
111000
111000
110900
2340000
8992000
1240000
110800
110800
110700
110600
110600
110500
110500
110400
110300
110300
110200
110200
110100
110000
14120000
34980000
8603000
1168000
177600
3516000
5328000
737600
110200
110100
110000
12960000
44680000
11460000
861100
110300
110300
110200
110200
110100
1065000
1782000
888000
185500
109800
109800
109700
109700
109600
109500
109500
109400
14400000
1989000
109400
109400
109300
109200
109200
109100
109100
24130000
3269000
109200
109100
109100
109000
108900
108900
108800
108800
108700
108700
108600
108500
108500
15710000
2160000
108500
108400
108400
6273000
1494000
5303000
1088000
10770000
1505000
108200
108200
108100
108100
899200
5274000
1750000
236300
107900
107800
107700
107700
107600
107600
4898000
3441000
463100
107400
107400
107300
7809000
1120000
107200
689100
183700
107100
107000
107000
106900
106900
106800
106700
106700
106600
597500
3918000
599400
106500
17840000
2439000
106500
106400
106400
106300
106300
12280000
1707000
6862000
1875000
2577000
5386000
31810000
11440000
1060000
106500
106400
106400
135400
110100
106200
106100
106100
106000
106000
105900
105900
105800
105800
105700
105700
105600
105500
105500
105400
105400
105300
105300
105200
105200
105100
105100
105000
104900
104900
104800
104800
104700
104700
13640000
1885000
104700
104600
104600
104500
104500
2698000
8013000
1100000
104400
104300
104300
8655000
1229000
104200
2432000
410300
104100
104000
104000
103900
103800
103800
103700
103700
103600
103600
103500
103500
103400
103400
103300
103300
103200
103200
4288000
14350000
10610000
11870000
1500000
103300
103200
103200
103100
103100
103000
103000
102900
4226000
645100
102800
102700
102700
102600
102600
102500
102500
102400
102400
102300
102300
102200
102200
9379000
1322000
102100
102100
102000
102000
101900
101900
101800
101800
101700
101700
15230000
2092000
101700
101600
101600
101500
101500
11260000
15530000
7277000
803800
101600
6352000
4422000
561600
101500
101400
101400
101300
101300
101200
101200
101100
101100
101000
101000
100900
100900
100800
100800
6139000
894900
100700
100600
100600
100500
100500
100400
100400
100300
100300
100200
100200
100100
100100
9467000
17500000
2432000
127200
14240000
4659000
896100
9467000
16380000
61350000
8440000
172200
100700
100700
100600
100600
5985000
874500
100500
100400
100400
100300
100300
100200
100200
100100
100100
1e+05
99970
99930
99880
99830
99780
14250000
5362000
1969000
286800
9462000
38360000
25300000
2834000
287800
19310000
16270000
1896000
21050000
11250000
1205000
100600
100600
100500
100500
100400
100400
100300
49600000
6611000
100600
100600
100500
100500
100400
100400
100400
100300
100300
100200
7449000
36960000
5483000
187400
100400
100400
100300
100300
100200
100200
100100
100100
1e+05
99990
3365000
529300
12670000
4412000
3703000
527900
99890
9320000
6078000
36340000
25170000
17610000
2050000
10570000
30010000
4214000
21400000
