1167000
1153000
1137000
1122000
1107000
1093000
1079000
1065000
1052000
1039000
1026000
1013000
1001000
989500
978000
966700
956600
1251000
1314000
1299000
1279000
1273000
1426000
1422000
1527000
2462000
2495000
2422000
2354000
2291000
2412000
2383000
2320000
2402000
2380000
2473000
3685000
4694000
4552000
4313000
4100000
4064000
3891000
3724000
4214000
4084000
4155000
3985000
3801000
3633000
3480000
3339000
3210000
3155000
3046000
2938000
2838000
2744000
2656000
2574000
2496000
2425000
2543000
2488000
2415000
2347000
2283000
2222000
2164000
2109000
2080000
2271000
2522000
2591000
2525000
2451000
2380000
2314000
2252000
2192000
2137000
2144000
2097000
2045000
1996000
1950000
1905000
1863000
1930000
1899000
1856000
1816000
1777000
1740000
1705000
1671000
1638000
1606000
1576000
1547000
1519000
1492000
1465000
1440000
1416000
1392000
1370000
1347000
1326000
1305000
1285000
1266000
1247000
1229000
1213000
1684000
1704000
1670000
1638000
1606000
1576000
1547000
1519000
1557000
1727000
1713000
1679000
1646000
1614000
1583000
1554000
1526000
1498000
1472000
1446000
1422000
1398000
1375000
1353000
1331000
1311000
1290000
1271000
1252000
1233000
1215000
1198000
1181000
1165000
1149000
1133000
1119000
1427000
1440000
1551000
1538000
1510000
1483000
1458000
1433000
1408000
1385000
1363000
1341000
1320000
1299000
1280000
1454000
1451000
1426000
1402000
1379000
1357000
1335000
1314000
1294000
1274000
1255000
1236000
1218000
1201000
1184000
1167000
1151000
1136000
1121000
1106000
1091000
1077000
1064000
1050000
1037000
1025000
1012000
1e+06
988500
977000
965800
954800
944000
933500
923200
913200
903400
893700
884300
875100
866100
857200
848600
840100
831700
823600
815600
807700
8e+05
792500
785100
777800
770700
763700
756800
750000
743400
736900
730500
724200
718000
711900
705900
7e+05
694200
688600
683200
919600
936300
925900
915800
905900
896300
886800
877500
868400
859600
850800
842300
833900
825700
817700
809800
802100
794500
787000
779700
772600
765500
758600
751800
745100
738600
732100
725800
719600
713500
707500
701600
695800
690100
684400
679100
867300
1157000
1175000
1812000
1940000
1907000
1864000
1823000
1784000
1747000
1711000
1677000
1644000
1612000
1582000
1552000
1524000
1497000
1470000
1445000
1420000
1397000
1374000
1352000
1330000
1309000
1289000
1270000
1251000
1233000
1328000
1558000
1556000
1528000
1500000
1474000
1448000
1424000
1423000
1424000
1402000
1379000
1357000
1335000
1314000
1294000
1274000
1255000
1237000
1219000
1231000
1310000
1300000
1281000
1261000
1243000
1224000
1207000
1190000
1173000
1157000
1141000
1126000
1113000
1694000
2841000
2869000
2773000
2683000
2599000
2521000
2446000
2376000
2310000
2248000
2190000
2289000
2245000
2186000
2130000
2078000
2152000
2111000
2059000
2009000
1962000
1917000
1874000
1833000
1794000
1779000
1747000
1711000
1677000
1644000
1622000
1595000
2137000
2147000
2093000
2042000
2039000
1995000
1949000
1905000
2063000
2067000
2021000
1973000
1927000
1884000
1842000
1803000
1777000
1793000
1761000
1725000
1690000
1656000
1624000
1594000
1744000
1728000
1693000
1660000
1627000
1597000
1606000
2221000
2235000
2320000
2813000
2780000
2690000
2606000
2527000
2452000
2382000
2316000
2253000
2193000
2137000
2084000
2033000
1984000
1938000
1894000
1852000
1812000
1774000
1737000
1701000
1667000
1635000
1603000
1611000
1585000
1556000
1527000
1509000
2825000
2879000
2785000
3117000
5294000
5318000
5004000
4716000
4463000
4511000
4863000
4652000
4402000
4178000
3976000
3793000
3626000
3474000
3334000
3204000
3100000
4236000
4525000
4339000
4934000
4778000
4519000
4283000
4071000
3888000
4420000
4272000
4061000
3871000
3697000
3538000
3393000
3259000
3136000
3021000
2921000
3452000
3383000
3250000
3127000
3013000
2908000
2809000
2717000
2631000
2550000
2474000
2404000
2484000
2429000
2360000
2295000
2233000
2175000
2119000
2067000
2017000
1969000
1924000
1880000
1839000
1799000
1761000
1725000
1690000
1656000
1624000
1593000
1563000
1535000
1507000
1480000
1455000
1430000
1406000
1383000
1360000
1342000
1321000
1300000
1281000
1261000
1243000
1224000
1207000
1190000
1173000
1157000
1141000
1126000
1111000
1096000
1082000
1068000
1055000
1042000
1029000
1016000
1004000
992400
980800
969500
958400
947700
985900
1156000
1160000
1144000
1129000
1114000
1099000
1085000
1071000
1057000
1044000
1031000
1019000
1007000
994700
983000
971700
960500
949700
939000
928600
918500
908500
898800
889300
879900
870800
861900
853100
844500
836100
827900
819800
811900
804100
796500
789000
781600
774400
767300
760400
753600
746900
740300
733800
727500
721200
715100
709100
703100
697300
691500
685900
680300
674900
669500
664200
659000
653900
648800
643900
639000
634100
629400
624700
620100
615600
611100
606700
602300
598000
593800
589700
585600
581600
685600
706400
702100
696200
690500
684900
679400
673900
668500
663300
658100
653000
647900
643000
638100
633300
628600
682400
706800
703500
697700
700900
696100
690400
684800
679200
673800
668400
663100
658000
652800
647800
642900
638000
633200
628400
623800
619200
614600
610200
605800
601500
597200
593000
620100
619100
614500
610100
605700
601300
597100
592900
588700
584600
580600
576600
572700
568800
565000
598400
598300
594000
589900
585800
581700
577700
573800
569900
566000
562300
558700
694700
845900
853100
844500
836100
827800
819900
920500
922500
912400
902600
893500
1043000
1662000
1706000
1672000
1640000
1608000
1578000
1549000
1590000
2324000
2483000
2427000
2358000
2293000
2231000
2173000
2118000
2065000
2015000
1968000
1922000
1879000
1838000
1937000
2023000
2723000
2717000
2631000
2556000
3237000
3296000
3180000
3062000
2953000
2852000
2757000
2668000
2585000
2507000
2434000
2365000
2300000
2329000
2371000
2579000
2792000
2739000
2653000
2571000
2494000
2427000
3100000
3070000
2967000
3526000
3806000
4083000
4534000
4363000
4146000
4242000
4067000
3875000
3701000
3542000
3397000
3263000
3139000
3027000
3250000
3163000
3047000
2939000
2838000
2744000
2657000
2574000
2497000
2424000
2355000
2290000
2229000
2171000
2116000
2110000
2063000
2014000
2009000
1967000
1921000
1878000
1837000
1797000
1760000
1850000
1843000
2849000
2869000
2773000
2683000
2599000
2521000
2502000
2478000
2411000
2344000
2351000
2294000
2232000
2174000
2119000
2066000
2016000
1969000
1923000
1880000
1838000
1799000
1761000
1725000
1690000
1656000
1624000
1593000
1604000
1578000
1549000
1521000
1493000
1471000
1490000
1472000
1447000
1422000
1399000
1376000
1353000
1332000
1311000
1291000
1271000
1252000
1322000
1423000
1411000
1388000
1470000
1456000
1431000
1407000
1383000
1361000
1339000
1318000
1298000
1278000
1259000
1240000
1222000
1204000
1187000
1171000
1154000
1139000
1124000
1109000
1094000
1080000
1146000
1361000
1363000
1341000
1320000
1300000
1280000
1261000
1242000
1224000
1206000
1189000
1172000
1156000
1140000
1125000
1110000
1096000
1082000
1068000
1054000
1041000
1028000
1016000
1004000
992000
980400
969100
958000
947200
936600
926300
916200
906300
896600
887100
877800
868700
859800
851100
842600
834200
826000
817900
810100
802300
794700
787300
780000
772800
765700
758800
752000
745300
738800
732300
726000
719800
713700
707700
701800
695900
690200
684600
679100
673600
668300
663000
657800
652700
647700
642700
637800
633000
628300
623600
619100
614500
610100
605700
601300
597100
592900
588700
584600
597400
595000
590900
586700
582700
578700
574700
570800
567000
563200
559400
555700
552100
548500
544900
541400
537900
534500
531100
527800
524500
521300
518100
608400
614300
609800
605400
601100
609200
606100
601800
597500
593300
589100
585000
581000
577000
573100
569200
565400
561600
557900
565500
664900
670900
665600
660300
655200
650100
645100
640200
635400
630600
625900
621300
630400
1583000
1658000
1626000
1595000
1565000
1536000
1508000
1482000
1456000
1431000
1407000
1384000
1361000
1339000
1318000
1298000
1278000
1259000
1240000
1222000
1205000
1187000
1171000
1155000
1139000
1124000
1109000
1094000
1080000
1067000
1053000
1040000
1027000
1015000
1003000
990900
979400
968100
957000
946200
935700
925300
915300
905400
895700
886300
877000
867900
859000
850300
841800
833500
825300
817200
809400
801600
794000
786600
779300
772100
765100
758200
751400
744800
738200
731800
725500
719200
713100
707100
701200
695400
689700
684100
678600
673300
768100
816400
813400
806200
1087000
1104000
1090000
1123000
1319000
1869000
1894000
1853000
1980000
1952000
1908000
1868000
2257000
2245000
2186000
2130000
2077000
2027000
1978000
1933000
1889000
1889000
2263000
2252000
2592000
3628000
5903000
6444000
8411000
7870000
7169000
6584000
6090000
5665000
5297000
4975000
4690000
4436000
4209000
4004000
3847000
5608000
5457000
5115000
4814000
4547000
4308000
4094000
3902000
3885000
3728000
3579000
4419000
4373000
4778000
4583000
4341000
4123000
3926000
3748000
3585000
3436000
3305000
3594000
3851000
3767000
3622000
4607000
4793000
4562000
4322000
4106000
3911000
3734000
3573000
3497000
3363000
3231000
3110000
2997000
2902000
3654000
3592000
3443000
3305000
3178000
3060000
2951000
2850000
2755000
2667000
2584000
2511000
3070000
3170000
3068000
2959000
2857000
2762000
2674000
2744000
2763000
2684000
2600000
2521000
2447000
2377000
2311000
2248000
2189000
2133000
2086000
2776000
2767000
2678000
2594000
2516000
2442000
2372000
2309000
2578000
2537000
2462000
2391000
2324000
2261000
2201000
2149000
2588000
4185000
4159000
3959000
3777000
3612000
3475000
4454000
5168000
4952000
4669000
4418000
4192000
3989000
3805000
3637000
3484000
3343000
3213000
3093000
2981000
2878000
2781000
2691000
2607000
2527000
2453000
2382000
2316000
2253000
2194000
2138000
2084000
2033000
1985000
1939000
1895000
1853000
1813000
1927000
1917000
1918000
1887000
2892000
3233000
3147000
3032000
2925000
2825000
2732000
2645000
2584000
2508000
2435000
2365000
2300000
2238000
2179000
2124000
2071000
2021000
1973000
1927000
1884000
1842000
1803000
1797000
2473000
3544000
5406000
5840000
5574000
5324000
5394000
5103000
4803000
4539000
4460000
4814000
4609000
4371000
4764000
4570000
4329000
4117000
4261000
4136000
3943000
3763000
3602000
3683000
3551000
3405000
3270000
3146000
3031000
2924000
2824000
2731000
2644000
2563000
2525000
2896000
2972000
3145000
4528000
4677000
4449000
4221000
4015000
3828000
3663000
3910000
5192000
5309000
5038000
5887000
5617000
5314000
4996000
4708000
4453000
4224000
4017000
3831000
3661000
3505000
3362000
3231000
3110000
2997000
2892000
2795000
2704000
2619000
2539000
2463000
2392000
2326000
2262000
2202000
2146000
2092000
2041000
1992000
1945000
1901000
1859000
1818000
1779000
1761000
1844000
1817000
1779000
1742000
1706000
1672000
1639000
1607000
1577000
1548000
1521000
1671000
1658000
1626000
1595000
1565000
1536000
1508000
1481000
1456000
1431000
1407000
1383000
1361000
1339000
1318000
1298000
1278000
1259000
1240000
1222000
1204000
1187000
1171000
1155000
1139000
1124000
1109000
1094000
1080000
1066000
1053000
1040000
1027000
1015000
1003000
990800
979200
967900
956900
946100
935600
925600
1009000
1007000
995300
983700
972300
961100
950200
940400
1353000
2276000
2314000
2252000
2192000
2136000
2083000
2032000
1984000
2053000
2589000
2925000
2936000
3899000
4384000
4223000
4016000
3830000
3669000
4266000
4138000
3940000
3760000
3596000
3446000
3310000
3323000
6547000
6415000
5945000
5540000
5188000
4900000
5717000
5462000
5119000
4818000
4550000
4311000
4096000
3905000
3939000
3783000
3617000
3469000
3632000
4493000
5010000
4805000
5286000
5047000
4754000
4493000
4260000
4050000
3860000
3688000
3530000
3385000
3252000
3129000
3015000
2909000
2811000
2719000
2632000
2552000
2476000
2404000
2336000
2276000
2594000
2557000
2480000
2408000
2341000
2277000
2231000
2289000
2612000
2573000
2545000
2475000
2403000
2337000
2438000
2389000
2623000
2576000
2499000
2426000
2357000
2292000
2231000
2173000
2117000
2065000
2015000
1967000
1922000
1879000
1837000
1798000
1760000
1724000
1689000
1655000
1623000
1592000
1563000
1578000
2117000
2214000
2166000
2111000
2059000
2010000
1962000
1917000
1874000
1833000
1794000
1756000
1720000
1685000
1652000
1620000
1589000
1559000
1531000
1503000
1479000
2116000
2891000
2876000
2780000
2689000
2605000
2526000
2453000
2614000
2589000
2513000
2443000
2740000
2706000
2622000
2542000
2466000
2395000
2328000
2265000
2205000
2148000
2094000
2043000
1994000
1947000
1903000
1860000
1820000
1781000
1744000
1708000
1674000
1641000
1609000
1579000
1550000
1523000
1829000
1826000
1787000
1750000
1735000
1702000
1668000
1636000
1604000
1574000
1545000
1517000
1490000
1464000
1439000
1414000
1391000
1368000
1346000
1325000
1304000
1284000
1265000
1246000
1228000
1210000
1193000
1176000
1160000
1249000
1254000
1237000
1219000
1201000
1184000
1168000
1152000
1136000
1121000
1106000
1092000
1078000
1064000
1051000
1038000
1072000
1181000
1334000
1330000
1309000
1289000
1270000
1251000
1232000
1214000
1197000
1180000
1164000
1148000
1132000
1117000
1102000
1088000
1074000
1061000
1048000
1381000
1396000
1374000
1351000
1330000
1309000
1289000
1269000
1250000
1232000
1214000
1197000
1180000
1164000
1148000
1132000
1117000
1102000
1088000
1074000
1061000
1301000
1309000
1289000
1270000
1251000
1232000
1214000
1197000
1180000
1164000
1148000
1132000
1117000
1102000
1088000
1074000
1061000
1047000
1034000
1022000
1010000
997500
985800
974300
963100
952200
941500
931100
920900
910900
901100
891500
882100
873000
864000
855200
846600
838100
829800
821700
813700
805900
798300
790700
783400
776100
769000
762000
755200
748500
741800
735400
729000
722700
716500
710500
704500
698700
692900
687200
681700
676200
670900
743600
894200
1062000
1806000
1849000
1809000
1770000
1734000
1698000
1665000
1632000
1601000
1571000
1542000
1514000
1487000
1461000
1436000
1412000
1388000
1366000
1344000
1322000
1302000
1282000
1263000
1244000
1226000
1208000
1191000
1174000
1158000
1142000
1127000
1112000
1098000
1221000
1288000
1276000
1257000
1238000
1220000
1206000
1888000
1923000
1905000
1865000
1825000
1786000
1748000
1712000
1678000
1645000
1613000
1583000
1574000
1721000
1705000
1671000
1638000
1607000
1576000
1547000
1519000
1492000
1466000
1441000
1416000
1393000
1370000
1348000
1327000
1542000
2323000
2468000
2425000
2359000
2393000
2478000
2421000
2353000
2288000
2230000
2561000
4295000
4583000
4374000
4153000
3954000
3773000
3608000
3457000
3334000
3268000
3172000
3058000
2949000
2848000
2753000
2665000
2582000
2504000
2431000
2365000
2714000
2673000
2590000
2511000
2438000
2368000
2303000
2241000
2188000
2834000
2817000
2725000
2638000
2557000
2480000
2409000
2341000
2277000
2216000
2159000
2104000
2052000
2003000
1958000
2262000
2241000
2182000
2126000
2074000
2174000
2151000
2235000
2203000
2447000
2410000
2342000
2278000
2217000
2160000
2118000
2200000
2184000
2131000
2078000
2028000
1979000
1933000
1890000
1848000
1871000
1899000
1864000
1823000
1784000
1748000
1856000
1832000
1792000
1762000
1726000
1691000
1657000
1625000
1594000
1564000
1536000
1508000
1481000
1455000
1431000
1448000
1428000
1406000
1707000
1708000
1674000
1641000
1609000
1579000
1551000
1697000
1683000
1793000
1791000
1808000
1894000
2748000
3014000
2937000
2836000
2743000
2655000
2573000
2495000
2423000
2354000
2289000
2228000
2170000
2115000
2063000
2013000
1965000
1920000
1877000
1835000
1796000
1758000
1722000
1687000
1654000
1622000
1591000
1561000
1532000
1505000
1478000
1453000
1428000
1404000
1381000
1358000
1337000
1316000
1295000
1275000
1256000
1238000
1220000
1202000
1185000
1248000
1239000
1221000
1203000
1186000
1251000
1241000
1223000
1222000
1206000
1189000
1172000
1156000
1140000
1125000
1110000
1096000
1082000
1068000
1054000
1041000
1028000
1016000
1004000
992000
980400
969100
958000
947400
996000
1104000
1258000
1256000
1237000
1219000
1202000
1185000
1168000
1152000
1137000
1122000
1107000
1092000
1078000
1065000
1051000
1038000
1025000
1013000
1001000
989200
977700
966400
955400
944600
934100
923800
913800
903900
894300
884900
875600
866600
857700
849100
840600
832200
824100
831500
825100
817000
809200
801500
793900
786500
843300
1002000
1077000
1070000
1057000
1110000
1151000
1141000
1126000
1111000
1096000
1082000
1068000
1055000
1042000
1029000
1017000
1004000
992500
980900
969500
958400
947600
937000
926700
916600
906700
897000
887500
878200
869100
860200
851500
842900
834500
826300
818300
810400
802700
907600
912600
903600
1066000
1108000
1104000
1224000
1482000
3123000
3208000
3091000
2980000
2876000
2780000
2691000
2752000
2680000
2596000
2517000
2443000
2373000
2308000
2245000
2186000
2130000
2077000
2027000
1979000
1933000
1889000
1847000
1808000
1946000
2004000
2001000
1959000
2158000
3395000
4365000
4254000
4067000
4929000
5623000
5383000
6538000
6881000
6415000
5945000
5541000
5188000
4879000
4605000
4360000
4190000
7232000
6985000
6430000
5958000
5551000
5198000
4887000
4612000
4367000
4146000
3947000
3771000
3920000
5884000
5762000
5387000
5053000
4759000
4498000
4265000
4054000
3864000
3691000
3533000
3388000
3256000
3216000
3111000
3500000
3527000
3533000
3403000
3274000
3527000
3657000
5507000
6925000
7836000
7304000
7680000
10070000
9355000
