1068000
1064000
1059000
1054000
1048000
1043000
1037000
1032000
1026000
1021000
1015000
1010000
1004000
999200
993900
988700
1017000
1059000
1097000
1117000
1125000
1141000
1162000
1184000
1251000
1369000
1449000
1485000
1498000
1516000
1528000
1534000
1546000
1554000
1570000
1670000
1822000
1971000
2058000
2090000
2102000
2108000
2101000
2123000
2167000
2200000
2221000
2222000
2208000
2189000
2167000
2144000
2125000
2110000
2092000
2071000
2050000
2029000
2007000
1987000
1966000
1963000
1967000
1963000
1951000
1935000
1917000
1899000
1881000
1865000
1874000
1917000
1969000
2002000
2009000
2002000
1988000
1971000
1953000
1934000
1921000
1911000
1898000
1882000
1865000
1848000
1830000
1825000
1824000
1818000
1807000
1792000
1777000
1761000
1745000
1730000
1714000
1699000
1684000
1669000
1654000
1640000
1626000
1612000
1599000
1585000
1572000
1559000
1546000
1534000
1522000
1509000
1498000
1486000
1543000
1601000
1648000
1665000
1667000
1660000
1650000
1638000
1635000
1656000
1677000
1688000
1686000
1678000
1666000
1653000
1640000
1626000
1613000
1599000
1586000
1573000
1560000
1547000
1535000
1523000
1510000
1498000
1487000
1475000
1464000
1453000
1441000
1431000
1420000
1409000
1399000
1424000
1473000
1524000
1552000
1566000
1568000
1562000
1553000
1542000
1531000
1519000
1508000
1496000
1484000
1473000
1485000
1506000
1518000
1518000
1512000
1503000
1493000
1482000
1471000
1460000
1449000
1438000
1428000
1417000
1407000
1396000
1386000
1376000
1366000
1356000
1347000
1337000
1328000
1319000
1309000
1300000
1292000
1283000
1274000
1266000
1257000
1249000
1241000
1233000
1225000
1217000
1209000
1202000
1194000
1187000
1179000
1172000
1165000
1158000
1151000
1144000
1137000
1130000
1123000
1117000
1110000
1104000
1097000
1091000
1085000
1079000
1073000
1067000
1061000
1055000
1049000
1043000
1037000
1032000
1026000
1021000
1015000
1042000
1082000
1113000
1128000
1132000
1131000
1127000
1123000
1117000
1111000
1105000
1099000
1092000
1086000
1080000
1074000
1068000
1062000
1056000
1050000
1044000
1039000
1033000
1027000
1022000
1016000
1011000
1006000
1e+06
995200
990000
984900
979800
974700
969800
964800
984100
1044000
1111000
1204000
1322000
1412000
1458000
1476000
1480000
1477000
1470000
1462000
1452000
1441000
1431000
1421000
1410000
1400000
1390000
1380000
1370000
1360000
1350000
1341000
1331000
1322000
1313000
1304000
1295000
1286000
1287000
1315000
1358000
1382000
1389000
1387000
1382000
1374000
1368000
1364000
1361000
1356000
1348000
1339000
1331000
1322000
1313000
1304000
1295000
1286000
1280000
1285000
1296000
1300000
1298000
1292000
1285000
1278000
1270000
1262000
1253000
1245000
1237000
1229000
1260000
1431000
1601000
1722000
1778000
1798000
1800000
1793000
1781000
1768000
1753000
1738000
1738000
1740000
1738000
1729000
1716000
1716000
1716000
1712000
1703000
1690000
1677000
1663000
1649000
1635000
1624000
1613000
1602000
1590000
1578000
1567000
1555000
1611000
1664000
1706000
1721000
1725000
1723000
1715000
1704000
1714000
1728000
1736000
1733000
1724000
1712000
1698000
1684000
1671000
1665000
1659000
1650000
1639000
1626000
1613000
1600000
1611000
1621000
1626000
1622000
1613000
1602000
1595000
1661000
1728000
1793000
1875000
1952000
1994000
2005000
1999000
1986000
1970000
1952000
1933000
1914000
1895000
1877000
1858000
1840000
1823000
1805000
1788000
1771000
1755000
1739000
1723000
1708000
1692000
1677000
1668000
1659000
1649000
1637000
1624000
1749000
1895000
2013000
2093000
2365000
2564000
2718000
2778000
2784000
2793000
2842000
2875000
2879000
2858000
2826000
2789000
2751000
2713000
2675000
2638000
2602000
2716000
2842000
2938000
3046000
3125000
3153000
3139000
3104000
3062000
3093000
3133000
3139000
3113000
3074000
3031000
2985000
2940000
2896000
2852000
2810000
2856000
2899000
2914000
2898000
2867000
2830000
2791000
2752000
2713000
2675000
2638000
2602000
2593000
2579000
2560000
2534000
2504000
2473000
2442000
2411000
2381000
2351000
2323000
2294000
2267000
2240000
2214000
2188000
2163000
2139000
2115000
2092000
2069000
2046000
2024000
2003000
1982000
1962000
1941000
1922000
1902000
1884000
1867000
1850000
1832000
1815000
1798000
1781000
1764000
1748000
1732000
1716000
1701000
1686000
1671000
1656000
1642000
1628000
1614000
1600000
1587000
1574000
1561000
1548000
1535000
1523000
1511000
1499000
1496000
1531000
1560000
1579000
1583000
1579000
1570000
1559000
1548000
1536000
1524000
1512000
1500000
1489000
1477000
1466000
1454000
1443000
1432000
1422000
1411000
1401000
1390000
1380000
1370000
1361000
1351000
1341000
1332000
1323000
1313000
1304000
1295000
1287000
1278000
1269000
1261000
1253000
1244000
1236000
1228000
1220000
1213000
1205000
1197000
1190000
1182000
1175000
1168000
1161000
1154000
1147000
1140000
1133000
1126000
1120000
1113000
1107000
1100000
1094000
1088000
1081000
1075000
1069000
1063000
1057000
1051000
1046000
1040000
1034000
1029000
1023000
1018000
1012000
1007000
1020000
1041000
1059000
1067000
1068000
1066000
1062000
1057000
1052000
1047000
1041000
1036000
1030000
1025000
1019000
1014000
1008000
1013000
1024000
1033000
1037000
1038000
1037000
1035000
1031000
1026000
1021000
1016000
1011000
1005000
1e+06
994900
989800
984600
979600
974500
969600
964600
959800
954900
950200
945400
940700
936100
934000
938400
939600
938000
935000
931300
927200
923000
918700
914400
910000
905700
901400
897200
893000
891900
898100
900700
9e+05
897700
894500
890900
887100
883200
879200
875200
871200
878000
919600
970400
1001000
1014000
1019000
1019000
1030000
1045000
1055000
1058000
1056000
1070000
1140000
1239000
1312000
1347000
1361000
1364000
1361000
1359000
1421000
1517000
1589000
1624000
1635000
1634000
1626000
1616000
1604000
1592000
1579000
1567000
1554000
1542000
1545000
1560000
1639000
1712000
1764000
1784000
1843000
1918000
1969000
1987000
1985000
1973000
1958000
1940000
1922000
1903000
1885000
1866000
1848000
1839000
1842000
1867000
1914000
1956000
1972000
1970000
1959000
1943000
1986000
2057000
2098000
2154000
2251000
2362000
2476000
2540000
2570000
2599000
2603000
2594000
2572000
2544000
2513000
2482000
2450000
2420000
2435000
2435000
2430000
2412000
2388000
2361000
2333000
2306000
2278000
2252000
2225000
2199000
2174000
2149000
2125000
2107000
2092000
2074000
2059000
2045000
2029000
2010000
1990000
1970000
1950000
1946000
1950000
2063000
2195000
2285000
2315000
2314000
2299000
2286000
2273000
2261000
2242000
2227000
2215000
2198000
2176000
2154000
2130000
2107000
2084000
2062000
2039000
2018000
1996000
1976000
1955000
1935000
1916000
1897000
1878000
1865000
1854000
1842000
1826000
1810000
1794000
1785000
1777000
1768000
1755000
1740000
1725000
1710000
1695000
1680000
1666000
1651000
1637000
1638000
1657000
1674000
1680000
1692000
1700000
1702000
1695000
1684000
1671000
1658000
1644000
1630000
1616000
1603000
1590000
1576000
1563000
1551000
1538000
1526000
1513000
1501000
1490000
1478000
1467000
1463000
1505000
1543000
1567000
1573000
1569000
1561000
1551000
1540000
1528000
1517000
1505000
1493000
1481000
1470000
1459000
1448000
1437000
1426000
1415000
1405000
1394000
1384000
1374000
1364000
1355000
1345000
1335000
1326000
1317000
1308000
1299000
1290000
1281000
1273000
1264000
1256000
1248000
1239000
1231000
1223000
1216000
1208000
1200000
1193000
1185000
1178000
1171000
1163000
1156000
1149000
1142000
1136000
1129000
1122000
1116000
1109000
1103000
1096000
1090000
1084000
1078000
1071000
1065000
1060000
1054000
1048000
1042000
1036000
1031000
1025000
1020000
1014000
1009000
1003000
998200
993000
987800
982700
977600
972600
967700
962800
957900
953100
949800
950200
948800
945800
942000
937900
933600
929100
924700
920300
915900
911500
907100
902800
898600
894300
890100
886000
881900
877800
873800
869800
865800
869900
891900
905500
910600
911300
910700
911300
910100
907400
904000
900200
896200
892200
888100
884100
880000
876000
871900
868000
865000
872200
896400
911100
916800
917800
916400
913600
910200
906400
902400
898300
894200
891000
972700
1101000
1218000
1281000
1311000
1322000
1324000
1321000
1315000
1308000
1300000
1292000
1284000
1275000
1267000
1258000
1250000
1242000
1234000
1226000
1218000
1210000
1203000
1195000
1188000
1180000
1173000
1166000
1159000
1152000
1145000
1138000
1131000
1124000
1118000
1111000
1105000
1098000
1092000
1086000
1080000
1073000
1067000
1061000
1056000
1050000
1044000
1038000
1033000
1027000
1021000
1016000
1011000
1005000
999900
994700
989500
984400
979300
974300
969300
964400
959500
954700
949900
945200
940500
935900
931300
926700
922200
917800
913300
909000
904600
900300
902900
924400
945000
954900
987600
1031000
1064000
1084000
1114000
1185000
1276000
1337000
1374000
1406000
1421000
1423000
1451000
1493000
1519000
1526000
1524000
1517000
1508000
1497000
1486000
1477000
1511000
1544000
1604000
1719000
1937000
2211000
2555000
2763000
2888000
2927000
2922000
2896000
2862000
2824000
2785000
2746000
2707000
2669000
2632000
2778000
2901000
2984000
2999000
2980000
2947000
2908000
2867000
2844000
2820000
2791000
2866000
2939000
3039000
3101000
3115000
3093000
3057000
3015000
2971000
2926000
2882000
2892000
2945000
2988000
2995000
3096000
3229000
3313000
3325000
3298000
3256000
3208000
3157000
3116000
3077000
3035000
2990000
2945000
2900000
2971000
3046000
3080000
3069000
3037000
2997000
2954000
2911000
2868000
2825000
2784000
2744000
2803000
2874000
2919000
2920000
2896000
2862000
2824000
2810000
2808000
2797000
2773000
2741000
2706000
2670000
2633000
2598000
2563000
2528000
2495000
2596000
2662000
2709000
2712000
2692000
2664000
2631000
2597000
2623000
2635000
2635000
2617000
2589000
2558000
2526000
2494000
2550000
2791000
3002000
3140000
3178000
3166000
3133000
3219000
3425000
3552000
3595000
3578000
3533000
3479000
3421000
3362000
3304000
3248000
3194000
3141000
3089000
3040000
2991000
2945000
2900000
2856000
2813000
2772000
2732000
2693000
2655000
2618000
2583000
2548000
2514000
2481000
2449000
2417000
2387000
2393000
2389000
2391000
2379000
2552000
2706000
2836000
2890000
2892000
2869000
2837000
2800000
2765000
2729000
2693000
2657000
2621000
2585000
2551000
2517000
2484000
2452000
2420000
2390000
2360000
2331000
2302000
2279000
2395000
2611000
2971000
3337000
3592000
3698000
3769000
3766000
3738000
3686000
3653000
3702000
3693000
3670000
3734000
3726000
3705000
3658000
3666000
3641000
3606000
3557000
3499000
3480000
3449000
3409000
3359000
3305000
3250000
3196000
3143000
3092000
3042000
2994000
2954000
2986000
3039000
3100000
3353000
3560000
3673000
3696000
3667000
3616000
3557000
3579000
3804000
3934000
4014000
4188000
4254000
4272000
4231000
4163000
4084000
4002000
3921000
3842000
3766000
3693000
3622000
3554000
3488000
3425000
3364000
3305000
3248000
3193000
3140000
3088000
3039000
2991000
2944000
2899000
2855000
2812000
2771000
2731000
2692000
2654000
2618000
2582000
2547000
2518000
2517000
2508000
2493000
2469000
2441000
2412000
2383000
2354000
2325000
2297000
2269000
2281000
2289000
2288000
2274000
2253000
2229000
2205000
2180000
2156000
2132000
2108000
2085000
2062000
2040000
2018000
1997000
1976000
1956000
1936000
1916000
1897000
1878000
1860000
1842000
1824000
1807000
1790000
1773000
1756000
1740000
1724000
1709000
1694000
1679000
1664000
1649000
1635000
1621000
1607000
1594000
1581000
1567000
1576000
1583000
1586000
1582000
1573000
1562000
1551000
1539000
1607000
1779000
1971000
2105000
2161000
2176000
2171000
2156000
2137000
2128000
2199000
2325000
2409000
2585000
2752000
2876000
2928000
2929000
2905000
2955000
3004000
3019000
3001000
2967000
2927000
2886000
2856000
3214000
3458000
3653000
3709000
3692000
3646000
3761000
3776000
3779000
3741000
3684000
3621000
3556000
3492000
3460000
3427000
3384000
3333000
3315000
3462000
3650000
3732000
3878000
3913000
3909000
3865000
3802000
3734000
3665000
3597000
3531000
3466000
3404000
3344000
3285000
3229000
3175000
3122000
3072000
3022000
2975000
2929000
2884000
2841000
2866000
2891000
2893000
2871000
2838000
2801000
2765000
2750000
2799000
2835000
2853000
2843000
2818000
2785000
2778000
2768000
2801000
2819000
2817000
2794000
2762000
2726000
2690000
2653000
2617000
2581000
2547000
2513000
2480000
2448000
2417000
2386000
2356000
2327000
2299000
2271000
2245000
2218000
2192000
2173000
2263000
2354000
2416000
2435000
2427000
2408000
2384000
2357000
2329000
2302000
2275000
2248000
2221000
2196000
2171000
2146000
2122000
2098000
2075000
2053000
2031000
2104000
2318000
2473000
2568000
2597000
2592000
2572000
2545000
2555000
2557000
2552000
2533000
2568000
2586000
2592000
2578000
2552000
2523000
2492000
2461000
2430000
2399000
2369000
2340000
2312000
2284000
2257000
2230000
2204000
2179000
2154000
2130000
2106000
2083000
2060000
2038000
2016000
1995000
2018000
2065000
2089000
2088000
2079000
2066000
2049000
2030000
2010000
1989000
1969000
1949000
1929000
1910000
1891000
1872000
1854000
1836000
1818000
1801000
1784000
1767000
1751000
1735000
1719000
1704000
1689000
1674000
1659000
1664000
1672000
1675000
1670000
1661000
1649000
1636000
1623000
1609000
1596000
1583000
1570000
1557000
1544000
1532000
1519000
1517000
1536000
1579000
1613000
1633000
1636000
1630000
1621000
1610000
1597000
1585000
1572000
1559000
1547000
1534000
1522000
1510000
1498000
1486000
1475000
1463000
1506000
1554000
1591000
1603000
1603000
1596000
1586000
1575000
1563000
1551000
1539000
1526000
1514000
1502000
1491000
1479000
1467000
1456000
1445000
1434000
1423000
1444000
1483000
1508000
1515000
1512000
1505000
1496000
1485000
1475000
1464000
1453000
1442000
1431000
1420000
1410000
1399000
1389000
1379000
1369000
1359000
1350000
1340000
1331000
1321000
1312000
1303000
1294000
1286000
1277000
1268000
1260000
1252000
1243000
1235000
1227000
1219000
1212000
1204000
1196000
1189000
1181000
1174000
1167000
1160000
1153000
1146000
1139000
1132000
1125000
1119000
1112000
1106000
1099000
1093000
1087000
1081000
1074000
1068000
1062000
1056000
1051000
1045000
1039000
1045000
1076000
1129000
1235000
1384000
1485000
1534000
1553000
1557000
1553000
1545000
1535000
1524000
1513000
1501000
1490000
1478000
1467000
1456000
1445000
1434000
1423000
1412000
1402000
1392000
1382000
1372000
1362000
1352000
1342000
1333000
1324000
1314000
1305000
1297000
1288000
1292000
1316000
1337000
1346000
1345000
1341000
1334000
1393000
1482000
1552000
1584000
1594000
1593000
1586000
1576000
1565000
1553000
1541000
1529000
1520000
1534000
1544000
1550000
1547000
1540000
1530000
1519000
1507000
1496000
1484000
1473000
1462000
1451000
1440000
1429000
1418000
1426000
1538000
1652000
1742000
1787000
1810000
1834000
1850000
1852000
1845000
1832000
1852000
2013000
2206000
2363000
2430000
2445000
2436000
2417000
2392000
2367000
2349000
2330000
2308000
2285000
2260000
2234000
2209000
2183000
2159000
2134000
2111000
2124000
2162000
2177000
2171000
2155000
2135000
2114000
2091000
2069000
2115000
2192000
2235000
2242000
2232000
2214000
2192000
2169000
2145000
2122000
2099000
2076000
2053000
2031000
2010000
2025000
2061000
2077000
2073000
2059000
2057000
2064000
2075000
2086000
2113000
2149000
2161000
2153000
2138000
2118000
2098000
2092000
2096000
2093000
2080000
2062000
2042000
2022000
2001000
1980000
1968000
1966000
1964000
1954000
1940000
1922000
1922000
1929000
1927000
1916000
1903000
1887000
1869000
1852000
1834000
1817000
1800000
1783000
1766000
1750000
1734000
1725000
1717000
1707000
1740000
1779000
1803000
1808000
1801000
1789000
1775000
1784000
1797000
1820000
1839000
1853000
1871000
1967000
2113000
2227000
2275000
2283000
2274000
2255000
2233000
2210000
2185000
2161000
2137000
2113000
2090000
2067000
2045000
2023000
2002000
1981000
1960000
1940000
1921000
1901000
1883000
1864000
1846000
1828000
1811000
1793000
1777000
1760000
1744000
1728000
1712000
1697000
1682000
1667000
1653000
1638000
1624000
1610000
1597000
1584000
1570000
1558000
1559000
1560000
1558000
1551000
1542000
1545000
1547000
1546000
1542000
1535000
1527000
1517000
1506000
1494000
1483000
1471000
1460000
1449000
1438000
1427000
1417000
1406000
1396000
1386000
1376000
1366000
1356000
1346000
1337000
1334000
1351000
1391000
1436000
1459000
1465000
1463000
1456000
1447000
1438000
1428000
1417000
1407000
1397000
1387000
1377000
1367000
1357000
1347000
1338000
1329000
1319000
1310000
1301000
1292000
1284000
1275000
1266000
1258000
1250000
1242000
1233000
1226000
1218000
1210000
1202000
1195000
1187000
1180000
1175000
1171000
1167000
1161000
1154000
1148000
1141000
1143000
1168000
1211000
1247000
1264000
1276000
1292000
1306000
1310000
1308000
1303000
1296000
1288000
1280000
1272000
1264000
1255000
1247000
1239000
1231000
1223000
1215000
1208000
1200000
1192000
1185000
1178000
1170000
1163000
1156000
1149000
1142000
1135000
1129000
1122000
1115000
1109000
1102000
1096000
1104000
1120000
1131000
1152000
1186000
1212000
1237000
1283000
1470000
1660000
1818000
1895000
1925000
1930000
1923000
1923000
1924000
1918000
1905000
1890000
1873000
1855000
1838000
1820000
1803000
1786000
1769000
1753000
1737000
1721000
1706000
1691000
1696000
1714000
1730000
1736000
1757000
1877000
2076000
2276000
2382000
2519000
2665000
2773000
2934000
3097000
3206000
3237000
3222000
3186000
3142000
3094000
3047000
2999000
3286000
3481000
3627000
3659000
3633000
3585000
3527000
3467000
3407000
3347000
3290000
3234000
3212000
3482000
3643000
3748000
3759000
3722000
3667000
3604000
3541000
3477000
3415000
3355000
3297000
3240000
3197000
3158000
3181000
3229000
3263000
3265000
3238000
3245000
3285000
3611000
3969000
4344000
4561000
4728000
5148000
5353000
5795000
