1002000
994700
986100
976200
965600
954800
943600
932300
921000
910000
899300
888800
878500
868500
858700
849100
16100000
6530000
4487000
3334000
2604000
8955000
3595000
6985000
27140000
8230000
7083000
4806000
2903000
7510000
3738000
2398000
4628000
2431000
5004000
23320000
19530000
9021000
6670000
4194000
5768000
3702000
2423000
9913000
2971000
5984000
2794000
1943000
1922000
1338000
1178000
834700
2218000
993400
913800
803200
684700
728100
666700
616100
574000
5076000
1696000
1502000
1183000
840900
979300
806100
664800
2081000
6415000
8215000
5587000
3194000
2316000
1827000
1595000
1231000
820900
584000
2779000
1068000
969100
807300
633800
702400
614100
3700000
1277000
1134000
910600
670900
767700
646400
547400
466200
453000
450400
1289000
656800
618900
557700
492000
516100
482000
453900
430600
425500
423100
420800
418500
416200
413900
411700
25220000
6647000
5604000
3870000
2007000
2788000
1854000
1096000
5200000
7370000
2838000
2263000
1503000
1216000
1219000
856200
560600
399300
378300
376400
374600
1343000
918700
649200
567000
471300
477500
448900
406300
371200
358800
356100
354500
352800
351200
349600
3593000
16300000
4835000
8376000
3779000
2561000
2608000
1609000
1205000
650900
465200
354300
338200
336800
335300
333800
11230000
3073000
2615000
1853000
1035000
1377000
966700
633500
361400
323900
322600
321200
319900
318500
317200
315900
314600
313300
312000
310800
309500
308300
307000
305800
304600
303400
302200
301000
299800
298600
297500
1230000
794600
4503000
1473000
1218000
950700
627100
712200
531700
400700
300700
286600
285500
284400
283400
282300
281300
280300
279300
278200
3259000
4945000
1887000
1514000
1016000
815100
825900
587000
392600
284500
270500
269600
268600
267700
266800
3778000
17560000
5132000
4197000
2788000
1667000
2052000
4132000
1446000
908200
657400
446300
533800
427700
341400
270900
260700
259800
258900
258100
257200
256300
2898000
919900
808300
623100
424200
506700
406700
325400
259000
249400
248600
247800
247000
246200
2935000
17380000
17620000
7261000
26460000
11030000
7834000
5962000
3171000
2854000
1768000
993600
396500
266900
258100
257300
256400
255600
254700
253900
253000
252200
251400
250500
249700
248900
248100
247300
246500
245700
964000
10710000
10650000
4431000
3338000
2054000
1776000
1609000
989900
1773000
1275000
685900
567800
424000
412400
385300
320200
267100
245200
242100
241400
2192000
3993000
1471000
1198000
823200
639600
668600
486100
337600
249400
237900
237200
236400
235700
20330000
28610000
10320000
7937000
4803000
3689000
3669000
2181000
970900
324300
246400
245600
3663000
1105000
961100
721900
465000
3250000
1118000
900900
628500
415700
499500
398300
316000
248800
916400
454900
391500
341700
287000
586400
350600
14490000
3845000
3225000
2245000
2211000
1871000
1288000
782500
4902000
2158000
1423000
1045000
630400
719300
569100
404600
568200
1570000
614300
540200
429500
344000
371800
314800
5256000
1492000
1278000
929800
555400
712100
1641000
16140000
4382000
6285000
12940000
4368000
4219000
2721000
1571000
1391000
890900
526100
273200
240000
239300
238500
237800
237100
236300
235600
234900
234100
233400
232700
232000
231300
230600
229900
4238000
1239000
1070000
790000
489000
30790000
8059000
6671000
10660000
29800000
11850000
8553000
5315000
2747000
6375000
8496000
3148000
1993000
1251000
923800
981400
670700
418100
266100
246600
245800
18960000
8821000
5142000
12110000
4450000
4152000
2969000
1598000
1256000
9792000
2774000
2177000
1512000
835200
1118000
779800
504800
280400
249800
249000
13340000
3542000
2993000
2079000
1097000
1509000
1017000
617400
291400
247300
246500
245700
5583000
1588000
1364000
990700
589800
757500
556400
393100
259800
241300
240600
239800
239100
238300
237600
236900
236100
235400
234700
234000
233200
232500
231800
231100
230400
229700
229100
228400
227700
11310000
3017000
2551000
1778000
946600
1296000
879200
541100
265100
227800
227100
226400
225800
225100
224400
223800
223100
222500
221800
221200
220600
219900
219300
218700
218100
217400
216800
9536000
9817000
3999000
3045000
1840000
1590000
1468000
911700
458700
247100
222500
221800
221200
1539000
552100
496300
403700
304300
345300
295200
254500
221100
637400
509400
350700
312900
267700
266300
255800
235400
218600
212000
210800
210200
209600
209000
208500
207900
207300
206800
206200
205700
205100
204600
204000
203500
202900
202400
201900
201300
200800
200300
199700
199200
198700
198200
197700
197200
196700
196200
195700
195200
194700
194200
193700
193200
192700
192200
191700
191300
190800
190300
189800
189400
188900
18010000
5555000
4150000
2870000
1472000
1968000
1326000
750200
280100
198800
195400
194900
194400
194000
193500
193000
192500
9165000
3887000
2437000
1751000
1794000
1359000
1033000
648400
320100
280100
244200
218800
198000
194800
194300
193800
193400
192900
192400
837600
424500
1687000
634100
524100
445100
322000
1936000
3293000
1222000
967000
660000
513600
536000
388700
268900
198100
188900
188500
188000
187600
187100
186600
4546000
1284000
1101000
796400
469200
606400
442300
309200
200400
185600
185100
184700
10780000
10580000
4355000
3292000
1959000
1714000
1560000
6461000
1837000
1378000
968000
554200
7757000
22840000
7213000
5566000
3578000
2245000
2613000
1634000
2708000
18360000
7521000
4793000
3320000
1886000
2184000
1544000
867600
347900
227400
218600
218000
217400
216700
3914000
3505000
15780000
4802000
3765000
2714000
13630000
6158000
3989000
2591000
1247000
1475000
1063000
646400
306500
234100
228800
227800
226900
2345000
2482000
5761000
6340000
2815000
2133000
1454000
1139000
982600
13210000
3543000
2889000
11430000
7759000
9220000
10950000
4449000
3506000
5754000
2478000
2002000
1242000
661900
587400
440400
338600
255400
5498000
1566000
1345000
977900
583300
748300
550400
389600
258400
240200
239500
238700
238000
237200
236500
2038000
689300
613200
1464000
597200
612500
476100
347300
332600
388000
3582000
1342000
22090000
6061000
4914000
3523000
1823000
2376000
2887000
1944000
791900
592400
1842000
775400
687400
517700
353800
374000
318000
274500
238800
233400
232700
232000
231300
230600
229900
229200
228500
227900
4482000
1299000
1120000
822600
1009000
944900
1890000
881300
590800
486000
370000
378900
316300
267000
231100
223600
222600
221900
7230000
5474000
2571000
1935000
4521000
1971000
1677000
1098000
566100
561500
423500
320800
236800
225000
224400
223700
223100
222400
221800
221100
220500
219900
219200
218600
218000
217400
9988000
10480000
4233000
3224000
1946000
1669000
1548000
957500
476500
249700
223300
222600
222000
221300
220700
220000
219400
218800
218200
217500
216900
1214000
467200
424800
354600
279200
310100
272100
1245000
468800
422800
352200
276400
307500
269200
238100
212600
208700
208100
207600
207000
206400
205900
205300
204800
204200
203700
203100
202600
6854000
1877000
1598000
1134000
634900
844400
594300
391300
225500
203000
202400
201900
5166000
1452000
1243000
896500
523900
680100
493300
341600
217800
200800
200300
199800
199300
198800
198200
197700
197200
196700
196200
195700
195200
3309000
2827000
1313000
4195000
1456000
1282000
1002000
599000
565100
389200
285900
206500
195500
195000
194500
194000
193500
193000
192500
192100
335200
227300
220800
210300
199100
1776000
9408000
2743000
2260000
1527000
915500
2767000
1166000
790200
451700
299700
350700
289000
238800
197800
191900
191400
190900
190500
190000
5583000
8575000
3092000
2421000
1526000
1169000
1188000
759800
411400
218600
194800
194300
193800
4517000
43430000
11710000
9637000
6372000
3348000
4515000
2800000
1409000
346800
206800
206300
205700
205200
204600
204100
203500
203000
202400
201900
201400
200900
200300
199800
199300
198800
198200
197700
197200
196700
196200
195700
195200
194700
194200
193700
193200
192800
192300
191800
191300
190800
190400
189900
189400
188900
188500
188000
187600
187100
186600
186200
185700
185300
184800
184400
184000
183500
183100
182600
182200
181800
181300
180900
180500
180100
179600
179200
178800
178400
178000
5146000
1429000
1220000
873100
500300
656800
7885000
4549000
2347000
1714000
14230000
4384000
3625000
4243000
8677000
18950000
6692000
4921000
6806000
2948000
2942000
1848000
10170000
2955000
2372000
1612000
824100
1103000
755400
473000
242500
1315000
9265000
2653000
9340000
18750000
29420000
15990000
24980000
10320000
7595000
6057000
3527000
2724000
1369000
699200
296800
244600
243800
243100
242300
20820000
5420000
4556000
3120000
1577000
2225000
1452000
824600
2255000
733200
651200
12270000
3974000
9496000
3759000
2502000
2327000
1417000
1237000
682400
430700
267900
6356000
6329000
3224000
2193000
14570000
7621000
4622000
3233000
1718000
1751000
1324000
804300
1695000
591500
525400
433000
333800
374500
13110000
3501000
2932000
2035000
1076000
1478000
997900
1078000
408200
345400
311800
275800
11800000
5187000
3179000
2280000
1274000
1485000
1116000
4125000
2626000
1331000
1024000
667200
668600
583700
425000
295700
248300
242800
242100
16510000
4335000
3653000
2517000
1297000
1809000
1198000
701900
7783000
2127000
1813000
1290000
727900
963400
681700
453000
11790000
26240000
8471000
6698000
4221000
2853000
3148000
15820000
12630000
5301000
3912000
2298000
2121000
1858000
1126000
531100
280800
252900
252100
251300
250400
249600
248800
248000
247200
1671000
604600
544200
444100
336600
380800
326600
282500
246400
240900
240100
2460000
798300
704600
8411000
2738000
3151000
1789000
22140000
11350000
6448000
4550000
2386000
2620000
1957000
3183000
1476000
822000
640700
450900
477200
415200
333000
265900
245800
243400
242600
241800
241100
240300
239600
4141000
16580000
21130000
28480000
16030000
9903000
7845000
8696000
5073000
3325000
2044000
2829000
7154000
2431000
1895000
8256000
2609000
2420000
1642000
5372000
2626000
1747000
1197000
647600
4615000
1552000
1230000
830100
509200
629300
482400
363100
265600
251900
251100
5382000
9205000
5210000
6868000
21600000
9337000
6436000
4374000
2502000
2502000
1688000
6188000
16630000
7653000
4759000
13460000
4665000
4942000
3119000
1644000
1458000
913700
612100
333400
279600
263300
260300
259400
258500
257700
256800
255900
255100
254200
253400
252600
251700
250900
250100
249300
248500
247700
246900
246100
245300
244500
3301000
1013000
884200
8123000
5270000
2844000
2085000
1227000
1164000
966400
627900
352100
253300
242800
242000
8593000
2343000
1993000
1409000
782300
1045000
731000
475900
267700
239300
238500
237800
237100
236300
235600
234900
234200
233400
232700
232000
231300
230600
229900
229200
228600
227900
227200
226500
225900
225200
224500
223900
223200
222600
221900
221300
220700
220000
219400
218800
218100
217500
8414000
2281000
1937000
1365000
749900
1008000
699900
449700
17180000
27520000
9570000
7422000
4545000
3351000
3442000
2061000
938100
2835000
12210000
9400000
5313000
17960000
12060000
6587000
4926000
2806000
2301000
10870000
3322000
2386000
1546000
840600
1128000
784500
1834000
34710000
9105000
7582000
5102000
2586000
3612000
12420000
3769000
2491000
1671000
910200
1229000
847900
538500
2937000
919100
807200
621500
4363000
12910000
10590000
4903000
10710000
4101000
3522000
2673000
1440000
1174000
702000
459200
278500
253700
252900
252000
251200
250400
249600
248700
247900
247100
246300
245600
244800
244000
9043000
2458000
2088000
1474000
813300
1090000
1313000
2763000
7966000
2540000
2892000
1631000
1114000
1180000
3977000
1337000
6587000
2125000
1629000
1336000
795500
873900
583400
401600
261700
242400
241700
240900
240200
239400
410700
281300
273300
260600
247000
251700
244500
238600
233600
3067000
1.5e+07
6103000
4015000
2749000
1663000
1869000
1310000
745500
333400
243000
236500
235800
235000
617500
330200
313400
286000
256600
268000
252900
240500
20250000
19160000
7925000
5945000
3475000
3065000
2751000
1619000
6650000
2265000
1610000
1174000
7378000
2728000
2089000
1414000
736200
899900
653000
441100
268200
240400
239000
238200
237500
236800
236000
235300
234600
233900
233200
232500
231700
231000
230400
229700
229000
228300
17600000
4601000
3872000
2659000
2223000
2122000
1433000
842900
345600
314800
281600
254500
232300
228700
228100
227400
226700
226000
225400
224700
224000
223400
222700
222100
3410000
1024000
890200
1152000
2428000
4925000
2234000
1509000
1021000
736400
741100
540600
360300
246300
223000
221000
220400
219800
219100
218500
217900
6885000
6362000
8129000
3447000
2410000
1909000
1396000
1195000
690400
392700
243500
225000
224400
223700
223000
222400
221800
221100
220500
219800
6934000
15510000
5053000
4014000
2562000
1753000
1930000
1214000
632800
272100
226400
225700
225100
224400
223800
223100
222500
221800
221200
220500
219900
1541000
16210000
4437000
3688000
2497000
1364000
1808000
1180000
669400
275500
223100
222400
221800
221100
220500
219900
219200
218600
218000
217400
216800
216200
527800
293600
279900
257600
233600
242800
230500
220400
212100
210500
209900
209300
208800
1950000
649100
706300
485000
348100
393100
317400
267900
219000
208600
204700
203700
203200
202700
202100
201600
201100
200500
2e+05
199500
199000
398600
248400
239500
225000
209500
215300
2500000
2912000
6249000
9880000
10460000
28480000
9387000
7345000
5096000
3020000
3152000
1840000
916800
3e+05
220400
219700
219100
218500
217900
217200
216600
216000
215400
214800
214200
213600
213000
212400
211800
211200
210700
210100
209500
208900
208400
207800
207200
206700
11100000
5302000
3084000
2226000
1245000
1412000
1077000
21580000
5581000
5188000
3287000
1694000
2313000
1484000
864400
322300
234900
219900
217400
1243000
4996000
1570000
1309000
916100
609100
712800
511300
347600
231300
215800
215100
214500
213900
213300
212800
212200
7600000
20550000
8599000
5944000
3808000
4283000
5577000
2753000
1703000
833100
577300
7612000
26890000
11100000
7181000
4792000
2947000
3228000
2185000
1141000
835900
1171000
835700
544900
442800
373400
359700
325000
277600
246000
235100
233400
8061000
2203000
1875000
1328000
740500
986900
692400
453300
258200
13670000
3614000
3050000
2112000
1104000
1527000
1022000
612400
277900
232700
232000
231300
230600
229900
229200
8633000
2344000
1992000
1405000
774100
4235000
1831000
3909000
1609000
6934000
2442000
1873000
1429000
805800
883400
965100
3158000
1516000
974400
738300
514000
544900
449000
338700
254900
2517000
2229000
1068000
848600
577600
542400
4408000
1362000
1098000
1053000
551800
663200
497000
357100
267900
244200
235200
227800
226300
225600
283200
2211000
732900
645600
10220000
2804000
2456000
1702000
911400
1168000
796400
6716000
1824000
5087000
2456000
2734000
4351000
19520000
9970000
5678000
3970000
2296000
2394000
1744000
984000
412500
253600
239500
238800
238100
237300
236600
235900
235100
234400
233700
233000
232300
231600
230900
230200
229500
228800
228100
227400
226800
226100
225400
224800
224100
223500
222800
222200
221500
6619000
1832000
1564000
1117000
636700
838100
597400
1413000
4481000
1437000
1199000
844800
577600
4808000
1528000
1207000
1880000
759500
845100
614900
408400
338500
284200
251200
224100
220000
219300
218700
218100
217500
216900
216200
215600
215000
214400
213800
1654000
7925000
6951000
8812000
3736000
2671000
2108000
1505000
1253000
711900
399600
242200
222700
1175000
461600
421000
353900
281900
311300
275000
245300
221000
217300
216600
216000
215400
214800
214200
4220000
1222000
1054000
774100
473400
599200
448400
325800
225800
211900
211300
210800
7218000
1975000
1681000
1192000
666400
887000
623600
5797000
9136000
6054000
3259000
2211000
4739000
4072000
2205000
1441000
787400
652500
583700
419000
284800
228100
221400
220800
220100
219500
218900
218200
217600
217000
2292000
738800
651300
505900
349800
414700
336300
272500
220300
212900
212300
211700
211100
210500
209900
4111000
9950000
3342000
2622000
9371000
4522000
3492000
7181000
10800000
38910000
12270000
9373000
6229000
3621000
4220000
2551000
4234000
1111000
864100
655100
431500
524600
412300
321100
246500
235900
235200
234500
233700
233000
232300
231600
230900
7330000
3808000
2919000
1788000
6221000
23930000
19010000
8804000
6243000
14850000
14050000
7087000
16900000
10410000
5643000
4383000
2498000
2001000
1466000
886300
435400
273400
29380000
7583000
6361000
4328000
2143000
3061000
1967000
1079000
354600
257400
256500
255700
4298000
22450000
6816000
5357000
3559000
2071000
2558000
1651000
890300
338100
257600
255500
254700
253800
1915000
670800
7810000
3793000
4089000
2197000
1412000
6628000
4997000
23530000
18860000
17020000
8532000
11730000
22910000
9004000
19150000
