20370
20370
20360
20360
20360
20360
20350
20350
20350
20350
20340
20340
20340
20340
20340
20330
20330
21790
23040
23810
24260
24580
25450
26040
26850
30360
32920
34460
35350
35860
36820
37510
37910
38660
39240
40110
44590
50500
54380
56610
57860
59100
59850
60240
62850
64580
66510
67680
68290
68610
68780
68850
68880
69430
69770
69930
70010
70030
70040
70020
70000
69980
71520
72520
73030
73290
73410
73460
73480
73470
74110
76460
80170
83290
85050
85960
86430
86660
86770
86800
86800
87860
88520
88840
88980
89030
89040
89020
90400
91260
91680
91880
91960
91980
91960
91940
91900
91850
91810
92660
93180
93420
93520
93550
93540
93520
93480
93430
93390
93340
93290
93240
93190
93140
93080
105500
114100
118700
121100
122300
122900
123100
123200
126700
132600
136000
137700
138500
138800
139000
139000
139000
138900
138800
138700
138600
139900
140900
141300
141500
141500
141500
141400
141300
141200
141100
140900
140800
140700
140600
140500
143500
157000
165500
173800
178500
180700
181700
182200
182300
182300
182200
182100
181900
181800
181600
181400
193000
200200
203500
205100
205700
205900
205900
205800
205600
205400
205100
204900
204600
204400
204200
203900
203700
203400
203200
202900
202700
202500
202200
202000
201700
201500
201300
201000
200800
200600
200300
202000
203200
208100
210900
212100
212500
212600
212500
212400
212100
211900
211700
211400
211100
210900
210600
210400
210100
209800
209600
213900
221100
224900
226600
227300
227500
227400
227200
227000
226700
226400
226100
225800
225500
225200
230600
255700
270800
277900
281200
282500
282900
288800
292000
293200
293500
293400
293100
292600
292200
291700
291200
290700
290200
289800
289300
288800
295500
299100
300400
300800
300700
300400
3e+05
299500
299000
298500
298000
297400
296900
296400
303000
337200
384800
410900
478200
524400
545800
554500
557600
558000
557200
555900
554300
552600
550900
549200
547400
545700
543900
542200
540500
538800
537100
535400
533700
532100
530400
528800
527100
525500
531100
568400
616300
639300
647800
650200
649900
648400
646400
650800
654900
655400
654100
652200
649900
647600
645200
642800
640400
638000
635600
643100
659900
666900
668200
667300
665500
663200
660800
658300
655800
653300
650900
648400
645900
730800
899600
988300
1023000
1034000
1035000
1032000
1027000
1022000
1016000
1010000
1004000
1023000
1028000
1027000
1022000
1017000
1031000
1034000
1031000
1027000
1021000
1015000
1009000
1003000
997500
996900
993900
989200
983900
978500
975000
970400
1061000
1103000
1116000
1116000
1121000
1119000
1114000
1107000
1136000
1152000
1153000
1149000
1143000
1136000
1129000
1121000
1116000
1121000
1118000
1113000
1107000
1100000
1093000
1086000
1118000
1130000
1130000
1125000
1119000
1112000
1115000
1235000
1290000
1331000
1437000
1479000
1487000
1482000
1472000
1461000
1449000
1437000
1425000
1413000
1402000
1390000
1379000
1368000
1357000
1346000
1336000
1325000
1315000
1305000
1295000
1285000
1276000
1266000
1302000
1313000
1311000
1304000
1296000
1577000
1714000
1755000
1840000
2240000
2425000
2469000
2462000
2437000
2468000
2565000
2579000
2557000
2525000
2491000
2456000
2421000
2387000
2354000
2322000
2290000
2601000
2793000
2832000
2997000
3037000
3014000
2972000
2924000
2876000
3032000
3061000
3032000
2988000
2939000
2890000
2842000
2795000
2750000
2706000
2664000
2912000
2984000
2970000
2932000
2887000
2841000
2795000
2749000
2706000
2663000
2634000
2598000
2669000
2672000
2645000
2609000
2571000
2534000
2497000
2462000
2426000
2392000
2359000
2327000
2295000
2265000
2235000
2206000
2177000
2150000
2123000
2097000
2071000
2046000
2022000
1998000
1975000
1952000
1930000
1908000
1887000
2049000
2107000
2109000
2094000
2072000
2049000
2025000
2001000
1978000
1956000
1933000
1912000
1890000
1869000
1849000
1829000
1810000
1791000
1772000
1754000
1740000
1724000
1707000
1690000
1673000
1657000
1641000
1753000
1893000
1939000
1941000
1928000
1909000
1890000
1869000
1849000
1830000
1810000
1791000
1781000
1791000
1784000
1770000
1753000
1736000
1719000
1702000
1685000
1668000
1669000
1663000
1651000
1636000
1621000
1607000
1593000
1578000
1564000
1549000
1535000
1522000
1508000
1495000
1482000
1469000
1457000
1444000
1432000
1420000
1408000
1397000
1385000
1374000
1363000
1352000
1342000
1331000
1321000
1311000
1301000
1291000
1281000
1271000
1262000
1253000
1244000
1235000
1226000
1217000
1208000
1200000
1191000
1183000
1175000
1167000
1159000
1151000
1143000
1136000
1128000
1121000
1113000
1268000
1349000
1375000
1378000
1373000
1364000
1355000
1344000
1334000
1324000
1314000
1304000
1294000
1284000
1274000
1265000
1261000
1346000
1396000
1408000
1406000
1407000
1402000
1393000
1382000
1371000
1361000
1350000
1339000
1329000
1319000
1308000
1298000
1289000
1279000
1269000
1276000
1275000
1281000
1278000
1271000
1263000
1254000
1262000
1286000
1291000
1286000
1279000
1270000
1261000
1252000
1243000
1234000
1225000
1216000
1208000
1199000
1191000
1183000
1217000
1228000
1227000
1221000
1213000
1205000
1197000
1189000
1181000
1173000
1165000
1157000
1245000
1359000
1404000
1414000
1410000
1402000
1392000
1441000
1456000
1454000
1445000
1435000
1501000
1766000
1884000
1914000
1912000
1899000
1881000
1861000
1869000
2117000
2257000
2289000
2281000
2259000
2233000
2205000
2177000
2150000
2123000
2097000
2071000
2046000
2022000
2060000
2100000
2332000
2414000
2418000
2398000
2595000
2681000
2683000
2656000
2621000
2583000
2545000
2508000
2471000
2436000
2401000
2368000
2335000
2346000
2363000
2437000
2528000
2543000
2523000
2493000
2459000
2425000
2627000
2688000
2679000
2845000
2982000
3108000
3279000
3302000
3266000
3298000
3271000
3220000
3163000
3107000
3051000
2997000
2945000
2895000
2966000
2963000
2927000
2882000
2836000
2790000
2745000
2701000
2659000
2618000
2578000
2539000
2502000
2465000
2430000
2436000
2417000
2389000
2376000
2352000
2322000
2292000
2262000
2232000
2207000
2238000
2238000
2587000
2717000
2731000
2707000
2672000
2634000
2627000
2616000
2587000
2552000
2545000
2519000
2486000
2452000
2417000
2383000
2351000
2318000
2287000
2257000
2227000
2198000
2170000
2143000
2116000
2090000
2065000
2040000
2097000
2106000
2092000
2071000
2059000
2042000
2041000
2028000
2008000
1986000
1964000
1942000
1920000
1898000
1877000
1857000
1837000
1817000
1910000
1992000
2010000
2001000
2037000
2038000
2022000
2002000
1980000
1957000
1935000
1914000
1892000
1871000
1851000
1831000
1812000
1792000
1774000
1755000
1737000
1720000
1703000
1686000
1669000
1653000
1773000
1926000
1976000
1980000
1966000
1948000
1927000
1906000
1885000
1865000
1844000
1825000
1805000
1786000
1768000
1750000
1732000
1714000
1697000
1680000
1664000
1669000
1662000
1649000
1635000
1620000
1605000
1590000
1593000
1586000
1574000
1561000
1547000
1533000
1519000
1506000
1493000
1480000
1467000
1454000
1442000
1430000
1418000
1406000
1395000
1383000
1372000
1361000
1350000
1424000
1452000
1455000
1448000
1438000
1427000
1416000
1404000
1393000
1381000
1370000
1359000
1406000
1421000
1419000
1411000
1401000
1390000
1379000
1368000
1357000
1346000
1336000
1325000
1315000
1305000
1295000
1285000
1276000
1266000
1257000
1248000
1239000
1270000
1297000
1302000
1329000
1336000
1332000
1324000
1315000
1305000
1295000
1286000
1276000
1267000
1257000
1248000
1239000
1230000
1221000
1212000
1204000
1205000
1200000
1194000
1186000
1178000
1185000
1263000
1295000
1301000
1297000
1290000
1299000
1298000
1291000
1283000
1274000
1265000
1255000
1246000
1237000
1228000
1220000
1211000
1202000
1194000
1243000
1329000
1361000
1367000
1363000
1354000
1345000
1335000
1324000
1314000
1304000
1294000
1285000
1326000
1788000
2026000
2102000
2115000
2103000
2083000
2060000
2037000
2013000
1989000
1967000
1944000
1922000
1901000
1880000
1859000
1839000
1819000
1800000
1781000
1763000
1744000
1727000
1709000
1692000
1676000
1659000
1643000
1627000
1612000
1597000
1582000
1567000
1553000
1539000
1525000
1512000
1498000
1485000
1472000
1460000
1447000
1435000
1423000
1411000
1400000
1388000
1377000
1366000
1355000
1344000
1334000
1323000
1313000
1303000
1293000
1284000
1274000
1264000
1255000
1246000
1237000
1228000
1219000
1211000
1202000
1194000
1185000
1177000
1169000
1212000
1228000
1229000
1223000
1216000
1208000
1268000
1314000
1327000
1325000
1453000
1507000
1518000
1536000
1621000
1845000
1937000
1957000
2008000
2015000
2002000
1983000
2105000
2143000
2138000
2119000
2096000
2071000
2047000
2023000
1999000
1994000
2115000
2152000
2267000
2579000
3189000
3543000
4082000
4224000
4194000
4117000
4027000
3936000
3848000
3762000
3681000
3602000
3527000
3455000
3387000
3887000
4030000
4006000
3935000
3854000
3770000
3689000
3611000
3594000
3542000
3476000
3731000
3798000
3953000
3950000
3886000
3807000
3726000
3647000
3570000
3497000
3426000
3526000
3645000
3652000
3602000
3912000
4071000
4056000
3986000
3902000
3817000
3733000
3653000
3619000
3559000
3490000
3421000
3354000
3289000
3562000
3621000
3585000
3524000
3456000
3389000
3323000
3281000
3227000
3170000
3112000
3056000
3280000
3383000
3372000
3324000
3266000
3206000
3147000
3182000
3196000
3162000
3111000
3058000
3005000
2953000
2902000
2853000
2806000
2760000
2717000
3033000
3132000
3123000
3083000
3034000
2982000
2932000
2882000
3008000
3026000
2994000
2949000
2902000
2854000
2807000
2761000
2977000
3601000
3806000
3812000
3758000
3686000
3617000
3944000
4273000
4314000
4250000
4160000
4065000
3971000
3880000
3793000
3710000
3630000
3554000
3481000
3411000
3363000
3312000
3253000
3193000
3179000
3138000
3086000
3032000
2980000
2928000
2879000
2831000
2784000
2739000
2696000
2727000
2714000
2680000
2809000
2842000
2843000
2813000
3243000
3514000
3559000
3524000
3465000
3400000
3335000
3342000
3319000
3268000
3210000
3152000
3095000
3040000
2986000
2934000
2884000
2836000
2789000
2753000
2712000
2671000
2630000
2675000
2993000
3495000
4252000
4648000
4711000
4672000
4704000
4631000
4522000
4426000
4387000
4503000
4466000
4374000
4515000
4489000
4397000
4294000
4344000
4310000
4224000
4128000
4032000
4067000
4018000
3938000
3852000
3768000
3686000
3607000
3532000
3460000
3390000
3324000
3420000
3620000
3699000
3781000
4324000
4542000
4525000
4438000
4335000
4230000
4128000
4201000
4673000
4854000
4814000
5103000
5104000
5021000
4897000
4765000
4636000
4513000
4395000
4284000
4178000
4077000
3981000
3889000
3801000
3718000
3638000
3561000
3487000
3417000
3349000
3284000
3222000
3161000
3103000
3048000
2994000
2942000
2891000
2843000
2796000
2751000
2809000
2804000
2771000
2890000
2976000
2972000
2936000
2892000
2845000
2799000
2754000
2710000
2667000
2626000
2586000
2731000
2764000
2744000
2708000
2669000
2629000
2589000
2550000
2512000
2476000
2440000
2406000
2372000
2339000
2307000
2276000
2246000
2217000
2188000
2161000
2133000
2107000
2081000
2056000
2031000
2007000
1987000
1966000
1944000
1922000
1900000
1879000
1859000
1839000
1819000
1800000
1781000
1762000
1744000
1727000
1709000
1692000
1789000
1821000
1820000
1807000
1791000
1773000
1756000
1738000
1946000
2395000
2577000
2615000
2603000
2574000
2539000
2503000
2468000
2483000
2687000
2869000
2927000
3252000
3506000
3549000
3512000
3453000
3389000
3565000
3586000
3539000
3476000
3409000
3343000
3279000
3255000
4128000
4432000
4443000
4369000
4272000
4172000
4408000
4421000
4343000
4245000
4144000
4046000
3952000
3862000
3857000
3800000
3725000
3648000
3684000
3983000
4241000
4258000
4431000
4418000
4334000
4235000
4134000
4037000
3943000
3853000
3767000
3685000
3606000
3531000
3459000
3389000
3323000
3259000
3197000
3138000
3081000
3026000
2981000
2933000
3085000
3111000
3080000
3034000
2983000
2933000
2899000
2906000
3037000
3054000
3042000
3004000
2957000
2908000
2933000
2912000
2997000
2998000
2962000
2917000
2870000
2822000
2777000
2732000
2689000
2647000
2606000
2566000
2528000
2491000
2465000
2434000
2401000
2368000
2336000
2304000
2273000
2243000
2214000
2240000
2478000
2593000
2608000
2587000
2555000
2519000
2484000
2448000
2413000
2380000
2347000
2315000
2288000
2272000
2247000
2220000
2192000
2164000
2137000
2111000
2085000
2396000
2790000
2921000
2931000
2902000
2861000
2817000
2772000
2868000
2888000
2861000
2821000
2924000
2939000
2909000
2867000
2822000
2777000
2732000
2689000
2647000
2606000
2567000
2529000
2491000
2455000
2420000
2386000
2353000
2321000
2290000
2259000
2229000
2200000
2172000
2145000
2118000
2092000
2369000
2473000
2484000
2465000
2455000
2430000
2399000
2367000
2335000
2303000
2273000
2243000
2213000
2185000
2157000
2130000
2104000
2078000
2053000
2029000
2005000
1981000
1959000
1936000
1978000
1983000
1969000
1961000
1974000
2025000
2038000
2027000
2008000
1986000
1964000
1942000
1920000
1898000
1877000
1857000
1837000
1825000
1809000
1791000
1772000
1854000
1945000
2050000
2078000
2071000
2053000
2031000
2008000
1985000
1962000
1940000
1918000
1897000
1876000
1855000
1835000
1816000
1797000
1778000
1759000
1848000
2071000
2153000
2164000
2150000
2129000
2105000
2080000
2055000
2030000
2007000
1983000
1960000
1938000
1916000
1895000
1874000
1853000
1833000
1814000
1795000
1810000
2023000
2105000
2116000
2103000
2083000
2060000
2036000
2012000
1989000
1966000
1943000
1921000
1900000
1879000
1858000
1838000
1818000
1799000
1780000
1762000
1744000
1750000
1743000
1729000
1713000
1696000
1680000
1664000
1647000
1632000
1616000
1601000
1586000
1571000
1588000
1587000
1578000
1566000
1553000
1539000
1526000
1512000
1499000
1486000
1473000
1460000
1448000
1436000
1424000
1412000
1400000
1389000
1377000
1366000
1356000
1358000
1353000
1345000
1335000
1325000
1315000
1329000
1351000
1406000
1508000
1628000
1980000
2134000
2173000
2170000
2152000
2129000
2104000
2078000
2054000
2029000
2005000
1982000
1959000
1937000
1915000
1893000
1873000
1852000
1832000
1813000
1794000
1775000
1756000
1738000
1721000
1704000
1687000
1670000
1654000
1638000
1622000
1607000
1592000
1724000
1808000
1828000
1823000
1809000
1792000
1774000
2045000
2156000
2187000
2182000
2162000
2138000
2113000
2087000
2062000
2037000
2013000
1990000
1985000
2041000
2050000
2036000
2016000
1994000
1972000
1949000
1927000
1906000
1885000
1864000
1844000
1824000
1804000
1786000
1767000
1851000
2148000
2304000
2347000
2341000
2353000
2385000
2377000
2353000
2324000
2294000
2389000
2884000
3147000
3200000
3178000
3133000
3081000
3028000
2975000
2936000
2910000
2877000
2835000
2790000
2745000
2702000
2660000
2618000
2579000
2540000
2503000
2620000
2644000
2624000
2591000
2555000
2518000
2481000
2446000
2411000
2631000
2700000
2693000
2663000
2626000
2588000
2550000
2512000
2476000
2440000
2405000
2372000
2339000
2307000
2276000
2398000
2430000
2416000
2390000
2360000
2389000
2387000
2416000
2410000
2495000
2507000
2487000
2456000
2423000
2390000
2365000
2386000
2384000
2362000
2334000
2303000
2273000
2243000
2214000
2185000
2202000
2217000
2204000
2182000
2156000
2130000
2172000
2174000
2156000
2138000
2115000
2090000
2065000
2040000
2016000
1993000
1969000
1947000
1925000
1903000
1886000
1896000
1888000
1872000
1993000
2032000
2030000
2014000
1993000
1971000
1949000
2027000
2047000
2094000
2106000
2115000
2146000
2439000
2625000
2667000
2654000
2623000
2587000
2551000
2514000
2478000
2442000
2408000
2374000
2341000
2309000
2278000
2248000
2219000
2190000
2162000
2135000
2109000
2083000
2057000
2033000
2009000
1985000
1962000
1940000
1918000
1897000
1876000
1855000
1835000
1815000
1796000
1778000
1761000
1842000
1867000
1862000
1847000
1829000
1811000
1792000
1793000
1839000
1846000
1836000
1820000
1802000
1847000
1856000
1845000
1847000
1836000
1820000
1802000
1783000
1765000
1747000
1729000
1712000
1695000
1678000
1661000
1645000
1630000
1614000
1599000
1584000
1569000
1555000
1541000
1554000
1639000
1728000
1831000
1862000
1860000
1847000
1830000
1811000
1793000
1774000
1756000
1738000
1752000
1748000
1735000
1719000
1702000
1686000
1669000
1653000
1637000
1622000
1606000
1591000
1577000
1562000
1548000
1593000
1605000
1600000
1589000
1575000
1561000
1547000
1534000
1520000
1507000
1493000
1480000
1560000
1589000
1590000
1581000
1569000
1555000
1541000
1598000
1709000
1784000
1803000
1797000
1830000
1859000
1858000
1845000
1828000
1809000
1791000
1772000
1754000
1736000
1719000
1701000
1685000
1668000
1652000
1636000
1620000
1605000
1631000
1634000
1625000
1612000
1597000
1583000
1569000
1554000
1540000
1526000
1513000
1500000
1486000
1474000
1461000
1505000
1619000
1662000
1667000
1756000
1805000
1815000
1876000
2011000
2626000
2900000
2964000
2953000
2917000
2873000
2827000
2853000
2834000
2796000
2754000
2711000
2669000
2628000
2588000
2549000
2511000
2474000
2439000
2404000
2371000
2338000
2306000
2275000
2384000
2445000
2458000
2441000
2509000
2945000
3386000
3510000
3504000
3761000
4044000
4080000
4419000
4643000
4629000
4537000
4429000
4319000
4213000
4111000
4013000
3922000
4781000
5033000
4998000
4888000
4762000
4635000
4512000
4395000
4283000
4177000
4076000
3981000
4020000
4670000
4846000
4798000
4693000
4575000
4457000
4343000
4234000
4131000
4032000
3938000
3848000
3763000
3735000
3674000
3807000
3848000
3858000
3804000
3730000
3805000
3861000
4482000
5096000
5568000
5597000
5750000
6479000
6566000
