831800
826500
820100
813200
806500
799800
793300
786900
780500
774300
768200
762200
756200
750400
744700
739000
733400
879000
943300
961900
957700
955100
1033000
1049000
1110000
1570000
1691000
1720000
1695000
1666000
1731000
1735000
1718000
1764000
1767000
1823000
2446000
3081000
3190000
3149000
3051000
3042000
2970000
2890000
3164000
3154000
3241000
3173000
3088000
2992000
2902000
2817000
2737000
2701000
2638000
2572000
2505000
2442000
2381000
2324000
2269000
2217000
2288000
2267000
2229000
2179000
2131000
2085000
2041000
1998000
1974000
2095000
2280000
2367000
2351000
2304000
2250000
2199000
2150000
2103000
2058000
2059000
2027000
1990000
1950000
1912000
1875000
1839000
1879000
1863000
1836000
1803000
1770000
1738000
1707000
1677000
1649000
1621000
1595000
1569000
1544000
1519000
1496000
1473000
1451000
1430000
1409000
1389000
1369000
1350000
1331000
1313000
1296000
1279000
1262000
1609000
1690000
1706000
1679000
1651000
1623000
1597000
1571000
1598000
1721000
1734000
1720000
1691000
1662000
1634000
1607000
1581000
1555000
1531000
1507000
1484000
1461000
1440000
1418000
1398000
1378000
1359000
1340000
1322000
1304000
1287000
1270000
1253000
1237000
1222000
1207000
1192000
1426000
1478000
1584000
1588000
1574000
1550000
1526000
1502000
1479000
1457000
1435000
1414000
1394000
1374000
1355000
1485000
1505000
1500000
1478000
1456000
1435000
1414000
1394000
1374000
1355000
1336000
1318000
1300000
1283000
1266000
1250000
1234000
1218000
1203000
1188000
1174000
1160000
1146000
1133000
1120000
1107000
1095000
1082000
1070000
1059000
1047000
1036000
1025000
1015000
1005000
994600
984600
974700
965000
955500
946200
937000
928100
919300
910700
902200
893900
885800
877800
869900
862200
854600
862900
860100
854600
847300
840000
832800
825700
818800
811900
805200
798600
792100
785700
779400
773200
953500
1004000
1019000
1011000
1001000
990800
984800
976100
966900
957400
948100
938900
929900
921100
912400
904000
895600
887400
879400
871500
863800
856100
848700
841300
834100
827000
820000
813100
806400
799800
793200
786800
780500
774300
768200
762100
913900
1156000
1225000
1691000
1865000
1904000
1880000
1845000
1810000
1777000
1745000
1714000
1684000
1655000
1627000
1600000
1574000
1549000
1525000
1501000
1478000
1456000
1434000
1414000
1393000
1373000
1354000
1336000
1317000
1300000
1383000
1564000
1599000
1595000
1570000
1545000
1521000
1498000
1493000
1491000
1475000
1455000
1433000
1413000
1392000
1373000
1353000
1335000
1317000
1299000
1305000
1362000
1365000
1354000
1336000
1318000
1300000
1283000
1266000
1250000
1234000
1219000
1204000
1189000
1582000
2416000
2616000
2638000
2573000
2507000
2443000
2383000
2325000
2270000
2218000
2168000
2229000
2206000
2169000
2122000
2077000
2119000
2097000
2062000
2019000
1978000
1938000
1900000
1863000
1828000
1811000
1784000
1754000
1723000
1692000
1671000
1644000
2012000
2081000
2083000
2042000
2032000
1999000
1962000
1923000
2025000
2043000
2022000
1984000
1944000
1906000
1869000
1834000
1808000
1814000
1791000
1763000
1731000
1701000
1672000
1643000
1743000
1747000
1731000
1701000
1672000
1643000
1642000
2061000
2143000
2244000
2586000
2625000
2597000
2530000
2465000
2404000
2345000
2290000
2237000
2186000
2137000
2091000
2047000
2004000
1963000
1924000
1887000
1851000
1816000
1782000
1750000
1719000
1689000
1660000
1669000
1651000
1628000
1601000
1575000
2458000
2657000
2695000
2895000
4332000
4608000
4571000
4373000
4182000
4190000
4431000
4344000
4195000
4019000
3857000
3707000
3569000
3441000
3321000
3210000
3106000
3888000
4206000
4184000
4597000
4546000
4404000
4213000
4035000
3871000
4224000
4168000
4047000
3884000
3732000
3592000
3462000
3341000
3229000
3124000
3025000
3412000
3415000
3350000
3239000
3133000
3034000
2941000
2854000
2771000
2694000
2620000
2551000
2610000
2573000
2520000
2456000
2395000
2337000
2281000
2229000
2178000
2130000
2084000
2040000
1998000
1957000
1919000
1881000
1845000
1811000
1777000
1745000
1714000
1684000
1656000
1628000
1601000
1575000
1550000
1525000
1501000
1525000
1515000
1497000
1474000
1452000
1431000
1410000
1390000
1370000
1351000
1332000
1314000
1297000
1280000
1263000
1247000
1231000
1215000
1200000
1186000
1171000
1157000
1144000
1130000
1117000
1105000
1092000
1143000
1286000
1318000
1318000
1302000
1284000
1268000
1251000
1235000
1220000
1205000
1190000
1175000
1161000
1148000
1134000
1121000
1108000
1096000
1084000
1072000
1060000
1048000
1037000
1026000
1015000
1005000
994700
984600
974700
965000
955500
946200
937100
928100
919300
910700
902300
893900
885800
877800
869900
862200
854600
847200
839800
832600
825600
818600
811800
805000
798400
791900
785500
779200
773000
766900
760900
755000
749200
743500
737800
732300
726800
721400
716100
710800
705700
700600
695600
690600
685800
681000
676200
671600
769800
808200
819200
815300
808900
802300
795700
789300
782900
776700
770500
764500
758500
752600
746800
741100
735500
783100
811600
817600
813900
814700
810200
804400
797900
791400
785100
778800
772600
766500
760500
754600
748800
743000
737400
731800
726400
721000
715700
710500
705300
700200
695200
690900
714600
718400
717000
712100
707000
701900
696900
691900
687000
682200
677500
672800
668100
663600
659100
684800
689600
688900
684500
679800
675100
670400
665800
661300
656800
652400
648100
748100
879100
918200
925000
917900
909500
901100
971500
985700
986000
977000
967400
1070000
1508000
1632000
1661000
1638000
1611000
1585000
1560000
1580000
2069000
2264000
2296000
2257000
2206000
2157000
2110000
2064000
2021000
1980000
1940000
1902000
1865000
1830000
1892000
1956000
2438000
2518000
2511000
2450000
2889000
2998000
2979000
2899000
2814000
2734000
2658000
2587000
2519000
2455000
2394000
2336000
2281000
2292000
2320000
2470000
2640000
2643000
2594000
2528000
2463000
2402000
2849000
2898000
2870000
3232000
3473000
3725000
4075000
4035000
3914000
3960000
3851000
3723000
3584000
3455000
3334000
3222000
3118000
3020000
3161000
3118000
3046000
2953000
2865000
2782000
2704000
2630000
2560000
2493000
2430000
2371000
2314000
2260000
2208000
2196000
2157000
2114000
2100000
2063000
2024000
1982000
1942000
1904000
1867000
1926000
1921000
2629000
2759000
2767000
2694000
2621000
2552000
2527000
2503000
2452000
2395000
2388000
2344000
2294000
2241000
2190000
2141000
2095000
2050000
2008000
1967000
1928000
1890000
1854000
1819000
1785000
1753000
1721000
1691000
1703000
1685000
1661000
1633000
1606000
1584000
1592000
1578000
1557000
1533000
1509000
1486000
1463000
1442000
1420000
1400000
1380000
1361000
1417000
1500000
1509000
1497000
1552000
1548000
1533000
1510000
1487000
1464000
1442000
1421000
1401000
1381000
1361000
1342000
1324000
1306000
1289000
1272000
1255000
1239000
1224000
1209000
1194000
1179000
1243000
1413000
1449000
1448000
1428000
1408000
1388000
1368000
1349000
1330000
1312000
1295000
1278000
1261000
1245000
1229000
1214000
1199000
1184000
1170000
1156000
1142000
1129000
1116000
1103000
1091000
1079000
1067000
1055000
1044000
1033000
1022000
1011000
1001000
990700
980600
970800
961200
951800
942600
933500
924600
915900
907300
898900
890700
882600
874600
866800
859200
851600
844200
837000
829800
822800
815900
809100
802400
795800
789400
783000
790600
788500
784000
777900
771700
765600
759700
753800
748000
742300
736600
731100
725600
720300
715000
709700
704600
699500
694500
689600
684700
680000
675200
670600
689700
692300
690600
686100
681300
676600
671900
667300
662800
658300
653900
649500
645200
640900
636700
632600
628500
624500
620500
616600
612700
608800
605100
677200
697500
703100
699300
694500
699800
698000
694400
689600
684800
680000
675300
670600
666000
661500
657000
652600
648300
644000
654200
730500
751600
756600
751900
746300
740600
735000
729500
724100
718700
713500
708300
716300
1355000
1566000
1633000
1617000
1592000
1566000
1541000
1517000
1494000
1471000
1449000
1427000
1407000
1387000
1367000
1348000
1330000
1312000
1294000
1277000
1260000
1244000
1228000
1213000
1198000
1183000
1169000
1155000
1142000
1128000
1115000
1103000
1090000
1078000
1066000
1055000
1043000
1032000
1021000
1011000
1e+06
990200
980200
970400
960800
951400
942100
933100
924200
915500
906900
898500
890300
882200
874300
866500
858800
851300
843900
836600
829500
822500
815600
808800
802100
795500
789100
782700
776500
770300
764200
758300
752400
746600
740900
735300
814400
866300
879800
877300
1072000
1123000
1137000
1159000
1295000
1689000
1788000
1803000
1885000
1880000
1857000
1823000
2075000
2109000
2097000
2054000
2011000
1970000
1931000
1893000
1857000
1849000
2098000
2131000
2375000
3057000
4595000
5208000
6638000
6587000
6308000
5914000
5566000
5257000
4981000
4733000
4508000
4305000
4119000
3948000
3792000
4979000
5055000
4942000
4701000
4480000
4278000
4095000
3926000
3887000
3763000
3633000
4203000
4244000
4586000
4487000
4331000
4144000
3971000
3813000
3667000
3531000
3406000
3592000
3798000
3784000
3677000
4351000
4575000
4504000
4325000
4138000
3966000
3808000
3662000
3582000
3466000
3351000
3238000
3132000
3033000
3560000
3588000
3526000
3403000
3286000
3177000
3076000
2980000
2890000
2806000
2726000
2651000
3048000
3175000
3151000
3063000
2969000
2880000
2796000
2833000
2847000
2795000
2724000
2649000
2578000
2511000
2447000
2386000
2329000
2274000
2221000
2718000
2788000
2771000
2696000
2623000
2553000
2487000
2425000
2612000
2607000
2566000
2500000
2437000
2377000
2320000
2265000
2569000
3724000
3915000
3888000
3740000
3600000
3469000
4124000
4710000
4707000
4548000
4341000
4152000
3979000
3820000
3673000
3537000
3411000
3294000
3185000
3082000
2987000
2896000
2812000
2732000
2656000
2585000
2517000
2453000
2392000
2334000
2279000
2227000
2176000
2128000
2082000
2038000
1996000
1956000
2064000
2073000
2081000
2048000
2770000
3130000
3176000
3104000
3008000
2917000
2831000
2753000
2699000
2631000
2564000
2497000
2434000
2374000
2317000
2263000
2211000
2161000
2114000
2069000
2025000
1984000
1944000
1944000
2430000
3250000
4681000
5245000
5242000
5085000
5114000
4923000
4709000
4487000
4397000
4629000
4523000
4360000
4608000
4501000
4345000
4156000
4231000
4145000
4007000
3850000
3701000
3737000
3640000
3525000
3400000
3284000
3175000
3073000
2978000
2888000
2804000
2725000
2700000
2968000
3059000
3205000
4207000
4470000
4422000
4246000
4065000
3899000
3746000
3885000
4799000
5033000
4932000
5514000
5402000
5238000
4975000
4732000
4508000
4304000
4118000
3948000
3791000
3646000
3513000
3388000
3273000
3165000
3064000
2969000
2880000
2796000
2717000
2642000
2572000
2505000
2441000
2381000
2324000
2269000
2217000
2167000
2119000
2074000
2030000
1988000
1948000
1976000
2046000
2035000
2004000
1964000
1925000
1887000
1851000
1816000
1783000
1750000
1719000
1837000
1843000
1826000
1793000
1760000
1729000
1698000
1669000
1641000
1613000
1587000
1561000
1536000
1512000
1489000
1467000
1445000
1423000
1403000
1383000
1363000
1344000
1326000
1308000
1291000
1274000
1257000
1241000
1225000
1210000
1195000
1181000
1166000
1153000
1139000
1126000
1113000
1100000
1088000
1076000
1064000
1053000
1123000
1134000
1132000
1119000
1107000
1094000
1082000
1070000
1367000
2070000
2248000
2277000
2230000
2180000
2132000
2086000
2042000
2079000
2454000
2750000
2822000
3490000
3918000
3931000
3817000
3671000
3536000
3922000
3893000
3796000
3652000
3518000
3394000
3277000
3233000
5360000
5631000
5554000
5253000
4978000
4730000
5261000
5165000
4978000
4731000
4507000
4303000
4118000
3947000
3943000
3824000
3694000
3557000
3641000
4253000
4716000
4676000
5033000
4907000
4721000
4499000
4296000
4111000
3941000
3785000
3641000
3507000
3384000
3268000
3160000
3060000
2965000
2876000
2793000
2714000
2640000
2569000
2502000
2439000
2667000
2670000
2630000
2561000
2495000
2432000
2384000
2412000
2650000
2659000
2655000
2594000
2530000
2465000
2525000
2491000
2662000
2647000
2601000
2534000
2469000
2407000
2348000
2292000
2239000
2188000
2140000
2093000
2049000
2006000
1966000
1926000
1889000
1852000
1818000
1784000
1752000
1721000
1690000
1699000
2088000
2224000
2239000
2198000
2149000
2103000
2058000
2015000
1974000
1934000
1896000
1860000
1825000
1791000
1758000
1727000
1697000
1667000
1639000
1612000
1585000
2040000
2660000
2785000
2770000
2695000
2622000
2552000
2486000
2595000
2591000
2547000
2485000
2683000
2686000
2644000
2575000
2508000
2445000
2384000
2327000
2272000
2219000
2170000
2122000
2076000
2032000
1991000
1950000
1912000
1875000
1839000
1805000
1772000
1740000
1709000
1679000
1651000
1623000
1876000
1918000
1914000
1879000
1860000
1829000
1797000
1765000
1733000
1703000
1673000
1645000
1617000
1591000
1565000
1540000
1516000
1492000
1470000
1448000
1426000
1406000
1386000
1366000
1347000
1329000
1311000
1293000
1290000
1358000
1373000
1366000
1349000
1331000
1313000
1295000
1278000
1262000
1245000
1230000
1214000
1199000
1184000
1170000
1156000
1191000
1280000
1411000
1435000
1429000
1409000
1389000
1370000
1351000
1332000
1314000
1296000
1279000
1263000
1246000
1231000
1215000
1200000
1185000
1171000
1168000
1426000
1486000
1497000
1477000
1455000
1433000
1412000
1392000
1372000
1353000
1335000
1316000
1299000
1282000
1265000
1249000
1233000
1217000
1202000
1187000
1173000
1371000
1414000
1420000
1401000
1382000
1362000
1343000
1325000
1307000
1290000
1273000
1256000
1240000
1225000
1209000
1194000
1180000
1166000
1152000
1138000
1125000
1112000
1100000
1087000
1075000
1063000
1052000
1041000
1030000
1019000
1008000
997800
987700
977700
968000
958400
949000
939900
930800
922000
913300
904800
896500
888300
880200
872300
864600
856900
849400
842100
834800
827700
820700
813900
807100
800400
793900
787500
781100
774900
768800
762700
765400
824700
947600
1096000
1643000
1787000
1821000
1793000
1761000
1730000
1699000
1670000
1642000
1614000
1588000
1562000
1537000
1513000
1490000
1467000
1445000
1424000
1404000
1383000
1364000
1345000
1327000
1309000
1291000
1274000
1258000
1242000
1226000
1211000
1196000
1181000
1167000
1266000
1333000
1343000
1331000
1314000
1296000
1279000
1744000
1856000
1898000
1871000
1838000
1803000
1770000
1739000
1708000
1678000
1650000
1622000
1611000
1710000
1715000
1700000
1671000
1643000
1615000
1589000
1563000
1538000
1514000
1491000
1468000
1446000
1425000
1404000
1384000
1528000
2077000
2284000
2327000
2288000
2304000
2363000
2338000
2294000
2241000
2190000
2393000
3544000
3943000
3964000
3832000
3685000
3549000
3422000
3304000
3205000
3146000
3073000
2986000
2898000
2813000
2733000
2658000
2586000
2519000
2455000
2394000
2627000
2633000
2595000
2529000
2464000
2402000
2344000
2288000
2235000
2677000
2734000
2714000
2642000
2571000
2505000
2441000
2381000
2323000
2269000
2217000
2167000
2119000
2074000
2030000
2240000
2256000
2233000
2184000
2136000
2197000
2187000
2251000
2232000
2407000
2404000
2370000
2314000
2260000
2208000
2168000
2217000
2212000
2178000
2132000
2086000
2042000
2e+06
1959000
1920000
1931000
1950000
1929000
1897000
1860000
1825000
1896000
1888000
1864000
1835000
1802000
1770000
1738000
1707000
1678000
1649000
1621000
1595000
1569000
1544000
1519000
1529000
1514000
1495000
1705000
1740000
1737000
1708000
1679000
1650000
1622000
1725000
1730000
1817000
1825000
1844000
1901000
2492000
2776000
2813000
2756000
2680000
2607000
2538000
2473000
2411000
2352000
2296000
2243000
2192000
2143000
2097000
2052000
2009000
1968000
1929000
1891000
1855000
1820000
1786000
1754000
1723000
1693000
1664000
1635000
1608000
1582000
1556000
1532000
1508000
1485000
1462000
1441000
1420000
1401000
1381000
1362000
1343000
1325000
1307000
1289000
1272000
1332000
1336000
1327000
1309000
1292000
1337000
1337000
1326000
1322000
1308000
1292000
1275000
1259000
1243000
1227000
1211000
1197000
1182000
1168000
1154000
1140000
1127000
1114000
1101000
1089000
1077000
1065000
1054000
1042000
1095000
1186000
1318000
1345000
1341000
1324000
1307000
1289000
1272000
1256000
1240000
1224000
1209000
1194000
1179000
1165000
1151000
1138000
1125000
1112000
1099000
1087000
1075000
1063000
1052000
1040000
1029000
1018000
1008000
997500
987400
977400
967700
958100
948800
939600
930600
921700
913100
934100
934000
928900
920400
911800
903400
895100
938300
1063000
1145000
1162000
1156000
1193000
1228000
1229000
1219000
1204000
1189000
1175000
1161000
1147000
1134000
1120000
1108000
1095000
1083000
1071000
1059000
1048000
1037000
1026000
1015000
1004000
994200
984100
974200
964500
955000
945700
936600
927700
918900
910300
901800
893500
885400
977900
1001000
1004000
1121000
1173000
1187000
1275000
1465000
2583000
2867000
2919000
2844000
2763000
2685000
2613000
2645000
2601000
2543000
2478000
2416000
2357000
2301000
2247000
2196000
2147000
2100000
2056000
2013000
1972000
1932000
1894000
1858000
1958000
2013000
2028000
2e+06
2127000
2971000
3767000
3881000
3810000
4352000
4896000
4865000
5658000
6005000
5850000
5556000
5249000
4974000
4726000
4502000
4299000
4114000
6147000
6301000
6139000
5768000
5437000
5142000
4878000
4639000
4424000
4228000
4048000
3884000
3941000
5329000
5461000
5330000
5053000
4798000
4567000
4358000
4168000
3993000
3833000
3685000
3549000
3422000
3369000
3270000
3540000
3589000
3621000
3524000
3410000
3569000
3660000
4973000
6129000
7030000
6858000
7112000
8767000
8566000
