524300
522000
519600
517100
514700
512300
509900
507500
505200
502800
500500
498300
496000
493800
491500
489300
24030000
6468000
862600
480800
1280000
11210000
1785000
7489000
41380000
5403000
466500
464600
462600
7041000
1961000
542100
5657000
2085000
5641000
35770000
25370000
2990000
444000
442200
3806000
853300
436900
14530000
2170000
5978000
1113000
428400
426700
425000
423400
421800
2113000
627200
416900
415400
413800
412200
410700
409100
407600
6726000
1183000
403100
401600
400200
398700
397300
395800
1127000
9715000
11570000
5321000
844100
387500
386200
384800
383400
382100
380800
2703000
664500
376900
375600
374300
373000
371800
5137000
956600
368100
366800
365600
364400
363200
362000
360800
359600
358400
357300
356100
354900
353800
352700
351500
350400
349300
348200
347100
346000
344900
343800
342700
341700
340600
27290000
3659000
337700
336600
335600
334600
333500
332500
3602000
10470000
1530000
328700
327700
326700
325800
324800
323800
322900
321900
321000
320000
319100
318200
317300
316300
315400
314500
313600
312700
311800
311000
310100
309200
308300
307500
306600
305700
20360000
2775000
7914000
1240000
301900
301000
300200
299400
298600
297700
296900
296100
295300
294500
293800
11610000
1687000
291500
290800
290000
289200
288500
287700
286900
286200
285500
284700
284000
283200
282500
281800
281100
280300
279600
278900
278200
277500
276800
276100
275400
274700
274000
273300
272700
272000
271300
270600
270000
269300
268600
268000
267300
266700
266000
265400
264700
264100
263500
262800
262200
261600
261000
260300
259700
259100
258500
257900
257300
256700
256100
255500
254900
254300
253700
253100
252500
252000
251400
250800
250200
249700
249100
23910000
3164000
247800
247200
246700
246100
245600
245000
244500
243900
243400
242900
242300
241800
241200
240700
240200
239700
239100
238600
238100
237600
237100
236600
236000
235500
235000
234500
234000
233500
233000
232500
232000
231600
231100
230600
19180000
24930000
2986000
36590000
8836000
738200
229400
228900
228400
227900
227500
227000
226500
226100
225600
225100
224700
224200
223700
223300
222800
222400
221900
221500
221000
220600
220100
219700
219300
218800
6364000
14490000
1884000
217900
217500
217100
216700
216200
1468000
1673000
375600
214600
214200
213800
213400
213000
212600
212100
211700
211300
2104000
6484000
954600
210000
209600
209200
208800
208400
208100
207700
207300
206900
206500
206100
34900000
45020000
5202000
206600
206200
205800
205400
205100
204700
204300
203900
203500
5930000
908700
202600
202300
201900
5068000
800900
201000
200600
200200
199900
199500
199200
198800
1277000
418700
208600
197400
197100
718300
260600
25320000
3293000
196300
196000
2060000
425000
195000
194600
8508000
2509000
353000
193600
193300
192900
192600
192300
756300
2668000
487900
191000
190700
190400
190000
189700
9043000
1280000
189100
188700
188400
188100
2041000
27900000
3575000
5238000
18200000
2331000
187800
187500
187200
186800
186500
186200
185900
185600
185300
184900
184600
184300
184000
183700
183400
183100
182800
182500
182200
181900
181600
181300
1757000
375000
180400
180100
179800
52220000
6592000
180300
11280000
46550000
7359000
382100
180600
180300
5258000
10810000
1412000
179700
179400
179100
178800
178500
178200
178000
177700
177400
28220000
10480000
1021000
14910000
2618000
254400
177200
176900
176600
14390000
1928000
176200
176000
175700
175400
175100
174800
174600
174300
174000
16190000
2148000
173700
173500
173200
172900
172600
172400
172100
171800
171600
171300
4839000
746100
170600
170400
170100
169900
169600
169300
169100
168800
168500
168300
168000
167800
167500
167300
167000
166800
166500
166200
166000
165700
165500
165200
165000
164700
164500
164300
164000
163800
163500
163300
163000
162800
162500
162300
162100
161800
161600
161300
161100
160900
160600
160400
160200
159900
159700
159500
159200
159000
158800
158500
158300
158100
157900
157600
2338000
13540000
1774000
157900
157700
157500
157300
157000
156800
156600
156400
156100
155900
155700
155500
155300
155000
154800
154600
154400
154200
153900
153700
153500
153300
153100
152900
152700
152400
152200
152000
151800
151600
151400
151200
151000
150800
150600
150400
150100
149900
149700
149500
149300
149100
148900
148700
148500
148300
148100
147900
147700
147500
147300
147100
146900
146700
146500
146300
146100
145900
145800
145600
145400
145200
145000
144800
144600
144400
144200
144000
143800
143600
143500
143300
11150000
3097000
340700
143800
143600
143400
143200
143000
142900
142700
142500
142300
142100
141900
141700
141600
141400
6348000
3514000
463000
141500
1112000
260800
141100
140900
140700
140500
140400
140200
140000
139800
139600
139500
139300
139100
138900
138800
138600
138400
138200
138100
137900
137700
137500
3644000
569500
137400
137200
137000
136800
136700
136500
136300
136200
136000
135800
135700
135500
135300
4890000
721300
135300
135100
134900
134800
134600
134400
134300
134100
133900
133800
17190000
16280000
1866000
136100
135900
135700
135600
9771000
1323000
136000
135800
135600
12670000
37820000
4974000
185800
138400
138200
138000
137900
3405000
31370000
8449000
695900
139900
139700
139600
139400
139200
139000
138900
138700
138500
138300
138200
5824000
5124000
25380000
3186000
140200
140100
20990000
5061000
431200
141400
141200
141000
140800
140700
140500
140300
140100
139900
139800
3168000
3642000
8850000
8790000
1359000
175200
140700
140500
140400
21590000
2785000
141700
16140000
9609000
9118000
12190000
1507000
144800
5769000
838000
144800
144600
144400
144200
144100
143900
143700
8418000
1164000
143900
143800
143600
143400
143200
143000
142800
142600
142400
142300
142100
141900
141700
1795000
345300
141300
1809000
346600
140900
140800
140600
140400
140200
5603000
1280000
36240000
4583000
142200
142000
141800
141600
1826000
1729000
311400
141200
2526000
434900
140900
140700
140500
140300
140200
140000
139800
139600
139400
139300
139100
138900
138700
138600
138400
138200
1715000
332300
137800
137700
137500
287600
2448000
616000
161200
136900
136700
136500
136400
136200
136000
135900
135700
135500
4954000
7066000
916800
135900
5790000
832800
136000
135800
135600
135500
135300
135100
135000
134800
134600
134500
134300
134100
134000
133800
133600
133500
133300
133200
133000
132800
4626000
14320000
1814000
133900
133700
133600
133400
133200
133100
132900
132700
132600
132400
132300
132100
131900
131800
131600
131500
131300
131200
131000
130800
130700
130500
130400
130200
130100
129900
129800
129600
129500
129300
129100
129000
128800
128700
128500
128400
128200
128100
127900
127800
127600
127500
127300
127200
127000
126900
126800
126600
126500
126300
126200
126000
125900
125700
125600
125400
125300
125200
125000
124900
124700
124600
124500
124300
124200
124000
123900
123700
123600
123500
123300
123200
123100
122900
122800
122600
122500
122400
122200
122100
122000
121800
1043000
235200
121500
121400
121200
121100
121000
120800
120700
120600
120400
120300
120200
120000
119900
119800
119600
119500
119400
119200
119100
119000
118900
12260000
1616000
119500
119400
119200
1617000
303600
119000
118800
118700
118600
118500
118300
118200
118100
117900
117800
117700
117600
1069000
1.3e+07
1692000
118200
118100
117900
117800
117700
117600
117400
117300
117200
117100
1091000
71750000
8932000
120300
120200
120100
119900
119800
119700
119600
119400
119300
119200
119000
118900
118800
118600
118500
118400
118300
118100
118000
117900
117800
117600
117500
117400
117300
117100
117000
116900
116800
116600
116500
116400
116300
116100
116000
115900
115800
115600
115500
115400
115300
115200
115000
114900
114800
114700
114600
114400
114300
114200
114100
114000
113800
113700
113600
113500
113400
113300
113100
113000
112900
112800
112700
112600
112400
112300
112200
112100
112000
111900
111700
111600
111500
111400
9668000
5584000
641300
112100
23630000
3012000
113600
3398000
13370000
28260000
3619000
144700
6944000
958000
116600
116500
16430000
2127000
117500
117300
117200
117100
117000
116800
116700
1717000
15820000
2028000
12760000
27890000
42290000
13200000
27050000
3318000
125900
125800
125600
125500
125300
125200
125000
124900
124800
124600
124500
33230000
4206000
126700
126500
126400
126200
126100
125900
3405000
529900
125800
19740000
3715000
11080000
1460000
127900
127700
127600
127400
127300
127100
127000
9583000
9001000
2083000
251900
22010000
8015000
769300
129900
129700
129500
129400
129200
1715000
324400
128900
128800
128600
128500
20570000
2649000
129900
129700
129600
129400
129300
129100
129000
128800
128700
128500
17800000
5826000
563600
129800
129700
129500
129400
4507000
3248000
447300
129400
129200
129100
128900
128800
128600
128500
128300
128200
23820000
3049000
129900
129700
129500
129400
129200
129100
10670000
1429000
129600
129400
129300
129100
129000
128800
15750000
40640000
4886000
132200
132100
131900
131800
22270000
16410000
1804000
134500
134300
134100
134000
133800
133600
133500
133300
133100
133000
132800
132700
132500
132300
132200
132000
131900
131700
131500
131400
131200
131100
130900
130800
130600
130500
130300
130100
130000
5393000
1462000
1948000
343700
35180000
12660000
1144000
132700
132600
132400
132200
132100
518500
179400
131600
131500
131300
131200
131000
130900
130700
130500
130400
130200
130100
129900
129800
777400
26200000
30710000
37470000
12330000
1981000
1620000
6160000
858000
136700
136500
2813000
10230000
1340000
137000
10850000
1457000
137500
137400
6584000
1829000
248100
137400
137200
5140000
753800
137200
137000
136800
136700
136500
136300
136200
136000
135800
721800
12980000
5013000
6882000
31930000
7833000
616600
139200
139100
138900
138700
8203000
26270000
7405000
654700
17020000
2222000
1017000
249900
142000
141800
141700
141500
141300
141100
140900
140700
140600
140400
140200
140000
139800
139700
139500
139300
139100
139000
138800
138600
138400
138300
138100
137900
137700
137600
137400
137200
137000
136900
136700
4300000
649800
136600
136400
136300
136100
135900
135700
135600
135400
135200
8477000
1164000
135500
135400
135200
135000
134900
134700
134500
134400
134200
134000
133900
133700
133600
133400
133200
133100
132900
132700
132600
132400
132300
132100
131900
131800
131600
131500
131300
131200
131000
130800
130700
130500
130400
130200
130100
129900
129800
129600
129500
129300
7001000
976300
129500
129300
129200
129000
128900
128700
28840000
42890000
4965000
133100
132900
132800
132600
132400
132300
4427000
19870000
12420000
2976000
2.5e+07
13570000
1418000
137300
137200
137000
15230000
1997000
137900
137800
137600
137400
137200
2310000
57250000
7144000
139700
139500
139300
139200
16750000
2187000
140300
140100
139900
139700
139500
139400
4440000
669300
139200
139100
6687000
20140000
13250000
1465000
12080000
1614000
142500
142300
142100
142000
141800
141600
141400
141200
141000
140900
140700
140500
140300
140100
140000
139800
139600
139400
139200
139100
12190000
1625000
139700
139500
139400
139200
615400
4073000
12520000
1607000
1662000
327400
139700
139500
5555000
806900
9608000
1307000
140100
139900
139700
139500
139400
139200
139000
138800
138700
138500
138300
138100
138000
137800
137600
137400
137300
137100
136900
136800
136600
1970000
24450000
6266000
527600
138200
138100
137900
137700
137500
137400
137200
137000
136900
136700
136500
136400
136200
136000
135800
135700
135500
135300
28780000
27390000
3062000
138900
138700
138500
138300
138200
7155000
1876000
245900
138200
11290000
1876000
183600
138600
138500
138300
138100
137900
137800
137600
137400
137300
137100
136900
136700
136600
136400
136200
136100
135900
135700
135600
135400
135200
135100
134900
14240000
1873000
135700
135600
1079000
251600
135100
135000
134800
134600
134500
134300
134200
134000
133800
133700
133500
133300
133200
133000
132900
132700
132500
132400
132200
132100
131900
131700
131600
6111000
1598000
221500
131600
131400
131200
131100
130900
130800
130600
130500
130300
130200
130000
129800
129700
2739000
8566000
10710000
1311000
130800
130600
130500
130300
130200
130000
129800
129700
129500
129400
129200
129100
128900
128800
128600
128500
128300
20890000
2688000
129800
129600
129400
129300
129100
129000
128800
128700
128500
128400
128200
128100
127900
127800
127600
127500
127300
127200
127000
15490000
2021000
128000
127800
127700
127500
127400
127200
127100
126900
126800
126600
126500
126400
126200
126100
125900
125800
125600
125500
125300
125200
125100
124900
124800
124600
124500
124300
124200
124100
123900
123800
123600
123500
123400
123200
123100
123000
122800
122700
122500
122400
122300
122100
122000
121900
121700
121600
121500
121300
121200
121000
120900
120800
120600
120500
120400
120300
120100
120000
119900
119700
119600
7417000
14920000
14240000
42520000
5160000
124500
124400
124200
124100
123900
123800
123700
123500
123400
123200
123100
123000
122800
122700
122600
122400
122300
122100
122000
121900
121700
121600
121500
121300
121200
121100
120900
120800
120700
120500
120400
8568000
5439000
648000
120900
120800
120700
120500
35870000
4527000
1163000
251000
122700
122600
122500
122300
122200
122000
121900
121800
1072000
8454000
1134000
122000
121900
121700
121600
121500
121300
121200
121100
120900
120800
120700
120500
120400
120300
12640000
33380000
7999000
1102000
184000
3369000
5086000
686100
123800
123700
123500
12320000
43180000
10710000
8e+05
127200
127100
126900
126800
126600
457100
1646000
858200
194000
126100
126000
125800
125700
125500
125400
125200
125100
12900000
1700000
125800
125600
125500
125400
125200
125100
124900
22010000
2822000
126400
126300
126100
126000
125800
125700
125600
125400
125300
125100
125000
124800
124700
12970000
1708000
125400
125300
125100
5649000
1356000
5090000
1022000
10320000
1377000
126000
125900
125700
125600
563700
5021000
1656000
240500
125400
125200
125100
125000
124800
124700
2695000
3027000
443300
124600
124400
124300
6352000
891800
124400
421400
160700
124000
123900
123700
123600
123400
123300
123200
123000
122900
122800
2290000
389700
122500
16300000
2116000
123500
123400
123200
123100
123000
8367000
1139000
6584000
1762000
2480000
5155000
30760000
10770000
981500
126700
126500
126400
126200
126100
125900
125800
125700
125500
125400
125200
125100
124900
124800
124600
124500
124400
124200
124100
123900
123800
123700
123500
123400
123200
123100
123000
122800
122700
122600
122400
122300
122100
122000
121900
121700
121600
121500
121300
121200
121100
120900
4136000
615700
120900
120700
120600
5144000
739700
120600
1120000
243600
120300
120200
120100
119900
119800
119700
119500
119400
119300
119100
119000
118900
118800
118600
118500
118400
118200
118100
118000
3549000
8871000
11300000
1371000
119200
119000
118900
118800
118700
118500
118400
118300
118100
118000
117900
117800
117600
117500
117400
117300
117100
117000
116900
116800
116600
116500
116400
116300
116100
116000
115900
115800
115700
115500
115400
115300
115200
115000
114900
159800
120200
114600
114500
114300
114200
114100
5939000
14190000
6867000
744800
115400
4787000
4037000
528000
115600
115500
115400
115200
115100
115000
114900
114800
114600
114500
114400
114300
114200
114000
113900
113800
113700
113600
113500
113300
113200
113100
113000
112900
112800
112600
112500
112400
112300
112200
112100
8967000
1400000
136600
13630000
4360000
853200
9069000
15610000
59570000
7745000
182200
118000
117900
117700
117600
4284000
631100
117600
117500
117300
117200
117100
116900
116800
116700
116600
116500
116300
116200
116100
116000
115800
7155000
4236000
1877000
283800
9031000
37060000
23980000
2574000
299800
18500000
15440000
1732000
20170000
10630000
1115000
125100
124900
124800
124600
124500
124400
124200
47110000
5916000
126800
126600
126500
126300
126200
126000
125900
125700
125600
125500
5952000
35840000
5072000
206000
127900
127800
127600
127500
127300
127200
127000
126900
126700
126600
2140000
374600
12130000
4149000
3553000
510900
127300
8911000
5768000
35470000
23920000
16720000
1880000
10140000
29180000
3908000
20510000
