1618000
1564000
1500000
1436000
1371000
1310000
1254000
1202000
1155000
1111000
1071000
1033000
998300
965600
935000
906300
881600
1526000
1764000
1772000
1769000
1746000
2164000
2154000
2548000
7866000
7209000
6183000
5655000
4830000
4711000
4255000
3784000
3852000
3623000
3808000
9311000
13950000
10600000
8608000
7267000
6112000
5003000
4269000
5218000
4803000
4847000
4471000
3973000
3552000
3171000
2848000
2587000
2458000
2287000
2128000
1993000
1868000
1755000
1655000
1566000
1487000
1641000
1616000
1557000
1507000
1442000
1375000
1313000
1257000
1220000
1481000
1942000
2170000
2159000
2099000
2e+06
1879000
1765000
1664000
1574000
1570000
1511000
1445000
1387000
1327000
1270000
1218000
1310000
1292000
1254000
1221000
1177000
1132000
1090000
1051000
1015000
981300
949700
920100
892300
866100
841500
818200
796200
775300
755600
736800
718900
701900
685600
670200
655400
641200
629200
1160000
1260000
1267000
1283000
1250000
1200000
1153000
1110000
1139000
1428000
1453000
1428000
1404000
1352000
1293000
1239000
1188000
1142000
1099000
1060000
1023000
988700
956600
926600
898400
871900
846900
823300
801000
779900
759900
740900
722800
705600
689200
673600
659500
1004000
1068000
1304000
1356000
1336000
1308000
1262000
1210000
1162000
1118000
1077000
1039000
1004000
970600
940400
1170000
1195000
1178000
1165000
1131000
1090000
1051000
1015000
980800
949200
919600
891900
865700
841100
817900
795900
775000
755300
736500
718600
701600
685400
669900
655100
641000
627400
614500
602000
590000
578600
567500
556900
546600
536800
527300
518100
509200
500600
492400
484400
476600
469100
461800
454800
447900
441300
434900
428600
422500
416600
410900
405300
399900
394600
389400
384400
379500
374700
370100
365600
361100
356800
352600
348500
344500
340500
336900
557600
607700
620400
636200
631600
618900
606300
594200
582500
571300
560600
550200
540200
530600
521300
512300
503600
495200
487100
479300
471700
464300
457200
450300
443600
437100
430800
424600
418700
412900
407200
401700
396400
391200
386100
381400
548500
1119000
1260000
3786000
4464000
4223000
4015000
3659000
3253000
2913000
2639000
2414000
2226000
2065000
1927000
1806000
1700000
1606000
1522000
1447000
1378000
1316000
1260000
1208000
1160000
1116000
1075000
1037000
1002000
969400
1019000
1444000
1501000
1486000
1472000
1419000
1354000
1294000
1273000
1268000
1231000
1190000
1150000
1108000
1068000
1031000
995900
963400
932900
904400
913800
1044000
1053000
1038000
1023000
994700
962500
932100
903600
876800
851500
827700
805100
790500
2179000
8202000
7460000
6428000
5888000
4981000
4175000
3609000
3188000
2860000
2596000
2381000
2518000
2403000
2254000
2132000
2e+06
2103000
2024000
1919000
1830000
1730000
1633000
1546000
1468000
1398000
1369000
1320000
1267000
1220000
1173000
1142000
1109000
2149000
2279000
2226000
2201000
2179000
2053000
1928000
1822000
2112000
2143000
2058000
1980000
1877000
1766000
1665000
1575000
1515000
1532000
1482000
1423000
1369000
1311000
1255000
1205000
1447000
1456000
1420000
1391000
1339000
1282000
1294000
2715000
2857000
3163000
4965000
4765000
4312000
3976000
3543000
3142000
2824000
2566000
2353000
2174000
2021000
1889000
1773000
1671000
1580000
1498000
1425000
1359000
1299000
1244000
1193000
1146000
1103000
1064000
1040000
1009000
976800
947200
951700
4366000
4538000
4230000
5715000
18440000
12890000
9597000
8398000
6441000
5580000
6017000
5328000
4675000
4178000
3671000
3239000
2900000
2629000
2405000
2218000
2083000
4117000
4956000
4663000
6282000
5870000
5102000
4554000
3980000
3492000
4380000
4123000
3736000
3459000
3126000
2814000
2558000
2347000
2169000
2016000
1891000
2604000
2607000
2481000
2389000
2237000
2077000
1937000
1815000
1708000
1613000
1528000
1453000
1513000
1474000
1418000
1369000
1313000
1257000
1205000
1158000
1114000
1073000
1035000
1e+06
967400
936700
907900
880800
855300
831300
808500
787000
766700
747300
728900
711400
694800
678900
663700
649200
635300
622000
609200
597000
585200
573900
563000
552600
542500
532800
523400
514400
505600
497200
489000
481100
473400
466000
458900
451900
445100
438600
432200
426100
420000
414200
408500
403000
397700
504200
526100
529500
534500
529400
520400
511500
502800
494500
486400
478600
471000
463700
456600
449700
443000
436500
430200
424100
418100
412300
406700
401200
395900
390700
385700
380800
376000
371300
366700
362300
357900
353700
349500
345500
341500
337700
333900
330200
326600
323100
319600
316200
312900
309700
306500
303400
300300
297300
294400
291500
288700
285900
283200
280600
278000
275400
272900
270400
268000
265600
263300
261000
258700
256500
254300
252200
250100
248000
245900
243900
242000
240000
238100
261900
278300
281800
283800
283600
281500
278900
276300
273800
271300
268800
266400
264100
261800
259500
257300
255100
283500
310300
316300
319300
327500
326900
324300
321800
318600
315300
312000
308800
305600
302500
299500
296500
293600
290700
287900
285200
282500
279900
277300
274700
272200
269700
267300
279900
281300
280400
279700
277700
275200
272700
270200
267800
265400
263100
260800
258500
256300
254100
282100
287600
288300
289400
287800
285100
282400
279800
277200
274700
272200
269800
432700
722300
790300
818100
834300
821500
800500
1011000
1040000
1031000
1025000
1002000
1399000
4403000
4560000
4249000
4056000
3649000
3227000
2893000
2901000
6512000
6940000
6098000
5517000
4806000
4100000
3557000
3148000
2828000
2570000
2357000
2177000
2023000
1893000
2050000
2255000
4482000
4469000
4119000
3919000
6108000
5994000
5277000
4781000
4203000
3653000
3222000
2887000
2618000
2397000
2211000
2053000
1917000
1936000
2012000
2436000
2976000
2944000
2805000
2648000
2449000
2274000
3799000
3775000
3532000
5158000
5985000
6712000
8076000
7050000
6015000
5931000
5125000
4389000
3873000
3421000
3045000
2746000
2502000
2303000
2635000
2549000
2399000
2278000
2131000
1985000
1857000
1745000
1646000
1558000
1479000
1407000
1343000
1284000
1230000
1224000
1187000
1146000
1157000
1128000
1092000
1059000
1024000
989600
957900
1069000
1098000
3185000
3388000
3239000
3161000
2920000
2650000
2519000
2423000
2268000
2125000
2115000
2007000
1891000
1791000
1692000
1599000
1516000
1441000
1373000
1311000
1255000
1204000
1156000
1113000
1072000
1034000
999300
966500
947100
920800
894200
869400
845000
822000
848600
842500
826000
810300
791200
770900
751300
732700
715100
698200
682200
666900
716400
852200
872100
870900
1005000
1015000
996900
982100
955900
926200
898000
871500
846600
823000
800800
779700
759700
740700
722600
705400
689000
673400
658400
644100
630500
617400
629700
915400
968900
973500
980500
960400
930700
902300
875500
850300
826600
804100
782800
762700
743500
725300
708000
691500
675700
660700
646300
632500
619300
606700
594500
582900
571700
560900
550500
540500
530900
521500
512600
503900
495500
487400
479500
471900
464600
457400
450500
443800
437300
431000
424800
418900
413100
407400
401900
396600
391400
386300
381400
376500
371900
367300
362800
358400
354200
350000
346000
342000
338100
334400
330700
327000
323500
320000
316600
313300
310100
306900
303700
300700
297700
294800
291900
289100
286300
283600
280900
278300
275700
273200
270700
268300
265900
263600
261300
259000
256800
254600
252400
250300
248200
246200
244200
242200
240300
238300
236500
234600
232800
231000
229200
227500
225800
224100
286900
301700
305900
311100
310400
317800
317300
315200
313200
310400
307200
304100
301000
298000
295100
292200
289400
286600
283900
281300
390700
416000
422900
431300
429500
423600
417700
411900
406300
400800
395500
390300
417100
4089000
4363000
4090000
3987000
3612000
3198000
2868000
2603000
2384000
2200000
2043000
1908000
1790000
1686000
1593000
1510000
1436000
1369000
1308000
1252000
1201000
1153000
1110000
1069000
1032000
997100
964400
933900
905300
878400
853000
829100
806500
785100
764800
745600
727300
709800
693300
677400
662300
647800
634000
620700
608000
595800
584100
572900
562000
551600
541600
531900
522500
513500
504800
496400
488300
480400
472700
465400
458200
451300
444500
438000
431600
425500
419500
413700
408000
402500
397100
391900
386800
381900
377100
372400
432000
498900
513000
520000
1045000
1150000
1164000
1295000
1875000
4371000
4446000
4157000
4664000
4283000
3799000
3459000
4783000
4515000
4067000
3760000
3373000
3010000
2718000
2479000
2281000
2206000
3172000
3166000
4331000
9902000
26490000
17950000
22830000
15910000
10850000
8432000
6251000
4859000
4074000
3536000
3132000
2815000
2559000
2348000
2210000
5339000
5228000
4707000
4413000
3914000
3425000
3046000
2748000
2714000
2536000
2370000
3825000
3925000
4901000
4697000
4231000
3839000
3417000
3043000
2744000
2501000
2304000
2728000
3269000
3245000
3111000
5381000
5915000
5315000
4835000
4294000
3738000
3288000
2940000
2759000
2541000
2345000
2180000
2030000
1909000
3173000
3207000
3029000
2909000
2690000
2460000
2264000
2098000
1955000
1831000
1722000
1632000
2508000
2819000
2738000
2648000
2494000
2305000
2136000
2211000
2259000
2160000
2055000
1946000
1830000
1721000
1625000
1539000
1462000
1392000
1337000
2497000
2609000
2520000
2467000
2318000
2147000
1997000
1872000
2307000
2283000
2177000
2094000
1974000
1849000
1738000
1645000
2454000
8110000
7380000
6334000
5793000
4916000
4181000
6615000
8800000
7531000
6490000
5654000
4734000
4006000
3486000
3093000
2785000
2534000
2327000
2151000
2002000
1872000
1758000
1657000
1568000
1488000
1416000
1350000
1291000
1236000
1186000
1140000
1098000
1058000
1021000
987300
955300
925300
897400
912600
912800
935800
937100
2631000
3626000
3577000
3459000
3244000
2941000
2664000
2434000
2243000
2080000
1940000
1818000
1710000
1615000
1530000
1454000
1385000
1322000
1265000
1213000
1165000
1120000
1079000
1047000
2119000
5574000
15410000
13790000
10700000
9252000
8257000
6546000
5352000
4581000
4202000
4756000
4367000
4838000
4807000
4322000
3892000
3763000
3684000
3441000
3156000
2894000
6415000
3453000
2662000
2557000
2082000
1820000
1705000
1611000
1526000
1450000
1382000
1319000
1265000
1680000
1879000
2264000
5727000
6212000
5581000
5119000
4505000
3883000
3404000
3768000
7158000
7329000
6445000
8814000
7605000
6394000
5569000
4712000
4013000
3497000
3102000
2792000
2540000
2332000
2156000
2005000
1875000
1761000
1660000
1570000
1490000
1417000
1352000
1292000
1238000
1188000
1141000
1099000
1059000
1022000
988100
956100
926100
897900
871400
846500
822900
800700
779600
759600
740600
722500
705300
689000
673300
658400
644100
630400
617500
724000
739000
734500
731900
719000
702200
685900
670400
655600
641500
627900
614900
602400
590400
578900
567900
557200
547000
537100
527600
518400
509500
500900
492600
484600
476900
469400
462100
455000
448200
441500
435100
428800
422700
416800
411100
405500
4e+05
394800
389600
384600
379700
428600
437200
436900
437500
433300
427200
421100
416300
992000
3950000
4152000
3936000
3805000
3449000
3071000
2767000
2522000
2599000
4247000
5518000
5475000
9939000
11180000
8963000
7510000
6278000
5126000
6236000
5580000
4849000
4369000
3836000
3365000
3e+06
3137000
15560000
11320000
8637000
7765000
6096000
4843000
6228000
5619000
4895000
4424000
3882000
3400000
3027000
2733000
2772000
2604000
2419000
2270000
2521000
4197000
5614000
5279000
6562000
5988000
5159000
4559000
3963000
3459000
3072000
2768000
2520000
2315000
2142000
1993000
1864000
1751000
1652000
1563000
1483000
1411000
1346000
1287000
1233000
1185000
1563000
1597000
1562000
1536000
1476000
1406000
1356000
1440000
1966000
2006000
2035000
1998000
1900000
1796000
1947000
1898000
2337000
2335000
2229000
2137000
2010000
1880000
1765000
1664000
1574000
1493000
1420000
1355000
1295000
1240000
1190000
1143000
1100000
1061000
1024000
989500
957400
927300
899200
903500
1777000
2091000
2095000
2085000
2002000
1881000
1767000
1665000
1575000
1494000
1421000
1355000
1295000
1241000
1190000
1144000
1101000
1061000
1024000
990000
964000
2104000
4700000
4687000
4372000
4114000
3669000
3240000
2906000
3109000
2997000
2784000
2614000
3241000
3162000
2945000
2777000
2565000
2356000
2176000
2023000
1890000
1774000
1672000
1581000
1499000
1426000
1360000
1299000
1244000
1194000
1147000
1104000
1064000
1027000
992300
960000
929700
902100
1151000
1182000
1167000
1158000
1150000
1114000
1076000
1042000
1007000
973800
942700
913500
886100
860300
836000
813000
791300
770700
751100
732500
714900
698000
682000
666700
652000
638000
624600
611700
599500
641600
655100
650500
644900
634900
622200
609500
597200
585400
574100
563300
552800
542700
533000
523600
514500
510700
627900
853900
899300
911400
915000
895800
869900
845000
821500
799300
778300
758400
739500
721500
704300
688000
672400
657500
643200
630500
1002000
1072000
1077000
1087000
1063000
1027000
992500
960200
930000
901600
874900
849700
826000
803500
782300
762200
743000
724900
707600
691100
675900
911800
952100
950400
952700
932700
904600
877800
852400
828600
806000
784600
764400
745100
726900
709500
692900
677100
662000
647500
633700
620400
607800
595600
583900
572600
561800
551400
541300
531700
522300
513300
504600
496200
488100
480200
472600
465200
458000
451100
444400
437800
431500
425300
419400
413500
407900
402400
397000
391800
386700
381800
377000
372200
367700
363200
358800
354600
350400
346300
342400
338500
334700
331000
354700
533700
856000
3476000
3728000
3566000
3477000
3186000
2864000
2599000
2381000
2197000
2041000
1906000
1788000
1684000
1592000
1509000
1435000
1368000
1307000
1251000
1200000
1153000
1109000
1069000
1031000
996500
964000
933500
904900
878000
852600
828700
806200
785200
905700
1030000
1042000
1037000
1022000
992400
973300
2765000
2968000
2951000
2916000
2721000
2497000
2299000
2128000
1981000
1854000
1742000
1644000
1591000
1887000
1875000
1808000
1750000
1665000
1576000
1495000
1422000
1356000
1296000
1241000
1191000
1144000
1102000
1062000
1027000
1421000
3927000
4554000
4371000
4154000
4082000
4113000
3743000
3392000
3095000
2816000
3734000
12530000
11460000
9023000
7833000
6356000
5065000
4217000
3639000
3233000
3008000
2786000
2563000
2370000
2198000
2043000
1908000
1790000
1686000
1593000
1514000
2033000
2057000
1987000
1934000
1836000
1728000
1631000
1544000
1475000
2618000
2710000
2604000
2538000
2377000
2197000
2041000
1906000
1788000
1684000
1592000
1509000
1435000
1368000
1309000
1768000
1804000
1756000
1721000
1646000
1797000
1784000
1952000
1945000
2458000
2455000
2339000
2240000
2101000
1960000
1855000
1981000
1966000
1883000
1804000
1714000
1621000
1535000
1458000
1389000
1409000
1461000
1427000
1382000
1335000
1282000
1442000
1433000
1390000
1364000
1314000
1259000
1209000
1161000
1117000
1076000
1038000
1003000
969900
939000
910200
927200
911000
890800
1370000
1444000
1431000
1427000
1380000
1319000
1264000
1492000
1497000
1733000
1786000
1843000
2076000
5003000
6041000
5516000
5059000
4507000
3904000
3414000
3037000
2740000
2497000
2296000
2125000
1979000
1852000
1740000
1642000
1554000
1475000
1404000
1340000
1281000
1228000
1178000
1133000
1091000
1052000
1016000
981800
950200
920600
892700
866500
841900
818600
796500
775700
755900
737100
719200
702100
685900
670400
655600
641400
627900
618000
606300
594500
583300
572300
635200
642000
636700
647400
640500
628800
617600
605600
593600
581900
570800
560000
549700
539700
530100
520800
511800
503200
494800
486700
478900
471300
464000
456900
450100
548500
758800
803100
816500
823100
808500
787400
767000
747700
729300
711800
695100
679200
664000
649400
635500
622200
609400
597200
585400
574100
563200
552800
542700
532900
523600
514500
505800
497300
489100
481200
473600
466200
459000
452000
445300
438700
432300
426200
420200
414300
408600
403100
397700
392500
411400
602800
746800
780100
796800
898200
988600
991200
981600
964900
937900
909200
882000
856500
832400
809600
788000
767600
748200
729800
712200
695500
679600
664400
649800
635900
622600
609800
597500
585700
574400
563500
553000
543000
533200
523800
514800
506000
497600
556600
567600
565800
824900
941400
971300
1261000
2245000
14350000
10940000
8500000
7664000
6077000
4815000
4052000
3876000
3498000
3151000
2880000
2627000
2405000
2218000
2059000
1921000
1801000
1696000
1602000
1519000
1444000
1376000
1314000
1259000
1421000
1542000
1579000
1558000
1972000
6057000
10510000
8768000
7539000
10300000
11750000
9370000
12700000
12280000
9425000
7693000
6285000
5065000
4220000
3641000
3212000
3034000
10880000
9105000
7378000
6654000
5481000
4487000
3828000
3354000
2991000
2702000
2466000
2272000
2501000
6778000
6500000
5699000
5245000
4543000
3885000
3396000
3024000
2729000
2488000
2288000
2119000
1974000
1937000
1846000
2418000
2595000
2719000
2645000
2500000
2938000
3306000
9005000
14160000
15370000
11680000
11810000
18550000
12970000
