809300
807600
805100
802200
799100
795700
792100
788400
784600
780800
776900
772900
768900
764900
760900
757000
10730000
7240000
3674000
2319000
3423000
7085000
4102000
5369000
20850000
12210000
6353000
4196000
5369000
6595000
4319000
2868000
5061000
4652000
5244000
17610000
18800000
9668000
5510000
5669000
6472000
4145000
2781000
8726000
6236000
6349000
3683000
3135000
2272000
1834000
1352000
1333000
2004000
1608000
1102000
1031000
890800
780900
699900
651900
672200
3355000
2050000
1225000
967400
1195000
964800
802600
726000
1110000
4901000
7149000
5355000
3004000
2412000
2272000
1818000
1333000
1245000
1340000
2300000
1572000
1075000
870300
859900
707100
629400
2635000
1686000
1088000
872100
1006000
844400
706400
637500
700400
703200
666300
568600
580800
548100
524200
522300
520500
518600
516800
515000
513200
511400
509600
507800
506100
504300
502600
11830000
6382000
3050000
1952000
2966000
2036000
1360000
1045000
2770000
6304000
3704000
1813000
1608000
1697000
1150000
863000
789900
924400
909100
771800
583700
590300
511000
464400
462900
461500
460000
458600
457200
455800
454300
452900
451500
450200
448800
447400
446100
8876000
4821000
5595000
3213000
3012000
2005000
1793000
1293000
1367000
1295000
1253000
862100
863200
581100
511100
5236000
2904000
1499000
1035000
1462000
1070000
784500
651300
802400
812300
729200
503300
535100
461600
408800
407600
406500
405400
404300
403100
402000
400900
399900
398800
397700
396600
395500
394500
393400
392400
391300
390300
389200
388200
387200
386200
385200
384100
383100
382100
381200
380200
379200
378200
377200
376300
375300
374300
373400
372400
371500
370600
369600
368700
367800
366900
365900
365000
364100
363200
362300
361400
360500
359700
358800
357900
357000
10320000
5530000
2600000
1634000
2527000
1710000
1116000
839500
1156000
1179000
1007000
536900
604900
453100
344500
343700
342900
342100
341300
340500
339700
338900
338100
337300
336600
335800
335000
334300
333500
332800
332000
331200
330500
329800
329000
328300
8291000
14100000
7123000
19140000
13210000
7965000
4660000
5092000
3961000
3208000
2554000
2462000
2156000
1838000
838700
756900
532000
335000
314900
314200
313600
312900
312200
311600
310900
310200
309600
308900
308300
307600
2850000
7519000
3938000
1959000
1616000
1936000
1301000
879500
1335000
1838000
1376000
935400
668300
676700
480700
367700
368500
387300
378800
343100
1132000
3370000
1850000
990600
807900
976900
712300
532500
485100
570300
561900
477900
359000
364400
15290000
25530000
12730000
6146000
5796000
6136000
3813000
2358000
2352000
2944000
2727000
1722000
3496000
2190000
1030000
598800
821900
2738000
1569000
876600
750200
945600
728700
484500
442600
472000
918300
694100
437700
395200
400900
569600
428900
11300000
6025000
2828000
1740000
3497000
2205000
1314000
927200
4968000
3736000
2165000
1107000
1476000
1066000
670800
498600
849600
1794000
1147000
634300
552900
575400
426700
350900
4185000
2365000
1229000
826000
1124000
811000
1368000
12840000
6968000
5578000
10950000
7482000
4038000
2707000
2859000
2490000
1992000
1608000
1297000
1346000
922100
450400
469100
330000
247500
247100
246700
246300
245900
245400
245000
244600
244200
243800
880200
573600
386100
324000
380700
22800000
11950000
5334000
8015000
27170000
15250000
7350000
5074000
7060000
7495000
9055000
4827000
4100000
3519000
2926000
1543000
1249000
856700
779100
743200
564100
12560000
9680000
4574000
8890000
6879000
4131000
2459000
2493000
2298000
8201000
4831000
2586000
1954000
2234000
1244000
874300
607800
731000
742000
635500
7267000
3981000
1852000
1115000
1735000
1168000
755300
563700
784100
799800
680600
354500
2387000
1328000
668800
476200
653900
491000
372500
317300
380300
384500
350100
256400
269800
239400
217500
217200
216900
216600
216300
215900
215600
215300
215000
214700
214400
214100
213700
213400
213100
212800
212500
212200
211900
211600
211300
211000
210700
210400
210100
209800
209500
209200
208900
208600
208300
208000
207700
207400
207100
206800
206500
206200
206000
205700
205400
205100
948700
6437000
3407000
1617000
1117000
1580000
1057000
687900
549800
737700
738200
602500
332200
361100
264200
200600
200300
200100
199800
199500
199300
199000
198700
198400
198200
197900
197600
197400
197100
196800
196600
196300
196100
195800
195500
195300
195000
194800
194500
194200
194000
193700
193500
193200
193000
192700
192500
192200
192000
191700
191500
191200
191000
190700
190500
190200
190000
189700
189500
189200
189000
188800
188500
188300
188000
187800
187500
187300
187100
186800
186600
186400
186100
185900
185600
4918000
3375000
1632000
957900
1311000
989000
647000
472400
602800
636900
557100
321600
319500
252700
190100
182000
181700
2933000
2806000
1422000
803900
1377000
1046000
653900
463600
557700
565800
494800
332400
308900
276300
220600
186700
189500
182600
177600
177400
177200
176900
176700
176500
176300
176100
175900
1712000
973100
521400
372400
510000
384000
292300
249600
298400
301800
275200
202700
213100
189600
172800
2322000
1288000
656500
448200
640700
464500
336300
276700
345100
349800
312700
211400
8030000
10680000
5269000
2622000
2699000
2636000
1645000
5455000
3406000
2333000
1787000
1704000
6836000
19840000
10280000
4982000
3896000
4777000
2924000
1822000
2975000
16510000
11450000
5720000
3193000
4122000
2785000
1578000
1120000
1506000
1577000
1275000
602000
577300
366600
2777000
3466000
12860000
6700000
3481000
2369000
12450000
7906000
3995000
2531000
3584000
2780000
1868000
996000
1285000
1151000
872100
411200
425400
1668000
2317000
5016000
6117000
3437000
1999000
1766000
1631000
1135000
10510000
5869000
3060000
9334000
9854000
8768000
9706000
6161000
4296000
6011000
4355000
2652000
2193000
2137000
1589000
1273000
855200
593500
4317000
2341000
1056000
707700
1007000
670000
445100
340600
460800
469400
404500
226600
252500
195200
154200
897600
539900
321200
1010000
710800
426100
307900
355500
316700
272900
2730000
1734000
16910000
8885000
4342000
2613000
3870000
2470000
2355000
2189000
2129000
1785000
2614000
1295000
958000
549100
480300
412900
336300
259300
269500
264600
228000
169800
177100
160500
148600
148400
148300
148100
812100
492600
297300
232800
292200
299100
1277000
826900
491000
370100
438800
326000
259000
216500
240300
244300
223500
173000
2312000
4164000
2131000
1072000
3564000
2407000
1284000
803000
1022000
908200
724400
502700
463400
456800
345400
192500
210200
170900
142900
142700
142600
142500
142300
142200
142000
141900
2048000
7360000
3805000
1790000
1357000
1760000
1136000
712300
600900
803800
785300
588600
308500
322500
207400
139800
139700
139600
139400
139300
139200
139000
138900
138800
138600
138500
138400
138200
138100
138000
137800
137700
137600
137500
137300
137200
137100
136900
136800
136700
136600
136400
136300
136200
136100
135900
135800
135700
135600
135400
135300
135200
135100
134900
134800
134700
134600
134400
134300
134200
134100
134000
133800
133700
133600
133500
133300
133200
133100
133000
132900
132700
132600
132500
132400
132300
132100
132000
131900
131800
131700
131600
131400
131300
131200
360100
249900
182400
160200
180600
161700
148000
141500
148700
149100
145100
134200
135600
132100
129500
129400
129200
129100
129000
128900
128800
128700
128600
5583000
2960000
1357000
828900
1318000
1545000
895900
547200
655800
728700
579800
282900
301900
240600
183000
171400
139600
144100
133800
478200
6143000
3234000
1486000
952300
1446000
947700
590500
440400
627200
634500
517700
245500
667800
32120000
16690000
7324000
4286000
7099000
4478000
2578000
1713000
2726000
2793000
2230000
739000
952100
467100
123600
123500
123400
123300
123200
123100
123000
122900
122800
122700
122600
122500
122400
122300
122200
122100
122000
121900
121800
121700
121600
121500
121400
121300
121200
121100
121000
120900
120800
120700
120600
120500
120400
120300
120200
120100
120000
119900
119800
119700
119600
119500
119400
119300
119200
119100
119000
118900
118800
118800
118700
118600
118500
118400
118300
118200
118100
118000
117900
117800
117700
117600
4324000
4263000
2084000
1100000
12030000
6698000
3128000
3354000
9546000
17610000
9301000
4723000
7318000
6302000
3751000
2076000
9726000
6099000
3469000
2188000
2400000
1771000
1027000
541900
799600
1488000
8055000
4092000
7760000
16220000
26730000
17410000
21210000
13150000
9778000
6674000
6084000
4476000
4190000
3433000
2919000
2055000
1551000
626900
462400
15100000
7829000
3462000
2023000
3356000
2139000
1254000
843400
2785000
2114000
1427000
9522000
5985000
7675000
4044000
3310000
2196000
2065000
1359000
1268000
1179000
1162000
5013000
6398000
3547000
1818000
11620000
9034000
4478000
2461000
3141000
2644000
1807000
1132000
1948000
1644000
1175000
552500
569500
376700
9491000
4974000
2264000
1365000
2187000
1392000
843200
575500
864300
885700
726000
288300
8365000
5949000
2735000
1496000
2061000
1546000
940200
2577000
3006000
1945000
1283000
941600
866500
545100
311700
324800
366100
335200
223400
10930000
5740000
2543000
1490000
2454000
1574000
933700
636800
5727000
3469000
1889000
923900
1424000
872100
473100
341900
7543000
21300000
10910000
4965000
3971000
4858000
2984000
11820000
12870000
7532000
4675000
4356000
3326000
2236000
1258000
1223000
1442000
1284000
705200
486000
376000
174200
107800
107700
107600
107500
107500
107400
107300
107200
107200
107100
107000
106900
106800
106800
106700
106600
106500
2308000
1556000
1539000
861700
16380000
12340000
5906000
3174000
4230000
3278000
2037000
1280000
1805000
1822000
1498000
672800
611600
389300
156400
112500
117000
117300
114700
108000
108900
106600
105000
313300
11860000
18420000
24150000
15800000
9884000
7934000
9450000
6016000
4064000
3617000
5171000
8105000
4741000
2423000
6603000
4234000
2107000
1185000
4420000
3139000
1774000
1113000
1288000
3343000
1904000
871200
768900
915800
632600
357100
296300
326500
294300
251600
337900
5986000
4623000
5027000
16410000
11070000
5579000
3528000
4117000
3122000
2142000
5257000
14770000
10220000
5255000
10830000
7644000
4609000
2592000
2837000
2487000
2092000
1493000
1181000
1122000
808200
301500
327200
193300
113400
107400
103100
103100
103000
102900
102900
102800
102700
102600
102600
102500
102400
102400
102300
102200
102100
102100
102000
101900
101900
1722000
943200
466800
309800
455100
322300
225700
180900
232500
236200
208300
3825000
2060000
950600
575400
906500
604000
384100
282000
399700
408200
344700
170800
196300
140300
100200
100200
100100
1e+05
99970
99900
99830
99760
99700
99630
99560
99490
99430
99360
99290
99220
99160
99090
99020
98960
98890
98820
98760
98690
98620
98560
98490
98430
3090000
1651000
772200
482600
750700
505700
327500
244800
13120000
24300000
12170000
5699000
5189000
5649000
3438000
2054000
1983000
4488000
11990000
10840000
5981000
14550000
13510000
7368000
4074000
4105000
3738000
9575000
5539000
3306000
2634000
2908000
1603000
998200
1642000
26090000
13800000
6277000
3636000
5835000
3637000
9497000
5262000
3871000
3191000
3386000
1612000
1326000
732600
2627000
1718000
1024000
487200
3645000
10460000
10130000
4983000
8421000
5908000
3864000
2274000
2339000
2016000
1800000
1379000
1087000
887500
668400
251600
236400
155300
97350
97290
97220
97160
97100
97030
96970
96900
5476000
2890000
1309000
787900
1270000
829600
719300
2207000
6817000
3733000
2605000
1646000
1806000
1113000
3183000
1869000
5529000
3208000
2028000
1178000
1410000
864200
635800
513800
6e+05
495600
439500
203000
206000
141600
95620
95560
95500
95440
95380
95310
95250
95190
95130
884100
11120000
7200000
3323000
1950000
2700000
1911000
1141000
788600
1090000
1146000
929700
411200
405900
246300
109900
94510
94450
94390
94330
94270
94210
12680000
17080000
8355000
4066000
4182000
4089000
2484000
1514000
4748000
4001000
2703000
1514000
6346000
3769000
1710000
955900
1477000
1102000
738400
437100
594900
567100
441900
199800
226600
152000
95380
93550
93490
93430
93370
93320
93260
93200
93140
93080
93020
92960
6222000
3275000
1474000
880400
1849000
1145000
657300
447400
680300
660200
530000
229900
285500
193600
120000
100200
103100
96660
92070
92010
91950
91890
91840
91780
91720
91660
91610
91550
91490
2655000
1749000
838500
494200
692400
511700
332300
242000
314700
330900
287700
161400
163600
127000
94270
90680
1151000
4278000
6512000
3276000
1757000
1580000
1604000
1007000
684300
684000
811100
708700
471100
278000
241000
136500
90020
89970
89910
89860
89800
9217000
4828000
2146000
1262000
2081000
1333000
789800
537700
828600
849700
693000
263400
326400
188100
89270
89220
89160
89110
89050
89000
88950
6800000
3573000
1601000
951100
1553000
1003000
603600
418100
632100
647500
532300
216400
262700
161000
88350
88300
88250
88190
88140
88090
88030
87980
87930
87880
87820
87770
87720
87670
87610
87560
87510
87460
87410
87350
87300
87250
87200
87150
87090
87040
86990
86940
86890
86840
86790
86730
86680
86630
86580
86530
86480
86430
86380
86330
86280
86220
86170
86120
86070
86020
85970
85920
85870
3176000
7919000
9577000
22820000
12180000
6647000
4704000
5410000
3528000
2506000
2146000
2482000
2156000
1581000
642000
614900
281300
85930
85880
85830
85780
85730
85680
85630
85580
85530
85480
85430
85380
85330
85280
85230
85180
85130
85080
85030
3767000
3914000
1910000
989900
1134000
1005000
628500
16190000
8669000
4568000
2757000
3829000
2427000
1487000
943700
1398000
1422000
1166000
424400
945200
4164000
2103000
973200
649200
944900
618400
387500
299200
417500
418800
335800
165300
184400
124000
84100
84050
5691000
17050000
10420000
5114000
3628000
5647000
5646000
3117000
2042000
2374000
2425000
7144000
21990000
13950000
6668000
4470000
5300000
3607000
2159000
1635000
2287000
2906000
2225000
1033000
837600
541900
266000
175800
147400
162000
168900
151200
5839000
3079000
1387000
821900
1332000
863600
522900
364700
547100
10360000
5551000
2401000
1492000
2284000
1419000
835600
564800
877300
899900
731600
270300
338000
189500
83350
5827000
3065000
1377000
821300
1336000
3340000
2055000
3245000
2192000
6248000
3529000
1937000
1285000
1537000
1047000
995400
2835000
2266000
1277000
861700
750500
604400
365100
237200
295200
1451000
2016000
1015000
556700
514700
495300
3113000
1673000
859300
761100
930400
589900
364600
290200
338200
324200
272700
145800
165300
120800
84410
1043000
580500
297600
7450000
4052000
1845000
1086000
1709000
1146000
717200
4176000
2594000
4434000
2924000
2879000
3882000
15770000
11370000
5760000
3572000
4248000
3128000
2031000
1350000
1639000
1643000
1292000
607200
509500
306300
115100
81440
81390
81350
81300
81260
81210
81170
81120
81080
81030
80990
80940
80900
80850
80810
80760
80720
80680
80630
80590
80540
80500
80460
80410
80370
80320
80280
80240
80190
80150
1719000
930800
449200
290500
437400
2536000
1365000
663500
941400
932900
592000
339100
328300
338400
299500
248900
157900
174300
132800
87830
90840
84100
79270
79230
79190
79150
79100
79060
79020
1434000
4516000
6875000
3458000
1880000
1663000
1685000
1052000
721100
717500
848000
730700
486100
277100
237300
127900
78570
78520
78480
78440
78400
78360
78310
78270
78230
78190
78150
78110
78060
78020
77980
77940
77900
77860
77820
77780
77730
77690
77650
77610
77570
77530
77490
77450
77410
77370
2552000
7348000
6031000
2932000
1902000
4102000
4165000
2219000
1353000
1528000
1536000
1075000
624400
545700
496700
364800
216000
159800
138500
93170
76900
76860
76820
76780
76740
76700
76660
76620
76580
76540
76500
76460
76420
76380
76340
76300
76260
76220
76190
3844000
2116000
968500
6623000
5194000
2745000
5486000
10290000
31070000
16410000
8270000
5971000
7524000
4824000
2899000
4243000
4005000
3145000
2239000
1191000
1062000
499600
170500
227200
231500
199500
111900
124700
96530
76370
76330
76290
3178000
3135000
2128000
1113000
5059000
18830000
18490000
9059000
5407000
13880000
14960000
7789000
13370000
13030000
8696000
5334000
4342000
3669000
2819000
1922000
1527000
1443000
21720000
11200000
5e+06
2903000
4590000
2872000
1650000
1084000
1738000
1785000
1433000
468100
3215000
17040000
8938000
4027000
2687000
3826000
2436000
1424000
1065000
1554000
1554000
1168000
456900
510400
1148000
545700
5661000
4126000
3472000
1872000
1780000
5219000
5109000
17910000
18370000
16160000
8877000
11330000
20050000
11880000
15430000
