1186000
1176000
1164000
1151000
1139000
1127000
1116000
1104000
1093000
1082000
1071000
1061000
1050000
1040000
1030000
1020000
22670000
8305000
3229000
1189000
1679000
10300000
2978000
7689000
36860000
8806000
3591000
920500
912700
6564000
2697000
1452000
5357000
2667000
5698000
31740000
25310000
6945000
2212000
842900
3708000
1445000
1045000
12810000
3378000
6444000
1811000
1159000
790900
785200
779500
773900
2380000
1108000
881700
752500
747300
742100
737000
732000
727100
6353000
1923000
1146000
708900
704200
699700
695100
690700
1711000
8749000
10970000
6248000
2001000
909900
664100
660100
656000
652100
648100
2934000
1131000
813200
633400
629700
626000
622400
4654000
1480000
923700
610100
606700
603300
599900
596600
593300
590000
586800
583600
580500
577400
574300
571300
568200
565300
562300
559400
556500
553600
550800
548000
545200
542500
539800
27460000
6300000
2610000
536900
534300
531600
529000
526400
4215000
9206000
2495000
1128000
518700
516200
513800
511300
508900
506500
504200
501800
499500
497200
494900
492600
490400
488200
486000
483800
481600
479500
477400
475300
473200
471100
469100
467000
465000
20330000
4717000
8197000
1793000
941700
462900
460900
459000
457000
455100
453200
451300
449400
447500
445700
11510000
2811000
1295000
442400
440600
438800
437000
435200
433500
431800
430000
428300
426600
424900
423300
421600
420000
418400
416700
415100
413500
412000
410400
408800
407300
405800
404200
402700
401200
399700
398300
396800
395300
2006000
738300
516200
390900
389500
388100
386700
385300
384000
382600
381300
379900
378600
377300
375900
374600
373300
372000
370800
3487000
1037000
608900
368100
366900
365600
364400
363200
362000
360700
359500
358400
357200
356000
354800
21850000
4961000
2016000
362200
361000
359800
1164000
530300
418800
355700
354500
353400
352200
351000
349900
348800
347700
346500
345400
344300
343200
342100
341100
340000
338900
337800
336800
335700
334700
333700
332600
331600
330600
329600
328600
327600
19320000
21240000
5409000
30020000
9522000
3205000
599100
360300
359100
357900
356700
355500
354400
353200
352100
350900
349800
348600
347500
346400
345300
344200
343100
342000
340900
339900
338800
337700
336700
335600
8396000
12190000
3130000
1123000
343300
342200
341200
340100
1500000
1564000
636500
412400
336300
335300
334200
333200
332200
331100
330100
329100
2102000
5234000
1434000
677400
328500
327500
326500
325500
324500
323600
322600
321600
320700
319700
27070000
37650000
9160000
2776000
346300
345200
344100
343000
341900
340800
339800
338700
4727000
1278000
676000
337600
336500
4005000
1121000
618000
335000
333900
332900
331900
330900
329800
1177000
575400
406700
331500
325500
718700
408100
19190000
4361000
1781000
332900
1752000
635300
439900
329800
6570000
2633000
1018000
405100
329800
328800
327800
326800
749800
2220000
743600
463000
323400
322500
321500
320500
7029000
1757000
837900
321300
320300
319400
1759000
21530000
4910000
5725000
14180000
3418000
1341000
338200
337100
336100
335000
334000
333000
331900
330900
329900
328900
327900
326900
325900
324900
324000
323000
322000
321100
320100
319200
318200
2855000
860400
512100
316200
315300
41090000
9051000
3466000
8669000
37530000
9788000
3335000
444600
349400
4280000
8688000
2259000
929500
352200
351000
349900
348800
347600
346500
345400
344300
23180000
10370000
3210000
11800000
3194000
1312000
397900
360800
359600
11300000
2705000
1205000
363100
361900
360600
359400
358300
357100
355900
354700
14140000
3308000
1420000
359900
358700
357500
356300
355100
354000
352800
351700
350500
5097000
1367000
715500
349500
348400
347200
346100
345000
343900
342800
341700
340700
339600
338500
337500
336400
335400
334300
333300
332300
331200
330200
329200
328200
327200
326200
325200
324300
323300
5472000
1426000
719600
322900
322000
321000
320100
319100
318200
317200
316300
315400
314500
313500
312600
311700
310800
309900
309100
308200
307300
306400
305600
304700
303800
303000
302100
7125000
11820000
2985000
1083000
308700
307800
306900
306100
305200
304300
303500
302600
301800
301000
300100
299300
298500
297600
296800
296000
295200
294400
293600
292800
292000
291200
290400
289600
288900
288100
287300
286600
285800
285000
284300
283500
282800
282100
281300
280600
279900
279100
278400
277700
277000
276300
275600
274900
274200
273500
272800
272100
271400
270700
270100
269400
268700
268000
267400
266700
266100
265400
264800
264100
263500
262800
262200
261500
260900
260300
259700
259000
258400
257800
257200
14970000
4503000
1631000
350600
266200
265600
264900
264300
263600
263000
262300
261700
261100
260400
259800
259200
258600
7049000
3494000
1167000
401200
1011000
423600
320800
262800
262100
261500
260900
260200
259600
259000
258400
257800
257100
256500
255900
255300
254700
254100
253500
252900
252300
251700
891900
3636000
997500
503200
253100
252500
251900
251300
250800
250200
249600
249000
248400
247900
247300
246700
4113000
1076000
546300
248700
248100
247500
247000
246400
245800
245300
244700
244200
12990000
13260000
3440000
1052000
261100
260500
259900
7319000
1774000
806800
263700
263100
9694000
29730000
7179000
2459000
307700
283700
282900
282200
2890000
24550000
9127000
2881000
570300
295800
295000
294200
293400
292600
291800
291000
290200
289400
288700
4985000
4677000
20500000
4650000
1771000
300800
16500000
5628000
1952000
451600
310200
307700
306500
305500
304600
303800
302900
302100
301200
2855000
3317000
7598000
7918000
2319000
817000
323600
305800
305000
16990000
3880000
1595000
12940000
8937000
8913000
10870000
2685000
1001000
4781000
1283000
672600
329400
328400
327400
326400
325500
324500
7002000
1755000
839300
325200
324200
323200
322200
321300
320300
319400
318400
317500
316600
315600
314700
1961000
666100
439700
1649000
597900
414000
310300
309500
308600
307700
4757000
1628000
29110000
6419000
2504000
321800
320900
319900
1814000
1728000
666600
401600
2232000
726600
463500
315400
314500
313600
312700
311800
310900
310000
309100
308200
307300
306500
305600
304700
303900
303000
3046000
889500
513100
301400
370500
573900
2170000
861200
470900
309800
297000
296200
295400
294600
293800
293000
292200
291400
5850000
6484000
1792000
679200
4841000
1268000
644600
294400
293600
292800
292000
291200
290400
289600
288900
288100
287300
286600
285800
285100
284300
283600
282800
282100
281300
280600
7459000
12580000
3141000
1115000
287600
286900
286100
285400
284600
283900
283100
282400
281600
280900
280200
279400
278700
278000
277300
276600
275900
275200
274500
273800
273100
272400
271700
271000
270300
269700
269000
268300
267700
267000
266300
265700
265000
264400
263700
263100
262400
261800
261200
260500
259900
259300
258700
258000
257400
572800
324100
280200
255400
254700
254100
253600
253000
252400
251800
251200
250600
2805000
798100
448000
251100
250500
249900
249300
248800
248200
247600
247100
246500
245900
245400
244800
244300
243700
243200
242600
242100
241500
241000
305700
253900
4127000
1073000
540800
241900
241400
240900
240300
239800
239300
238700
238200
237700
237200
236600
236100
235600
235100
234600
234100
233600
233100
232600
232100
10390000
2412000
1022000
240500
240000
1528000
515600
338700
239200
238700
238200
237600
237100
236600
236100
235600
235100
234500
234000
2786000
9495000
2302000
913200
243200
242700
242100
241600
241000
240500
240000
239400
238900
2266000
55960000
12240000
4517000
267300
266600
265900
265300
264600
264000
263400
262700
262100
261400
260800
260200
259500
258900
258300
257700
257100
256500
255900
255200
254600
254000
253400
252900
252300
251700
251100
250500
249900
249300
248800
248200
247600
247100
246500
245900
245400
244800
244300
243700
243200
242600
242100
241500
241000
240500
239900
239400
238900
238300
237800
237300
236800
236200
235700
235200
234700
234200
233700
233200
232700
232200
231700
231200
230700
230200
229700
1098000
415200
295900
228600
228100
227700
9302000
5106000
1562000
463100
17400000
3919000
1569000
2505000
9991000
22770000
5493000
1870000
5477000
1385000
673200
273400
12990000
2999000
1257000
278700
278000
277300
276600
275900
275200
1511000
12690000
2974000
11200000
23120000
36540000
15080000
24840000
5267000
1924000
329400
328400
327400
326400
325400
324400
323400
322500
321500
320600
27180000
6076000
2397000
332100
331100
330100
329100
328100
2965000
891700
529600
15820000
4573000
10260000
2235000
995100
338300
337200
336200
335100
334100
333100
7978000
8055000
3021000
976400
18020000
8212000
2581000
664600
348700
347600
346500
345300
1741000
642700
450400
342000
340900
339800
16900000
3889000
1621000
347100
346000
344900
343800
342700
341600
340500
339400
338400
14770000
6210000
2051000
560000
345400
344300
343200
4106000
3184000
1069000
499500
341900
340800
339800
338700
337600
336600
335500
334500
20270000
4608000
1877000
343100
342000
341000
339900
338800
9121000
2220000
1017000
340800
339800
338700
337600
336600
13490000
34580000
8087000
2772000
356100
355000
353800
18650000
14970000
4063000
1191000
367300
366100
364800
363600
362400
361200
360000
358800
357600
356400
355200
354100
352900
351700
350600
349500
348300
347200
346100
345000
343900
342800
341700
340600
339600
338500
337400
336400
8060000
2530000
2417000
673100
28900000
12920000
3928000
852500
353400
352200
351100
818400
1171000
538900
402900
346300
345200
344100
343000
341900
340800
339800
338700
337600
336600
335500
334500
2850000
21720000
27160000
34460000
14330000
4536000
2091000
5278000
1447000
729300
372900
2679000
8574000
2202000
968000
8988000
2221000
1040000
377300
5656000
2216000
935300
431200
375500
4630000
1286000
702000
373600
372300
371000
369800
368500
367300
366000
364800
2776000
10960000
5318000
6707000
27160000
9283000
3001000
619800
383500
382100
380800
6860000
22540000
8621000
2693000
14840000
3432000
2206000
549100
449400
392700
391300
389900
388500
387100
385700
384300
383000
381600
380300
378900
377600
376300
375000
373700
372400
371100
369800
368600
367300
366100
364800
363600
362400
361200
359900
358800
357600
356400
5458000
5479000
1613000
668200
357400
356200
355000
353800
352700
351500
350400
349300
8229000
2037000
957300
350500
349400
348300
347200
346000
344900
343800
342700
341700
340600
339500
338400
337400
336300
335300
334200
333200
332200
331200
330200
329100
328100
327100
326200
325200
324200
323200
322300
321300
320300
319400
318500
317500
316600
315700
314700
313800
312900
312000
7956000
1949000
901800
313400
312500
311600
310700
309800
23040000
36710000
8825000
2761000
336500
335500
334400
333400
332400
3779000
16230000
11680000
4464000
21090000
12900000
3643000
992100
360600
359400
12460000
2952000
1295000
363600
362400
361200
360000
2120000
47790000
10570000
3993000
374300
373000
371700
14010000
3293000
1425000
375300
374000
372700
371400
370100
3805000
1105000
633000
367700
5558000
17100000
12730000
3424000
10770000
2465000
1133000
384100
382700
381300
380000
378700
377300
376000
374700
373400
372100
370900
369600
368300
367100
365800
364600
363400
362100
360900
10500000
2533000
1144000
363800
362600
361400
838100
3521000
10450000
2610000
2289000
621700
456000
362500
4666000
1283000
8173000
1965000
940200
364200
363000
361700
360500
359300
358100
356900
355800
354600
353400
352300
351100
350000
348900
347700
346600
345500
344400
343300
342200
2662000
20090000
7140000
2366000
544100
351300
350100
349000
347900
346800
345700
344500
343500
342400
341300
340200
339100
338100
337000
336000
334900
333900
24820000
24590000
6302000
1816000
354500
353300
352200
351000
6549000
2367000
976300
404500
9191000
2532000
1096000
375800
352600
351500
350300
349200
348100
346900
345800
344700
343600
342500
341400
340400
339300
338200
337200
336100
335100
334000
333000
332000
331000
329900
16130000
3716000
1552000
337000
1203000
520800
401100
333400
332400
331400
330300
329300
328300
327300
326300
325400
324400
323400
322400
321500
320500
319600
318600
317700
316800
315800
314900
314000
2260000
6212000
2213000
860000
359000
313800
312900
312000
311100
310200
309300
308400
307500
306700
305800
304900
304100
5100000
7737000
9610000
2422000
893200
311000
310100
309200
308400
307500
306600
305700
304900
304000
303200
302300
301500
300600
299800
299000
2788000
19120000
4410000
1714000
308000
307100
306300
305400
304500
303700
302800
302000
301100
300300
299500
298600
297800
297000
296200
295400
294600
293800
16670000
3802000
1560000
300800
299900
299100
298300
297500
296600
295800
295000
294200
293400
292600
291800
291000
290200
289500
288700
287900
287200
286400
285600
284900
284100
283400
282600
281900
281200
280400
279700
279000
278300
277500
276800
276100
275400
274700
274000
273300
272600
272000
271300
270600
269900
269200
268600
267900
267200
266600
265900
265300
264600
264000
263300
262700
262000
261400
260800
260100
259500
258900
2247000
7309000
12390000
12660000
35320000
7913000
2768000
294200
293400
292600
291800
291000
290200
289400
288600
287900
287100
286300
285600
284800
284100
283300
282600
281900
281100
280400
279700
278900
278200
277500
276800
276100
275400
274700
274000
273300
272600
9517000
5619000
1709000
536600
277300
276500
275800
28040000
6227000
3248000
466300
352800
288800
288000
287200
286500
285700
285000
284200
1215000
6967000
1744000
784100
284900
284200
283400
282700
282000
281200
280500
279800
279000
278300
277600
276900
276200
10240000
27170000
9485000
3255000
619100
2888000
4445000
1264000
573200
295600
294800
9937000
35500000
12450000
3786000
648700
316500
315600
314700
313800
659500
1554000
1022000
493900
343900
309700
308800
307900
307000
306100
305300
304400
10520000
2494000
1094000
307600
306700
305800
304900
304100
303200
17740000
4041000
1652000
311100
310200
309300
308400
307500
306600
305800
304900
304000
303200
302300
301500
10800000
2550000
1112000
304800
303900
4718000
1683000
4602000
1397000
8669000
2041000
925000
308000
307100
306200
697600
4211000
1890000
757200
361700
304200
303400
302500
301700
300900
2654000
2845000
918400
457200
299500
298600
5382000
1387000
690100
569400
355800
317900
296200
295400
294600
293800
293000
292200
291400
290700
289900
2367000
733800
448500
13170000
3048000
1284000
293600
292800
292000
291200
7372000
1808000
5938000
2051000
2608000
4479000
24680000
11090000
3286000
733900
312200
311300
310400
309500
308600
307700
306900
306000
305100
304300
303400
302600
301700
300900
3e+05
299200
298400
297500
296700
295900
295100
294300
293500
292700
291900
291100
290300
289600
288800
288000
287200
286500
285700
2269000
709600
437200
283900
283200
282400
281700
281000
5788000
1460000
705300
281300
280600
4773000
1242000
626400
1247000
486900
353700
278700
278000
277300
276600
275900
275200
274500
273800
273100
272400
271700
271000
270300
269600
269000
268300
267600
267000
6754000
8009000
10050000
2461000
887300
277700
277000
276300
275600
274900
274200
273500
272800
272100
271400
270700
270100
269400
268700
268000
267400
266700
266100
265400
264700
264100
263500
262800
262200
261500
260900
260300
259600
259000
258400
257800
257200
256600
256000
4096000
1080000
553500
257800
257200
256600
256000
5007000
11230000
6452000
1824000
553300
3858000
3476000
1070000
459700
271700
271000
270300
269700
269000
268300
267600
267000
266300
265700
265000
264400
263700
263100
262400
261800
261200
260500
259900
259300
258700
258000
257400
256800
256200
255600
255000
254400
253800
253200
10790000
2648000
1099000
10340000
4182000
1707000
7187000
12940000
49830000
11540000
3972000
329600
297200
296400
295600
3814000
1048000
565800
294500
293700
292900
292200
291400
290600
289800
289000
288200
287500
286700
286000
285200
284400
7023000
4295000
2428000
714500
7412000
30230000
22280000
5827000
1640000
14840000
13740000
3646000
16940000
10060000
2913000
828000
339800
338700
337600
336600
335500
334500
38860000
8588000
3311000
348400
347200
346100
345000
343900
342800
341700
340600
339600
5122000
29870000
7315000
2651000
391200
351700
350500
349400
348300
347100
346000
344900
343800
342700
2100000
717600
9957000
4380000
3961000
1027000
535300
7284000
5431000
30100000
22730000
17510000
4074000
9166000
25180000
6213000
19410000
