977900
965000
949300
932300
915600
899400
883900
868800
854300
840300
826700
813500
800800
788400
776500
764800
15900000
6778000
3446000
1479000
1315000
7697000
2647000
6200000
29900000
8790000
4852000
1581000
819300
5171000
2391000
1526000
4275000
2241000
4592000
25660000
21590000
8e+06
3479000
1240000
3083000
1432000
1143000
10190000
3291000
5794000
2044000
1330000
903100
792000
779900
768200
1899000
1054000
902900
763700
722600
712500
702800
693200
684000
4545000
1707000
1224000
779000
666100
657600
649200
641100
1458000
6116000
7939000
5073000
2196000
1135000
732700
667200
658600
650200
642100
2292000
1072000
860700
666300
614200
606900
599800
3442000
1351000
994300
666300
582900
576300
569900
563600
557500
551500
545600
539900
534300
528800
523400
518100
512900
507800
502800
498000
493200
488500
483900
479300
474900
470500
466300
20400000
5795000
3339000
1084000
541300
535600
530100
524700
3355000
6831000
2412000
1405000
695800
540500
534800
529300
523900
518600
513400
508300
503300
498400
493600
488900
484300
479800
475300
471000
466700
462500
458300
454300
450300
446400
442500
438700
627300
14320000
4170000
6616000
1996000
1107000
631700
514200
509100
504100
499200
494400
489700
485000
480500
476000
8334000
2580000
1610000
719300
502800
497900
493100
488400
483800
479300
474800
470500
466200
462000
457900
453800
449800
445900
442100
438300
434600
431000
427400
423800
420400
417000
413600
410300
407000
403800
400700
397600
394500
2378000
923300
677000
450200
393700
390700
387800
384900
382000
379200
376400
373700
371000
368300
365700
363100
360500
358000
355500
3287000
1139000
776900
443800
362300
359700
357200
354800
352300
349900
347600
345200
342900
340600
663500
14690000
4213000
2423000
802100
414700
411400
1268000
636600
528000
428000
401700
398600
395500
392500
389500
386600
383700
380800
378000
375300
372500
369800
367200
364600
362000
359500
357000
354500
352100
349700
347300
345000
342700
340400
338200
336000
13920000
15790000
5482000
24230000
9021000
4261000
1506000
641700
570400
564200
558000
552000
546100
540400
534700
529200
523800
518500
513300
508200
503200
498400
493600
488900
484200
479700
475300
470900
466600
462400
7201000
9863000
3475000
1778000
735100
525200
519900
514700
1334000
1359000
793000
618200
520000
498200
493400
488700
484100
479600
475100
470800
1729000
3783000
1449000
938400
564700
480100
475600
471200
467000
462700
458600
454500
450600
446600
20600000
31710000
10260000
4795000
1323000
618100
610700
603500
596500
589600
582900
576400
4031000
1492000
1061000
664200
564700
3428000
1322000
963600
633900
550700
544900
539100
533500
528000
1094000
714400
608400
533800
508600
758500
566900
15210000
4432000
2616000
954500
1669000
846500
703600
571900
5405000
2590000
1434000
786600
564600
538600
533000
527500
796600
1864000
895500
703400
547500
508200
503200
498300
5393000
1806000
1200000
642800
506000
501000
1445000
17100000
5007000
5839000
12260000
3796000
2171000
904000
614900
607600
600500
593500
586700
580100
573600
567200
561000
554900
549000
543200
537500
531900
526500
521100
515900
510700
505700
500700
2630000
1067000
801300
556300
494100
33860000
9386000
5270000
8e+06
32600000
10550000
5381000
1659000
725800
3807000
7698000
2786000
1667000
876700
700600
691200
682000
673000
664300
655800
647500
19860000
9894000
4505000
11320000
3734000
2178000
1050000
742200
722100
10180000
3236000
2062000
983700
718500
708600
698900
689500
680300
671400
662700
12650000
3858000
2374000
1011000
678700
669800
661200
652700
644500
636500
628700
621100
4739000
1714000
1201000
728400
610000
602800
595800
589000
582300
575700
569300
563100
557000
551000
545100
539400
533800
528300
522900
517600
512400
507300
502400
497500
492700
488000
483400
478900
474500
5835000
1909000
1247000
638200
489200
484500
480000
475600
471200
466900
462700
458500
454500
450500
446600
442700
438900
435200
431600
428000
424400
420900
417500
414100
410800
407600
404400
5898000
8851000
3079000
1601000
663800
471900
467600
463400
459300
455200
451200
447300
443400
439600
435900
432200
428600
425000
421500
418100
414700
411400
408100
404900
401700
398600
395600
392500
389600
386600
383700
380900
378100
375300
372600
369900
367300
364700
362100
359500
357000
354600
352100
349800
347400
345100
342700
340500
338200
336000
333800
331700
329600
327500
325400
323300
321300
319300
317300
315400
313500
311600
309700
307800
306000
304200
302400
300600
298900
297200
295400
293800
292100
290400
288800
10900000
3958000
2059000
760800
381000
356600
354100
351700
349300
347000
344600
342300
340100
337800
335600
333400
331300
5621000
3082000
1459000
696800
993300
522500
447400
378200
359700
357200
354800
352300
349900
347600
345200
342900
340700
338400
336200
334000
331900
329700
327600
325500
323500
321500
1074000
2620000
994500
651000
392500
333900
331700
329600
327500
325400
323400
321400
319400
317400
315400
313500
2913000
1013000
693000
398300
326300
324300
322200
320200
318200
316300
314400
312400
8933000
9795000
3500000
1648000
605600
409600
406400
5394000
1745000
1131000
565300
427500
7154000
24470000
7589000
3918000
1192000
560700
548500
542700
2582000
20880000
8891000
4188000
1550000
696000
613900
606600
599500
592600
585800
579200
572700
566400
560200
4298000
4189000
17700000
5297000
2935000
1062000
14200000
5698000
2963000
1245000
710800
661000
652200
643700
635600
627800
620200
612800
605600
2654000
3069000
6524000
6993000
2826000
1488000
792300
638900
626500
14600000
4354000
2627000
11620000
8276000
8762000
10640000
3627000
1963000
4667000
1739000
1273000
843700
733200
722900
712800
703000
693500
6081000
2126000
1454000
836700
682300
673300
664600
656100
647800
639700
631800
624100
616600
609200
602100
2011000
968400
787800
1672000
858500
723100
598300
563700
557600
551600
4070000
1772000
24690000
6980000
3945000
1269000
625800
618300
1842000
1784000
1004000
754000
2124000
992600
801000
624500
577400
571000
564700
558500
552500
546600
540800
535200
529700
524300
518900
513700
508700
503700
2857000
1130000
836100
565700
615500
692200
1721000
929100
686300
533300
486000
478800
474400
470000
465800
461600
457500
453400
4651000
4990000
1980000
1085000
3788000
1350000
953100
587300
496300
491600
486900
482300
477800
473400
469100
464900
460700
456600
452600
448600
444700
440900
437100
433400
429800
426200
6128000
9704000
3337000
1740000
708400
495100
490400
485800
481200
476700
472300
468000
463800
459700
455600
451600
447600
443800
439900
436200
432500
428900
425400
421900
418400
415000
411700
408400
405200
402000
398900
395800
392800
389800
386900
384000
381100
378300
375600
372800
370200
367500
364900
362300
359800
357300
354800
352400
350000
2033000
798400
589400
397100
349400
347000
344700
342400
340100
337900
335700
333500
2653000
955200
668800
405200
340500
338300
336000
333900
331700
329600
327500
325400
323300
321300
319300
317400
315400
313500
311600
309700
307800
306000
1172000
537200
2783000
967000
654200
387600
322400
320300
318400
316400
314500
312600
310700
308800
306900
305100
303300
301500
299800
298000
296300
294600
293000
291300
289600
7539000
2240000
1350000
531000
333800
1185000
560800
454600
356500
331500
329400
327300
325200
323200
321100
319100
317200
315200
313300
2351000
7106000
2292000
1295000
534000
363500
360900
358400
355900
353500
351000
348700
346300
2267000
46360000
12750000
6923000
1724000
492600
487900
483300
478800
474400
470000
465800
461600
457500
453400
449400
445500
441700
437900
434200
430600
427000
423500
420000
416600
413300
409900
406700
403500
400400
397300
394200
391200
388200
385300
382500
379600
376800
374100
371400
368700
366100
363500
361000
358400
356000
353500
351100
348700
346300
344000
341700
339500
337300
335100
332900
330700
328600
326500
324500
322400
320400
318400
316500
314500
312600
310700
308900
307000
305200
303400
1641000
662400
496900
344400
306500
304700
6467000
4119000
1785000
823800
13060000
3749000
2193000
2457000
7845000
18860000
6008000
3063000
5213000
1677000
1151000
670800
10600000
3241000
2001000
861600
584400
577800
571400
565100
558900
1631000
10380000
3257000
9740000
20640000
34340000
16590000
25790000
7441000
3672000
1346000
818100
805200
792700
780600
768900
757500
746400
735700
725300
24590000
7071000
4119000
1410000
755000
744000
733300
723000
2788000
1262000
997900
14120000
4986000
10150000
3162000
1807000
948200
739600
729100
718900
708900
699200
7008000
7363000
3549000
1762000
16050000
8285000
3824000
1675000
859600
753600
742600
732000
1869000
1021000
870200
731200
690900
681700
14700000
4416000
2682000
1089000
701100
691600
682400
673400
664600
656100
647800
639700
12860000
6064000
2970000
1315000
733100
666100
657500
3706000
3050000
1506000
959000
689700
638900
631100
623400
615900
608600
601400
594400
17190000
5023000
2973000
1091000
635400
627600
620000
612600
7628000
2485000
1615000
816200
619700
612300
605000
598000
11560000
30250000
9296000
4758000
1434000
703300
693800
1.6e+07
14060000
5363000
2480000
1008000
746200
735400
725000
714900
705000
695500
686100
677100
668200
659600
651200
643000
635100
627300
619700
612300
605100
598000
591100
584400
577800
571300
565000
558900
552800
546900
541200
7531000
2826000
2720000
1093000
23910000
11830000
5246000
2e+06
797200
652900
644600
1351000
1384000
876700
719500
629400
607000
599900
592900
586100
579500
573000
566700
560500
554400
548500
542700
3101000
17930000
23470000
31580000
15480000
6563000
3172000
5180000
1958000
1350000
868500
2626000
7881000
2781000
1743000
8458000
2756000
1820000
959400
5236000
2492000
1526000
941100
747400
4215000
1652000
1214000
810400
706600
697000
687600
678500
669600
661000
652600
3224000
9553000
5243000
6349000
23900000
9695000
4611000
1727000
837000
755300
744400
6210000
19780000
9147000
4195000
13620000
4054000
3155000
1310000
894100
807100
777300
765600
754300
743400
732700
722400
712300
702500
693000
683800
674800
666000
657400
649100
641000
633000
625300
617800
610400
603200
596200
589300
582600
576100
569700
563400
557300
551300
6192000
5195000
2197000
1168000
655600
564800
558600
552600
546700
540900
535300
529800
7062000
2273000
1464000
721200
539500
533800
528300
522900
517700
512500
507400
502400
497600
492800
488100
483500
479000
474600
470200
465900
461700
457600
453600
449600
445700
441900
438100
434400
430700
427100
423600
420200
416700
413400
410100
406800
403600
400500
397400
394300
391300
388400
5909000
1870000
1190000
565100
413200
409900
406700
403500
16630000
29610000
9401000
4507000
1256000
579600
573100
566700
560500
3265000
13510000
10320000
5036000
18520000
12260000
4888000
2148000
914900
718400
10930000
3435000
2168000
1004000
718200
708200
698600
2081000
42320000
11850000
6590000
1874000
749300
738500
12150000
3772000
2357000
1057000
738300
727800
717600
707700
3393000
1414000
1074000
761400
4736000
14650000
12020000
4609000
10380000
3156000
1933000
990800
757400
746300
735600
725200
715000
705200
695600
686300
677200
668300
659700
651300
643200
635200
627400
619800
612400
605200
8734000
2776000
1771000
845900
619400
612000
1019000
3093000
8616000
2913000
2663000
1081000
760800
647600
3982000
1512000
6925000
2272000
1458000
792500
627800
620200
612800
605500
598500
591600
584800
578200
571800
565400
559300
553200
547300
541600
535900
530300
524900
519600
514400
2400000
15960000
6725000
3246000
1264000
635100
576300
569900
563600
557500
551500
545600
539800
534200
528700
523300
518000
512800
507800
502800
497900
493100
19940000
20950000
7377000
3298000
1043000
624400
616900
609500
5692000
2499000
1475000
827600
7531000
2681000
1662000
848100
629300
615800
608500
601300
594300
587500
580900
574300
568000
561800
555700
549700
543900
538200
532600
527100
521700
516500
511300
506300
501300
496500
14020000
4116000
2449000
917700
1273000
736100
641400
554000
528900
523500
518200
513100
508000
503000
498100
493300
488600
484000
479500
475000
470700
466400
462200
458100
624100
496000
471200
460700
2185000
4453000
2019000
1114000
618100
476700
462500
458400
454300
450300
446400
442600
438800
435100
431400
427800
424300
4243000
5647000
7503000
2612000
1371000
645800
495900
491100
486500
481900
477400
473000
468700
464500
460300
456200
452200
448200
444300
440500
3165000
14700000
4464000
2491000
886800
517300
512200
507100
502100
497300
492500
487800
483200
478700
474300
469900
465700
461500
457400
453300
449300
445400
13620000
3975000
2353000
862800
503100
498200
493500
488800
484100
479600
475200
470800
466500
462300
458200
454100
450200
446200
442400
438600
434900
431200
427600
424100
420600
417200
413800
410500
407300
404100
400900
397800
394800
391700
388800
385900
383000
380100
377300
374600
371900
369200
366600
364000
361400
358900
356400
353900
351500
349100
346800
344400
342100
339900
337700
335400
333300
331100
329000
326900
324800
552200
2007000
5283000
8868000
9430000
28810000
8379000
4311000
1247000
553300
547400
541600
536000
530400
525000
519700
514400
509300
504300
499400
494600
489900
485200
480700
476200
471800
467500
463300
459200
455100
451100
447200
443300
439500
435800
432100
428500
425000
7664000
4550000
2066000
978800
534000
471000
466700
22720000
6413000
4313000
1325000
641000
562700
539600
534000
528500
523100
517800
512700
1170000
5511000
1893000
1221000
653100
517900
512700
507600
502700
497800
493000
488300
483700
479200
474800
470400
466100
7685000
22600000
9354000
4565000
1564000
2699000
3938000
1624000
1047000
669600
587200
8102000
31380000
12700000
5840000
1964000
799500
699400
690000
680800
976800
1655000
1282000
880600
720100
649400
632400
624700
617100
609800
602600
595600
8609000
2736000
1744000
832600
609500
602300
595300
588500
581800
15020000
4434000
2652000
1015000
618000
610600
603400
596400
589600
582800
576300
569900
563600
557500
551500
8863000
2771000
1743000
798700
568400
4025000
1823000
4157000
1695000
7304000
2355000
1480000
763100
588100
581400
899400
3635000
1983000
1154000
732500
581200
559600
553500
547600
541800
2499000
2648000
1236000
814000
576100
527700
4445000
1570000
1083000
822600
574900
546600
520300
510200
505100
500200
495400
490600
486000
481400
477000
1926000
861000
678900
10040000
3026000
1852000
773000
511500
506400
501500
5905000
1945000
5136000
2216000
2598000
4004000
21120000
10500000
4591000
1768000
751400
628700
621100
613700
606400
599300
592400
585600
579000
572500
566200
560000
554000
548000
542200
536600
531000
525600
520200
515000
509900
504900
499900
495100
490400
485700
481200
476700
472300
468000
463800
459600
455500
2957000
1124000
813700
527600
456200
452200
448200
509100
4152000
1444000
980500
558900
455500
3526000
1278000
897800
1233000
646000
558000
476800
454300
450300
446400
442500
438800
435000
431400
427800
424200
420800
417300
414000
410700
407400
404200
401000
397900
5772000
6092000
7939000
2707000
1392000
640700
485100
480600
476100
471700
467400
463200
459100
455000
451000
447100
443200
439400
435700
432000
428400
424800
421400
417900
414600
411200
408000
980200
556600
482900
415000
396400
393400
390400
387500
384600
381700
378900
376100
4124000
1380000
917400
491900
388100
385200
382300
4211000
8376000
5419000
2227000
1017000
3104000
2861000
1296000
793200
527500
477100
472700
468400
464200
460000
455900
451900
448000
444100
440300
436500
432900
429200
425700
422200
418700
415300
412000
408700
405500
402300
399200
396100
393100
390100
387200
384300
381400
925700
8508000
2703000
1587000
7978000
3715000
2065000
5915000
10540000
44130000
13020000
6665000
1794000
654900
638200
630300
3457000
1377000
1021000
694300
610700
603500
596500
589600
582900
576400
569900
563700
557500
551500
545700
539900
534300
6171000
4038000
2711000
1211000
6217000
26290000
20900000
7739000
3315000
13600000
13060000
4904000
16440000
10480000
4307000
2002000
964200
797500
785300
773400
761900
750700
35490000
9976000
5677000
1734000
784400
772500
761000
749900
739000
728500
718300
708300
4501000
26590000
8257000
4469000
1497000
771000
749400
738600
728100
717800
707900
698300
688900
679700
2108000
1049000
8604000
4334000
4108000
1635000
1006000
6324000
4984000
26980000
21840000
18150000
6151000
9773000
23460000
7548000
19110000
