245500
109800
103900
81780
86310
71750
67540
66190
66150
66110
66080
66040
66010
65970
65930
65900
15950000
5822000
3861000
1836000
2504000
7447000
1939000
5829000
26920000
7836000
5931000
2773000
3017000
4942000
1668000
1026000
3720000
1951000
4189000
23050000
19160000
8167000
5014000
3705000
4263000
1126000
600800
8945000
2413000
5381000
1667000
1762000
633400
518100
176500
96730
1142000
331200
296100
163800
191100
104200
79190
71270
71230
4009000
1027000
897500
411000
511500
192000
100200
71160
584400
5892000
7755000
5096000
2474000
1737000
1140000
558800
187400
88540
71700
1560000
432800
383900
2e+05
237900
117200
82460
3042000
792300
694800
327700
403500
162500
93280
71370
71320
71280
71240
71200
71160
71120
71070
71030
70990
70950
70910
70870
70820
70780
70740
70700
70660
70620
70580
17740000
4358000
3778000
1595000
2046000
613200
201500
71370
2266000
6638000
1996000
1527000
837600
813600
272800
116000
71550
71510
71470
71430
71390
71340
71300
71260
71220
71180
71130
71090
71050
71010
70970
70920
70880
70840
70800
70760
70720
13170000
3250000
7541000
2347000
2527000
880600
695900
216400
106300
71510
71470
71430
71380
71340
71300
7404000
1851000
1610000
704200
891400
296400
125500
71460
71420
71380
71340
71290
71250
71210
71170
71130
71080
71040
71000
70960
70920
70880
70830
70790
70750
70710
70670
70630
70590
70550
70500
70460
70420
70380
70340
70300
70260
70220
70180
70140
70100
70050
70010
69970
69930
69890
69850
69810
69770
69730
69690
69650
69610
69570
69530
69490
69450
69410
69370
69330
69290
69250
69210
69170
69130
69090
69050
15580000
3833000
3324000
1408000
1804000
545500
184000
69760
69720
69680
69640
69600
69560
69520
69480
69440
69400
69360
69320
69290
69250
69210
69170
69130
69090
69050
69010
68970
68930
68890
68850
68810
68770
68730
68690
68660
12900000
17140000
6149000
27240000
10930000
7511000
3136000
2985000
1072000
321700
90600
71370
71320
71280
71240
71200
71160
71110
71070
71030
70990
70950
70910
70860
70820
70780
70740
70700
70660
70620
4614000
9710000
3096000
2254000
1316000
1165000
366500
134000
900900
1096000
445000
315400
234800
188500
102300
77010
70910
70870
70820
70780
1329000
4191000
1260000
979800
540600
535900
197100
98890
70750
70710
70670
70630
70590
70550
22250000
31460000
11040000
7444000
4796000
3661000
1034000
264200
72650
72600
72560
72520
3707000
954400
835100
386100
478800
3261000
846000
718300
338000
416600
166900
95120
72420
72370
760500
294700
230100
143200
153900
429400
159000
16220000
4003000
3484000
1470000
3054000
852800
439300
174800
5458000
2199000
1382000
697300
730700
325300
136700
79000
429600
1680000
516600
422700
243900
253700
122100
83970
5677000
1433000
1249000
556400
699500
244800
1294000
18040000
4611000
7075000
13490000
5422000
3206000
1509000
1401000
435000
155500
74510
74470
74420
74380
74330
74290
74240
74190
74150
74100
74060
74010
73970
73920
73880
73830
73790
1317000
375400
334600
180900
212600
33840000
8267000
7151000
9999000
34730000
10690000
7304000
3595000
3643000
4367000
7424000
2295000
1681000
982800
882100
294300
123200
76660
76610
76570
76520
18430000
8854000
4978000
11880000
5156000
3173000
1232000
1184000
407600
9188000
2272000
1973000
857400
1088000
355300
144900
78340
78290
78240
78190
10620000
2637000
2291000
988200
1257000
401900
156200
78520
78470
78420
78370
78320
3263000
851100
746500
353000
434300
175900
101700
78150
78100
78050
78000
77950
77900
77850
77800
77750
77700
77650
77600
77550
77500
77450
77400
77350
77300
77250
77200
77150
77100
245200
117800
112300
91420
95670
81980
78010
76720
76670
76630
76580
76530
76480
76430
76380
76340
76290
76240
76190
76140
76100
76050
76000
75950
75900
75860
75810
2685000
9184000
2680000
2080000
1099000
1104000
355400
138600
76180
76140
76090
76040
75990
75950
75900
75850
75800
75750
75710
75660
75610
75570
75520
75470
75420
75380
75330
75280
75240
75190
75140
75100
75050
75000
74960
74910
74860
74820
74770
74720
74680
74630
74590
74540
74490
74450
74400
74360
74310
74270
74220
74170
74130
74080
74040
73990
73950
73900
73860
73810
73770
73720
73680
73630
73590
73540
73500
73450
73410
73360
73320
73280
73230
73190
73140
8856000
3267000
2174000
1054000
1147000
461700
170800
81300
73430
73390
73340
73300
73250
73210
73170
73120
73080
4679000
2925000
1461000
834600
1400000
569200
299400
143100
147200
93440
77960
73040
72990
72950
72900
72860
72820
72770
72730
72680
72640
72600
72550
72510
72470
72420
72380
2740000
719800
632200
302500
370600
154100
91910
72220
72180
72130
72090
72050
72000
71960
71920
3365000
871000
762900
356000
440100
172900
96100
71800
71760
71720
71670
71630
11500000
12180000
4737000
3018000
2156000
1467000
443300
6564000
1631000
1421000
627000
791000
8618000
26170000
7910000
5897000
3134000
3038000
901100
259100
2254000
21110000
8508000
5293000
2717000
2693000
1056000
318500
97520
75380
75330
75290
75240
75190
75150
3894000
3852000
18030000
4998000
4203000
1932000
15930000
5539000
3494000
1604000
1766000
678000
227200
88410
76840
76800
76750
76700
76650
2120000
2654000
6548000
7105000
3063000
1959000
1252000
845400
294300
14460000
3558000
3086000
12110000
9286000
9348000
10820000
4624000
2973000
5289000
2011000
1130000
456900
498300
194600
107300
79650
79600
5609000
1422000
1240000
556800
698000
249300
120400
79600
79550
79500
79440
79390
79340
79290
79240
1240000
360800
322700
1292000
478900
348200
183600
203400
113100
87090
3737000
1277000
25020000
6307000
5571000
2305000
2810000
820900
1406000
1277000
543700
371500
1879000
603900
450300
223700
257500
128300
91200
79420
79370
79320
79260
79210
79160
79110
79060
79010
78950
78900
1405000
400700
357100
193200
227000
255800
1647000
607900
442100
252800
264500
140900
93710
79380
78370
78320
78270
78220
3603000
5149000
1841000
1267000
4612000
1574000
1026000
435400
500700
194400
106300
78470
78420
78370
78320
78270
78220
78170
78120
78070
78020
77960
77910
77860
77810
77760
3776000
10040000
3055000
2300000
1274000
1206000
383700
145100
78260
78210
78160
78110
78060
78010
77960
77910
77860
77810
77760
77710
77660
77610
77560
77510
77460
77410
77360
77310
77260
77210
77160
77120
77070
77020
76970
76920
76870
76820
76770
76720
76670
76630
76580
76530
76480
76430
76380
76340
76290
76240
76190
76140
76100
76050
76000
75950
75900
75860
75810
75760
75710
75670
75620
75570
75530
75480
75430
75380
75340
75290
75240
75200
75150
75100
75060
75010
74960
74920
74870
74820
74780
74730
74690
74640
74590
1565000
436300
387300
203100
241100
120100
85360
74330
74290
74240
74200
74150
74100
74060
74010
73970
73920
73880
73830
73790
73740
73700
73650
8594000
2141000
1862000
809000
1027000
1386000
391700
294400
164600
191400
106100
81530
73740
73700
73650
73610
73560
73520
73470
1115000
8820000
2353000
1946000
923000
1055000
342000
136300
73740
73700
73650
73610
73560
1007000
48490000
11970000
10270000
4337000
5492000
1560000
429800
74800
74750
74710
74660
74610
74570
74520
74480
74430
74380
74340
74290
74250
74200
74160
74110
74070
74020
73970
73930
73880
73840
73790
73750
73700
73660
73610
73570
73520
73480
73440
73390
73350
73300
73260
73210
73170
73120
73080
73040
72990
72950
72900
72860
72820
72770
72730
72680
72640
72600
72550
72510
72470
72420
72380
72340
72290
72250
72210
72160
72120
72080
72040
71990
71950
71910
71860
71820
71780
7238000
4667000
2269000
1290000
16970000
4458000
3539000
3649000
10920000
21130000
6703000
4879000
7228000
3485000
1661000
604300
11430000
2848000
2386000
1012000
1289000
408200
155300
75340
75290
1154000
10650000
2805000
10740000
21030000
33720000
16780000
27270000
10080000
7839000
3168000
2429000
664800
210200
79310
79260
79210
79160
79100
79050
22580000
5539000
4801000
2021000
2595000
769700
245300
79600
2269000
610900
539000
13650000
4352000
10340000
3160000
3153000
1198000
1007000
306800
133400
80430
80380
6402000
6742000
3320000
1864000
16400000
8004000
4351000
2161000
2065000
928500
298200
107100
1161000
343600
308100
174700
202200
114500
14150000
3494000
3032000
1295000
1654000
513000
185300
81670
81610
81560
81500
81450
12260000
5378000
3206000
1624000
1646000
717100
243400
3065000
2517000
1121000
697800
561600
364700
156300
94450
81760
81710
81650
81600
16540000
4075000
3535000
1502000
1922000
586600
203100
81890
7280000
1829000
1592000
703100
886800
302800
135000
81970
10910000
28810000
8689000
6494000
3545000
3334000
963400
15590000
13080000
5548000
3352000
2596000
1591000
481200
152100
83740
83680
83630
83570
83510
83450
83400
83340
83280
83220
83170
83110
83050
82990
82940
82880
82820
82770
82710
82650
82600
82540
82480
82430
4337000
1569000
2239000
824900
24610000
11660000
6586000
3333000
3226000
1431000
428100
124200
493800
183000
169400
118700
129100
95770
86150
83070
83010
82960
82900
82840
82790
82730
82670
915400
18030000
23210000
31410000
16630000
10420000
6899000
8064000
2721000
1381000
580900
2368000
7331000
2116000
1643000
8240000
2678000
1851000
771000
5311000
1977000
1208000
590600
629100
3670000
957100
799800
377400
463700
189300
110400
85440
85380
85320
85260
834600
9053000
4571000
6821000
23470000
9864000
6018000
3055000
2809000
1051000
320400
5653000
18550000
8227000
4843000
14510000
5261000
4016000
1454000
1543000
497700
239200
105200
91490
87110
87040
86980
86920
86850
86790
86730
86670
86610
86540
86480
86420
86360
86300
86240
86170
86110
86050
85990
85930
85870
85810
85750
85690
85620
656400
3620000
1029000
847500
442400
482700
193900
110500
85400
85340
85280
85220
6012000
1523000
1329000
596600
747900
267000
128800
85100
85040
84980
84920
84860
84800
84750
84690
84630
84570
84510
84450
84390
84330
84270
84210
84160
84100
84040
83980
83920
83860
83810
83750
83690
83630
83570
83520
83460
83400
83340
83290
83230
83170
83110
5091000
1298000
1134000
515300
643100
236700
120000
83050
19680000
31390000
10640000
7346000
4566000
3654000
1043000
279800
84190
2951000
14040000
10680000
5837000
20080000
13690000
6630000
3462000
2668000
1408000
10860000
2670000
2275000
986100
1252000
405900
162700
1539000
38920000
9728000
8285000
3568000
4433000
1277000
11890000
2882000
2504000
1081000
1375000
439900
171400
86480
2985000
790000
694800
336500
4880000
14430000
11660000
5036000
11550000
4343000
3089000
1125000
1066000
340800
148100
87110
87050
86990
86930
86860
86800
86740
86680
86610
86550
86490
86430
86370
86300
86240
8518000
2132000
1855000
813700
1029000
344800
482800
2745000
8996000
2649000
3082000
1339000
1299000
444700
3936000
1010000
7381000
1985000
1865000
761500
842100
286300
134500
86400
86340
86280
86220
86160
86100
86030
85970
85910
85850
85790
85730
85670
85610
85550
85490
1469000
16860000
6467000
4165000
2100000
2148000
835200
271400
101300
85760
85700
85640
85580
85520
85450
85390
85330
85270
85210
85150
85090
85030
19850000
21070000
8160000
5187000
3692000
2502000
727800
205000
4981000
1854000
1254000
630000
8361000
2406000
1810000
803400
965200
348400
149900
87620
85780
85720
85660
85600
85540
85480
85420
85360
85300
85240
85180
85120
85060
85000
84940
84880
84820
84760
10770000
2678000
2327000
1007000
1928000
570000
299700
140800
157300
104600
89420
84590
84530
84470
84410
84350
84290
84230
84170
84110
84060
84000
83940
83880
83820
83760
83710
83650
83590
4612000
1668000
1152000
576100
631800
276700
131800
87100
83470
83410
83360
83300
83240
83180
83130
83070
2354000
6032000
8363000
2988000
2166000
1317000
991900
322500
131400
83540
83490
83430
83370
83310
83260
83200
83140
83090
83030
82970
82910
15300000
3776000
3276000
1396000
1784000
549900
195200
83120
83060
83010
82950
82890
82840
82780
82720
82670
82610
82550
82500
82440
82390
11490000
2850000
2476000
1067000
1358000
432400
166600
82530
82480
82420
82360
82310
82250
82200
82140
82080
82030
81970
81920
81860
81810
81750
81700
81640
81590
81530
81480
81420
81370
81310
81260
81200
81150
81090
81040
80980
80930
80880
80820
80770
80710
80660
80610
80550
80500
80450
80390
80340
80290
80230
80180
80130
80070
80020
79970
79910
79860
79810
79760
79700
79650
79600
79550
5766000
10850000
11920000
32310000
10010000
7848000
3740000
3509000
994000
286000
81640
81590
81530
81480
81420
81370
81310
81260
81200
81150
81100
81040
80990
80930
80880
80820
80770
80720
80660
80610
80560
80500
80450
80390
80340
80290
6221000
4415000
2059000
1207000
1013000
587000
213100
24460000
5991000
5884000
2350000
2949000
887900
338000
102400
86220
81070
81010
80960
744900
5707000
1546000
1285000
626800
712400
253500
121200
80950
80890
80840
80780
80730
80680
80620
80570
80510
8557000
23800000
9757000
6325000
3531000
5219000
4691000
1548000
934600
587600
487500
8468000
30300000
12290000
7594000
4203000
3802000
1415000
402400
110100
318000
1124000
736800
398600
271000
231800
155800
101500
85630
82880
82820
82770
8813000
2201000
1915000
836200
1059000
350700
147200
82830
82780
15200000
3751000
3254000
1387000
1773000
546600
194400
82990
82930
82880
82820
82760
82710
82650
82590
8895000
2221000
1932000
843100
1068000
4037000
1407000
4202000
1463000
8142000
2230000
1947000
801700
883000
295900
433500
3377000
1549000
935700
525000
506100
253600
126000
87710
83080
1850000
2232000
871300
596500
429000
329500
4320000
1108000
958500
646900
598900
253700
131300
105700
89110
84300
82740
82680
82630
82570
82510
1592000
448700
399100
11310000
2943000
2457000
1051000
1323000
422900
164400
5668000
1438000
5553000
2168000
3244000
4269000
22320000
10730000
6024000
3242000
2896000
1260000
378800
118500
84130
84070
84010
83950
83890
83840
83780
83720
83660
83600
83550
83490
83430
83370
83320
83260
83200
83140
83090
83030
82970
82920
82860
82800
82750
82690
82630
82580
82520
82460
82410
82350
82300
82240
82180
82130
82070
3490000
909000
797100
376000
463000
3622000
940800
802900
1074000
634900
333300
167300
159700
103200
86950
81770
81720
81660
81610
81550
81500
81440
81390
81330
81280
81220
81170
81120
81060
3239000
6388000
8920000
3174000
2346000
1387000
1039000
332100
132100
81710
81660
81600
81550
81490
81440
81380
81330
81270
81220
81160
81110
81050
81000
80950
80890
80840
80780
80730
80680
80620
80570
80510
80460
80410
80350
80300
80250
80190
80140
1071000
320500
288000
165500
190700
110300
87140
4117000
10080000
6512000
3145000
2023000
4646000
3755000
1451000
843900
624000
426000
172200
97160
80710
80660
80600
80550
80500
80440
80390
80340
80280
80230
80180
80120
80070
80020
79960
79910
79860
79810
79750
79700
79650
79600
79540
79490
79440
79390
6874000
1859000
1537000
9810000
4781000
2913000
7272000
12520000
43470000
12670000
9935000
4820000
4847000
1398000
382100
2897000
764600
672300
324800
396500
168300
102800
82000
81940
81890
81830
81770
81720
81660
81610
81550
81500
4977000
3433000
2539000
1178000
6937000
26540000
20880000
9077000
5804000
16840000
14420000
5513000
17020000
11090000
5704000
2792000
2170000
1120000
354300
125100
84890
84830
32010000
7832000
6784000
2840000
3655000
1064000
320500
85330
85270
85210
85150
85090
3993000
24930000
7125000
5539000
2672000
2914000
894400
274600
88770
85610
85550
85490
85430
85370
1454000
417500
8627000
3898000
4451000
1697000
1599000
6716000
4920000
25900000
20570000
19130000
7890000
13040000
23920000
8082000
19320000
