1659000
1620000
1571000
1521000
1472000
1426000
1382000
1341000
1303000
1266000
1232000
1199000
1169000
1139000
1112000
1085000
1060000
1651000
1860000
1891000
1868000
1829000
2114000
2119000
2330000
4894000
5097000
4892000
4561000
4129000
4228000
4029000
3763000
3814000
3659000
3733000
6683000
9635000
8970000
7943000
6863000
6212000
5510000
4925000
5619000
5297000
5330000
4952000
4505000
4114000
3760000
3463000
3211000
3134000
2967000
2799000
2643000
2496000
2364000
2245000
2138000
2041000
2231000
2202000
2135000
2057000
1967000
1885000
1809000
1739000
1766000
2018000
2410000
2594000
2565000
2472000
2353000
2236000
2129000
2033000
1945000
2004000
1957000
1894000
1827000
1756000
1690000
1629000
1724000
1702000
1660000
1611000
1556000
1504000
1456000
1411000
1368000
1328000
1290000
1329000
1313000
1285000
1255000
1221000
1189000
1159000
1130000
1103000
1077000
1052000
1028000
1005000
983600
962800
942900
2110000
2334000
2366000
2324000
2210000
2106000
2012000
1926000
2162000
2546000
2558000
2491000
2386000
2266000
2157000
2058000
1968000
1886000
1810000
1740000
1675000
1711000
1690000
1646000
1596000
1543000
1492000
1444000
1400000
1358000
1318000
1281000
1246000
1213000
1181000
1151000
1273000
2052000
2191000
2513000
2517000
2425000
2321000
2207000
2104000
2010000
1928000
1850000
1777000
1710000
1648000
1590000
2209000
2290000
2265000
2200000
2098000
2004000
1919000
1840000
1768000
1701000
1640000
1582000
1529000
1479000
1432000
1388000
1347000
1308000
1272000
1237000
1204000
1173000
1144000
1115000
1089000
1063000
1039000
1016000
993700
972500
952200
983000
983900
1094000
1107000
1097000
1079000
1054000
1030000
1007000
985600
964700
944700
925500
907100
889400
872400
856000
840300
825100
810400
896500
1022000
1045000
1043000
1027000
1005000
983000
962300
942400
923300
904900
887300
870400
854100
838400
942300
1626000
1768000
1794000
1769000
1702000
1641000
1767000
1752000
1711000
1660000
1602000
1547000
1496000
1448000
1403000
1361000
1321000
1284000
1249000
1215000
1184000
1315000
1323000
1307000
1281000
1246000
1212000
1181000
1151000
1123000
1096000
1070000
1045000
1022000
999300
1109000
1928000
3190000
3378000
6558000
7076000
6593000
5978000
5276000
4697000
4237000
3862000
3549000
3285000
3058000
2861000
2688000
2535000
2399000
2277000
2167000
2067000
1976000
1893000
1817000
1746000
1681000
1621000
1565000
1513000
1567000
2141000
2846000
2928000
2866000
2734000
2576000
2436000
2310000
2305000
2271000
2190000
2102000
2011000
1925000
1846000
1774000
1706000
1644000
1587000
1533000
1597000
1747000
1745000
1710000
1659000
1601000
1546000
1495000
1447000
1402000
1360000
1321000
1283000
1248000
2366000
5732000
5985000
5701000
5235000
4667000
4213000
3842000
3532000
3270000
3045000
2850000
2985000
2883000
2748000
2608000
2465000
2542000
2463000
2362000
2257000
2149000
2051000
1962000
1880000
1805000
1776000
1722000
1665000
1609000
1554000
1516000
1471000
2258000
2377000
2362000
2298000
2262000
2175000
2084000
1997000
2208000
2235000
2181000
2106000
2015000
1929000
1849000
1777000
1726000
1736000
1693000
1642000
1589000
1535000
1484000
1437000
1640000
1651000
1624000
1584000
1531000
1481000
1489000
2423000
2567000
2786000
3750000
3759000
3607000
3400000
3157000
2947000
2764000
2603000
2459000
2331000
2216000
2112000
2017000
1930000
1851000
1778000
1711000
1648000
1590000
1536000
1486000
1439000
1394000
1353000
1541000
1554000
1531000
1496000
1449000
3904000
4230000
4159000
4784000
10760000
10370000
9118000
7877000
6617000
6293000
6680000
6140000
5544000
4979000
4464000
4048000
3705000
3417000
3171000
2960000
2775000
4887000
5645000
5448000
6515000
6161000
5592000
5053000
4527000
4099000
4967000
4793000
4474000
4139000
3781000
3481000
3227000
3007000
2817000
2649000
2501000
3704000
3778000
3648000
3457000
3206000
2990000
2801000
2635000
2488000
2357000
2281000
2183000
2473000
2454000
2376000
2282000
2172000
2072000
1985000
1902000
1825000
1755000
1689000
1628000
1571000
1519000
1469000
1423000
1380000
1339000
1301000
1265000
1230000
1198000
1167000
1138000
1110000
1084000
1058000
1034000
1011000
1508000
1602000
1613000
1591000
1538000
1487000
1440000
1395000
1354000
1315000
1278000
1243000
1210000
1178000
1148000
1120000
1093000
1068000
1043000
1020000
1008000
988700
969100
949600
930200
911600
893700
1233000
1663000
1750000
1754000
1713000
1651000
1592000
1538000
1488000
1440000
1396000
1354000
1343000
1393000
1378000
1350000
1316000
1279000
1244000
1211000
1179000
1149000
1173000
1165000
1145000
1121000
1095000
1073000
1049000
1026000
1004000
982300
961600
941700
922600
904300
886800
869800
853600
837900
822800
808200
794200
780600
767500
754800
742500
730600
719100
708000
697200
686700
676600
666700
657100
647800
638800
630000
621400
613100
605000
597100
589400
581900
574600
567500
560500
553700
547100
540700
534300
528200
522200
516300
510500
993500
1141000
1185000
1191000
1163000
1134000
1107000
1080000
1055000
1031000
1009000
986700
965800
945700
926500
908100
908200
1245000
1377000
1400000
1390000
1394000
1364000
1329000
1294000
1258000
1225000
1192000
1162000
1133000
1105000
1079000
1054000
1030000
1008000
985700
1022000
1017000
1048000
1041000
1024000
1004000
982300
1022000
1109000
1116000
1105000
1085000
1060000
1036000
1013000
990700
969600
949400
930100
911500
893600
876400
859900
991400
1011000
1008000
996300
975000
954600
935000
916200
898200
880800
864100
848100
1219000
1704000
1803000
1811000
1769000
1702000
1640000
1906000
1918000
1881000
1827000
1756000
2143000
4447000
4715000
4570000
4287000
3907000
3587000
3317000
3278000
5583000
6109000
5798000
5332000
4778000
4302000
3916000
3594000
3323000
3091000
2889000
2713000
2558000
2419000
2605000
2753000
4304000
4395000
4210000
3946000
5303000
5405000
5081000
4687000
4248000
3871000
3557000
3292000
3064000
2866000
2692000
2539000
2403000
2454000
2511000
2838000
3232000
3206000
3075000
2907000
2730000
2572000
3642000
3692000
3560000
4524000
5070000
5634000
6548000
6150000
5584000
5537000
5053000
4593000
4189000
3822000
3516000
3256000
3033000
2839000
3149000
3074000
2938000
2788000
2624000
2478000
2348000
2231000
2125000
2029000
1942000
1862000
1788000
1720000
1657000
1710000
1678000
1633000
1635000
1592000
1545000
1497000
1450000
1405000
1373000
1488000
1497000
2966000
3189000
3161000
3048000
2852000
2681000
2658000
2608000
2498000
2383000
2374000
2285000
2188000
2093000
2e+06
1915000
1837000
1765000
1699000
1637000
1580000
1527000
1477000
1430000
1386000
1345000
1307000
1270000
1462000
1480000
1462000
1432000
1421000
1395000
1416000
1397000
1365000
1329000
1292000
1256000
1222000
1190000
1160000
1131000
1103000
1077000
1375000
1605000
1641000
1628000
1772000
1758000
1717000
1666000
1607000
1552000
1501000
1452000
1407000
1365000
1325000
1287000
1252000
1218000
1187000
1156000
1128000
1100000
1074000
1050000
1026000
1003000
1410000
1938000
2037000
2034000
1976000
1893000
1817000
1747000
1681000
1621000
1565000
1513000
1464000
1418000
1375000
1335000
1296000
1260000
1226000
1194000
1164000
1199000
1186000
1165000
1140000
1112000
1085000
1060000
1088000
1077000
1058000
1038000
1015000
992600
971500
951200
931700
913100
895100
877900
861300
845400
830000
815200
800900
787100
773700
760800
748400
976100
1022000
1030000
1023000
1001000
979500
958900
939200
920200
902000
884500
867700
1027000
1053000
1052000
1040000
1017000
994500
973300
952900
933400
914700
896700
879400
862700
846700
831300
816400
802100
788200
774900
761900
749400
853500
925600
937600
1038000
1047000
1037000
1021000
998600
977100
956600
937000
918100
9e+05
882500
865800
849700
834100
819200
804700
790800
804900
798600
788500
776900
764000
795600
1077000
1136000
1148000
1138000
1110000
1152000
1143000
1124000
1101000
1075000
1051000
1027000
1004000
982600
961900
942000
922900
904600
887000
1082000
1425000
1494000
1500000
1473000
1426000
1383000
1342000
1303000
1267000
1233000
1200000
1169000
1362000
6335000
6716000
6375000
5848000
5141000
4591000
4151000
3791000
3490000
3234000
3014000
2822000
2654000
2505000
2372000
2253000
2145000
2047000
1958000
1876000
1801000
1732000
1668000
1609000
1554000
1502000
1454000
1409000
1366000
1326000
1289000
1253000
1219000
1187000
1157000
1129000
1101000
1075000
1050000
1027000
1004000
982400
961600
941800
922700
904400
886800
869900
853600
837900
822800
808300
794200
780600
767500
754800
742600
730700
719200
708000
697200
686800
676600
666700
657100
647800
638800
630000
621400
613100
738500
763900
768600
764700
752100
740000
938100
1059000
1085000
1084000
1677000
1784000
1795000
1876000
2327000
4015000
4202000
4076000
4328000
4077000
3794000
3526000
4409000
4319000
4078000
3807000
3504000
3246000
3024000
2831000
2662000
2608000
3324000
3333000
4056000
6688000
14450000
14730000
19570000
15450000
1.2e+07
9575000
7645000
6433000
5575000
4930000
4424000
4015000
3678000
3394000
3152000
5762000
5812000
5466000
5031000
4506000
4082000
3733000
3441000
3400000
3216000
3026000
4114000
4195000
4890000
4731000
4388000
4046000
3703000
3416000
3170000
2959000
2774000
3166000
3584000
3581000
3428000
4862000
5305000
5066000
4706000
4279000
3897000
3579000
3310000
3222000
3044000
2868000
2704000
2549000
2412000
3445000
3510000
3399000
3232000
3013000
2821000
2653000
2572000
2451000
2332000
2222000
2117000
2921000
3188000
3144000
3021000
2843000
2672000
2521000
2679000
2732000
2646000
2534000
2406000
2284000
2173000
2073000
1981000
1898000
1821000
1750000
2919000
3072000
3028000
2915000
2736000
2578000
2437000
2311000
2807000
2808000
2720000
2604000
2461000
2333000
2217000
2113000
2970000
6639000
6751000
6314000
5727000
5048000
4541000
6335000
7899000
7403000
6668000
5878000
5163000
4608000
4165000
3802000
3499000
3242000
3021000
2828000
2659000
2570000
2468000
2353000
2242000
2258000
2184000
2099000
2013000
1927000
1848000
1775000
1708000
1646000
1588000
1534000
1662000
1652000
1617000
2032000
2098000
2135000
2090000
3999000
4913000
4851000
4584000
4196000
3828000
3521000
3546000
3417000
3225000
3032000
2842000
2672000
2521000
2386000
2265000
2156000
2058000
1968000
1910000
1840000
1771000
1706000
1876000
3092000
5626000
11350000
12200000
10750000
9299000
8526000
7323000
6349000
5649000
5292000
5714000
5341000
4891000
5501000
5170000
4755000
4356000
4535000
4337000
4040000
3747000
3457000
3621000
3463000
3265000
3069000
2871000
2697000
2543000
2406000
2283000
2173000
2072000
2403000
3052000
3283000
3613000
6374000
6820000
6382000
5796000
5135000
4587000
4148000
4434000
6756000
7104000
6587000
8025000
7347000
6648000
5919000
5211000
4655000
4203000
3834000
3526000
3265000
3040000
2845000
2674000
2523000
2388000
2267000
2158000
2059000
1969000
1887000
1811000
1741000
1676000
1616000
1561000
1509000
1460000
1414000
1372000
1331000
1293000
1465000
1477000
1458000
1804000
2023000
2035000
1995000
1923000
1844000
1772000
1705000
1643000
1585000
1532000
1481000
1927000
1984000
1963000
1913000
1836000
1764000
1698000
1636000
1579000
1526000
1476000
1429000
1386000
1345000
1306000
1269000
1235000
1202000
1171000
1142000
1114000
1087000
1062000
1038000
1014000
992400
979000
960600
941800
923200
904900
887300
870300
854100
838400
823200
808700
794600
781000
767900
755200
742900
979500
1028000
1037000
1030000
1008000
985700
964900
944900
1635000
3980000
4302000
4229000
3998000
3665000
3383000
3142000
2934000
2990000
4126000
4996000
5030000
7498000
8695000
7959000
7062000
6146000
5364000
6270000
5884000
5370000
4874000
4380000
3979000
3648000
3518000
10300000
9855000
8744000
7633000
6428000
5572000
6676000
6252000
5680000
5131000
4585000
4146000
3787000
3486000
3501000
3320000
3123000
2936000
3103000
4299000
5282000
5157000
5970000
5626000
5127000
4660000
4208000
3837000
3529000
3267000
3043000
2847000
2676000
2525000
2390000
2269000
2159000
2060000
1970000
1887000
1812000
1742000
1697000
1641000
2097000
2146000
2114000
2052000
1963000
1881000
1845000
1911000
2338000
2369000
2381000
2310000
2205000
2106000
2225000
2179000
2504000
2496000
2416000
2319000
2205000
2102000
2008000
1922000
1843000
1771000
1704000
1642000
1585000
1531000
1507000
1466000
1423000
1381000
1341000
1302000
1266000
1231000
1199000
1296000
2059000
2328000
2355000
2305000
2202000
2099000
2005000
1920000
1841000
1769000
1702000
1640000
1598000
1581000
1539000
1494000
1448000
1404000
1361000
1322000
1284000
2501000
4357000
4545000
4400000
4106000
3754000
3458000
3207000
3663000
3624000
3452000
3254000
3733000
3659000
3475000
3271000
3048000
2852000
2680000
2529000
2393000
2272000
2162000
2063000
1972000
1890000
1814000
1743000
1679000
1618000
1563000
1510000
1462000
1416000
1373000
1333000
1295000
1259000
2283000
2458000
2463000
2404000
2355000
2258000
2160000
2066000
1975000
1892000
1816000
1745000
1681000
1620000
1564000
1512000
1465000
1420000
1377000
1337000
1299000
1262000
1228000
1196000
1340000
1351000
1334000
1340000
1394000
1567000
1600000
1581000
1542000
1493000
1445000
1401000
1359000
1319000
1282000
1247000
1213000
1204000
1179000
1153000
1125000
1400000
1680000
2066000
2120000
2084000
2015000
1929000
1849000
1777000
1709000
1647000
1589000
1535000
1485000
1438000
1393000
1352000
1313000
1276000
1241000
1569000
2561000
2722000
2708000
2615000
2471000
2341000
2225000
2120000
2024000
1937000
1857000
1784000
1716000
1653000
1595000
1541000
1490000
1442000
1398000
1356000
1428000
2390000
2547000
2540000
2467000
2338000
2222000
2117000
2022000
1935000
1855000
1782000
1714000
1652000
1593000
1539000
1489000
1441000
1397000
1355000
1316000
1279000
1322000
1306000
1280000
1250000
1217000
1185000
1155000
1126000
1099000
1073000
1048000
1025000
1002000
1068000
1068000
1059000
1042000
1019000
997200
975900
955400
935800
917000
898900
881500
864800
848700
833200
818300
803900
790000
776500
763500
751000
772500
769100
760700
750500
738400
726700
775200
836000
1002000
1352000
1810000
4374000
4678000
4549000
4277000
3896000
3578000
3309000
3079000
2879000
2704000
2549000
2412000
2288000
2177000
2077000
1985000
1901000
1824000
1753000
1688000
1627000
1570000
1518000
1468000
1422000
1379000
1338000
1300000
1264000
1230000
1197000
1166000
1137000
1670000
1912000
1947000
1922000
1854000
1780000
1713000
3355000
3570000
3580000
3440000
3201000
2990000
2801000
2636000
2489000
2357000
2240000
2133000
2117000
2373000
2355000
2286000
2197000
2094000
2001000
1916000
1838000
1766000
1699000
1638000
1580000
1527000
1477000
1431000
1387000
1727000
3342000
3853000
3871000
3706000
3642000
3711000
3530000
3320000
3107000
2904000
3409000
7714000
8500000
7839000
6983000
6039000
5284000
4703000
4242000
3929000
3717000
3496000
3265000
3051000
2857000
2685000
2533000
2397000
2275000
2165000
2066000
2543000
2563000
2497000
2403000
2281000
2170000
2070000
1979000
1896000
2825000
2930000
2876000
2767000
2606000
2462000
2334000
2218000
2114000
2019000
1932000
1853000
1780000
1712000
1650000
2104000
2152000
2119000
2058000
1968000
2096000
2082000
2208000
2185000
2543000
2539000
2459000
2360000
2242000
2135000
2066000
2162000
2152000
2089000
2012000
1929000
1850000
1777000
1709000
1647000
1728000
1784000
1757000
1711000
1654000
1595000
1762000
1758000
1721000
1689000
1633000
1578000
1526000
1476000
1430000
1386000
1345000
1306000
1270000
1235000
1214000
1264000
1254000
1231000
1658000
1724000
1719000
1686000
1625000
1569000
1516000
1823000
1851000
2051000
2079000
2109000
2239000
3951000
4702000
4630000
4374000
4015000
3678000
3401000
3160000
2951000
2767000
2606000
2462000
2333000
2218000
2114000
2019000
1932000
1852000
1779000
1712000
1649000
1591000
1537000
1487000
1439000
1395000
1353000
1314000
1277000
1242000
1209000
1178000
1148000
1120000
1093000
1067000
1049000
1307000
1349000
1347000
1326000
1289000
1253000
1220000
1244000
1401000
1414000
1398000
1367000
1327000
1501000
1511000
1490000
1517000
1484000
1445000
1405000
1362000
1323000
1285000
1250000
1216000
1185000
1155000
1126000
1099000
1073000
1048000
1025000
1002000
980400
959800
940000
994400
1272000
1550000
1942000
2003000
1976000
1916000
1838000
1766000
1699000
1638000
1580000
1527000
1598000
1577000
1540000
1497000
1449000
1404000
1362000
1323000
1285000
1250000
1216000
1185000
1154000
1126000
1099000
1269000
1289000
1279000
1257000
1223000
1191000
1161000
1132000
1104000
1078000
1053000
1029000
1328000
1380000
1380000
1361000
1321000
1284000
1248000
1484000
1951000
2229000
2253000
2201000
2353000
2446000
2390000
2304000
2201000
2098000
2004000
1919000
1840000
1768000
1702000
1640000
1582000
1529000
1479000
1432000
1388000
1347000
1462000
1460000
1434000
1400000
1358000
1319000
1282000
1246000
1213000
1182000
1152000
1123000
1096000
1070000
1046000
1213000
1662000
1752000
1755000
2207000
2347000
2341000
2674000
3471000
11660000
11060000
9661000
8302000
6882000
5901000
5179000
5098000
4696000
4301000
3948000
3622000
3346000
3111000
2907000
2728000
2571000
2431000
2306000
2193000
2091000
1998000
1913000
1835000
2276000
2450000
2488000
2426000
2726000
5491000
8305000
7972000
7226000
8789000
10060000
8973000
11150000
11280000
9662000
8224000
6944000
5946000
5213000
4648000
4197000
3829000
9125000
8829000
7933000
7009000
5994000
5249000
4676000
4220000
3848000
3538000
3275000
3049000
3236000
6198000
6321000
5925000
5411000
4810000
4328000
3936000
3612000
3338000
3104000
2901000
2723000
2566000
2566000
2466000
2936000
3062000
3148000
3044000
2880000
3182000
3365000
6433000
9489000
11550000
10260000
10330000
14680000
12450000
