1702000
1681000
1656000
1630000
1605000
1581000
1557000
1535000
1512000
1491000
1470000
1450000
1430000
1410000
1392000
1373000
1461000
1654000
1698000
1692000
1673000
1740000
1795000
1844000
2280000
2691000
2742000
2704000
2636000
2667000
2676000
2635000
2651000
2652000
2684000
3158000
4092000
4386000
4334000
4178000
4098000
3987000
3852000
4026000
4083000
4123000
4053000
3923000
3784000
3650000
3526000
3410000
3326000
3248000
3156000
3065000
2977000
2894000
2816000
2742000
2671000
2696000
2693000
2643000
2582000
2519000
2460000
2403000
2349000
2303000
2333000
2538000
2665000
2675000
2625000
2563000
2501000
2443000
2387000
2333000
2301000
2280000
2238000
2193000
2148000
2105000
2063000
2062000
2072000
2044000
2008000
1970000
1934000
1899000
1865000
1832000
1800000
1770000
1740000
1712000
1684000
1658000
1632000
1607000
1582000
1559000
1536000
1514000
1492000
1471000
1451000
1431000
1412000
1393000
1527000
1733000
1763000
1751000
1723000
1695000
1668000
1641000
1639000
1720000
1773000
1765000
1741000
1712000
1685000
1658000
1632000
1607000
1583000
1559000
1536000
1514000
1492000
1472000
1451000
1431000
1412000
1393000
1375000
1357000
1340000
1323000
1306000
1290000
1274000
1259000
1244000
1319000
1456000
1508000
1568000
1562000
1544000
1522000
1500000
1479000
1458000
1438000
1419000
1400000
1381000
1363000
1396000
1470000
1472000
1459000
1439000
1420000
1401000
1382000
1364000
1347000
1329000
1313000
1297000
1281000
1265000
1250000
1235000
1221000
1207000
1193000
1180000
1167000
1154000
1141000
1129000
1117000
1105000
1094000
1082000
1071000
1060000
1050000
1039000
1029000
1019000
1009000
999800
990300
981100
972000
963100
954300
945700
937300
929000
920800
912800
904900
897200
889600
882100
874800
867500
860400
853400
846500
839800
833100
826500
820100
813700
807500
801300
795200
789300
783400
777600
825700
945300
969300
971500
962800
954100
945500
937100
928800
920600
912600
904700
897000
889400
881900
874600
867300
860200
853200
846400
839600
832900
826400
819900
813600
807300
801200
795100
789100
783200
777400
771700
766100
760500
755100
749700
787900
937100
1091000
1277000
1595000
1674000
1680000
1655000
1630000
1605000
1580000
1557000
1534000
1512000
1490000
1469000
1449000
1429000
1410000
1391000
1373000
1355000
1338000
1321000
1305000
1289000
1273000
1258000
1243000
1228000
1242000
1331000
1432000
1442000
1431000
1412000
1393000
1375000
1363000
1361000
1356000
1342000
1326000
1309000
1293000
1277000
1262000
1247000
1232000
1218000
1212000
1238000
1268000
1264000
1252000
1238000
1223000
1209000
1195000
1182000
1169000
1156000
1143000
1131000
1273000
1820000
2282000
2363000
2344000
2292000
2243000
2196000
2150000
2107000
2065000
2025000
2035000
2055000
2030000
1996000
1958000
1963000
1974000
1949000
1917000
1883000
1849000
1817000
1786000
1756000
1736000
1717000
1692000
1666000
1640000
1617000
1597000
1770000
1962000
1984000
1963000
1942000
1925000
1894000
1862000
1899000
1952000
1949000
1922000
1888000
1855000
1822000
1791000
1766000
1761000
1752000
1729000
1702000
1675000
1648000
1623000
1663000
1708000
1700000
1678000
1651000
1625000
1609000
1826000
2048000
2117000
2316000
2490000
2489000
2447000
2391000
2337000
2286000
2237000
2190000
2145000
2102000
2060000
2020000
1982000
1945000
1909000
1875000
1842000
1810000
1779000
1749000
1721000
1693000
1666000
1653000
1639000
1617000
1593000
1569000
1979000
2480000
2561000
2705000
3547000
4193000
4248000
4135000
3977000
3952000
4127000
4128000
4015000
3873000
3733000
3603000
3482000
3369000
3263000
3163000
3070000
3424000
3938000
4004000
4285000
4357000
4255000
4103000
3946000
3801000
3974000
4047000
3956000
3824000
3687000
3560000
3442000
3331000
3228000
3130000
3039000
3192000
3333000
3292000
3207000
3111000
3020000
2935000
2854000
2778000
2706000
2637000
2572000
2580000
2563000
2514000
2458000
2401000
2347000
2295000
2246000
2198000
2153000
2110000
2068000
2028000
1989000
1952000
1916000
1881000
1848000
1816000
1785000
1755000
1726000
1698000
1671000
1645000
1619000
1594000
1570000
1547000
1525000
1503000
1482000
1461000
1441000
1421000
1402000
1384000
1366000
1348000
1331000
1314000
1298000
1282000
1266000
1251000
1237000
1222000
1208000
1194000
1181000
1168000
1155000
1142000
1130000
1118000
1106000
1106000
1169000
1245000
1254000
1246000
1231000
1217000
1203000
1189000
1176000
1163000
1150000
1138000
1125000
1113000
1102000
1090000
1079000
1068000
1057000
1047000
1036000
1026000
1016000
1007000
997000
987600
978400
969300
960500
951800
943200
934800
926500
918400
910500
902600
894900
887400
879900
872600
865400
858300
851400
844500
837800
831200
824600
818200
811900
805600
799500
793500
787500
781700
775900
770200
764600
759100
753600
748200
742900
737700
732600
727500
722500
717600
712700
707900
703200
698500
693900
689300
684800
680400
698500
750200
766200
767300
762500
757000
751600
746300
741000
735800
730700
725700
720700
715800
710900
706100
701400
710800
740500
754700
754900
753000
752100
747900
743000
737800
732700
727600
722600
717700
712800
708000
703300
698600
694000
689400
684900
680500
676100
671800
667500
663300
659100
655000
655200
668200
668200
665600
661400
657300
653200
649200
645200
641300
637400
633500
629700
626000
622300
624200
642100
643700
641800
637900
634100
630300
626500
622800
619200
615500
611900
631700
741300
826500
845600
845200
838600
832000
848700
896100
902300
899300
891700
914500
1139000
1406000
1464000
1466000
1446000
1427000
1407000
1404000
1623000
1922000
2009000
2005000
1971000
1934000
1899000
1865000
1833000
1801000
1771000
1741000
1713000
1685000
1708000
1764000
1997000
2240000
2264000
2236000
2425000
2659000
2686000
2644000
2580000
2518000
2458000
2402000
2347000
2296000
2246000
2199000
2154000
2137000
2157000
2233000
2383000
2463000
2442000
2395000
2341000
2289000
2500000
2699000
2699000
2900000
3144000
3351000
3619000
3743000
3675000
3652000
3636000
3540000
3431000
3321000
3218000
3121000
3030000
2944000
2993000
3022000
2967000
2892000
2814000
2740000
2669000
2603000
2539000
2479000
2421000
2366000
2314000
2263000
2215000
2184000
2159000
2120000
2094000
2072000
2036000
1999000
1961000
1925000
1890000
1905000
1928000
2285000
2660000
2702000
2664000
2598000
2535000
2496000
2471000
2438000
2388000
2357000
2337000
2294000
2247000
2200000
2154000
2111000
2069000
2028000
1990000
1953000
1917000
1882000
1849000
1817000
1786000
1756000
1727000
1713000
1698000
1675000
1649000
1624000
1600000
1588000
1589000
1573000
1552000
1529000
1507000
1486000
1465000
1445000
1425000
1406000
1387000
1392000
1446000
1494000
1490000
1501000
1533000
1524000
1507000
1485000
1465000
1444000
1425000
1406000
1387000
1369000
1351000
1334000
1317000
1301000
1285000
1269000
1254000
1239000
1225000
1211000
1197000
1205000
1288000
1387000
1399000
1389000
1371000
1353000
1336000
1319000
1303000
1287000
1271000
1256000
1241000
1226000
1212000
1198000
1185000
1172000
1159000
1146000
1134000
1121000
1110000
1098000
1087000
1075000
1064000
1054000
1043000
1033000
1023000
1013000
1003000
993900
984500
975400
966400
957600
948900
940400
932000
923800
915800
907900
900100
892400
884900
877500
870200
863100
856000
849100
842300
835600
829000
822500
816100
809800
803600
797500
791500
785600
779700
774000
768300
762700
757200
751800
746500
741200
736000
730900
725800
720900
715900
711100
706300
701600
696900
692400
687800
683300
678900
674600
671600
672800
669800
666100
661900
657800
653700
649600
645600
641700
637800
634000
630200
626400
622700
619000
615400
611800
608300
604800
601300
597900
594500
605600
656900
667000
668000
663900
661600
664600
662300
658800
654700
650600
646600
642700
638800
634900
631100
627300
623600
619900
617500
633700
691800
703200
704200
699700
695100
690500
686000
681600
677200
672800
668600
665600
881500
1308000
1411000
1431000
1413000
1394000
1376000
1358000
1341000
1324000
1307000
1291000
1275000
1260000
1245000
1230000
1216000
1202000
1189000
1175000
1162000
1149000
1137000
1125000
1113000
1101000
1090000
1079000
1068000
1057000
1046000
1036000
1026000
1016000
1006000
996500
987200
978000
968900
960100
951400
942800
934400
926200
918100
910100
902300
894600
887000
879600
872300
865100
858000
851100
844200
837500
830900
824300
817900
811600
805400
799200
793200
787200
781400
775600
769900
764300
758800
753400
748000
742700
737500
732300
727300
722300
740900
791200
819200
822400
867600
1011000
1040000
1052000
1126000
1320000
1564000
1608000
1656000
1688000
1677000
1654000
1771000
1883000
1888000
1864000
1832000
1800000
1769000
1740000
1712000
1698000
1820000
1934000
2048000
2492000
3522000
4354000
5263000
5699000
5573000
5326000
5063000
4826000
4609000
4412000
4231000
4064000
3911000
3768000
3636000
4281000
4699000
4655000
4492000
4305000
4132000
3973000
3826000
3741000
3676000
3566000
3860000
4085000
4324000
4356000
4232000
4075000
3921000
3778000
3645000
3521000
3405000
3445000
3624000
3709000
3650000
4037000
4394000
4410000
4279000
4115000
3957000
3811000
3676000
3575000
3485000
3379000
3274000
3174000
3080000
3312000
3551000
3522000
3430000
3320000
3217000
3121000
3030000
2944000
2863000
2786000
2713000
2922000
3127000
3153000
3089000
3004000
2920000
2840000
2833000
2852000
2823000
2761000
2691000
2624000
2559000
2498000
2439000
2383000
2330000
2279000
2529000
2760000
2766000
2715000
2646000
2580000
2518000
2458000
2542000
2605000
2574000
2520000
2461000
2404000
2350000
2298000
2426000
3169000
3716000
3757000
3667000
3541000
3424000
3747000
4353000
4517000
4421000
4253000
4085000
3930000
3786000
3652000
3528000
3412000
3303000
3201000
3105000
3015000
2930000
2850000
2774000
2702000
2633000
2568000
2506000
2447000
2391000
2338000
2286000
2237000
2190000
2145000
2102000
2060000
2021000
2030000
2056000
2054000
2040000
2400000
2895000
3042000
3016000
2939000
2858000
2782000
2709000
2647000
2586000
2524000
2465000
2408000
2353000
2302000
2252000
2204000
2159000
2115000
2073000
2032000
1994000
1956000
1927000
2122000
2820000
3905000
4673000
4844000
4766000
4754000
4670000
4502000
4321000
4219000
4353000
4352000
4225000
4352000
4352000
4227000
4071000
4088000
4048000
3936000
3801000
3667000
3620000
3593000
3496000
3389000
3282000
3181000
3087000
2998000
2914000
2834000
2759000
2698000
2838000
2973000
3079000
3697000
4211000
4255000
4140000
3984000
3836000
3699000
3708000
4365000
4764000
4774000
5060000
5211000
5086000
4892000
4675000
4474000
4288000
4117000
3959000
3813000
3677000
3551000
3433000
3323000
3220000
3123000
3032000
2946000
2865000
2788000
2715000
2646000
2580000
2518000
2459000
2402000
2348000
2296000
2247000
2199000
2154000
2110000
2068000
2028000
1990000
1991000
2e+06
1974000
1941000
1906000
1872000
1839000
1807000
1776000
1747000
1718000
1764000
1806000
1794000
1769000
1740000
1711000
1684000
1657000
1631000
1606000
1582000
1558000
1535000
1513000
1492000
1471000
1450000
1430000
1411000
1392000
1374000
1356000
1339000
1322000
1306000
1289000
1274000
1258000
1244000
1229000
1215000
1201000
1187000
1174000
1161000
1148000
1136000
1124000
1112000
1100000
1089000
1077000
1098000
1129000
1128000
1119000
1107000
1096000
1084000
1073000
1195000
1674000
2076000
2149000
2135000
2092000
2051000
2011000
1973000
1975000
2137000
2496000
2639000
3022000
3444000
3629000
3580000
3476000
3363000
3485000
3653000
3600000
3500000
3385000
3278000
3178000
3118000
4276000
5163000
5199000
5019000
4786000
4573000
4819000
4943000
4810000
4618000
4420000
4238000
4071000
3917000
3867000
3797000
3682000
3560000
3545000
3978000
4462000
4571000
4769000
4811000
4663000
4476000
4290000
4119000
3961000
3815000
3679000
3553000
3435000
3325000
3222000
3125000
3033000
2947000
2866000
2789000
2716000
2647000
2581000
2519000
2640000
2709000
2678000
2619000
2555000
2494000
2439000
2424000
2600000
2684000
2682000
2640000
2579000
2518000
2534000
2534000
2638000
2677000
2638000
2579000
2517000
2457000
2401000
2347000
2295000
2245000
2198000
2153000
2109000
2067000
2027000
1989000
1951000
1916000
1881000
1848000
1816000
1785000
1755000
1742000
1938000
2179000
2240000
2221000
2178000
2133000
2090000
2049000
2010000
1972000
1935000
1900000
1866000
1833000
1802000
1771000
1742000
1713000
1686000
1659000
1633000
1849000
2367000
2672000
2700000
2653000
2587000
2524000
2464000
2494000
2534000
2505000
2454000
2548000
2622000
2597000
2543000
2483000
2425000
2370000
2317000
2267000
2219000
2173000
2128000
2086000
2045000
2005000
1968000
1931000
1896000
1862000
1830000
1798000
1768000
1738000
1710000
1682000
1656000
1755000
1848000
1848000
1825000
1802000
1780000
1752000
1724000
1696000
1669000
1643000
1617000
1593000
1569000
1545000
1523000
1501000
1480000
1459000
1439000
1420000
1401000
1382000
1364000
1347000
1330000
1313000
1297000
1281000
1294000
1328000
1329000
1318000
1302000
1286000
1270000
1255000
1240000
1226000
1212000
1198000
1184000
1171000
1158000
1145000
1146000
1189000
1281000
1355000
1361000
1350000
1332000
1316000
1299000
1283000
1268000
1253000
1238000
1223000
1209000
1196000
1182000
1169000
1156000
1143000
1131000
1218000
1356000
1377000
1371000
1354000
1337000
1320000
1303000
1287000
1272000
1256000
1242000
1227000
1213000
1199000
1185000
1172000
1159000
1146000
1134000
1122000
1184000
1276000
1288000
1281000
1266000
1251000
1236000
1221000
1207000
1194000
1180000
1167000
1154000
1142000
1129000
1117000
1105000
1094000
1083000
1072000
1061000
1050000
1040000
1030000
1019000
1010000
1e+06
990600
981300
972300
963300
954600
946000
937500
929200
921000
913000
905200
897400
889800
882300
875000
867700
860600
853600
846700
840000
833300
826700
820300
813900
807700
801500
795400
789400
783500
777700
772000
766400
760800
755400
750000
744700
757500
821100
927700
1208000
1548000
1616000
1619000
1594000
1570000
1547000
1525000
1503000
1481000
1461000
1441000
1421000
1402000
1384000
1366000
1348000
1331000
1314000
1298000
1282000
1266000
1251000
1237000
1222000
1208000
1194000
1181000
1168000
1155000
1142000
1130000
1118000
1147000
1209000
1239000
1237000
1225000
1211000
1197000
1364000
1648000
1708000
1713000
1688000
1662000
1636000
1611000
1586000
1563000
1540000
1517000
1500000
1524000
1587000
1584000
1567000
1544000
1522000
1500000
1479000
1458000
1438000
1419000
1400000
1381000
1363000
1346000
1329000
1371000
1701000
2035000
2133000
2131000
2122000
2157000
2178000
2150000
2111000
2069000
2136000
2819000
3433000
3587000
3533000
3425000
3315000
3213000
3116000
3031000
2972000
2919000
2852000
2780000
2708000
2639000
2574000
2512000
2452000
2396000
2342000
2435000
2539000
2519000
2472000
2414000
2360000
2307000
2257000
2210000
2413000
2628000
2633000
2588000
2525000
2465000
2408000
2354000
2302000
2252000
2205000
2159000
2115000
2073000
2033000
2107000
2215000
2207000
2173000
2129000
2135000
2161000
2184000
2208000
2271000
2361000
2342000
2301000
2251000
2204000
2162000
2166000
2189000
2171000
2134000
2092000
2051000
2011000
1973000
1937000
1924000
1937000
1934000
1908000
1876000
1842000
1865000
1891000
1873000
1847000
1817000
1787000
1757000
1728000
1700000
1673000
1646000
1621000
1596000
1572000
1549000
1537000
1535000
1518000
1606000
1728000
1737000
1720000
1692000
1665000
1639000
1682000
1723000
1770000
1809000
1820000
1857000
2158000
2592000
2701000
2681000
2619000
2554000
2493000
2435000
2379000
2326000
2275000
2227000
2180000
2136000
2093000
2052000
2012000
1974000
1937000
1902000
1868000
1835000
1804000
1773000
1743000
1715000
1687000
1660000
1634000
1609000
1585000
1561000
1538000
1516000
1494000
1473000
1453000
1433000
1414000
1395000
1376000
1359000
1341000
1324000
1308000
1311000
1327000
1319000
1305000
1289000
1297000
1320000
1313000
1305000
1297000
1283000
1268000
1253000
1238000
1223000
1209000
1195000
1182000
1169000
1156000
1143000
1131000
1119000
1107000
1095000
1084000
1073000
1062000
1052000
1052000
1106000
1199000
1272000
1279000
1269000
1254000
1239000
1225000
1211000
1197000
1183000
1170000
1157000
1145000
1132000
1120000
1108000
1097000
1085000
1074000
1063000
1053000
1042000
1032000
1022000
1012000
1002000
992900
983600
974500
965500
956700
948100
939600
931300
923100
915000
907100
9e+05
893800
886700
879400
872100
864900
857800
865000
923500
1029000
1077000
1082000
1096000
1128000
1144000
1139000
1128000
1116000
1104000
1093000
1082000
1071000
1060000
1049000
1039000
1029000
1019000
1009000
999200
989800
980500
971500
962500
953800
945200
936800
928500
920300
912300
904500
896700
889100
881700
874300
867100
860000
874900
921000
927600
954600
1050000
1080000
1126000
1239000
1786000
2397000
2512000
2501000
2443000
2387000
2334000
2319000
2324000
2287000
2242000
2195000
2150000
2107000
2065000
2025000
1986000
1949000
1913000
1879000
1846000
1814000
1783000
1753000
1786000
1846000
1873000
1865000
1917000
2381000
3090000
3433000
3440000
3700000
4237000
4368000
4805000
5226000
5287000
5109000
4881000
4660000
4458000
4273000
4103000
3947000
5078000
5791000
5743000
5500000
5220000
4967000
4738000
4530000
4339000
4164000
4003000
3853000
3833000
4701000
5211000
5167000
4967000
4739000
4531000
4340000
4165000
4003000
3854000
3716000
3587000
3467000
3386000
3313000
3408000
3550000
3583000
3549000
3450000
3481000
3596000
4450000
5578000
6541000
6645000
6795000
7790000
8212000
8928000
