180300
179500
178500
177600
176600
175600
174700
173700
172800
171900
171000
170100
169200
168300
167400
166600
20680000
7006000
1686000
294900
882700
9902000
2095000
6946000
37540000
7610000
1868000
156900
156100
6085000
1953000
558200
4877000
1976000
5124000
32400000
25200000
5320000
1031000
148200
3183000
747800
290000
12860000
2662000
5752000
1134000
380000
142400
141800
141100
140500
1643000
436900
209900
138100
137500
137000
136400
135800
135200
5801000
1256000
401800
133000
132500
131900
131400
130900
734300
8583000
10870000
5655000
1218000
285800
127300
126800
126300
125800
125300
2185000
532000
221400
123400
122900
122400
122000
4425000
972900
324400
120200
119700
119300
118800
118400
118000
117500
117100
116700
116300
115900
115500
115000
114600
114200
113800
113400
113000
112600
112200
111900
111500
111100
110700
23670000
4774000
1225000
109200
108800
108500
108100
107800
2908000
9489000
1987000
524300
106000
105700
105300
105000
104600
104300
104000
103600
103300
103000
102600
102300
102000
101700
101400
101000
100700
100400
100100
99790
99490
99180
98880
98580
98280
17570000
3555000
7816000
1461000
423100
96530
96240
95960
95670
95390
95110
94830
94560
94280
94010
10030000
2061000
563900
92940
92670
92400
92140
91880
91620
91360
91100
90850
90590
90340
90090
89840
89590
89340
89100
88850
88610
88370
88130
87890
87650
87410
87180
86940
86710
86480
86250
86020
85790
85570
85340
85120
84890
84670
84450
84230
84010
83790
83580
83360
83150
82930
82720
82510
82300
82090
81890
81680
81470
81270
81070
80860
80660
80460
80260
80060
79870
79670
79470
79280
79090
78890
78700
20680000
4157000
1054000
77960
77770
77580
77400
77210
77030
76850
76660
76480
76300
76120
75940
75770
75590
75410
75240
75060
74890
74720
74540
74370
74200
74030
73860
73700
73530
73360
73200
73030
72870
72700
72540
72380
16350000
23710000
4884000
34140000
10430000
2392000
251600
71170
71020
70860
70710
70550
70400
70250
70100
69940
69790
69640
69490
69350
69200
69050
68900
68760
68610
68470
68320
68180
68030
67890
5073000
13530000
2774000
658000
67240
67100
66960
66830
1181000
1485000
356400
123000
66170
66030
65900
65760
65630
65500
65360
65230
1745000
5965000
1247000
328400
64630
64500
64370
64250
64120
63990
63870
63740
63610
63490
31760000
43360000
8892000
1816000
62970
62840
62720
62600
62480
62360
62240
62120
5321000
1103000
310800
61690
61570
4532000
946300
272900
61150
61030
60920
60800
60690
60570
1046000
336000
122900
63950
60020
538900
154600
23280000
4651000
1158000
59420
1770000
397800
140100
59000
7717000
2761000
656200
114800
58530
58430
58320
58220
576800
2374000
520500
162600
57720
57620
57510
57410
8201000
1669000
442700
57060
56960
56860
1753000
25760000
5158000
5900000
17020000
3452000
815900
56250
56160
56060
55960
55860
55770
55670
55580
55480
55390
55290
55200
55100
55010
54920
54820
54730
54640
54550
54460
54360
1262000
293200
111300
54010
53920
47640000
9473000
2307000
10280000
43300000
10200000
2302000
124500
53340
4701000
10180000
2097000
489200
53010
52920
52830
52750
52660
52580
52490
52410
25760000
11440000
2515000
13930000
3314000
808700
79200
51930
51850
13100000
2635000
669600
51590
51510
51430
51340
51260
51180
51100
51020
14540000
2919000
736900
50770
50700
50620
50540
50460
50380
50300
50220
50150
4108000
853200
242000
49870
49790
49710
49640
49560
49490
49410
49330
49260
49180
49110
49040
48960
48890
48810
48740
48670
48590
48520
48450
48380
48300
48230
48160
48090
48020
47950
47880
47810
47730
47660
47590
47520
47460
47390
47320
47250
47180
47110
47040
46970
46910
46840
46770
46700
46640
46570
46500
46430
46370
46300
46240
46170
870400
12540000
2527000
630100
45980
45920
45850
45790
45720
45660
45600
45530
45470
45400
45340
45280
45210
45150
45090
45030
44960
44900
44840
44780
44710
44650
44590
44530
44470
44410
44350
44290
44230
44170
44110
44050
43990
43930
43870
43810
43750
43690
43630
43570
43510
43450
43400
43340
43280
43220
43170
43110
43050
42990
42940
42880
42820
42770
42710
42650
42600
42540
42490
42430
42370
42320
42260
42210
42150
42100
42040
41990
41940
41880
41830
9080000
3348000
770000
113600
41750
41700
41650
41590
41540
41490
41430
41380
41330
41270
41220
41170
41120
5522000
3603000
790900
158400
947300
220400
83890
40940
40890
40840
40780
40730
40680
40630
40580
40530
40480
40430
40380
40330
40280
40230
40180
40130
40080
40030
39980
3038000
633400
181900
39870
39820
39770
39730
39680
39630
39580
39530
39480
39440
39390
39340
4432000
908800
247300
39280
39230
39180
39140
39090
39040
39000
38950
38900
16400000
16800000
3490000
679100
39090
39050
39000
9279000
1868000
476500
38990
38940
12090000
36450000
7709000
1722000
56380
39100
39050
39000
3138000
29740000
10230000
2264000
242100
39160
39120
39070
39020
38980
38930
38880
38840
38790
38740
5405000
5171000
24520000
4868000
1148000
38960
19860000
6195000
1419000
144800
39020
38970
38930
38880
38830
38790
38740
38690
38650
2888000
3575000
8742000
9062000
2127000
437000
51360
38800
38750
20400000
4068000
1003000
15450000
10270000
9908000
12540000
2509000
542500
5408000
1102000
293500
39270
39220
39170
39130
39080
39030
7949000
1605000
413500
39020
38970
38920
38880
38830
38780
38740
38690
38640
38600
38550
38510
1552000
338100
110100
1620000
351300
113200
38280
38230
38190
38140
5205000
1504000
34200000
6756000
1640000
38270
38230
38180
1612000
1661000
372100
100200
2298000
485400
145000
37970
37930
37880
37840
37790
37750
37700
37660
37620
37570
37530
37490
37440
37400
37360
1267000
280800
95500
37220
37180
145300
2236000
659800
177100
45860
36990
36950
36910
36860
36820
36780
36740
36700
4308000
6902000
1431000
321800
5395000
1097000
290500
36800
36760
36710
36670
36630
36590
36550
36510
36470
36420
36380
36340
36300
36260
36220
36180
36140
36100
36060
3604000
13840000
2797000
656200
36190
36140
36100
36060
36020
35980
35940
35900
35860
35830
35790
35750
35710
35670
35630
35590
35550
35510
35470
35430
35390
35360
35320
35280
35240
35200
35160
35130
35090
35050
35010
34970
34940
34900
34860
34820
34790
34750
34710
34670
34640
34600
34560
34530
34490
34450
34420
34380
34340
34310
34270
34240
34200
34160
34130
34090
34060
34020
33980
33950
33910
33880
33840
33810
33770
33740
33700
33670
33630
33600
33560
33530
33490
33460
33420
33390
33350
33320
33290
33250
33220
33180
33150
33120
33080
33050
33010
32980
32950
32910
32880
32850
32810
32780
32750
32710
32680
32650
32620
32580
32550
32520
32480
32450
11170000
2238000
560100
32570
32540
1404000
304000
97410
32440
32410
32380
32350
32310
32280
32250
32220
32190
32150
32120
541400
12350000
2474000
610600
32230
32200
32170
32140
32110
32070
32040
32010
31980
683900
67340000
13360000
3213000
32150
32110
32080
32050
32020
31990
31960
31920
31890
31860
31830
31800
31770
31740
31710
31670
31640
31610
31580
31550
31520
31490
31460
31430
31400
31370
31340
31310
31280
31250
31220
31190
31160
31130
31100
31070
31040
31010
30980
30950
30920
30890
30860
30830
30800
30770
30740
30710
30680
30660
30630
30600
30570
30540
30510
30480
30450
30430
30400
30370
30340
30310
30280
30250
30230
30200
30170
30140
30110
30090
30060
30030
30000
8259000
5692000
1218000
221200
22590000
4495000
1099000
3113000
12880000
28160000
5877000
1282000
6514000
1313000
337800
31290
15650000
3123000
771000
31460
31430
31400
31370
31340
31310
1528000
15170000
3041000
12820000
27690000
42560000
16410000
28310000
5348000
1215000
32680
32640
32610
32580
32550
32510
32480
32450
32420
32380
31450000
6252000
1520000
32560
32530
32490
32460
32430
3139000
647400
179500
18870000
4875000
11470000
2129000
521500
32770
32740
32700
32670
32640
32610
8985000
9127000
2861000
568600
21140000
9132000
2006000
266500
33150
33110
33080
33050
1515000
326400
103200
32950
32910
32880
19660000
3918000
962400
33040
33000
32970
32930
32900
32870
32830
32800
32770
16910000
6717000
1494000
191300
32960
32930
32890
4141000
3296000
712400
148900
32890
32860
32820
32790
32760
32720
32690
32660
22720000
4523000
1107000
32820
32790
32760
32720
32690
10020000
2010000
505800
32800
32770
32730
32700
32670
14870000
39350000
7937000
1756000
33070
33040
33000
21320000
17230000
3611000
648200
33380
33340
33310
33280
33240
33210
33170
33140
33110
33070
33040
33010
32970
32940
32900
32870
32840
32800
32770
32740
32710
32670
32640
32610
32570
32540
32510
32480
4258000
1518000
2008000
389300
33210000
14380000
3143000
402100
32840
32800
32770
32740
252200
76120
43040
32610
32580
32540
32510
32480
32450
32410
32380
32350
32320
32290
32250
246400
24830000
30910000
38350000
15200000
3869000
1863000
5891000
1196000
296500
33180
2544000
9879000
2003000
475900
11260000
2255000
564700
629900
5611000
1691000
400200
58970
3248000
8105000
1657000
384900
32830
32790
32760
32730
32690
32660
32630
32590
32560
10170000
5177000
7154000
30560000
9775000
2143000
207400
33160
33120
33090
7675000
25260000
9049000
1940000
16430000
3243000
1627000
197200
72750
33610
33580
33540
33510
33480
33440
33410
33370
33340
33300
33270
33230
33200
33170
33130
33100
33070
33030
33000
32960
32930
32900
32860
32830
32800
32760
32730
32700
32660
32630
2782000
576900
162800
32570
32540
32500
32470
32440
32410
32370
32340
7735000
1557000
397100
32400
32370
32330
32300
32270
32240
32210
32170
32140
32110
32080
32050
32010
31980
31950
31920
31890
31860
31830
31790
31760
31730
31700
31670
31640
31610
31580
31550
31520
31490
31460
31420
31390
31360
31330
31300
31270
31240
31210
6112000
1235000
319200
31250
31220
31190
31160
31130
27270000
42330000
8627000
1779000
31640
31610
31580
31550
31520
4098000
19280000
13300000
4309000
24170000
14600000
3093000
499800
32440
32400
14490000
2895000
717200
32540
32510
32480
32440
2090000
53500000
10630000
2545000
32640
32600
32570
15960000
3186000
787000
32710
32680
32650
32610
32580
4112000
840000
225700
32550
6249000
19480000
14190000
2926000
11940000
2294000
574000
33210
33180
33140
33110
33070
33040
33010
32970
32940
32910
32870
32840
32810
32770
32740
32710
32670
32640
32610
11450000
2292000
573300
32730
32690
32660
468600
3800000
12170000
2461000
2017000
319000
101300
32790
5172000
1050000
9270000
1813000
458800
32930
32900
32870
32830
32800
32770
32730
32700
32670
32640
32600
32570
32540
32510
32470
32440
32410
32380
32340
32310
1615000
23150000
7623000
1706000
174600
32530
32500
32460
32430
32400
32370
32330
32300
32270
32240
32210
32170
32140
32110
32080
32050
32010
26800000
27780000
5744000
1095000
32460
32430
32390
32360
6588000
2159000
506900
71660
10670000
2484000
604700
48890
32510
32480
32440
32410
32380
32350
32310
32280
32250
32220
32190
32150
32120
32090
32060
32030
31990
31960
31930
31900
31870
31840
12580000
2516000
626200
31970
908800
205500
73420
31870
31840
31810
31780
31740
31710
31680
31650
31620
31590
31560
31530
31500
31470
31440
31410
31380
31350
31320
31290
31250
31220
5120000
1721000
407300
63590
31240
31210
31180
31150
31120
31090
31060
31030
31000
30970
30940
30910
1956000
8098000
10730000
2194000
461400
31260
31230
31200
31170
31140
31110
31080
31050
31020
30990
30960
30930
30900
30870
30840
30810
19050000
3796000
931600
31030
31000
30970
30940
30910
30880
30850
30820
30790
30760
30730
30710
30680
30650
30620
30590
30560
30530
13830000
2761000
683900
30740
30710
30680
30660
30630
30600
30570
30540
30510
30480
30450
30420
30400
30370
30340
30310
30280
30250
30230
30200
30170
30140
30110
30090
30060
30030
30000
29970
29950
29920
29890
29860
29840
29810
29780
29750
29730
29700
29670
29650
29620
29590
29560
29540
29510
29480
29460
29430
29400
29380
29350
29320
29300
29270
29240
29220
29190
29170
29140
29110
5976000
14390000
14640000
41590000
8229000
1859000
30290
30260
30230
30210
30180
30150
30120
30090
30070
30040
30010
29980
29960
29930
29900
29870
29840
29820
29790
29760
29740
29710
29680
29650
29630
29600
29570
29550
29520
29490
7476000
5502000
1174000
219100
29790
29760
29730
33930000
6739000
2573000
215700
74480
30050
30030
30000
29970
29940
29910
29890
859100
7941000
1603000
396800
30060
30040
30010
29980
29950
29930
29900
29870
29840
29820
29790
29760
29730
11840000
32550000
10290000
2639000
294400
3097000
4933000
1026000
234200
30630
30600
11580000
41540000
13510000
2912000
276100
31230
31200
31170
31140
316100
1476000
825900
197100
55080
31070
31040
31010
30980
30950
30930
30900
12190000
2438000
606800
31080
31050
31020
30990
30960
30930
2.1e+07
4182000
1024000
31150
31120
31090
31060
31030
31000
30970
30940
30910
30880
30850
30820
12210000
2442000
607700
31010
30980
5248000
1568000
5012000
1237000
9937000
1951000
487500
31330
31300
31270
427900
4697000
1836000
422200
72850
31270
31240
31210
31180
31150
2403000
2943000
626900
146800
31150
31120
5903000
1193000
309200
293600
83100
43550
31100
31070
31040
31010
30980
30950
30920
30890
30860
1999000
420400
124000
15480000
3089000
762500
31050
31020
30990
30960
7744000
1558000
6517000
2030000
2604000
4994000
29660000
12500000
2692000
343700
31710
31680
31650
31620
31590
31560
31530
31500
31470
31440
31410
31370
31340
31310
31280
31250
31220
31190
31160
31130
31100
31070
31040
31010
30980
30960
30930
30900
30870
30840
30810
30780
30750
30720
30690
30660
30630
30600
30580
30550
30520
3005000
619300
171400
30520
30490
4676000
950100
250500
915400
205700
72440
30520
30490
30460
30430
30400
30370
30340
30320
30290
30260
30230
30200
30180
30150
30120
30090
30060
30040
2338000
8350000
11300000
2304000
485400
30510
30480
30450
30420
30400
30370
30340
30310
30280
30250
30230
30200
30170
30140
30110
30090
30060
30030
30000
29970
29950
29920
29890
29860
29840
29810
29780
29750
29730
29700
29670
29650
29620
29590
29560
29540
29510
29480
29460
29430
29400
4772000
13640000
7557000
1579000
257000
4383000
4021000
855700
178400
30190
30160
30130
30100
30080
30050
30020
29990
29960
29940
29910
29880
29850
29830
29800
29770
29740
29720
29690
29660
29640
29610
29580
29550
29530
29500
29470
29450
29420
29390
7449000
1675000
415900
12870000
4965000
1492000
8624000
15440000
57540000
11920000
2699000
53070
30840
30810
30780
3923000
801200
215100
30790
30760
30740
30710
30680
30650
30620
30590
30560
30530
30500
30470
30450
30420
6473000
4361000
2201000
424800
8527000
35870000
25850000
5393000
1083000
17680000
16010000
3337000
19880000
11470000
2454000
393500
32250
32220
32190
32150
32120
32090
44290000
8793000
2128000
32270
32240
32210
32170
32140
32110
32080
32050
32010
5537000
34290000
7459000
1722000
60740
32280
32250
32210
32180
32150
32120
32090
32050
32020
1917000
405200
11600000
4719000
4010000
731800
172200
8376000
6014000
34200000
25490000
18890000
3611000
10190000
28250000
6024000
20900000
