609600
605400
600700
596000
591500
586900
582500
578100
573800
569500
565300
561200
557100
553100
549200
545300
5574000
2070000
823000
725200
884600
2978000
1117000
2468000
13330000
2984000
1240000
1220000
1201000
3061000
1704000
1262000
2767000
1759000
2992000
14900000
12460000
3253000
1958000
1909000
3110000
2048000
1829000
7745000
2800000
4328000
2293000
1905000
1858000
1814000
1772000
1732000
2288000
1764000
1645000
1610000
1577000
1545000
1514000
1485000
1456000
3724000
1807000
1456000
1429000
1403000
1377000
1353000
1330000
1499000
4747000
5593000
3385000
1702000
1480000
1452000
1425000
1399000
1374000
1349000
2128000
1442000
1307000
1285000
1263000
1243000
1223000
2542000
1432000
1225000
1206000
1187000
1169000
1151000
1134000
1118000
1102000
1086000
1071000
1056000
1042000
1028000
1014000
1001000
988100
975500
963200
951300
939600
928200
917100
906300
895700
885400
7635000
2060000
1094000
1079000
1064000
1049000
1035000
1021000
1765000
3900000
1506000
1102000
1086000
1071000
1056000
1042000
1028000
1014000
1001000
988300
975700
963500
951500
939900
928500
917400
906500
895900
885600
875500
865600
855900
846500
837200
828200
819400
810700
5433000
1607000
3103000
1313000
995800
983000
970600
958400
946600
935100
923800
912800
902100
891600
881300
3748000
1363000
946100
934500
923300
912300
901600
891100
880900
870900
861100
851500
842200
833000
824100
815300
806800
798400
790100
782100
774200
766500
758900
751500
744200
737000
730000
723100
716400
709800
703300
696900
690600
684500
678400
672500
666600
660900
655300
649700
644300
638900
633600
628500
623400
618300
613400
608500
603800
599100
594400
589900
585400
580900
576600
572300
568100
563900
559800
555700
551700
547800
543900
540100
536300
532600
529000
4492000
1217000
653100
647600
642100
636800
631600
626400
621400
616400
611500
606600
601900
597200
592600
588100
583600
579200
574900
570600
566400
562300
558200
554200
550200
546300
542400
538600
534900
531200
527500
523900
520400
516900
513400
510000
3278000
5751000
1443000
10620000
3701000
1321000
1136000
1120000
1104000
1088000
1073000
1058000
1044000
1030000
1016000
1003000
989600
977000
964700
952700
941000
929600
918500
907600
897000
886600
876500
866600
856900
847400
1851000
4925000
1538000
973100
960900
949000
937400
926100
1239000
1339000
970200
906100
895600
885200
875100
865300
855600
846200
836900
827900
1180000
2511000
1104000
863900
854300
844900
835700
826700
817800
809200
800800
792500
784400
776500
10210000
16720000
3612000
1571000
1540000
1509000
1480000
1452000
1425000
1399000
1374000
1349000
3481000
1678000
1350000
1327000
1304000
3088000
1575000
1298000
1276000
1255000
1235000
1215000
1196000
1178000
1466000
1224000
1143000
1123000
1107000
1242000
1103000
9421000
2528000
1330000
1307000
1966000
1383000
1265000
1245000
4057000
2198000
1372000
1281000
1260000
1239000
1220000
1201000
1345000
1892000
1281000
1165000
1148000
1131000
1115000
1099000
3638000
1531000
1156000
1139000
1122000
1106000
1619000
10590000
2742000
3311000
8316000
2584000
1621000
1587000
1555000
1524000
1494000
1465000
1438000
1411000
1385000
1361000
1337000
1314000
1292000
1270000
1250000
1230000
1210000
1191000
1173000
1155000
1138000
1121000
1303000
1125000
1082000
1067000
1052000
20030000
4343000
1633000
5816000
23930000
6240000
2469000
2287000
2220000
4588000
7385000
2975000
2225000
2161000
2102000
2045000
1992000
1941000
1893000
1847000
1803000
14280000
7245000
2681000
9311000
3655000
2329000
2219000
2156000
2097000
8865000
3178000
2154000
2095000
2039000
1985000
1935000
1887000
1841000
1798000
1757000
7991000
2795000
1868000
1823000
1781000
1740000
1701000
1664000
1629000
1595000
1562000
1531000
2940000
1727000
1495000
1466000
1439000
1412000
1387000
1362000
1338000
1315000
1293000
1271000
1250000
1230000
1211000
1192000
1174000
1156000
1139000
1122000
1106000
1090000
1075000
1060000
1046000
1031000
1018000
1004000
991400
978800
966400
954400
942700
931200
920000
909100
898500
888100
877900
868000
858300
848800
839500
830400
821500
812800
804300
795900
787800
779800
771900
764200
756700
749300
742100
735000
728000
2987000
1126000
800300
792100
784000
776100
768300
760700
753200
745900
738700
731700
724800
718000
711300
704800
698400
692100
685900
679900
673900
668000
662300
656600
651000
645600
640200
634900
629700
624600
619500
614600
609700
604900
600200
595500
590900
586400
582000
577600
573300
569100
564900
560800
556700
552700
548700
544900
541000
537200
533500
529800
526200
522600
519100
515600
512200
508800
505400
502100
498900
495700
492500
489400
486300
483200
480200
477200
474300
471400
468500
465700
462900
460100
1260000
859300
529400
489700
486600
483500
480500
477500
474500
471600
468800
465900
463100
460300
457600
454900
452200
1191000
1005000
548500
485600
632200
506400
482400
479400
476400
473500
470600
467700
464900
462100
459300
456600
453900
451200
448600
446000
443400
440900
438400
435900
433400
431000
428600
798100
489300
434500
432000
429600
427200
424900
422600
420200
418000
415700
413500
411300
409100
406900
1110000
525800
424100
421800
419500
417200
415000
412800
410600
408400
406200
404100
3148000
3632000
981600
590800
586300
581900
577500
2749000
947700
635600
630400
625300
3458000
10990000
2575000
1076000
1045000
1031000
1018000
1004000
1984000
11670000
4661000
1668000
1388000
1363000
1339000
1316000
1294000
1272000
1251000
1231000
1212000
1193000
1175000
2856000
2780000
10950000
2907000
1538000
1507000
9853000
3885000
1901000
1729000
1691000
1654000
1619000
1585000
1553000
1522000
1492000
1464000
1436000
2584000
2843000
4952000
5058000
2164000
1611000
1562000
1531000
1501000
10090000
2980000
1730000
8749000
6540000
6627000
8317000
3010000
2151000
4968000
2536000
2073000
2018000
1966000
1917000
1870000
1825000
1782000
5017000
2302000
1801000
1760000
1720000
1682000
1646000
1611000
1578000
1546000
1515000
1486000
1457000
1430000
1404000
1959000
1455000
1349000
1989000
1418000
1302000
1280000
1259000
1239000
1219000
2900000
1634000
15480000
3714000
1675000
1639000
1605000
1572000
2177000
2175000
1601000
1494000
2413000
1605000
1444000
1417000
1391000
1366000
1342000
1319000
1297000
1275000
1254000
1234000
1215000
1196000
1177000
1159000
1142000
1125000
1295000
1127000
1085000
1070000
1055000
1049000
1729000
1198000
1037000
1015000
1002000
988700
976100
963800
951800
940100
928800
917600
2044000
3030000
1264000
978900
2679000
1257000
1003000
990400
977800
965500
953500
941800
930300
919200
908300
897700
887300
877100
867200
857500
848000
838800
829700
820800
812100
803600
1227000
4780000
1484000
921900
911000
900300
889800
879600
869600
859900
850400
841000
831900
823000
814300
805700
797300
789100
781100
773200
765500
758000
750500
743300
736200
729200
722300
715600
709000
702500
696100
689900
683700
677700
671800
665900
660200
654600
649000
643600
638300
633000
627800
622700
617700
612800
608000
603200
598500
593900
589300
584800
580400
576000
571800
567500
563400
559300
555200
551300
547300
543500
539600
535900
532200
528500
524900
521300
517800
514400
511000
507600
504200
501000
497700
494500
491400
488200
485200
482100
479100
476100
473200
470300
467500
464600
461800
459100
456400
453700
451000
448400
445800
443200
440700
438200
435700
433200
430800
428400
426000
423700
421400
419100
416800
414600
412300
410100
1999000
685900
459300
456600
453900
666400
486800
453800
451200
448600
445900
443400
440800
438300
435800
433400
431000
428600
426200
423800
2434000
776800
490900
487800
484700
481700
478700
475700
472800
469900
467100
464200
461500
17870000
3500000
1033000
1019000
1006000
992700
980000
967600
955600
943800
932300
921100
910200
899500
889100
878900
868900
859200
849700
840400
831300
822400
813600
805100
796700
788600
780500
772700
765000
757400
750000
742800
735600
728700
721800
715100
708500
702000
695700
689400
683300
677200
671300
665500
659800
654200
648600
643200
637900
632600
627500
622400
617400
612400
607600
602800
598100
593500
589000
584500
580100
575700
571500
567200
563100
559000
555000
551000
547100
543200
539400
535600
531900
528300
524600
521100
1694000
1698000
723400
581400
5911000
1517000
759400
1495000
4352000
9698000
2424000
1180000
3238000
1517000
1207000
1188000
7082000
2196000
1341000
1318000
1296000
1274000
1253000
1233000
1213000
1670000
7e+06
2189000
6419000
13680000
23750000
9585000
18440000
5144000
2880000
2775000
2676000
2585000
2500000
2420000
2345000
2275000
2209000
2147000
2088000
19480000
5004000
2463000
2385000
2312000
2244000
2180000
2119000
3726000
2296000
2007000
11930000
4245000
7816000
3111000
2264000
2199000
2137000
2079000
2023000
1971000
1921000
6286000
6552000
3132000
2096000
13170000
6532000
2701000
2259000
2194000
2132000
2074000
2019000
2718000
2048000
1893000
1848000
1804000
1762000
11140000
3343000
1967000
1917000
1870000
1825000
1783000
1742000
1703000
1666000
1630000
1596000
8740000
4225000
2027000
1788000
1747000
1708000
1670000
3316000
2936000
1819000
1638000
1604000
1571000
1539000
1509000
1480000
1452000
1424000
1398000
10600000
2990000
1659000
1623000
1590000
1557000
1526000
1496000
5579000
2170000
1561000
1529000
1499000
1471000
1443000
1416000
7445000
20090000
4646000
2103000
2047000
1993000
1942000
12880000
10710000
3388000
2340000
2270000
2204000
2142000
2083000
2028000
1975000
1925000
1878000
1833000
1790000
1749000
1709000
1672000
1636000
1602000
1569000
1537000
1507000
1478000
1450000
1423000
1397000
1372000
1347000
1324000
1302000
1280000
1259000
1938000
1557000
1799000
1318000
14920000
6898000
2247000
1747000
1708000
1671000
1635000
1601000
1568000
1536000
1506000
1477000
1449000
1422000
1396000
1371000
1347000
1323000
1301000
1279000
1258000
1238000
1218000
1199000
10560000
14570000
20490000
8895000
3507000
3198000
5478000
2844000
2349000
2278000
3524000
7379000
3014000
2243000
7614000
3075000
2243000
2178000
5361000
3086000
2190000
2068000
2013000
4389000
2332000
1939000
1891000
1845000
1802000
1760000
1721000
1683000
1646000
1611000
1578000
6407000
3711000
4449000
16940000
6335000
2555000
2211000
2148000
2089000
2033000
6075000
15210000
6353000
2757000
11220000
3880000
2992000
2549000
2408000
2334000
2265000
2199000
2137000
2079000
2024000
1971000
1921000
1874000
1829000
1786000
1745000
1706000
1669000
1633000
1599000
1566000
1535000
1505000
1475000
1448000
1421000
1395000
1370000
1346000
1322000
1300000
1278000
1257000
1237000
1217000
1198000
1180000
1162000
1144000
1127000
1111000
1095000
1080000
1065000
1050000
3261000
1421000
1094000
1078000
1063000
1049000
1035000
1021000
1007000
994300
981600
969200
957100
945300
933800
922500
911600
900800
890400
880200
870200
860400
850900
841500
832400
823500
814700
806200
797800
789600
781500
773700
765900
758400
751000
743700
736500
729500
722700
715900
709300
702800
1891000
904300
729800
723000
716200
709600
703100
696700
8252000
15410000
3296000
1386000
1361000
1337000
1314000
1292000
1271000
2756000
9169000
6581000
2858000
12820000
8880000
2874000
2066000
2012000
1960000
9396000
3170000
2059000
2005000
1953000
1904000
1858000
2674000
32060000
6932000
2585000
2500000
2420000
2345000
10770000
3721000
2449000
2373000
2301000
2233000
2169000
2109000
4242000
2378000
2015000
1963000
5038000
12120000
9114000
3158000
8424000
3333000
2398000
2324000
2255000
2190000
2129000
2071000
2016000
1964000
1915000
1868000
1823000
1781000
1740000
1701000
1664000
1628000
1594000
1562000
1531000
1500000
6144000
2275000
1586000
1554000
1523000
1493000
1632000
3018000
6456000
2292000
2199000
1666000
1549000
1518000
3650000
1843000
5299000
2156000
1591000
1559000
1527000
1497000
1469000
1441000
1414000
1389000
1364000
1340000
1317000
1295000
1273000
1252000
1232000
1212000
1194000
1175000
1157000
1140000
1123000
1491000
9679000
3860000
1594000
1390000
1365000
1341000
1318000
1296000
1274000
1253000
1233000
1213000
1194000
1176000
1158000
1141000
1124000
1108000
1092000
1077000
1062000
10570000
11990000
3e+06
1661000
1626000
1592000
1560000
1528000
4152000
2291000
1599000
1520000
5944000
2401000
1623000
1570000
1538000
1508000
1478000
1450000
1423000
1397000
1372000
1348000
1325000
1302000
1280000
1259000
1239000
1219000
1200000
1182000
1164000
1146000
1129000
1113000
1097000
1081000
4307000
1639000
1167000
1150000
1400000
1164000
1111000
1095000
1079000
1064000
1050000
1036000
1022000
1008000
995300
982600
970100
958000
946200
934600
923400
912400
901700
891200
880900
870900
861200
851600
842300
1893000
1232000
889200
848300
839000
830000
821100
812400
803900
795500
787400
779400
771500
763900
756300
749000
889600
2602000
3779000
1278000
886600
876400
866500
856800
847400
838100
829100
820200
811500
803000
794700
786600
778600
770800
763100
755600
748200
5396000
1557000
892000
881700
871700
861900
852300
843000
833800
824800
816100
807500
799100
790800
782800
774900
767100
759500
752100
744800
737600
3679000
1252000
829800
820900
812200
803700
795400
787200
779200
771400
763700
756200
748800
741600
734500
727500
720700
714000
707400
700900
694600
688400
682300
676300
670400
664600
658900
653200
647700
642300
637000
631800
626600
621500
616500
611600
606800
602100
597400
592800
588200
583800
579400
575000
570700
566500
562400
558300
554300
550300
546400
542500
538700
535000
531300
527600
524100
520500
517000
513500
510100
506800
503500
1098000
3498000
3840000
12590000
2736000
1106000
1090000
1075000
1060000
1045000
1031000
1018000
1004000
991300
978600
966300
954300
942500
931100
919900
909000
898400
888000
877800
867900
858100
848700
839400
830300
821400
812700
804200
795800
787700
779700
771800
2253000
2183000
1017000
844900
835700
826700
817900
11740000
2722000
1484000
1207000
1145000
1128000
1112000
1096000
1080000
1065000
1051000
1037000
1281000
3564000
1455000
1087000
1072000
1057000
1043000
1029000
1015000
1002000
989100
976500
964200
952300
940600
929200
918000
4705000
12710000
4570000
1863000
1452000
2697000
3427000
1713000
1429000
1402000
1377000
6234000
20950000
7547000
2541000
2089000
2033000
1980000
1930000
1882000
1950000
2407000
2086000
1783000
1713000
1675000
1639000
1605000
1571000
1540000
1509000
1480000
6538000
2329000
1582000
1550000
1519000
1489000
1461000
1433000
1407000
10100000
2906000
1646000
1611000
1578000
1546000
1515000
1486000
1457000
1430000
1404000
1378000
1354000
1331000
1308000
6321000
2142000
1406000
1381000
1356000
3532000
1913000
3357000
1801000
5470000
2077000
1476000
1448000
1421000
1395000
1535000
3314000
2040000
1434000
1356000
1333000
1310000
1288000
1267000
1246000
1953000
2123000
1365000
1235000
1216000
1197000
3062000
1506000
1223000
1288000
1200000
1171000
1153000
1136000
1119000
1103000
1087000
1072000
1057000
1043000
1029000
1606000
1107000
1011000
5918000
1870000
1163000
1145000
1128000
1112000
1096000
3494000
1502000
3120000
1748000
1932000
2866000
13290000
6103000
2134000
1707000
1670000
1634000
1600000
1567000
1535000
1505000
1476000
1448000
1421000
1395000
1370000
1346000
1323000
1300000
1278000
1257000
1237000
1217000
1198000
1180000
1162000
1145000
1128000
1111000
1095000
1080000
1065000
1050000
1036000
1022000
1009000
995800
983000
970600
958400
946600
935000
923800
912800
902000
891600
1113000
911400
868800
859100
849600
2247000
1075000
866900
1131000
895100
846900
837600
828600
819700
811100
802600
794300
786100
778200
770400
762700
755200
747800
740600
733500
726600
719800
713100
706500
700200
2583000
3589000
1212000
843500
834400
825400
816600
808000
799600
791300
783300
775300
767600
760000
752500
745200
738100
731000
724100
717400
710700
704200
697800
691500
685400
679300
673300
667500
661700
656100
650500
645100
639700
634400
629200
624100
619100
614100
609300
604500
599700
595100
590500
586000
581600
1214000
3712000
2279000
896100
726700
1755000
1659000
885300
771400
763700
756200
748800
741500
734500
727500
720700
714000
707400
700900
694600
688400
682200
676200
670300
664500
658800
653200
647700
642300
637000
631700
626600
621500
616500
611600
606800
602000
597400
592700
1809000
840800
626800
3681000
1739000
916500
2740000
5292000
23080000
4895000
1653000
1590000
1558000
1527000
1497000
3083000
1725000
1470000
1442000
1415000
1390000
1365000
1341000
1318000
1295000
1274000
1253000
1233000
1213000
1194000
1176000
1158000
3069000
2470000
1786000
1290000
4388000
16870000
13200000
3414000
2118000
11390000
10250000
3359000
13080000
8269000
3317000
2649000
2559000
2476000
2398000
2324000
2255000
2190000
28400000
6585000
2772000
2674000
2583000
2498000
2418000
2343000
2273000
2207000
2145000
2086000
4959000
21320000
5598000
2591000
2463000
2385000
2313000
2244000
2180000
2119000
2062000
2007000
1956000
1907000
2628000
1958000
7309000
4017000
3676000
2176000
1910000
5940000
4851000
20640000
16100000
12880000
4198000
8913000
21130000
6062000
16260000
