416400
414600
412500
410500
408500
406500
404600
402600
400700
398800
396900
395100
393200
391400
389600
387800
388000
533300
563100
561100
557500
561000
635000
638200
702300
1137000
1159000
1143000
1127000
1117000
1196000
1197000
1184000
1242000
1248000
1344000
2036000
2594000
2562000
2485000
2422000
2445000
2383000
2353000
2687000
2651000
2736000
2663000
2580000
2502000
2429000
2360000
2298000
2301000
2245000
2186000
2130000
2077000
2026000
1978000
1932000
1898000
2024000
1990000
1944000
1899000
1857000
1817000
1778000
1744000
1769000
1947000
2164000
2224000
2174000
2118000
2066000
2016000
1968000
1923000
1884000
1924000
1887000
1846000
1806000
1767000
1731000
1702000
1774000
1746000
1710000
1675000
1642000
1611000
1580000
1551000
1523000
1495000
1469000
1459000
1436000
1411000
1388000
1365000
1343000
1322000
1301000
1282000
1262000
1243000
1225000
1207000
1190000
1174000
1194000
1904000
1923000
1879000
1838000
1798000
1760000
1724000
1699000
1832000
2024000
1995000
1948000
1903000
1861000
1820000
1781000
1744000
1708000
1674000
1641000
1611000
1604000
1585000
1557000
1528000
1501000
1474000
1449000
1424000
1400000
1377000
1355000
1333000
1312000
1292000
1275000
1363000
1827000
1839000
1971000
1940000
1896000
1854000
1813000
1775000
1738000
1702000
1668000
1635000
1604000
1574000
1569000
1906000
1895000
1853000
1812000
1774000
1737000
1701000
1667000
1635000
1603000
1573000
1544000
1516000
1489000
1463000
1437000
1413000
1390000
1367000
1345000
1324000
1303000
1283000
1264000
1245000
1226000
1209000
1191000
1175000
1158000
1143000
1144000
1141000
1223000
1214000
1197000
1180000
1163000
1147000
1132000
1117000
1102000
1088000
1074000
1060000
1047000
1034000
1021000
1009000
997000
987600
1037000
1117000
1110000
1096000
1081000
1068000
1054000
1041000
1028000
1016000
1004000
991700
980100
968700
959700
1033000
1446000
1457000
1432000
1408000
1385000
1365000
1418000
1401000
1378000
1356000
1334000
1313000
1293000
1273000
1254000
1235000
1217000
1200000
1183000
1166000
1153000
1191000
1179000
1163000
1147000
1132000
1116000
1102000
1087000
1073000
1060000
1047000
1034000
1021000
1011000
1069000
1539000
2016000
2088000
3118000
3248000
3139000
3024000
2917000
2818000
2725000
2638000
2557000
2480000
2408000
2341000
2276000
2216000
2158000
2104000
2052000
2002000
1955000
1910000
1868000
1827000
1787000
1750000
1714000
1680000
1684000
2075000
2417000
2380000
2313000
2251000
2191000
2135000
2085000
2093000
2079000
2031000
1983000
1937000
1893000
1850000
1810000
1772000
1735000
1699000
1670000
1717000
1814000
1786000
1748000
1713000
1678000
1645000
1613000
1583000
1553000
1525000
1497000
1471000
1489000
2344000
3735000
3689000
3531000
3386000
3253000
3129000
3015000
2909000
2810000
2718000
2649000
2759000
2686000
2602000
2523000
2462000
2533000
2470000
2399000
2331000
2268000
2207000
2150000
2096000
2046000
2028000
1984000
1938000
1894000
1853000
1824000
1823000
2410000
2395000
2327000
2267000
2260000
2204000
2147000
2105000
2272000
2265000
2207000
2150000
2096000
2045000
1996000
1950000
1921000
1934000
1895000
1852000
1812000
1774000
1737000
1714000
1874000
1849000
1809000
1771000
1734000
1701000
1748000
2385000
2389000
2510000
2998000
2939000
2838000
2744000
2656000
2574000
2496000
2423000
2355000
2290000
2228000
2170000
2115000
2062000
2013000
1965000
1920000
1876000
1835000
1796000
1758000
1721000
1687000
1663000
1777000
1753000
1717000
1682000
1750000
3156000
3161000
3075000
3646000
5842000
5743000
5373000
5041000
4779000
4878000
5197000
4934000
4653000
4403000
4179000
3976000
3793000
3626000
3473000
3333000
3353000
4688000
4928000
4769000
5339000
5118000
4819000
4551000
4312000
4182000
4757000
4562000
4321000
4105000
3910000
3732000
3570000
3422000
3286000
3160000
3130000
3910000
3808000
3639000
3485000
3344000
3214000
3094000
2982000
2878000
2781000
2691000
2632000
2844000
2774000
2684000
2600000
2521000
2447000
2377000
2310000
2248000
2189000
2133000
2079000
2029000
1980000
1934000
1890000
1848000
1808000
1770000
1733000
1698000
1664000
1631000
1600000
1570000
1541000
1513000
1486000
1483000
1829000
1821000
1782000
1745000
1709000
1675000
1642000
1610000
1579000
1550000
1522000
1494000
1468000
1443000
1418000
1395000
1372000
1350000
1328000
1307000
1287000
1268000
1249000
1230000
1213000
1195000
1189000
1451000
1700000
1688000
1654000
1622000
1591000
1561000
1533000
1505000
1478000
1453000
1428000
1405000
1415000
1395000
1372000
1350000
1328000
1307000
1287000
1268000
1249000
1235000
1223000
1206000
1189000
1172000
1156000
1140000
1125000
1110000
1095000
1081000
1067000
1054000
1041000
1028000
1016000
1003000
991500
979900
968600
957500
946700
936100
925800
915600
905700
896100
886600
877300
868200
859300
850600
842000
833600
825400
817400
809500
801700
794100
786700
779400
772200
765100
758200
751400
744800
738200
731800
725400
719200
713100
707100
710100
1046000
1084000
1072000
1058000
1045000
1032000
1019000
1007000
995100
983400
972000
960800
949900
939300
928900
918700
915900
1111000
1151000
1139000
1125000
1130000
1117000
1102000
1088000
1074000
1060000
1047000
1034000
1022000
1009000
997200
985400
974000
962800
952000
949400
941700
961300
953000
942300
931800
922300
947100
999300
992700
981000
969700
958600
947700
937100
926700
916600
906700
897000
887500
878200
869100
862300
943400
940600
930100
919900
909900
900100
890600
881200
872000
863000
854200
852900
1090000
1312000
1310000
1290000
1271000
1252000
1240000
1388000
1380000
1358000
1336000
1324000
1588000
2455000
2470000
2399000
2332000
2268000
2208000
2156000
2273000
3229000
3375000
3258000
3135000
3020000
2914000
2815000
2722000
2636000
2554000
2478000
2406000
2338000
2290000
2431000
2576000
3382000
3323000
3194000
3159000
3919000
3922000
3752000
3589000
3440000
3302000
3175000
3058000
2949000
2847000
2753000
2664000
2592000
2642000
2695000
2923000
3129000
3050000
2942000
2841000
2747000
2714000
3427000
3357000
3295000
3890000
4170000
4468000
4884000
4660000
4442000
4513000
4303000
4088000
3894000
3718000
3558000
3411000
3275000
3173000
3418000
3312000
3185000
3066000
2957000
2855000
2760000
2671000
2587000
2509000
2435000
2366000
2300000
2238000
2184000
2215000
2165000
2112000
2106000
2058000
2009000
1961000
1916000
1873000
1843000
1945000
2002000
3016000
2999000
2894000
2796000
2705000
2626000
2628000
2597000
2522000
2455000
2459000
2395000
2328000
2264000
2204000
2147000
2093000
2042000
1993000
1946000
1902000
1859000
1819000
1780000
1743000
1707000
1673000
1650000
1774000
1750000
1714000
1681000
1665000
1644000
1660000
1635000
1604000
1574000
1545000
1517000
1489000
1463000
1438000
1414000
1390000
1377000
1586000
1704000
1681000
1657000
1752000
1727000
1692000
1658000
1626000
1595000
1565000
1536000
1508000
1481000
1456000
1431000
1407000
1383000
1361000
1339000
1318000
1297000
1277000
1258000
1240000
1231000
1519000
1798000
1784000
1747000
1711000
1676000
1643000
1611000
1581000
1552000
1523000
1496000
1470000
1444000
1420000
1396000
1373000
1351000
1329000
1308000
1289000
1292000
1275000
1255000
1237000
1219000
1201000
1185000
1193000
1178000
1162000
1146000
1131000
1115000
1101000
1086000
1073000
1059000
1046000
1033000
1020000
1008000
996000
984300
972800
961700
950700
940100
934600
1068000
1067000
1054000
1041000
1028000
1015000
1003000
991400
979800
968500
957400
950400
1051000
1047000
1034000
1021000
1009000
997100
985300
973900
962700
951700
941000
930600
920400
910400
900600
891000
881600
872400
863400
854600
847400
895800
930800
925300
986700
981400
970000
958900
948000
937400
927000
916900
907000
897200
887700
878400
869300
860400
851600
843100
834700
826400
818400
810500
802700
795800
820700
1005000
1009000
996900
985200
974700
999800
991100
979500
968100
957100
946200
935700
925300
915200
905300
895700
886200
876900
870500
979500
1151000
1150000
1134000
1119000
1104000
1090000
1076000
1062000
1049000
1036000
1023000
1016000
1201000
2827000
2871000
2775000
2685000
2600000
2521000
2447000
2377000
2311000
2248000
2189000
2133000
2079000
2029000
1980000
1934000
1890000
1848000
1808000
1770000
1733000
1698000
1664000
1631000
1600000
1570000
1541000
1513000
1486000
1460000
1435000
1411000
1387000
1365000
1343000
1321000
1301000
1281000
1262000
1243000
1225000
1207000
1190000
1173000
1157000
1141000
1126000
1111000
1096000
1082000
1068000
1055000
1042000
1029000
1016000
1004000
992300
980600
969300
958200
947300
936700
926400
916300
906300
896600
887100
877800
868700
862300
953300
951100
940400
930000
919700
915500
1080000
1142000
1132000
1131000
1512000
1519000
1495000
1551000
1840000
2543000
2535000
2481000
2618000
2555000
2479000
2455000
2912000
2858000
2763000
2673000
2590000
2511000
2438000
2368000
2306000
2343000
2760000
2749000
3231000
4643000
7116000
7873000
9708000
8857000
7972000
7251000
6653000
6147000
5714000
5339000
5011000
4722000
4464000
4234000
4267000
6045000
5792000
5406000
5070000
4774000
4511000
4275000
4084000
4057000
3880000
3818000
4623000
4583000
4954000
4723000
4465000
4234000
4027000
3839000
3668000
3511000
3413000
3756000
3982000
3874000
3829000
4784000
4912000
4660000
4409000
4184000
3981000
3797000
3643000
3583000
3442000
3304000
3177000
3059000
3029000
3787000
3694000
3535000
3390000
3256000
3132000
3020000
2939000
2840000
2746000
2658000
2631000
3242000
3319000
3203000
3083000
2973000
2869000
2790000
2906000
2916000
2824000
2731000
2644000
2562000
2486000
2413000
2345000
2281000
2220000
2231000
3028000
2993000
2888000
2791000
2700000
2615000
2535000
2496000
2824000
2765000
2676000
2592000
2513000
2439000
2370000
2357000
3069000
4736000
4621000
4374000
4153000
3953000
3904000
5020000
5666000
5368000
5036000
4744000
4484000
4251000
4042000
3853000
3680000
3523000
3379000
3246000
3123000
3009000
2904000
2805000
2720000
2707000
2627000
2547000
2471000
2399000
2332000
2268000
2208000
2151000
2097000
2050000
2089000
2045000
2015000
2329000
2319000
2307000
2340000
3538000
3851000
3709000
3549000
3402000
3268000
3153000
3166000
3095000
2986000
2882000
2785000
2695000
2610000
2530000
2455000
2385000
2318000
2255000
2196000
2139000
2085000
2044000
2236000
3129000
4535000
6574000
6883000
6475000
6161000
6139000
5741000
5365000
5074000
5040000
5355000
5075000
4848000
5259000
4999000
4710000
4496000
4662000
4493000
4263000
4053000
3899000
4014000
3852000
3680000
3522000
3378000
3245000
3122000
3009000
2903000
2805000
2737000
2965000
3391000
3466000
3768000
5253000
5304000
5e+06
4712000
4455000
4226000
4068000
4470000
5773000
5784000
5600000
6369000
6011000
5663000
5300000
4977000
4691000
4437000
4209000
4004000
3818000
3649000
3494000
3352000
3221000
3100000
2988000
2884000
2787000
2696000
2611000
2531000
2456000
2386000
2319000
2256000
2197000
2140000
2086000
2035000
1987000
1947000
2013000
1974000
1947000
2240000
2354000
2302000
2239000
2181000
2125000
2072000
2022000
1974000
1928000
1884000
1862000
2166000
2140000
2087000
2036000
1987000
1941000
1896000
1854000
1814000
1775000
1738000
1703000
1669000
1636000
1604000
1574000
1545000
1517000
1490000
1464000
1438000
1414000
1391000
1368000
1346000
1324000
1304000
1284000
1264000
1245000
1227000
1209000
1192000
1175000
1159000
1143000
1128000
1113000
1098000
1084000
1070000
1066000
1260000
1259000
1240000
1222000
1204000
1187000
1171000
1178000
1752000
2829000
2826000
2733000
2645000
2564000
2487000
2414000
2359000
2481000
3089000
3437000
3530000
4594000
5045000
4802000
4536000
4298000
4171000
4769000
4573000
4332000
4114000
3918000
3740000
3591000
3954000
7150000
6844000
6309000
5854000
5460000
5271000
6025000
5699000
5326000
4999000
4711000
4455000
4225000
4044000
4067000
3893000
3717000
3593000
3835000
4684000
5142000
4976000
5412000
5136000
4832000
4562000
4322000
4106000
3910000
3733000
3571000
3423000
3286000
3160000
3044000
2936000
2835000
2741000
2654000
2571000
2494000
2421000
2353000
2327000
2709000
2661000
2578000
2500000
2427000
2361000
2332000
2416000
2725000
2674000
2639000
2562000
2485000
2429000
2525000
2492000
2717000
2656000
2574000
2496000
2423000
2355000
2290000
2228000
2170000
2115000
2062000
2013000
1965000
1920000
1880000
1839000
1799000
1761000
1725000
1690000
1656000
1624000
1600000
1700000
2271000
2350000
2293000
2231000
2173000
2118000
2065000
2015000
1967000
1922000
1879000
1837000
1798000
1770000
1734000
1699000
1665000
1632000
1601000
1571000
1589000
2442000
3251000
3197000
3078000
2967000
2864000
2769000
2708000
2966000
2924000
2827000
2766000
3080000
3017000
2912000
2813000
2721000
2634000
2553000
2477000
2405000
2337000
2273000
2213000
2155000
2101000
2049000
2e+06
1953000
1908000
1865000
1825000
1785000
1748000
1712000
1678000
1645000
1652000
2327000
2324000
2260000
2203000
2187000
2135000
2081000
2031000
1982000
1936000
1892000
1850000
1810000
1771000
1735000
1699000
1665000
1633000
1601000
1571000
1542000
1514000
1487000
1466000
1540000
1521000
1494000
1485000
1535000
1651000
1645000
1614000
1584000
1554000
1526000
1498000
1472000
1447000
1422000
1398000
1375000
1353000
1331000
1310000
1298000
1491000
1655000
1844000
1822000
1783000
1746000
1710000
1676000
1643000
1611000
1580000
1551000
1523000
1495000
1469000
1444000
1419000
1395000
1372000
1359000
1578000
2096000
2089000
2038000
1989000
1943000
1899000
1856000
1816000
1777000
1740000
1704000
1670000
1637000
1606000
1576000
1546000
1518000
1491000
1465000
1441000
1484000
2043000
2043000
1994000
1948000
1903000
1861000
1820000
1781000
1744000
1708000
1674000
1641000
1609000
1579000
1549000
1521000
1494000
1468000
1442000
1418000
1394000
1371000
1349000
1328000
1307000
1287000
1267000
1248000
1230000
1212000
1195000
1178000
1162000
1147000
1172000
1160000
1147000
1132000
1117000
1102000
1088000
1074000
1060000
1047000
1034000
1021000
1009000
997100
985400
973900
962700
951800
941100
930600
920400
910400
900600
891000
881600
872500
864600
902500
947300
1067000
1278000
1562000
2562000
2570000
2493000
2420000
2352000
2287000
2226000
2168000
2113000
2060000
2010000
1963000
1918000
1875000
1833000
1794000
1756000
1720000
1685000
1652000
1620000
1589000
1559000
1530000
1503000
1476000
1451000
1426000
1402000
1379000
1356000
1335000
1331000
1664000
1752000
1724000
1689000
1655000
1623000
1649000
2523000
2528000
2485000
2416000
2347000
2283000
2222000
2164000
2109000
2057000
2007000
1962000
1973000
2142000
2106000
2054000
2004000
1957000
1912000
1869000
1828000
1789000
1751000
1715000
1681000
1648000
1616000
1585000
1574000
1884000
2768000
2893000
2824000
2742000
2775000
2850000
2768000
2679000
2595000
2552000
3064000
4900000
5113000
4840000
4569000
4328000
4111000
3915000
3742000
3619000
3532000
3415000
3282000
3156000
3040000
2932000
2832000
2738000
2651000
2568000
2530000
2894000
2833000
2739000
2652000
2569000
2492000
2420000
2351000
2349000
3017000
2972000
2869000
2773000
2683000
2599000
2520000
2446000
2376000
2310000
2247000
2188000
2132000
2079000
2052000
2400000
2366000
2300000
2238000
2187000
2295000
2272000
2353000
2336000
2573000
2521000
2447000
2377000
2311000
2249000
2215000
2297000
2274000
2215000
2158000
2103000
2051000
2002000
1955000
1916000
1974000
2e+06
1959000
1914000
1871000
1840000
1966000
1935000
1892000
1861000
1821000
1782000
1745000
1709000
1675000
1642000
1610000
1579000
1550000
1522000
1498000
1540000
1518000
1513000
1832000
1822000
1783000
1746000
1710000
1676000
1658000
1860000
1848000
1962000
1954000
1973000
2122000
3022000
3262000
3161000
3045000
2937000
2836000
2742000
2654000
2572000
2494000
2422000
2353000
2288000
2227000
2169000
2114000
2061000
2011000
1964000
1919000
1875000
1834000
1795000
1757000
1720000
1686000
1652000
1620000
1589000
1560000
1531000
1503000
1477000
1451000
1426000
1402000
1388000
1567000
1556000
1527000
1500000
1473000
1448000
1424000
1436000
1551000
1534000
1507000
1480000
1462000
1576000
1559000
1533000
1540000
1515000
1488000
1462000
1437000
1413000
1389000
1366000
1344000
1323000
1303000
1283000
1263000
1244000
1226000
1208000
1191000
1174000
1158000
1144000
1168000
1371000
1536000
1726000
1709000
1675000
1642000
1610000
1579000
1550000
1522000
1495000
1469000
1462000
1439000
1414000
1391000
1368000
1346000
1325000
1304000
1284000
1265000
1246000
1227000
1210000
1192000
1180000
1268000
1258000
1239000
1221000
1204000
1187000
1170000
1154000
1138000
1123000
1108000
1101000
1270000
1267000
1248000
1229000
1211000
1194000
1183000
1329000
1574000
1669000
1645000
1621000
1709000
1757000
1727000
1692000
1658000
1626000
1595000
1565000
1536000
1508000
1481000
1455000
1431000
1406000
1383000
1361000
1339000
1320000
1352000
1335000
1314000
1293000
1274000
1254000
1236000
1218000
1200000
1183000
1167000
1151000
1135000
1120000
1109000
1199000
1452000
1453000
1444000
1687000
1732000
1723000
1909000
2480000
4796000
4755000
4496000
4263000
4052000
3862000
3719000
3784000
3637000
3483000
3342000
3212000
3092000
2981000
2877000
2780000
2690000
2605000
2526000
2451000
2381000
2315000
2252000
2219000
2515000
2575000
2547000
2501000
2851000
4392000
5424000
5185000
5038000
6031000
6650000
6438000
7653000
7824000
7190000
6601000
6103000
5676000
5306000
4982000
4696000
4856000
7909000
7473000
6838000
6304000
5849000
5457000
5114000
4813000
4545000
4307000
4092000
3936000
4322000
6201000
5976000
5570000
5214000
4901000
4623000
4376000
4155000
3955000
3773000
3608000
3457000
3326000
3310000
3235000
3623000
3637000
3623000
3482000
3375000
3637000
3924000
5848000
7219000
7965000
7458000
8161000
10200000
9686000
