533800
533300
532100
530900
529500
528000
526500
524800
523100
521300
519500
517700
515800
513900
512000
510100
544300
575400
578500
581500
584900
617900
635400
652700
799300
861100
844800
865200
869300
915400
951200
950400
976300
992100
1014000
1217000
1474000
1502000
1471000
1479000
1510000
1551000
1566000
1682000
1713000
1721000
1746000
1731000
1740000
1749000
1744000
1727000
1728000
1717000
1699000
1683000
1667000
1654000
1637000
1619000
1600000
1635000
1634000
1600000
1586000
1566000
1552000
1540000
1525000
1511000
1576000
1669000
1691000
1669000
1650000
1640000
1636000
1633000
1621000
1604000
1605000
1597000
1579000
1570000
1558000
1545000
1530000
1554000
1551000
1522000
1507000
1489000
1476000
1465000
1452000
1435000
1420000
1405000
1391000
1378000
1365000
1352000
1337000
1323000
1311000
1298000
1285000
1272000
1259000
1247000
1235000
1224000
1212000
1201000
1324000
1376000
1340000
1343000
1332000
1330000
1337000
1334000
1336000
1404000
1417000
1392000
1392000
1384000
1383000
1380000
1370000
1357000
1347000
1334000
1323000
1314000
1304000
1294000
1281000
1268000
1257000
1246000
1233000
1221000
1210000
1198000
1187000
1177000
1166000
1156000
1145000
1227000
1260000
1271000
1291000
1275000
1277000
1279000
1278000
1272000
1266000
1256000
1249000
1243000
1237000
1231000
1275000
1291000
1273000
1269000
1258000
1251000
1247000
1240000
1229000
1219000
1208000
1200000
1191000
1183000
1175000
1165000
1154000
1145000
1136000
1125000
1116000
1106000
1097000
1087000
1078000
1069000
1061000
1052000
1044000
1035000
1027000
1019000
1011000
1003000
995400
987800
980300
972900
965700
958500
951500
944500
937700
930900
924300
917700
911300
904900
898600
892400
886300
880300
874300
868500
862700
857000
851300
845800
840300
834900
829500
824200
819000
813900
808800
803800
798800
862500
893600
880500
884700
880800
881800
886900
887000
882300
879000
874400
871700
869800
867400
865200
860100
854600
850100
845800
839900
834400
829000
823800
818600
813400
808300
803300
798400
793500
788600
783900
779200
774500
769900
765300
760900
802600
923900
956400
1114000
1243000
1222000
1238000
1252000
1263000
1282000
1292000
1286000
1285000
1284000
1285000
1288000
1286000
1283000
1275000
1263000
1253000
1244000
1231000
1219000
1207000
1196000
1185000
1174000
1164000
1154000
1166000
1236000
1254000
1234000
1232000
1223000
1222000
1223000
1223000
1222000
1216000
1206000
1200000
1195000
1190000
1184000
1174000
1164000
1155000
1146000
1145000
1171000
1174000
1159000
1152000
1143000
1138000
1133000
1125000
1116000
1108000
1099000
1091000
1084000
1257000
1684000
1772000
1686000
1702000
1694000
1727000
1766000
1763000
1742000
1730000
1718000
1768000
1789000
1775000
1770000
1745000
1770000
1778000
1750000
1728000
1705000
1687000
1673000
1656000
1637000
1629000
1613000
1592000
1576000
1560000
1547000
1532000
1732000
1794000
1715000
1714000
1706000
1708000
1713000
1705000
1752000
1776000
1745000
1736000
1724000
1716000
1713000
1696000
1679000
1686000
1675000
1650000
1634000
1618000
1604000
1587000
1646000
1654000
1614000
1601000
1581000
1569000
1578000
1809000
1876000
1841000
2056000
2094000
2041000
2065000
2052000
2040000
2043000
2026000
2005000
1991000
1974000
1963000
1944000
1923000
1906000
1880000
1851000
1827000
1804000
1777000
1752000
1729000
1706000
1683000
1670000
1652000
1628000
1609000
1589000
2081000
2251000
2089000
2263000
2990000
3223000
3052000
3064000
2993000
3114000
3403000
3410000
3279000
3247000
3199000
3182000
3174000
3144000
3099000
3022000
2953000
3357000
3618000
3461000
3694000
3719000
3554000
3557000
3501000
3431000
3700000
3720000
3531000
3493000
3418000
3385000
3355000
3290000
3217000
3149000
3070000
3216000
3250000
3140000
3098000
3024000
2971000
2938000
2891000
2824000
2768000
2713000
2665000
2679000
2654000
2593000
2548000
2497000
2457000
2421000
2377000
2333000
2292000
2252000
2216000
2180000
2146000
2113000
2078000
2045000
2013000
1983000
1952000
1923000
1894000
1867000
1840000
1814000
1789000
1764000
1740000
1717000
1695000
1672000
1651000
1630000
1610000
1590000
1570000
1552000
1533000
1515000
1497000
1480000
1463000
1447000
1431000
1415000
1400000
1385000
1370000
1356000
1342000
1328000
1314000
1301000
1288000
1275000
1263000
1251000
1302000
1321000
1300000
1295000
1284000
1277000
1275000
1268000
1256000
1246000
1235000
1227000
1218000
1210000
1202000
1191000
1181000
1171000
1161000
1151000
1140000
1130000
1121000
1111000
1101000
1092000
1083000
1074000
1065000
1056000
1048000
1039000
1031000
1023000
1015000
1007000
999300
991700
984100
976700
969400
962200
955100
948100
941200
934400
927700
921100
914600
908100
901800
895600
889400
883300
877400
871400
865600
859900
854200
848600
843100
837600
832200
826900
821700
816500
811400
806300
801300
796400
791500
786700
782000
777300
793600
805500
801800
799900
796500
794100
793200
791200
787400
783700
779600
776100
772900
769700
766600
762600
758300
769600
781900
780200
777200
777100
776000
774400
773000
769600
766100
762800
759500
756300
753300
750200
746600
742700
738900
735200
731200
727000
723000
719100
715100
711100
707300
703400
707700
707900
702900
700200
696600
693600
691200
688200
684600
681300
677900
674700
671700
668600
665500
675800
678600
673000
671400
668100
665900
664600
662200
658900
656000
652900
650300
699300
764100
777200
776800
780000
782200
790200
823400
841200
839600
841900
841500
902700
1122000
1196000
1161000
1175000
1174000
1191000
1214000
1236000
1480000
1604000
1548000
1556000
1554000
1568000
1596000
1596000
1578000
1569000
1556000
1547000
1542000
1536000
1580000
1619000
1821000
1886000
1816000
1816000
2025000
2146000
2101000
2094000
2062000
2055000
2063000
2061000
2042000
2025000
2005000
1983000
1965000
1977000
2e+06
2053000
2148000
2145000
2102000
2081000
2059000
2048000
2313000
2379000
2261000
2491000
2642000
2717000
2914000
2924000
2855000
2941000
2953000
2916000
2909000
2869000
2836000
2806000
2770000
2740000
2827000
2822000
2743000
2706000
2653000
2615000
2581000
2535000
2485000
2442000
2397000
2357000
2320000
2284000
2248000
2228000
2196000
2155000
2138000
2109000
2074000
2045000
2015000
1985000
1957000
1979000
1976000
2391000
2521000
2356000
2361000
2321000
2319000
2364000
2375000
2327000
2293000
2296000
2287000
2264000
2248000
2225000
2188000
2155000
2128000
2100000
2064000
2031000
2001000
1972000
1943000
1916000
1887000
1860000
1833000
1816000
1794000
1767000
1744000
1721000
1699000
1700000
1688000
1661000
1642000
1621000
1603000
1587000
1569000
1551000
1533000
1515000
1498000
1519000
1573000
1565000
1532000
1570000
1572000
1548000
1544000
1527000
1513000
1503000
1490000
1476000
1465000
1452000
1439000
1425000
1411000
1399000
1384000
1368000
1355000
1341000
1327000
1313000
1300000
1302000
1385000
1408000
1378000
1375000
1362000
1358000
1358000
1351000
1337000
1327000
1315000
1306000
1298000
1290000
1281000
1269000
1256000
1246000
1235000
1223000
1211000
1200000
1189000
1178000
1167000
1157000
1147000
1137000
1127000
1117000
1107000
1098000
1089000
1080000
1071000
1062000
1053000
1045000
1036000
1028000
1020000
1012000
1004000
996400
988800
981300
973900
966600
959400
952400
945400
938600
931800
925100
918600
912100
905700
899400
893200
887100
881000
875100
869200
863400
857700
852100
846500
841000
835600
830200
824900
819700
814500
809400
804400
799400
794500
789700
784900
780200
775500
770900
766300
761800
757400
753000
748600
744300
740100
735900
731700
727600
723500
719500
715500
711600
707700
703900
700100
696300
692600
688900
685300
681700
678100
674600
671100
7e+05
712000
703300
704000
700800
704300
707600
705800
702900
700300
697500
695900
694200
692100
690100
686700
683300
680500
677600
674100
709400
724800
715400
717000
713900
713700
715800
715100
711600
709100
705900
703800
703000
1007000
1145000
1087000
1118000
1114000
1133000
1169000
1182000
1174000
1173000
1167000
1170000
1176000
1179000
1182000
1173000
1162000
1157000
1151000
1139000
1128000
1119000
1109000
1100000
1090000
1081000
1072000
1064000
1055000
1046000
1038000
1030000
1022000
1014000
1006000
997900
990200
982700
975300
968000
960800
953700
946700
939900
933100
926400
919800
913300
906900
900600
894400
888300
882200
876200
870300
864500
858800
853100
847500
842000
836600
831200
825900
820700
815500
810400
805400
800400
795500
790600
785800
781100
776400
771800
767200
762700
780900
802000
802800
800500
899100
941700
922000
950200
1023000
1206000
1273000
1252000
1326000
1349000
1344000
1368000
1520000
1568000
1527000
1531000
1520000
1528000
1542000
1540000
1522000
1525000
1661000
1696000
1759000
2111000
2750000
3058000
3553000
3676000
3451000
3500000
3503000
3515000
3516000
3472000
3399000
3363000
3329000
3309000
3280000
3901000
4053000
3748000
3707000
3596000
3552000
3540000
3477000
3447000
3394000
3288000
3644000
3741000
3806000
3844000
3653000
3597000
3560000
3514000
3443000
3373000
3287000
3391000
3566000
3532000
3430000
3859000
4050000
3857000
3792000
3691000
3624000
3600000
3547000
3496000
3436000
3353000
3294000
3235000
3180000
3501000
3551000
3354000
3309000
3230000
3176000
3148000
3094000
3017000
2956000
2892000
2842000
3058000
3161000
3066000
3010000
2945000
2906000
2888000
2909000
2910000
2853000
2794000
2749000
2711000
2680000
2647000
2597000
2546000
2502000
2461000
2766000
2839000
2689000
2668000
2609000
2584000
2581000
2549000
2648000
2659000
2566000
2543000
2507000
2483000
2470000
2429000
2607000
3298000
3406000
3173000
3160000
3099000
3112000
3611000
4019000
3874000
3734000
3660000
3621000
3645000
3640000
3570000
3474000
3391000
3335000
3288000
3229000
3174000
3105000
3026000
2960000
2902000
2836000
2769000
2709000
2653000
2599000
2547000
2497000
2449000
2403000
2358000
2316000
2274000
2235000
2236000
2223000
2197000
2169000
2621000
2873000
2731000
2697000
2649000
2634000
2657000
2647000
2596000
2557000
2516000
2488000
2468000
2445000
2422000
2379000
2333000
2297000
2264000
2222000
2181000
2144000
2109000
2075000
2365000
2843000
3556000
3828000
3645000
3617000
3738000
3797000
3780000
3748000
3715000
3899000
3905000
3796000
4016000
4035000
3902000
3854000
3908000
3897000
3796000
3704000
3602000
3645000
3613000
3503000
3426000
3344000
3280000
3218000
3146000
3076000
3014000
2942000
2878000
3006000
3068000
3071000
3683000
3881000
3649000
3612000
3535000
3502000
3510000
3648000
4180000
4322000
4103000
4429000
4499000
4378000
4403000
4295000
4188000
4132000
4050000
3951000
3877000
3797000
3726000
3638000
3553000
3482000
3395000
3301000
3220000
3145000
3066000
2992000
2923000
2857000
2794000
2734000
2676000
2621000
2568000
2518000
2469000
2422000
2377000
2333000
2292000
2251000
2224000
2191000
2151000
2116000
2082000
2050000
2019000
1988000
1958000
1929000
1900000
1945000
1948000
1905000
1886000
1859000
1839000
1823000
1803000
1778000
1756000
1733000
1713000
1694000
1675000
1656000
1636000
1615000
1596000
1577000
1558000
1539000
1521000
1503000
1486000
1469000
1452000
1436000
1420000
1405000
1390000
1375000
1360000
1346000
1332000
1319000
1305000
1292000
1279000
1267000
1255000
1242000
1231000
1250000
1254000
1237000
1229000
1218000
1210000
1203000
1195000
1368000
1775000
1863000
1790000
1806000
1799000
1830000
1866000
1862000
1880000
2110000
2315000
2317000
2649000
2925000
2878000
2862000
2850000
2834000
3089000
3164000
3051000
3032000
2986000
2969000
2965000
2966000
4068000
4385000
3955000
3956000
3845000
3834000
4268000
4341000
4090000
4031000
3918000
3873000
3864000
3815000
3841000
3766000
3626000
3565000
3648000
4042000
4292000
4136000
4248000
4255000
4106000
4088000
4014000
3926000
3856000
3772000
3685000
3622000
3557000
3492000
3416000
3335000
3266000
3190000
3108000
3034000
2966000
2895000
2830000
2768000
2885000
2890000
2782000
2740000
2682000
2641000
2618000
2635000
2777000
2775000
2701000
2678000
2629000
2608000
2670000
2656000
2723000
2737000
2649000
2624000
2591000
2565000
2540000
2500000
2452000
2416000
2378000
2341000
2308000
2272000
2237000
2199000
2162000
2128000
2094000
2059000
2026000
1995000
1964000
1948000
2190000
2303000
2216000
2191000
2158000
2144000
2150000
2136000
2102000
2074000
2045000
2024000
2007000
1989000
1971000
1942000
1911000
1887000
1864000
1835000
1808000
2052000
2482000
2499000
2380000
2367000
2340000
2362000
2382000
2455000
2458000
2397000
2371000
2519000
2568000
2510000
2494000
2440000
2410000
2397000
2368000
2323000
2288000
2253000
2220000
2189000
2160000
2131000
2095000
2060000
2029000
2e+06
1967000
1937000
1908000
1880000
1853000
1827000
1801000
1883000
1902000
1851000
1837000
1819000
1807000
1795000
1779000
1754000
1734000
1713000
1696000
1679000
1662000
1645000
1625000
1605000
1587000
1569000
1550000
1531000
1513000
1496000
1478000
1462000
1445000
1429000
1413000
1398000
1411000
1416000
1398000
1384000
1371000
1359000
1349000
1338000
1325000
1312000
1299000
1288000
1277000
1266000
1255000
1243000
1238000
1274000
1339000
1348000
1332000
1328000
1321000
1320000
1319000
1311000
1300000
1290000
1281000
1273000
1266000
1259000
1250000
1238000
1227000
1217000
1206000
1290000
1329000
1306000
1306000
1296000
1293000
1296000
1291000
1280000
1271000
1261000
1253000
1247000
1240000
1233000
1222000
1211000
1201000
1192000
1180000
1169000
1230000
1253000
1230000
1227000
1217000
1212000
1212000
1206000
1196000
1187000
1177000
1170000
1163000
1156000
1149000
1139000
1129000
1121000
1112000
1102000
1093000
1083000
1074000
1066000
1057000
1048000
1040000
1032000
1023000
1015000
1007000
999600
992000
984400
977000
969600
962400
955300
948300
941400
934600
927900
921300
914800
908400
902000
895800
889600
883600
877600
871700
865800
860100
854400
848800
843300
837800
832400
827100
821900
816700
811600
806500
816300
870300
957700
1212000
1299000
1251000
1274000
1278000
1301000
1328000
1333000
1323000
1320000
1316000
1319000
1323000
1323000
1320000
1308000
1296000
1287000
1278000
1263000
1250000
1238000
1227000
1215000
1204000
1193000
1182000
1171000
1160000
1150000
1140000
1130000
1120000
1149000
1180000
1173000
1163000
1156000
1149000
1147000
1379000
1468000
1413000
1429000
1413000
1422000
1443000
1446000
1432000
1423000
1411000
1406000
1411000
1483000
1499000
1460000
1449000
1436000
1429000
1422000
1409000
1392000
1379000
1365000
1354000
1343000
1332000
1321000
1307000
1367000
1678000
1792000
1722000
1723000
1736000
1803000
1839000
1830000
1812000
1797000
1899000
2515000
2759000
2614000
2612000
2572000
2584000
2632000
2628000
2580000
2566000
2542000
2518000
2504000
2486000
2465000
2422000
2378000
2344000
2310000
2265000
2413000
2431000
2327000
2302000
2257000
2231000
2217000
2188000
2147000
2417000
2479000
2351000
2344000
2302000
2290000
2288000
2261000
2219000
2190000
2153000
2128000
2106000
2083000
2060000
2156000
2175000
2116000
2100000
2063000
2090000
2105000
2132000
2129000
2232000
2252000
2182000
2173000
2148000
2134000
2122000
2151000
2152000
2120000
2092000
2068000
2048000
2030000
2009000
1978000
1971000
1978000
1958000
1929000
1905000
1882000
1918000
1919000
1882000
1866000
1841000
1821000
1806000
1787000
1765000
1744000
1721000
1701000
1683000
1664000
1645000
1642000
1629000
1604000
1735000
1769000
1710000
1704000
1682000
1672000
1671000
1732000
1737000
1760000
1779000
1771000
1817000
2176000
2387000
2303000
2274000
2250000
2251000
2273000
2272000
2241000
2213000
2186000
2168000
2155000
2139000
2122000
2089000
2054000
2026000
2e+06
1967000
1936000
1907000
1879000
1852000
1825000
1800000
1775000
1751000
1727000
1704000
1682000
1660000
1639000
1618000
1598000
1579000
1560000
1541000
1523000
1505000
1488000
1471000
1454000
1438000
1422000
1418000
1408000
1391000
1377000
1363000
1376000
1378000
1361000
1356000
1346000
1334000
1326000
1316000
1304000
1293000
1282000
1270000
1260000
1249000
1239000
1228000
1216000
1206000
1195000
1184000
1173000
1163000
1152000
1142000
1138000
1176000
1240000
1249000
1234000
1231000
1225000
1226000
1227000
1220000
1210000
1202000
1194000
1188000
1183000
1176000
1169000
1158000
1149000
1140000
1131000
1121000
1111000
1101000
1092000
1083000
1074000
1065000
1056000
1048000
1039000
1031000
1023000
1015000
1007000
999300
991600
984100
976600
969300
962100
955000
948000
941100
934300
927600
941800
1015000
1057000
1044000
1037000
1058000
1087000
1094000
1092000
1087000
1082000
1080000
1080000
1077000
1074000
1070000
1063000
1056000
1051000
1045000
1037000
1029000
1021000
1013000
1006000
997600
990000
982400
975000
967700
960600
953500
946500
939600
932900
926200
919600
913100
906700
931900
938800
924900
995000
1030000
1013000
1064000
1157000
1654000
1848000
1740000
1773000
1767000
1799000
1852000
1901000
1896000
1881000
1871000
1869000
1875000
1878000
1874000
1847000
1823000
1806000
1789000
1762000
1739000
1717000
1695000
1673000
1712000
1743000
1728000
1709000
1768000
2204000
2609000
2581000
2502000
2756000
3142000
3193000
3586000
3874000
3722000
3681000
3661000
3636000
3645000
3626000
3548000
3481000
4461000
4760000
4367000
4342000
4213000
4171000
4179000
4106000
3974000
3876000
3767000
3697000
3774000
4539000
4702000
4349000
4272000
4151000
4113000
4090000
4003000
3876000
3781000
3683000
3615000
3557000
3537000
3484000
3618000
3664000
3593000
3533000
3413000
3544000
3650000
4332000
5035000
5351000
5247000
5327000
6305000
6452000
6840000
