467900
433000
397200
365300
338200
314900
294700
277000
261300
247300
234700
223400
213100
203800
195200
187400
14380000
8399000
3852000
1861000
1369000
4849000
4171000
4699000
36190000
10390000
3933000
1393000
1006000
2451000
2737000
1922000
2590000
2633000
3365000
30020000
25150000
8420000
2985000
1370000
1558000
1489000
1171000
6701000
5025000
4212000
3110000
1880000
1275000
957500
779100
659900
1076000
1158000
975400
804200
677400
586700
518200
464400
421000
1991000
2296000
1635000
1184000
911600
749600
639100
558100
1239000
4815000
10210000
6507000
3546000
1894000
1247000
943900
770500
653900
569200
1433000
1627000
1282000
995800
803100
676700
586100
1393000
1578000
1252000
978500
792400
669200
580600
513500
460700
418000
382700
1677000
1999000
1494000
1114000
873400
724500
621000
544500
485200
438000
399300
367100
339700
316200
295900
313200
32470000
10540000
3991000
1463000
1017000
816200
685700
592800
4573000
10390000
4909000
2409000
1356000
992500
801100
675200
736800
715000
634300
557700
495600
1494000
1827000
1465000
1114000
878200
727600
623300
546200
486600
439100
400200
367800
340400
524900
590900
2245000
21740000
7742000
9064000
3113000
2306000
3595000
2100000
983000
2133000
4643000
2573000
892300
460800
360700
334300
12940000
6593000
2907000
1463000
1017000
816200
685700
592800
522800
468100
424100
387800
357300
331400
312100
294000
276700
261100
247200
234600
223300
213100
203700
195200
246400
273600
318200
328200
341500
338400
319600
903100
1171000
2738000
2717000
1794000
1249000
945200
771300
654400
569600
504900
453800
412400
378000
349100
558200
630000
582000
519600
465600
2348000
5774000
3988000
2192000
1362000
994700
802500
676200
585800
517500
463900
420600
436900
423100
392800
2287000
24670000
8274000
3377000
1415000
1012000
813000
4006000
3864000
2192000
1394000
1006000
809400
681000
589400
520200
466100
422400
386400
356100
330400
308200
3353000
3566000
2112000
1374000
999400
805400
678200
587300
518600
464800
421300
385500
355400
329700
2445000
25630000
25900000
8688000
38360000
14300000
4124000
1125000
677000
586400
517900
464200
420900
385100
355100
329500
307400
288100
271100
256100
242600
230500
219600
209700
200600
192300
184700
177700
171100
165100
994400
12220000
16130000
6050000
2598000
1337000
984900
796400
672000
1213000
1563000
1361000
1069000
855400
712400
612300
537800
480000
433700
395800
364100
1086000
3024000
2844000
1839000
1263000
951800
775500
657400
571800
506700
522200
509600
467200
424900
22880000
43010000
11540000
3930000
1318000
985000
800300
675700
585500
517300
463700
420500
1288000
1528000
1229000
966600
784900
1469000
1582000
1247000
973900
789500
667200
579100
512300
459700
540000
559700
518400
468300
424400
424500
404700
13250000
6637000
2920000
1462000
1378000
1251000
1011000
823200
2542000
3101000
2168000
1463000
1064000
844500
705000
606900
571900
759300
789300
700300
609100
535300
478000
432100
2198000
2510000
1730000
1228000
934500
764400
976000
19400000
7725000
4804000
15290000
6286000
2821000
1409000
1010000
812100
682800
590700
521200
466900
423000
386900
356600
330800
308500
289100
272000
256900
243300
231200
220200
210200
201100
192800
2110000
2542000
1751000
1240000
1026000
41290000
12190000
4446000
8453000
40890000
11860000
4585000
1624000
1129000
2544000
8079000
4851000
2437000
1409000
1010000
812000
682800
590700
521200
466900
423000
25160000
13440000
5357000
11830000
5063000
2581000
1416000
1031000
824500
9733000
5845000
2705000
1458000
1018000
816500
685900
592900
523000
468200
424200
17430000
7477000
3150000
1462000
1017000
973300
886500
756700
648000
564800
1035000
1153000
4693000
4146000
2265000
1409000
1010000
812100
1167000
1207000
1002000
820900
688900
595200
524700
469600
425300
388800
358200
332100
309700
290100
272900
257700
244100
231800
220800
210800
201600
193200
185500
14440000
6932000
2998000
1464000
1017000
816000
685500
592700
522800
468100
424000
387700
357300
331400
309000
289500
272400
299800
302600
288900
608800
733500
672700
625500
565800
506200
455500
12300000
16470000
6019000
2577000
1319000
977400
791700
668700
580200
513200
460400
417800
1247000
2354000
2141000
1518000
1112000
872100
723600
620400
544000
484900
1472000
1773000
1412000
1080000
856800
1199000
1229000
1016000
829400
694800
599400
603600
576300
520600
468100
424000
400500
375000
348100
323700
302300
283700
321600
331800
316500
297300
279200
263300
249100
236300
452600
550200
521000
472000
427300
390400
386000
374000
349800
325700
304100
285200
268600
253800
240600
228700
217900
208200
199200
191100
183500
176600
170100
25390000
9899000
4082000
1698000
1131000
882800
730700
625500
547900
487900
440100
401100
368600
341000
317400
296800
801700
11120000
7337000
3555000
1825000
1683000
1520000
1180000
929400
761100
647200
564200
500700
450500
409600
375700
347100
322600
301400
282900
1322000
1651000
1813000
1603000
1218000
950100
774400
1645000
3353000
2883000
1837000
1256000
948600
773500
656000
570700
505800
567500
570600
521300
469400
425100
388700
2576000
2887000
1882000
1292000
965500
784200
663500
576400
510200
458000
415800
380900
11820000
17650000
6246000
2645000
1318000
976900
791400
3899000
3792000
2172000
1388000
1004000
6269000
36320000
10210000
3904000
1401000
1020000
817900
686900
1081000
23910000
11110000
4835000
2044000
1270000
955100
777600
658900
572900
507500
455900
414100
379400
350300
1535000
3250000
22310000
7829000
3243000
1418000
13960000
7779000
3630000
1792000
1188000
920800
757300
644800
562400
499300
449300
408700
374900
886000
1685000
5145000
8769000
4709000
2404000
1405000
1019000
817200
13610000
6638000
2922000
10850000
10850000
9501000
12620000
5484000
2533000
2991000
2729000
1788000
1245000
942900
769800
760000
706000
621800
2728000
2931000
1893000
1295000
966700
784900
664000
576800
510500
458300
416000
381100
351600
326500
312100
768600
925100
822000
948700
922800
793000
675700
585400
517200
603000
1662000
1933000
29530000
9653000
3749000
1447000
1018000
816500
1343000
1707000
1475000
1139000
1385000
1337000
1077000
867300
720400
626800
552100
492000
443500
403900
373600
347600
323500
302300
283600
267200
252600
239500
2867000
3220000
2003000
1340000
1507000
1494000
1625000
1503000
1182000
933800
764900
649900
566200
502300
451700
410600
376600
347800
8562000
9699000
4484000
2200000
3469000
3191000
1966000
1316000
976300
791000
668200
579900
512900
460200
417600
382400
352800
327500
305600
286600
269800
254900
241600
229600
218800
208900
10030000
16950000
6067000
2621000
1315000
975900
790700
668100
579800
512800
460100
417500
382300
352700
327400
305600
334100
341800
482800
536200
501200
1e+06
1136000
967500
800300
674700
584700
516600
1304000
1512000
1215000
957800
779300
660100
573800
508200
456500
414500
379800
350600
325600
304000
285100
268500
253800
240600
228700
217900
208200
8277000
5648000
2649000
1463000
1017000
816200
685700
592800
522900
670000
698700
639900
3545000
3582000
2111000
1371000
998400
927500
839500
720600
2626000
992700
638500
474100
428900
391800
360700
334300
311600
291800
274400
259000
245200
2549000
4271000
3e+06
3839000
3197000
1948000
1971000
1106000
824700
666000
578200
511600
459200
416800
381700
468800
493200
460000
420000
384400
975300
1158000
1107000
954400
794300
1349000
11380000
5968000
2745000
1446000
1370000
2079000
1966000
1436000
1074000
850300
708900
609800
535900
478500
432500
394800
363200
336500
461700
5694000
14640000
5687000
2598000
1341000
986500
797400
672700
583200
515400
462200
419300
383800
4908000
68730000
16670000
5627000
1349000
989800
799400
674100
584200
516300
462900
419800
384200
354300
328800
306800
287600
270700
255700
242300
230200
219300
209400
200400
192100
184500
177500
171000
164900
159300
154000
149100
144500
140200
136100
132300
128600
125200
122000
118900
115900
113100
110500
111100
111000
124300
132300
131200
128000
124600
121400
118300
115400
112700
110000
107500
105100
102800
100600
98490
96470
94530
92670
90880
89160
87500
85910
84370
82880
91530
146300
1533000
1931000
1466000
1102000
866200
719600
5937000
7155000
3769000
2023000
17740000
7343000
3115000
2261000
9632000
28540000
8670000
3408000
4832000
2665000
1671000
1127000
9432000
5732000
2675000
1456000
1018000
816600
685900
593000
523000
731500
8340000
5502000
9920000
28290000
42180000
17070000
28440000
8447000
3331000
1386000
1003000
807800
679900
588500
519600
465500
421900
386000
355800
24430000
8913000
3543000
1493000
1057000
846400
707400
608700
993300
1090000
929900
12220000
6880000
9189000
5177000
2491000
1426000
1015000
814700
684600
592000
522300
3602000
8287000
4915000
2636000
16860000
10080000
4629000
2116000
1293000
965800
784400
663600
1073000
1153000
971600
801600
675600
585400
13730000
6702000
2938000
1461000
1017000
816300
685800
1176000
1262000
1045000
849600
708500
12140000
8226000
3909000
1938000
1230000
935800
765300
2753000
3865000
2700000
1711000
1182000
972600
827700
703000
607000
533800
476800
431100
21040000
8207000
3351000
1462000
1017000
816300
736700
657100
6482000
5052000
2499000
1451000
1018000
816600
685900
835900
14670000
40760000
11010000
3914000
1326000
980600
1045000
16490000
17870000
6415000
2629000
1329000
981700
794300
670600
581600
514200
461300
418500
383100
353400
1011000
1295000
1129000
916400
1703000
1793000
1364000
1040000
830200
695300
599800
528300
472400
427600
390700
2454000
2781000
1842000
10420000
6158000
3362000
2035000
29530000
15280000
6111000
2346000
1345000
999500
808200
2741000
3180000
2140000
1437000
1047000
834300
698100
601900
529800
839900
915400
802800
951800
935200
803500
742200
2428000
23630000
31340000
38340000
15790000
8135000
5161000
9301000
2615000
2316000
6524000
5241000
12080000
3378000
1125000
9558000
2652000
1649000
5946000
11030000
6726000
1797000
840800
6837000
11950000
2766000
1588000
430900
309700
255300
242000
229900
219100
209200
200200
3759000
13450000
7072000
8121000
30670000
9947000
4280000
1850000
1211000
920800
751900
3301000
23970000
9979000
4597000
13950000
5604000
5135000
1869000
1134000
802900
676500
586000
517700
464000
420700
385000
355000
329400
307300
288000
271100
256000
242600
230500
219600
209700
200600
192300
184700
177600
171100
165100
159400
154200
149200
2596000
3017000
1935000
8053000
8212000
4118000
2107000
1291000
965100
783900
663300
576200
510100
457900
415700
10320000
6037000
2756000
1462000
1017000
816300
685700
592800
522900
468200
424100
506600
528300
489200
444000
404300
371200
343300
319300
298500
280300
264300
250000
237100
225600
352900
462800
465800
431700
395100
363500
336700
313600
293600
276000
260400
246500
234000
222800
212600
203300
200200
5562000
4832000
2446000
1449000
1018000
816500
685900
593000
20160000
42560000
11420000
3939000
1320000
978000
792000
669000
580600
1216000
14260000
13720000
6177000
21980000
15230000
6087000
2482000
1353000
991300
8264000
5494000
2611000
1456000
1018000
816600
685900
945200
47010000
13310000
4757000
1454000
1018000
816600
9233000
5735000
2675000
1458000
1018000
816500
685900
592900
1182000
1315000
1085000
876300
2211000
16560000
14480000
5893000
9032000
5278000
2539000
1438000
1017000
815900
685500
592600
522700
468100
424000
387700
357300
331400
309000
289500
272400
257200
243600
231500
379700
447000
5556000
4753000
2426000
1444000
1017000
816300
951200
1683000
8156000
5190000
2902000
1837000
1273000
974800
1980000
2089000
5513000
4361000
2312000
1413000
1012000
812800
683400
591100
521500
467100
423200
387100
356700
330900
510600
577300
537900
484700
437500
398900
366700
339400
316000
1197000
18970000
9066000
4141000
1894000
1223000
932300
763000
648600
565200
501500
451100
410100
750300
1030000
974100
823700
694900
599600
528100
472300
427500
27940000
29830000
8949000
3142000
1319000
977300
791600
668700
6572000
5476000
2763000
1582000
6144000
4904000
2536000
1497000
1048000
835100
698600
602300
530200
473900
428800
391700
360600
334200
311500
291700
274300
258900
245200
232800
221700
227200
229700
221900
212400
203100
22660000
8592000
3454000
1464000
2337000
1390000
1021000
791900
668900
580400
513300
460500
460500
437900
404000
386000
535500
576500
532800
479600
433400
395500
363900
337000
2875000
3182000
1988000
2104000
2880000
6115000
3982000
2307000
1431000
1118000
845900
699600
2508000
914400
578400
427600
390700
1111000
1318000
1096000
884900
8373000
11090000
11040000
5181000
2416000
1376000
1e+06
805800
678500
587500
518800
464900
421400
385600
355500
329800
307700
288300
271400
256300
6722000
25260000
7749000
3139000
1324000
994000
796000
670500
581000
513700
460900
418200
382800
353100
327800
305900
318400
316000
299900
282200
265900
1355000
22400000
8122000
3339000
1440000
1017000
816100
685600
592700
522800
468100
424100
387800
357300
331400
309000
289600
272400
257200
243700
231500
220500
1318000
1653000
1312000
1016000
815700
685300
592500
522700
468000
424000
387700
357200
331300
1450000
1749000
1398000
1091000
868700
722700
619800
543500
484500
437400
398800
366600
339300
315900
295600
277700
262000
247900
235300
223900
213600
798800
1026000
904000
760000
646400
563600
1239000
2428000
6974000
15330000
14910000
41800000
11390000
4112000
1402000
1006000
807200
678800
587700
518900
465000
421500
385700
355500
329900
307700
288400
271400
256300
242800
230700
219800
209900
200800
192500
184800
177800
171300
165200
159500
154300
149300
144700
140400
11820000
8851000
4125000
2017000
1251000
945900
771700
27290000
9412000
3929000
1735000
1199000
931100
762200
648000
564800
501200
450800
409900
679100
2953000
3042000
1929000
1306000
971700
788100
666200
578400
511800
459300
443600
415600
383500
354000
328600
306600
3674000
31170000
11090000
5051000
2109000
2069000
3282000
2789000
1796000
1240000
940500
5365000
41190000
13840000
5897000
2124000
1328000
981500
794200
670500
758000
932900
976400
862600
731900
627900
549600
489300
441300
402000
369300
343000
4546000
4311000
2317000
1427000
1015000
814700
684600
592000
522300
14630000
6895000
2991000
1461000
1017000
816300
685800
592800
625800
606500
547100
489500
441400
402100
369400
6006000
4949000
2475000
1451000
1018000
2227000
2470000
3276000
2869000
6695000
4734000
2404000
1426000
1014000
814600
813300
1645000
1942000
1568000
1178000
918300
754000
642200
560400
497800
1420000
2300000
2016000
1445000
1073000
849400
3022000
3117000
1956000
1483000
1182000
944500
776300
657900
572200
507000
572900
576700
526400
473600
537900
976400
1068000
913900
10530000
5995000
2746000
1458000
1018000
816500
685900
6299000
4977000
4892000
3924000
2913000
3748000
27970000
13070000
5722000
3932000
1682000
3525000
2115000
975300
629200
515800
462500
419500
384000
354100
328600
306600
287500
270600
255600
316500
342800
329400
309100
289600
272500
257300
243700
231500
220500
552000
693200
643900
569700
505000
453900
412400
984100
7640000
5208000
2605000
1520000
1068000
849500
971700
1578000
6469000
2874000
2445000
1232000
1467000
14810000
3473000
1313000
4806000
1309000
635500
363700
336800
313800
293700
305700
302200
287200
270800
255800
242400
230300
219400
209500
235800
251700
244800
233600
888700
7694000
10880000
12490000
4915000
2298000
1287000
963100
782700
662400
575600
509600
457500
2689000
2957000
1906000
1301000
969600
786800
665300
577700
511200
458900
416500
381500
352000
326800
305100
3172000
3441000
2073000
1363000
995200
802700
676400
585900
517600
463900
420700
384900
9095000
5785000
2687000
1462000
1057000
861000
721200
5722000
15160000
8904000
4072000
1962000
7483000
3282000
2240000
1402000
1054000
838600
701000
604000
531500
475000
429700
392400
361200
334800
312000
292100
274700
259200
1871000
2247000
1618000
1177000
908100
747300
637400
556900
495000
445800
405800
372500
344400
320300
299400
4141000
16330000
6229000
2817000
9083000
5995000
4114000
8776000
15140000
56810000
13340000
4491000
1184000
917600
753500
728600
1965000
2138000
1550000
1139000
887500
733800
627800
549600
489300
441200
402000
369300
341600
317900
297300
279300
438400
6509000
6750000
3924000
2311000
4919000
35400000
25830000
8859000
3658000
19800000
18200000
5270000
20590000
11770000
3050000
870000
421800
385900
355700
330000
307900
288500
35610000
11190000
4167000
1463000
1017000
816100
685600
592700
522800
468100
424100
485800
1694000
30490000
9920000
3953000
1534000
1069000
847000
706700
608200
534700
477500
431700
394100
362700
735000
858900
5134000
5632000
4215000
2800000
1719000
4231000
6010000
33040000
25900000
19440000
6597000
9248000
27300000
8291000
18140000
