188000
187800
187600
187500
187300
187100
186900
186800
186600
186400
186200
186100
185900
185700
185600
185400
185200
191500
197500
202000
205200
207800
212900
216800
221800
238900
253000
263700
271600
277300
284200
289700
293600
298600
302700
307900
328100
355100
376300
392000
403500
413700
421100
426200
439000
448600
459100
466600
471700
475100
477100
478300
478800
480100
480800
481000
480700
480300
479600
478800
477900
477000
480600
483200
484600
485300
485400
485200
484600
484000
483700
490100
502500
514400
522700
528200
531700
533700
534800
535200
535000
536400
537200
537200
536900
536200
535300
534300
537200
539000
539800
540000
539700
539000
538100
537100
536000
534800
533500
532200
530900
529500
528200
526800
525500
524100
522800
521500
520100
518800
517500
516100
514800
513500
512200
532900
548900
559800
567100
571800
574700
576300
576900
579900
590700
598400
603200
606100
607600
608100
607900
607200
606300
605000
603700
602200
600600
599000
597300
595600
593900
592200
590500
588800
587100
585500
583800
582100
580400
578800
577100
575500
592400
605100
621000
632100
639400
643900
646400
647600
647900
647400
646500
645300
643900
642200
640500
650400
657400
661600
663900
664800
664800
664200
663100
661700
660000
658300
656400
654500
652500
650500
648500
646500
644500
642400
640400
638400
636400
634400
632400
630500
628500
626500
624600
622700
620800
618900
617000
615100
613200
611400
609500
607700
605900
604100
602300
600500
598700
596900
595100
593400
591700
589900
588200
586500
584800
583100
581400
579800
578100
576500
574800
573200
571600
569900
568300
566700
565200
563600
562000
560500
558900
557400
577100
592100
602200
608800
612900
615300
616400
616600
616300
615500
614400
613000
611600
610000
608400
606700
605000
603200
601500
599800
598000
596300
594500
592800
591100
589300
587600
585900
584200
582500
580900
579200
577500
575900
574300
572600
588700
622500
647900
705700
755800
792000
817100
834000
844900
851500
855100
856500
856400
855300
853500
851200
848500
845600
842500
839300
836100
832800
829500
826200
822900
819600
816300
813000
809800
806600
811800
833500
848600
858000
863300
865800
866500
865800
866000
867100
866700
865400
863300
860700
857900
854800
851600
848200
844900
841500
840800
847900
852100
853900
854000
852900
851100
848700
846000
843100
840000
836800
833600
830300
876000
974300
1050000
1104000
1140000
1163000
1177000
1184000
1187000
1187000
1185000
1181000
1189000
1192000
1192000
1190000
1186000
1191000
1193000
1192000
1189000
1185000
1180000
1174000
1169000
1162000
1158000
1154000
1149000
1143000
1137000
1132000
1127000
1171000
1203000
1222000
1233000
1241000
1245000
1245000
1243000
1257000
1268000
1273000
1274000
1272000
1268000
1263000
1257000
1251000
1251000
1248000
1244000
1238000
1232000
1226000
1219000
1231000
1238000
1240000
1239000
1236000
1231000
1230000
1287000
1328000
1365000
1431000
1476000
1503000
1518000
1524000
1525000
1522000
1516000
1508000
1500000
1491000
1481000
1471000
1461000
1451000
1441000
1431000
1421000
1411000
1401000
1392000
1382000
1373000
1363000
1358000
1352000
1345000
1337000
1329000
1447000
1535000
1593000
1661000
1849000
1994000
2088000
2145000
2175000
2209000
2266000
2298000
2309000
2308000
2298000
2283000
2265000
2245000
2223000
2201000
2179000
2273000
2363000
2414000
2507000
2563000
2589000
2594000
2586000
2570000
2619000
2642000
2644000
2634000
2615000
2592000
2566000
2538000
2509000
2480000
2451000
2498000
2521000
2524000
2515000
2498000
2477000
2453000
2428000
2402000
2375000
2349000
2322000
2317000
2305000
2288000
2269000
2247000
2225000
2202000
2180000
2157000
2135000
2113000
2091000
2070000
2049000
2028000
2008000
1988000
1969000
1949000
1931000
1912000
1894000
1877000
1859000
1842000
1826000
1809000
1793000
1777000
1762000
1747000
1731000
1717000
1702000
1688000
1674000
1660000
1647000
1633000
1620000
1607000
1594000
1582000
1570000
1557000
1545000
1534000
1522000
1511000
1499000
1488000
1477000
1467000
1456000
1446000
1435000
1432000
1461000
1478000
1487000
1488000
1486000
1481000
1474000
1466000
1457000
1448000
1439000
1429000
1419000
1410000
1400000
1391000
1381000
1372000
1363000
1354000
1344000
1336000
1327000
1318000
1310000
1301000
1293000
1285000
1276000
1268000
1260000
1253000
1245000
1237000
1230000
1222000
1215000
1208000
1200000
1193000
1186000
1179000
1172000
1166000
1159000
1152000
1146000
1139000
1133000
1127000
1120000
1114000
1108000
1102000
1096000
1090000
1084000
1078000
1073000
1067000
1061000
1056000
1050000
1045000
1040000
1034000
1029000
1024000
1019000
1013000
1008000
1003000
998300
993400
1009000
1022000
1029000
1032000
1033000
1032000
1029000
1026000
1022000
1018000
1013000
1009000
1004000
999400
994600
989800
985100
991500
999600
1004000
1005000
1006000
1005000
1003000
1e+06
996600
992600
988400
984100
979600
975100
970600
966100
961500
957000
952600
948100
943700
939300
935000
930700
926400
922200
918000
919600
919800
918500
916300
913600
910400
907000
903400
899600
895900
892100
888300
884400
880600
876800
880500
882200
882100
880900
878800
876200
873300
870100
866800
863400
859900
856400
879000
917800
945100
962700
973500
979500
982200
999700
1011000
1018000
1020000
1021000
1042000
1127000
1190000
1233000
1260000
1277000
1285000
1289000
1296000
1374000
1441000
1485000
1512000
1526000
1532000
1532000
1529000
1523000
1515000
1506000
1497000
1487000
1477000
1483000
1496000
1572000
1624000
1654000
1670000
1743000
1800000
1833000
1850000
1855000
1853000
1847000
1837000
1825000
1811000
1797000
1783000
1768000
1764000
1767000
1793000
1832000
1855000
1865000
1865000
1860000
1851000
1915000
1957000
1978000
2048000
2122000
2199000
2294000
2351000
2379000
2415000
2430000
2430000
2420000
2403000
2383000
2361000
2337000
2313000
2326000
2327000
2318000
2304000
2285000
2264000
2242000
2220000
2197000
2174000
2152000
2129000
2107000
2086000
2065000
2050000
2034000
2017000
2005000
1992000
1976000
1959000
1942000
1924000
1907000
1910000
1908000
2034000
2121000
2171000
2196000
2205000
2202000
2200000
2197000
2187000
2173000
2166000
2154000
2138000
2121000
2102000
2082000
2062000
2042000
2022000
2003000
1983000
1964000
1945000
1927000
1908000
1891000
1873000
1856000
1845000
1832000
1818000
1803000
1789000
1774000
1767000
1759000
1748000
1736000
1723000
1709000
1696000
1682000
1669000
1655000
1642000
1629000
1631000
1648000
1656000
1657000
1671000
1676000
1675000
1670000
1662000
1652000
1641000
1630000
1618000
1606000
1594000
1582000
1570000
1558000
1546000
1534000
1523000
1511000
1500000
1489000
1478000
1467000
1469000
1506000
1529000
1540000
1544000
1543000
1538000
1531000
1523000
1513000
1504000
1494000
1483000
1473000
1463000
1452000
1442000
1432000
1422000
1412000
1402000
1393000
1383000
1374000
1364000
1355000
1346000
1337000
1328000
1320000
1311000
1303000
1294000
1286000
1278000
1270000
1262000
1254000
1246000
1239000
1231000
1223000
1216000
1209000
1202000
1194000
1187000
1181000
1174000
1167000
1160000
1153000
1147000
1140000
1134000
1128000
1121000
1115000
1109000
1103000
1097000
1091000
1085000
1079000
1074000
1068000
1062000
1057000
1051000
1046000
1040000
1035000
1030000
1025000
1019000
1014000
1009000
1004000
999200
994200
989400
984500
979800
975000
970300
967600
964300
960600
956700
952600
948500
944200
940000
935700
931500
927200
923000
918800
914700
910600
906500
902400
898400
894400
890500
886600
882700
878900
894200
904700
910500
913300
913900
915400
915400
914100
911900
909100
906000
902600
899000
895400
891700
887900
884100
880300
876600
874400
891800
903700
910600
914100
915100
914600
913000
910600
907700
904500
901100
897500
895500
1010000
1103000
1169000
1214000
1243000
1261000
1270000
1275000
1275000
1273000
1269000
1264000
1258000
1252000
1245000
1238000
1231000
1224000
1216000
1209000
1202000
1195000
1188000
1181000
1174000
1168000
1161000
1154000
1148000
1141000
1135000
1128000
1122000
1116000
1110000
1104000
1098000
1092000
1086000
1080000
1074000
1069000
1063000
1057000
1052000
1046000
1041000
1036000
1030000
1025000
1020000
1015000
1010000
1005000
999800
994900
990000
985200
980400
975600
970900
966300
961700
957100
952600
948100
943700
939300
934900
930600
926300
922100
917900
913800
909600
905500
917200
931900
941100
945900
988600
1020000
1039000
1058000
1094000
1175000
1234000
1273000
1314000
1340000
1356000
1363000
1408000
1437000
1454000
1462000
1464000
1462000
1457000
1450000
1443000
1439000
1475000
1499000
1547000
1658000
1868000
2055000
2297000
2467000
2573000
2633000
2662000
2668000
2661000
2645000
2623000
2597000
2570000
2541000
2512000
2651000
2739000
2783000
2798000
2794000
2778000
2755000
2727000
2715000
2696000
2671000
2749000
2799000
2880000
2920000
2931000
2923000
2904000
2877000
2846000
2812000
2777000
2796000
2840000
2862000
2861000
2977000
3075000
3123000
3137000
3128000
3106000
3075000
3039000
3011000
2978000
2942000
2904000
2866000
2827000
2908000
2951000
2962000
2954000
2933000
2906000
2874000
2839000
2804000
2768000
2732000
2697000
2759000
2810000
2830000
2828000
2813000
2790000
2762000
2756000
2754000
2740000
2718000
2692000
2662000
2632000
2600000
2569000
2538000
2507000
2477000
2566000
2619000
2641000
2642000
2632000
2613000
2590000
2563000
2590000
2598000
2591000
2575000
2553000
2529000
2502000
2474000
2524000
2750000
2901000
2986000
3025000
3035000
3025000
3143000
3301000
3388000
3423000
3424000
3405000
3373000
3333000
3289000
3243000
3196000
3149000
3102000
3056000
3011000
2967000
2924000
2883000
2842000
2802000
2764000
2726000
2690000
2654000
2620000
2586000
2553000
2521000
2490000
2460000
2430000
2401000
2398000
2391000
2385000
2371000
2519000
2660000
2743000
2784000
2798000
2793000
2777000
2753000
2728000
2700000
2669000
2637000
2606000
2574000
2542000
2511000
2481000
2451000
2421000
2393000
2365000
2337000
2310000
2288000
2382000
2577000
2892000
3159000
3332000
3436000
3526000
3564000
3567000
3546000
3531000
3573000
3580000
3561000
3607000
3616000
3598000
3563000
3568000
3556000
3527000
3486000
3440000
3426000
3398000
3359000
3316000
3269000
3222000
3174000
3126000
3080000
3034000
2989000
2950000
2987000
3019000
3063000
3274000
3431000
3513000
3543000
3540000
3516000
3480000
3495000
3670000
3800000
3856000
4006000
4078000
4101000
4085000
4045000
3992000
3931000
3866000
3800000
3734000
3669000
3605000
3543000
3482000
3423000
3366000
3311000
3257000
3205000
3155000
3106000
3059000
3013000
2968000
2925000
2883000
2842000
2803000
2764000
2727000
2690000
2654000
2620000
2586000
2553000
2543000
2527000
2505000
2481000
2454000
2427000
2400000
2373000
2346000
2320000
2293000
2306000
2306000
2297000
2283000
2264000
2244000
2222000
2200000
2178000
2155000
2133000
2111000
2089000
2068000
2047000
2027000
2007000
1987000
1967000
1948000
1930000
1911000
1893000
1876000
1858000
1841000
1825000
1808000
1792000
1776000
1761000
1746000
1731000
1716000
1701000
1687000
1673000
1659000
1646000
1632000
1619000
1606000
1615000
1617000
1614000
1608000
1600000
1590000
1580000
1569000
1643000
1823000
1954000
2038000
2088000
2114000
2124000
2124000
2116000
2122000
2200000
2293000
2355000
2506000
2657000
2750000
2797000
2814000
2812000
2885000
2922000
2930000
2921000
2900000
2872000
2841000
2820000
3124000
3333000
3450000
3504000
3517000
3504000
3598000
3640000
3642000
3619000
3583000
3537000
3487000
3435000
3413000
3379000
3338000
3293000
3290000
3402000
3538000
3605000
3715000
3765000
3770000
3748000
3710000
3663000
3610000
3554000
3497000
3441000
3385000
3331000
3277000
3225000
3175000
3125000
3078000
3031000
2986000
2943000
2900000
2859000
2889000
2897000
2886000
2865000
2837000
2806000
2775000
2764000
2812000
2832000
2839000
2830000
2810000
2784000
2785000
2773000
2806000
2815000
2807000
2788000
2763000
2734000
2702000
2670000
2638000
2605000
2573000
2541000
2510000
2479000
2449000
2420000
2391000
2363000
2336000
2309000
2283000
2257000
2232000
2216000
2302000
2371000
2407000
2420000
2418000
2408000
2391000
2371000
2348000
2325000
2301000
2276000
2252000
2228000
2204000
2180000
2157000
2134000
2112000
2090000
2069000
2163000
2330000
2440000
2503000
2533000
2542000
2538000
2524000
2540000
2545000
2538000
2522000
2558000
2574000
2573000
2561000
2542000
2519000
2493000
2467000
2439000
2412000
2384000
2357000
2330000
2304000
2278000
2253000
2228000
2203000
2180000
2156000
2133000
2111000
2089000
2068000
2047000
2026000
2063000
2082000
2087000
2083000
2077000
2066000
2052000
2036000
2018000
2e+06
1982000
1963000
1945000
1927000
1909000
1891000
1874000
1857000
1840000
1823000
1807000
1791000
1775000
1759000
1744000
1729000
1714000
1700000
1686000
1691000
1693000
1690000
1683000
1674000
1663000
1652000
1640000
1628000
1615000
1603000
1590000
1578000
1566000
1554000
1542000
1538000
1556000
1594000
1616000
1627000
1630000
1627000
1621000
1613000
1603000
1593000
1582000
1571000
1559000
1548000
1536000
1525000
1514000
1502000
1491000
1481000
1529000
1561000
1578000
1586000
1587000
1583000
1577000
1569000
1559000
1549000
1539000
1528000
1517000
1506000
1495000
1485000
1474000
1463000
1453000
1442000
1432000
1464000
1484000
1494000
1497000
1495000
1491000
1484000
1476000
1467000
1458000
1448000
1439000
1429000
1419000
1409000
1400000
1390000
1381000
1371000
1362000
1353000
1344000
1335000
1326000
1318000
1309000
1301000
1292000
1284000
1276000
1268000
1260000
1252000
1245000
1237000
1229000
1222000
1215000
1207000
1200000
1193000
1186000
1179000
1172000
1165000
1159000
1152000
1146000
1139000
1133000
1126000
1120000
1114000
1108000
1102000
1096000
1090000
1084000
1078000
1072000
1067000
1061000
1056000
1064000
1097000
1144000
1266000
1358000
1421000
1461000
1486000
1499000
1504000
1504000
1501000
1495000
1488000
1480000
1470000
1461000
1451000
1442000
1432000
1422000
1412000
1403000
1393000
1383000
1374000
1365000
1356000
1347000
1338000
1329000
1320000
1312000
1303000
1295000
1286000
1299000
1316000
1325000
1328000
1327000
1324000
1319000
1402000
1462000
1502000
1526000
1539000
1543000
1543000
1539000
1532000
1524000
1515000
1505000
1498000
1513000
1520000
1521000
1518000
1513000
1505000
1496000
1487000
1477000
1467000
1457000
1447000
1437000
1427000
1417000
1408000
1431000
1533000
1618000
1674000
1707000
1736000
1766000
1782000
1788000
1786000
1780000
1813000
1981000
2124000
2215000
2268000
2295000
2304000
2301000
2291000
2277000
2266000
2253000
2236000
2217000
2197000
2175000
2154000
2132000
2110000
2089000
2068000
2099000
2114000
2116000
2110000
2099000
2084000
2067000
2049000
2031000
2100000
2143000
2163000
2168000
2163000
2152000
2138000
2121000
2102000
2083000
2063000
2044000
2024000
2004000
1985000
2015000
2031000
2034000
2029000
2019000
2027000
2029000
2043000
2047000
2083000
2102000
2107000
2102000
2092000
2078000
2064000
2067000
2067000
2059000
2047000
2032000
2016000
1999000
1981000
1963000
1954000
1953000
1946000
1935000
1921000
1906000
1914000
1913000
1907000
1898000
1886000
1872000
1857000
1842000
1827000
1811000
1795000
1780000
1765000
1749000
1734000
1727000
1717000
1706000
1747000
1773000
1784000
1786000
1782000
1774000
1764000
1780000
1787000
1809000
1822000
1832000
1851000
1969000
2077000
2144000
2181000
2198000
2201000
2195000
2183000
2168000
2150000
2131000
2111000
2091000
2070000
2050000
2030000
2010000
1990000
1971000
1952000
1933000
1915000
1897000
1879000
1862000
1845000
1828000
1812000
1796000
1780000
1764000
1749000
1734000
1719000
1704000
1690000
1676000
1662000
1649000
1635000
1622000
1609000
1596000
1584000
1571000
1572000
1568000
1562000
1554000
1544000
1549000
1549000
1545000
1541000
1535000
1527000
1518000
1508000
1498000
1488000
1478000
1467000
1457000
1447000
1436000
1426000
1416000
1407000
1397000
1387000
1378000
1368000
1359000
1350000
1350000
1369000
1406000
1429000
1441000
1446000
1446000
1442000
1437000
1430000
1422000
1413000
1405000
1396000
1387000
1377000
1368000
1359000
1350000
1341000
1333000
1324000
1315000
1307000
1298000
1290000
1282000
1274000
1266000
1258000
1250000
1242000
1235000
1227000
1220000
1212000
1205000
1198000
1191000
1184000
1178000
1171000
1165000
1158000
1152000
1145000
1151000
1182000
1214000
1234000
1245000
1261000
1278000
1287000
1290000
1290000
1287000
1283000
1277000
1271000
1264000
1257000
1250000
1243000
1236000
1228000
1221000
1214000
1207000
1199000
1192000
1185000
1178000
1172000
1165000
1158000
1152000
1145000
1139000
1132000
1126000
1120000
1113000
1107000
1101000
1113000
1121000
1124000
1152000
1177000
1192000
1220000
1272000
1450000
1591000
1688000
1752000
1790000
1811000
1820000
1835000
1841000
1839000
1832000
1823000
1811000
1798000
1784000
1770000
1755000
1741000
1726000
1712000
1698000
1684000
1670000
1656000
1665000
1678000
1686000
1687000
1712000
1847000
2017000
2133000
2205000
2329000
2471000
2560000
2715000
2858000
2941000
2980000
2991000
2982000
2962000
2934000
2902000
2867000
3109000
3269000
3353000
3387000
3389000
3370000
3339000
3300000
3257000
3212000
3166000
3119000
3111000
3317000
3449000
3511000
3528000
3517000
3489000
3450000
3405000
3357000
3308000
3258000
3209000
3160000
3125000
3086000
3122000
3147000
3165000
3160000
3139000
3165000
3197000
3434000
3731000
4028000
4200000
4370000
4717000
4918000
