270700
269400
267800
266100
264500
262800
261100
259500
257900
256300
254700
253200
251600
250100
248600
247200
644600
553900
507700
473500
479000
819800
652800
890800
3755000
2289000
2043000
1740000
1644000
2197000
1917000
1794000
2202000
2005000
2444000
7643000
9458000
6485000
5250000
4341000
4462000
3858000
3514000
5812000
4310000
4818000
3892000
3520000
3182000
2941000
2740000
2566000
2620000
2390000
2252000
2121000
2014000
1919000
1832000
1754000
1681000
2226000
1882000
1780000
1666000
1595000
1536000
1480000
1428000
1437000
2170000
2865000
2686000
2250000
2035000
1898000
1809000
1733000
1662000
1597000
1735000
1590000
1524000
1456000
1405000
1358000
1315000
1689000
1446000
1378000
1304000
1260000
1223000
1187000
1154000
1123000
1093000
1064000
1038000
1012000
987800
964700
942600
921600
901400
882100
863700
846000
829000
812600
797000
781900
767400
753400
2440000
1616000
1486000
1316000
1261000
1223000
1188000
1154000
1338000
2061000
1594000
1482000
1368000
1316000
1275000
1237000
1201000
1167000
1134000
1104000
1075000
1048000
1022000
997000
973400
951000
929500
909000
889400
870700
852700
835400
818800
802900
787600
772900
758700
1871000
1332000
1890000
1453000
1365000
1274000
1230000
1195000
1161000
1129000
1099000
1070000
1043000
1017000
992900
1704000
1339000
1269000
1180000
1141000
1110000
1081000
1053000
1027000
1002000
978300
955600
933900
913200
893400
874500
856400
838900
822200
806200
790700
775900
761600
747800
734500
721700
709300
697300
685800
674600
663800
653300
643100
633300
623700
614500
605500
596800
588300
580000
572000
564200
556700
549300
542100
535100
528300
521600
515100
508800
502600
496600
490700
485000
479400
473900
468600
463300
458200
453200
448300
443500
438800
434200
429700
425300
421000
1156000
830700
787200
722500
704000
692200
680800
669800
659100
648800
638800
629100
619600
610500
601600
593000
584600
576500
568600
560900
553400
546100
539000
532100
525300
518700
512300
506100
5e+05
494000
488200
482500
477000
471500
466200
461100
1065000
2144000
1470000
5572000
4081000
3314000
2770000
2510000
2357000
2228000
2111000
2007000
1913000
1827000
1748000
1677000
1611000
1549000
1493000
1440000
1391000
1346000
1303000
1263000
1225000
1190000
1156000
1125000
1095000
1066000
1366000
2391000
1769000
1628000
1480000
1419000
1371000
1327000
1393000
1416000
1313000
1259000
1212000
1176000
1143000
1112000
1083000
1055000
1029000
1004000
1088000
1377000
1195000
1143000
1088000
1057000
1030000
1005000
981400
958500
936700
915900
896000
877000
3822000
9638000
5795000
4789000
3834000
3443000
3169000
2936000
2736000
2562000
2409000
2273000
2886000
2432000
2275000
2107000
1998000
2529000
2129000
1999000
1862000
1776000
1702000
1634000
1571000
1513000
1554000
1467000
1409000
1356000
1311000
1317000
1255000
3841000
2529000
2292000
1995000
2119000
1913000
1817000
1722000
2575000
2229000
2013000
1850000
1750000
1677000
1611000
1549000
1543000
1682000
1529000
1463000
1398000
1350000
1307000
1267000
2018000
1596000
1504000
1395000
1342000
1300000
1425000
4314000
2829000
3192000
5407000
3838000
3408000
2964000
2739000
2564000
2411000
2275000
2154000
2046000
1948000
1859000
1778000
1703000
1635000
1572000
1514000
1460000
1410000
1363000
1319000
1278000
1239000
1203000
1274000
1188000
1149000
1110000
1080000
7584000
4358000
3778000
5029000
16320000
9949000
7816000
5881000
4992000
5632000
6961000
5261000
4549000
3935000
3562000
3269000
3021000
2810000
2626000
2466000
2324000
6912000
5913000
4685000
7116000
5223000
4528000
3882000
3504000
3219000
5529000
4101000
3679000
3221000
2962000
2758000
2581000
2426000
2289000
2166000
2056000
4081000
2969000
2709000
2404000
2252000
2134000
2027000
1931000
1843000
1764000
1690000
1623000
1949000
1721000
1641000
1553000
1493000
1441000
1392000
1346000
1303000
1263000
1225000
1190000
1156000
1125000
1095000
1066000
1040000
1014000
989600
966400
944200
923100
902900
883500
865000
847300
830200
813800
798100
783000
768400
754400
740900
727800
715200
703100
691300
679900
668900
658300
648000
638000
628300
618900
609800
600900
592300
584000
575900
568000
560300
552800
545500
538400
531500
524800
537200
1040000
798300
760700
710700
694300
682800
671800
661000
650600
640500
630800
621300
612100
603200
594500
586100
577900
570000
562300
554700
547400
540300
533300
526500
519900
513500
507200
501100
495100
489200
483500
478000
472500
467200
462000
456900
451900
447000
442300
437600
433000
428600
424200
419900
415700
411600
407500
403600
399700
395900
392100
388500
384800
381300
377800
374400
371100
367800
364600
361400
358300
355200
352200
349200
346300
343500
340600
337900
335100
332500
329800
327200
324700
322200
530100
474900
444800
423900
415100
410700
406700
402700
398900
395100
391300
387700
384100
380600
377100
373700
370400
507200
508800
472600
455600
469100
454500
448900
442500
437700
433100
428600
424300
420000
415800
411600
407600
403600
399700
395900
392200
388500
384900
381400
377900
374500
371100
367900
441300
403900
396700
387500
383200
379700
376300
372900
369600
366300
363100
360000
356900
353900
350900
463100
407900
398800
386700
382100
378600
375200
371900
368600
365300
362100
359000
842600
1264000
948800
869400
803400
782800
768200
1345000
1045000
991900
925700
900200
1732000
5787000
3595000
3094000
2579000
2384000
2250000
2132000
2467000
7591000
5789000
4662000
3843000
3407000
3131000
2904000
2708000
2537000
2387000
2254000
2135000
2029000
1932000
2608000
2720000
6388000
4226000
3707000
3146000
7154000
5428000
4530000
3808000
3407000
3135000
2907000
2711000
2540000
2389000
2256000
2137000
2030000
2338000
2470000
3272000
3745000
3018000
2697000
2448000
2297000
2174000
5453000
3707000
3316000
5931000
5838000
6539000
7685000
5632000
4796000
5395000
4351000
3902000
3479000
3190000
2954000
2752000
2575000
2421000
3456000
2792000
2585000
2358000
2219000
2104000
2001000
1907000
1821000
1744000
1672000
1606000
1546000
1489000
1437000
1537000
1420000
1366000
1468000
1349000
1299000
1248000
1209000
1175000
1142000
1559000
1356000
5752000
3485000
3074000
2569000
2380000
2248000
2353000
2325000
2119000
1993000
2207000
1957000
1854000
1751000
1676000
1610000
1549000
1492000
1440000
1391000
1345000
1302000
1262000
1225000
1189000
1156000
1124000
1094000
1143000
1083000
1053000
1021000
996100
979200
1098000
1023000
986800
953200
929600
909000
889400
870700
852700
835400
818800
802900
1065000
1311000
1091000
1026000
1326000
1144000
1101000
1049000
1020000
995500
972000
949600
928200
907800
888200
869500
851600
834400
817800
801900
786700
772000
757800
744200
731000
718300
858300
1640000
1216000
1136000
1044000
1011000
986600
963500
941500
920500
900400
881200
862700
845100
828100
811800
796200
781100
766600
752700
739200
726200
713700
701600
689900
678500
667600
657000
646700
636800
627100
617700
608700
599800
591300
583000
574900
567000
559300
551900
544600
537600
530700
524000
517400
511000
504800
498700
492800
487000
481400
475800
470400
465200
460000
455000
450000
445200
440500
435800
431300
426900
422500
418300
414100
410000
406000
402100
398200
394400
390700
387100
383500
380000
376500
373100
369800
366600
363300
360200
357100
354100
351100
348100
345200
342400
339600
336800
334100
331400
328800
326200
323700
321200
318700
316300
313900
311600
309200
307000
304700
302500
300300
298100
296000
293900
291900
289800
521600
422900
410400
390700
385200
417500
398200
393000
386800
382900
379400
376000
372600
369300
366000
362800
359700
356600
353600
361000
662600
535400
518300
491800
483600
478000
472500
467200
462000
456900
451900
447100
457500
6541000
3572000
3098000
2485000
2292000
2169000
2059000
1960000
1870000
1788000
1713000
1644000
1580000
1521000
1467000
1416000
1369000
1324000
1283000
1244000
1208000
1173000
1141000
1110000
1081000
1053000
1027000
1002000
977900
955300
933600
913000
893200
874300
856100
838700
822000
806000
790500
775700
761400
747600
734300
721500
709100
697200
685600
674400
663600
653100
643000
633200
623600
614400
605400
596600
588200
579900
571900
564100
556600
549200
542000
535000
528200
521500
515000
508700
502600
496500
490700
484900
479300
473800
468500
463200
746900
786300
685300
646400
1945000
1331000
1240000
1350000
2409000
5552000
3619000
3128000
3813000
3046000
2800000
2544000
5150000
3679000
3310000
2890000
2675000
2508000
2362000
2231000
2115000
2225000
4304000
3097000
5047000
9829000
20200000
15010000
21500000
12720000
9615000
7170000
5950000
5147000
4544000
4071000
3690000
3376000
3113000
2888000
2694000
9304000
5822000
5009000
4071000
3642000
3336000
3078000
2859000
3195000
2776000
2583000
5784000
4243000
5910000
4340000
3850000
3384000
3103000
2880000
2687000
2519000
2371000
3595000
4215000
3501000
3035000
7106000
5976000
4771000
3990000
3520000
3225000
2984000
2778000
2808000
2560000
2404000
2257000
2137000
2030000
5077000
3450000
3096000
2677000
2486000
2342000
2214000
2099000
1996000
1902000
1818000
1740000
3884000
3252000
2807000
2479000
2291000
2165000
2055000
2539000
2508000
2207000
2042000
1917000
1827000
1749000
1677000
1611000
1550000
1493000
1441000
4134000
2800000
2544000
2220000
2083000
1981000
1889000
1806000
3067000
2340000
2166000
1966000
1865000
1783000
1708000
1640000
3454000
10200000
6176000
5162000
4123000
3677000
3365000
7937000
8884000
6459000
5298000
4450000
3973000
3610000
3309000
3056000
2839000
2652000
2488000
2344000
2215000
2101000
1997000
1904000
1819000
1741000
1670000
1604000
1544000
1488000
1435000
1387000
1341000
1299000
1259000
1222000
1186000
1153000
1122000
1404000
1295000
1377000
1232000
5349000
4752000
3638000
3037000
2696000
2515000
2368000
2237000
2145000
2028000
1930000
1841000
1761000
1689000
1621000
1560000
1502000
1449000
1400000
1353000
1310000
1270000
1232000
1205000
3971000
7434000
14230000
11320000
8473000
6794000
7002000
5593000
4881000
4264000
4332000
5900000
4535000
4019000
5745000
4374000
3912000
3436000
4349000
3707000
3315000
2986000
2760000
3359000
2832000
2627000
2418000
2276000
2155000
2046000
1948000
1859000
1778000
1704000
1646000
3096000
2752000
3219000
8658000
6412000
5131000
4184000
3683000
3363000
3101000
4387000
9007000
7035000
5627000
9111000
6288000
5619000
4618000
4098000
3700000
3383000
3119000
2893000
2699000
2529000
2380000
2248000
2130000
2024000
1928000
1840000
1761000
1688000
1621000
1559000
1502000
1449000
1399000
1353000
1310000
1269000
1231000
1195000
1162000
1130000
1099000
1071000
1044000
1018000
1152000
1058000
1026000
990500
965900
943800
922700
902500
883200
864700
846900
1337000
1081000
1031000
970200
943600
922400
902300
882900
864400
846700
829700
813300
797600
782500
768000
754000
740400
727400
714800
702700
690900
679600
668600
658000
647700
637700
628000
618600
609500
600700
592100
583700
575600
567700
560000
552600
545300
538200
531300
524600
518000
511600
760900
631000
608700
580800
570500
562700
555200
547800
2051000
6250000
3741000
3195000
2636000
2435000
2297000
2174000
2063000
2543000
5226000
5469000
4492000
9627000
9183000
6835000
5534000
4660000
4144000
7235000
5201000
4565000
3899000
3525000
3238000
2995000
3186000
18420000
9952000
7955000
5810000
4940000
4383000
7924000
5621000
4898000
4142000
3721000
3402000
3134000
2907000
3458000
2913000
2695000
2477000
3216000
6197000
6746000
5020000
7065000
5089000
4463000
3851000
3490000
3208000
2970000
2765000
2587000
2432000
2294000
2171000
2060000
1961000
1871000
1789000
1713000
1644000
1581000
1522000
1467000
1417000
2560000
1959000
1830000
1673000
1597000
1537000
1524000
1817000
2970000
2235000
2254000
1957000
1847000
1753000
2293000
1933000
3069000
2332000
2156000
1963000
1863000
1781000
1707000
1638000
1575000
1517000
1462000
1412000
1365000
1321000
1280000
1241000
1205000
1170000
1138000
1107000
1078000
1051000
1025000
1102000
3230000
2581000
2170000
1895000
1763000
1686000
1619000
1558000
1500000
1447000
1398000
1352000
1309000
1268000
1230000
1195000
1161000
1129000
1099000
1070000
1043000
3748000
6210000
4142000
3510000
2976000
2742000
2567000
2414000
3207000
2786000
2550000
2341000
3844000
2998000
2736000
2459000
2303000
2178000
2067000
1967000
1876000
1794000
1718000
1649000
1585000
1526000
1471000
1420000
1372000
1328000
1286000
1247000
1210000
1176000
1143000
1112000
1083000
1055000
2085000
1554000
1455000
1332000
1368000
1285000
1242000
1199000
1165000
1133000
1102000
1073000
1046000
1020000
995600
972100
949700
928300
907800
888300
869600
851600
834400
817900
802000
786700
772000
757800
744200
1016000
913200
859300
818800
796900
781400
766900
752900
739500
726500
713900
701800
690100
678800
667800
657200
723700
1080000
1488000
1165000
1081000
1007000
978100
955400
933800
913100
893300
874400
856200
838800
822100
806100
790700
775800
761500
747700
734400
1961000
1370000
1277000
1152000
1111000
1081000
1054000
1027000
1002000
978500
955800
934200
913500
893700
874700
856600
839200
822400
806400
790900
776100
1649000
1219000
1147000
1054000
1020000
995500
972100
949700
928300
907800
888300
869600
851600
834400
817900
802000
786700
772000
757800
744200
731000
718300
706000
694200
682700
671600
660900
650500
640500
630700
621200
612000
603100
594500
586000
577900
569900
562200
554700
547300
540200
533200
526500
519900
513400
507100
501000
495000
489200
483500
477900
472500
467100
461900
456800
451900
447000
442200
437600
433000
428500
424100
419900
567800
1052000
1513000
5651000
3354000
2914000
2421000
2248000
2130000
2024000
1928000
1841000
1761000
1688000
1621000
1559000
1502000
1449000
1399000
1353000
1310000
1269000
1231000
1196000
1162000
1130000
1100000
1071000
1044000
1018000
993400
970000
947700
926400
906100
886600
1357000
1389000
1222000
1145000
1092000
1062000
1035000
4737000
2936000
2767000
2302000
2145000
2028000
1931000
1843000
1763000
1690000
1623000
1561000
1589000
2309000
1883000
1770000
1643000
1573000
1515000
1461000
1410000
1363000
1320000
1278000
1240000
1203000
1169000
1137000
1106000
2154000
5987000
4493000
3718000
3076000
3360000
3724000
3074000
2791000
2549000
2391000
4149000
13410000
9585000
7279000
5606000
4741000
4216000
3808000
3474000
3254000
3266000
3018000
2755000
2557000
2395000
2260000
2141000
2034000
1937000
1849000
1768000
3316000
2461000
2268000
2041000
1930000
1843000
1763000
1690000
1623000
4363000
2967000
2686000
2341000
2191000
2078000
1977000
1886000
1802000
1726000
1656000
1591000
1532000
1476000
1425000
2692000
2026000
1886000
1715000
1635000
2103000
1862000
2316000
1976000
3190000
2402000
2213000
2008000
1902000
1817000
1780000
2237000
2035000
1863000
1739000
1655000
1589000
1530000
1474000
1423000
1610000
1696000
1522000
1442000
1375000
1328000
1869000
1547000
1467000
1403000
1340000
1296000
1255000
1217000
1182000
1149000
1118000
1088000
1060000
1034000
1008000
1115000
1034000
1003000
2272000
1630000
1518000
1374000
1318000
1277000
1239000
1966000
1553000
2072000
1765000
1848000
2114000
6491000
5416000
4311000
3602000
3198000
2952000
2750000
2574000
2419000
2283000
2161000
2052000
1953000
1864000
1782000
1707000
1639000
1576000
1517000
1463000
1413000
1365000
1321000
1280000
1242000
1205000
1171000
1138000
1108000
1079000
1051000
1025000
1e+06
976300
953700
932200
911500
891800
873000
854900
837500
820900
804900
789500
774700
934900
833900
808400
779700
763700
1038000
883100
850500
872500
823700
804400
784400
769300
755200
741600
728600
715900
703800
692000
680600
669600
658900
648600
638600
628900
619500
610300
601500
592800
674100
961200
1441000
1101000
1021000
948100
921200
901100
881800
863400
845700
828700
812400
796700
781600
767100
753100
739700
726600
714100
702000
690300
678900
668000
657300
647100
637100
627400
618100
609000
600100
591600
583200
575100
567300
559600
552100
544900
537800
530900
524200
517600
511300
505000
499000
493000
664100
1140000
1196000
983300
904400
1148000
1199000
1067000
1011000
970200
946100
924900
904600
885200
866600
848700
831600
815200
799400
784200
769600
755600
742000
728900
716300
704100
692300
680900
669900
659200
648900
638800
629100
619700
610600
601700
593100
584700
576500
877900
740200
711900
1422000
1223000
1118000
1671000
2702000
14120000
7838000
6350000
4796000
4179000
3777000
3448000
3946000
3335000
3062000
2798000
2610000
2451000
2311000
2186000
2074000
1974000
1882000
1799000
1723000
1653000
1589000
1529000
1474000
2059000
2027000
1935000
1756000
2715000
8712000
10580000
7133000
5719000
9699000
10660000
7660000
12390000
10880000
8151000
6489000
5388000
4712000
4204000
3798000
3466000
3189000
15360000
8723000
7137000
5395000
4649000
4155000
3759000
3433000
3161000
2929000
2730000
2557000
3210000
10350000
6495000
5433000
4349000
3853000
3510000
3225000
2985000
2778000
2598000
2441000
2302000
2178000
2335000
2103000
3590000
3077000
3126000
2675000
2471000
3589000
3655000
11070000
12660000
13440000
9102000
10400000
17560000
11090000
16240000
