2016000
1806000
1756000
1737000
1719000
1701000
1683000
1666000
1649000
1632000
1616000
1600000
1584000
1569000
1554000
1539000
27310000
8084000
1913000
1482000
2286000
12080000
2881000
8368000
41940000
6819000
1393000
1381000
1369000
7935000
2930000
1429000
6475000
2998000
6447000
36270000
26390000
4065000
1263000
1253000
4582000
1690000
1224000
15160000
3114000
6682000
1939000
1180000
1171000
1163000
1154000
1146000
3001000
1385000
1122000
1115000
1107000
1100000
1092000
1085000
1078000
7602000
1957000
1056000
1050000
1043000
1036000
1030000
1023000
2179000
10300000
12180000
6012000
1492000
985700
979700
973800
968000
962300
956600
3609000
1309000
939900
934500
929100
923800
918600
5771000
1573000
903200
898200
893300
888400
883500
878700
874000
869300
864700
860100
855500
851000
846600
842200
837800
833500
829200
825000
820800
816700
812600
808600
804500
800600
796600
32540000
5132000
785000
781300
777500
773800
770100
766500
5206000
11040000
2079000
752200
748800
745300
741900
738500
735200
731900
728600
725300
722100
718900
715700
712600
709400
706300
703300
700200
697200
694200
691300
688300
685400
682500
679700
676800
674000
24790000
3967000
8260000
1702000
660300
657600
655000
652300
649700
647100
644600
642000
639500
637000
634500
14040000
2464000
627100
624700
622300
619900
617600
615200
612900
610600
608300
606000
603800
601500
599300
597100
594900
592700
590600
588400
586300
584200
582100
580000
577900
575900
573800
571800
569800
567800
565800
563900
561900
2447000
816100
556100
554200
552300
550500
548600
546800
544900
543100
541300
539500
537700
535900
534100
532400
530700
528900
527200
4460000
1062000
522100
520400
518800
517100
515500
513800
512200
510600
509000
507400
505800
504300
502700
28020000
4264000
498100
496600
495100
493600
1491000
627200
489100
487600
486200
484700
483300
481800
480400
479000
477600
476200
474800
473400
472000
470600
469300
467900
466600
465200
463900
462600
461300
460000
458700
457400
456100
454800
453500
452300
25400000
26220000
3507000
36720000
9575000
1015000
443800
442600
441300
440100
439000
437800
436600
435400
434300
433100
431900
430800
429700
428500
427400
426300
425100
424000
422900
421800
420700
419600
418600
417500
10990000
15500000
2280000
413500
412400
411400
410300
409300
1950000
1931000
585800
405200
404200
403200
402200
401200
400200
399300
398300
397300
2750000
6801000
1227000
393500
392600
391600
390700
389800
388800
387900
387000
386000
385100
384200
35250000
45630000
5918000
381100
380200
379300
378400
377600
376700
375800
374900
374100
6264000
1178000
371600
370700
369900
5298000
1042000
367400
366600
365700
364900
364100
363300
362500
1498000
604600
372200
359300
358500
887100
429300
25670000
3818000
354800
354000
2259000
613200
351700
351000
8736000
2796000
526600
348100
347300
346600
345800
345100
914100
2846000
674500
342200
341500
340800
340100
339400
9349000
1570000
337300
336600
335900
335200
2266000
28280000
4120000
5423000
18550000
2728000
330900
330200
329500
328900
328200
327600
326900
326200
325600
324900
324300
323600
323000
322300
321700
321100
320400
319800
319200
318500
317900
317300
3617000
767500
315500
314900
314300
52380000
7436000
312900
11520000
46810000
8107000
535900
310300
309800
5582000
11110000
1686000
307500
306900
306400
305800
305200
304600
304100
303500
302900
29700000
11220000
1245000
15150000
2960000
386000
299400
298900
298300
14980000
2306000
296800
296300
295700
295200
294600
294100
293600
293100
292500
18340000
2760000
291200
290600
290100
289600
289100
288600
288100
287500
287000
286500
6498000
1135000
285200
284700
284200
283700
283200
282700
282200
281800
281300
280800
280300
279800
279300
278800
278400
277900
277400
276900
276500
276000
275500
275100
274600
274100
273700
273200
272800
6611000
1139000
271600
271200
270700
270300
269800
269400
268900
268500
268000
267600
267200
266700
266300
265800
265400
265000
264500
264100
263700
263200
262800
262400
262000
261600
261100
8939000
14710000
2074000
260200
259800
259400
259000
258600
258200
257800
257400
256900
256500
256100
255700
255300
254900
254500
254100
253700
253300
252900
252500
252200
251800
251400
251000
250600
250200
249800
249400
249100
248700
248300
247900
247500
247200
246800
246400
246000
245700
245300
244900
244600
244200
243800
243500
243100
242700
242400
242000
241600
241300
240900
240600
240200
239900
239500
239100
238800
238400
238100
237700
237400
237100
236700
236400
236000
235700
235300
235000
234700
234300
234000
233600
20140000
4619000
460600
233000
232700
232300
232000
231700
231300
231000
230700
230300
230000
229700
229400
229000
228700
9861000
4259000
599300
227800
1358000
381800
226900
226600
226300
226000
225600
225300
225000
224700
224400
224100
223800
223500
223200
222900
222500
222200
221900
221600
221300
221000
1071000
5289000
897700
220000
219700
219400
219100
218800
218500
218200
217900
217600
217400
217100
216800
216500
6055000
1015000
215800
215500
215200
214900
214700
214400
214100
213800
213500
213200
18530000
17330000
2212000
213100
212800
212500
212200
10330000
1596000
211700
211400
211200
13310000
38550000
5609000
266000
211200
211000
210700
210400
3646000
31940000
9181000
852500
210200
209900
209600
209400
209100
208800
208600
208300
208000
207800
207500
6382000
5511000
26020000
3655000
207200
206900
21560000
5575000
541400
206600
208700
206400
205800
205500
205200
205000
204700
204500
204200
3557000
3919000
9312000
9322000
1578000
242900
203100
202800
202600
22190000
3210000
202400
16850000
10280000
9647000
12850000
1776000
202100
6070000
1004000
201600
201300
201100
200800
200600
200300
200100
8991000
1402000
199600
199300
199100
198800
198600
198300
198100
197900
197600
197400
197100
196900
196700
2340000
489400
196000
1956000
436400
195400
195100
194900
194600
194400
6050000
1479000
36600000
5165000
194400
194200
193900
193700
2130000
1870000
386300
192900
2672000
531700
192400
192200
191900
191700
191500
191300
191000
190800
190600
190400
190100
189900
189700
189500
189200
189000
3512000
643400
188700
188500
258400
522000
2498000
691600
214100
187400
187200
187000
186800
186500
186300
186100
185900
185700
7116000
7480000
1054000
185900
5870000
963500
185800
185600
185400
185200
185000
184700
184500
184300
184100
183900
183700
183500
183300
183100
182900
182700
182500
182300
182000
181800
8917000
15200000
2074000
182700
182500
182200
182000
181800
181600
181400
181200
181000
180800
180600
180400
180200
180000
179800
179600
179400
179200
179000
178800
178600
178400
178200
178000
177900
177700
177500
177300
177100
176900
176700
176500
176300
176100
175900
175700
175500
175400
175200
175000
174800
174600
174400
174200
174000
173900
234600
181800
173300
173100
172900
172700
172600
172400
172200
172000
171800
171700
3701000
654300
171400
171200
171000
170900
170700
170500
170300
170100
170000
169800
169600
169400
169300
169100
168900
168700
168600
168400
168200
168000
167900
167700
5636000
915700
167600
167400
167300
167100
166900
166700
166600
166400
166200
166100
165900
165700
165600
165400
165200
165000
164900
164700
164500
164400
164200
14730000
2158000
164900
164700
164500
2006000
416200
164200
164000
163800
163700
163500
163300
163200
163000
162900
162700
162500
162400
3696000
13260000
1889000
163000
162800
162600
162500
162300
162200
162000
161800
161700
161500
2977000
71600000
9883000
164000
163900
163700
163500
163400
163200
163000
162900
162700
162500
162400
162200
162100
161900
161700
161600
161400
161300
161100
160900
160800
160600
160500
160300
160100
160000
159800
159700
159500
159400
159200
159000
158900
158700
158600
158400
158300
158100
158000
157800
157700
157500
157400
157200
157000
156900
156700
156600
156400
156300
156100
156000
155800
155700
155500
155400
155200
155100
154900
154800
154700
154500
154400
154200
154100
153900
153800
153600
1138000
288100
153300
153100
153000
152800
13290000
6193000
734000
153500
23400000
3335000
154800
3419000
13300000
28140000
3974000
188300
6904000
1080000
157300
157100
16280000
2364000
157900
157700
157600
157400
157300
157100
157000
1830000
15710000
2253000
12650000
27770000
42400000
13640000
27250000
3716000
164400
164200
164100
163900
163700
163600
163400
163200
163100
162900
162700
33390000
4709000
164300
164100
164000
163800
163600
163500
3461000
614400
163200
19560000
3975000
1.1e+07
1626000
164900
164700
164500
164400
164200
164000
163900
9720000
9088000
2200000
300500
21790000
8251000
867500
166100
165900
165800
165600
165400
1902000
402800
165100
164900
164700
164500
20560000
2956000
165700
165500
165300
165200
165000
164800
164700
164500
164300
164200
18200000
6109000
641000
165200
165000
164800
164700
4851000
3354000
513300
164600
164400
164300
164100
163900
163800
163600
163400
163300
24770000
3531000
164600
164400
164300
164100
163900
163800
11120000
1663000
164100
164000
163800
163600
163500
163300
16570000
40620000
5392000
166100
165900
165700
165500
22520000
16610000
1999000
167600
167500
167300
167100
167000
166800
166600
166400
166300
166100
165900
165800
165600
165400
165300
165100
164900
164800
164600
164400
164300
164100
163900
163800
163600
163400
163300
163100
162900
9609000
2130000
1969000
397600
34910000
13030000
1275000
165300
165100
164900
164800
680000
1139000
288000
164200
164000
163900
163700
163500
163400
163200
163000
162900
162700
162600
162400
162200
3179000
26280000
30750000
37450000
12670000
2097000
1645000
6137000
959000
167800
167600
3041000
10210000
1488000
167900
10940000
1641000
168300
168100
6762000
1957000
289500
168000
167800
5471000
893300
167700
167600
167400
167200
167100
166900
166700
166500
166400
3041000
13180000
5157000
6876000
31650000
8185000
692800
169100
169000
168800
168600
8271000
26090000
7682000
733800
16850000
2453000
1068000
293900
171100
170900
170700
170500
170400
170200
170000
169800
169600
169500
169300
169100
168900
168800
168600
168400
168200
168100
167900
167700
167500
167400
167200
167000
166900
166700
166500
166300
166200
166000
6177000
6033000
856300
166200
166000
165900
165700
165500
165400
165200
165000
164900
9930000
1501000
165100
165000
164800
164600
164500
164300
164100
164000
163800
163600
163500
163300
163100
163000
162800
162600
162500
162300
162200
162000
161800
161700
161500
161400
161200
161000
160900
160700
160600
160400
160200
160100
159900
159800
159600
159400
159300
159100
159000
158800
9576000
1447000
159100
158900
158800
158600
158500
158300
28560000
42710000
5450000
162000
161900
161700
161500
161400
161200
4472000
19730000
12560000
3104000
24660000
13750000
1570000
165300
165100
164900
15110000
2210000
165600
165400
165300
165100
164900
2366000
56530000
7835000
166900
166800
166600
166400
16620000
2418000
167200
167000
166900
166700
166500
166400
4464000
754200
166200
166000
6662000
19790000
13340000
1620000
11970000
1783000
168600
168500
168300
168100
167900
167800
167600
167400
167300
167100
166900
166700
166600
166400
166200
166100
165900
165700
165500
165400
12810000
1895000
165900
165700
165500
165400
755300
4075000
12450000
1775000
1670000
371400
165600
165400
5551000
902100
9528000
1446000
165800
165600
165400
165200
165100
164900
164700
164600
164400
164200
164100
163900
163700
163600
163400
163300
163100
162900
162800
162600
162400
3004000
23950000
6486000
591000
163900
163700
163600
163400
163300
163100
162900
162800
162600
162400
162300
162100
162000
161800
161600
161500
161300
161100
30100000
27300000
3316000
164300
164200
164000
163800
163700
7871000
2080000
281800
163700
11230000
2037000
213200
163900
163800
163600
163400
163300
163100
162900
162800
162600
162400
162300
162100
162000
161800
161600
161500
161300
161200
161000
160800
160700
160500
160400
19620000
2824000
161400
161200
1236000
308100
160800
160700
160500
160400
160200
160000
159900
159700
159600
159400
159300
159100
158900
158800
158600
158500
158300
158200
158000
157900
157700
157600
2428000
7331000
1817000
256200
157500
157400
157200
157100
156900
156800
156600
156500
156300
156200
156000
155900
155700
5972000
8969000
10720000
1452000
156700
156600
156400
156300
156100
156000
155800
155700
155500
155400
155200
155100
154900
154800
154600
154500
2974000
23430000
3286000
155800
155600
155500
155400
155200
155100
154900
154800
154600
154500
154300
154200
154000
153900
153700
153600
153400
153300
153200
20370000
2919000
154200
154100
153900
153800
153600
153500
153300
153200
153000
152900
152800
152600
152500
152300
152200
152000
151900
151800
151600
151500
151300
151200
151100
150900
150800
150600
150500
150400
150200
150100
149900
149800
149700
149500
149400
149200
149100
149000
148800
148700
148600
148400
148300
148200
148000
147900
147800
147600
147500
147300
147200
147100
146900
146800
146700
146600
146400
146300
146200
146000
2809000
9549000
15110000
14290000
41950000
5638000
150400
150300
150100
150000
149800
149700
149600
149400
149300
149100
149000
148900
148700
148600
148500
148300
148200
148100
147900
147800
147700
147500
147400
147300
147100
147000
146900
146700
146600
146500
146300
11760000
5961000
725000
146900
146800
146600
146500
3.5e+07
4916000
1179000
289400
148400
148200
148100
148000
147800
147700
147600
147400
1299000
8422000
1258000
147600
147400
147300
147200
147000
146900
146800
146600
146500
146400
146200
146100
146000
145800
12690000
32850000
8308000
1168000
214700
3357000
5095000
765300
148600
148400
148300
12220000
42550000
11120000
889400
151500
151300
151200
151100
150900
577800
1671000
893600
224800
150400
150300
150100
150000
149800
149700
149600
149400
12930000
1898000
149900
149800
149700
149500
149400
149200
149100
21960000
3134000
150300
150100
150000
149800
149700
149600
149400
149300
149200
149000
148900
148700
148600
13260000
1942000
149100
149000
148900
5670000
1447000
5062000
1100000
10220000
1522000
149400
149300
149100
149000
636100
5e+06
1726000
275100
148800
148600
148500
148400
148200
148100
3069000
3103000
497500
147900
147800
147700
6498000
1016000
147700
483700
193400
147300
147200
147100
146900
146800
146700
146500
146400
146300
146100
2720000
498100
145900
16260000
2351000
146700
146500
146400
146300
146100
8966000
1353000
6530000
1852000
2486000
5148000
30130000
11020000
1087000
149000
148900
148700
148600
148400
148300
148200
148000
147900
147800
147600
147500
147400
147200
147100
147000
146800
146700
146600
146400
146300
146200
146000
145900
145800
145700
145500
145400
145300
145100
145000
144900
144700
144600
2294000
438500
144400
144200
144100
144000
143900
143700
6990000
1080000
143800
143700
143600
5727000
907300
143600
1340000
307000
143300
143200
143000
142900
142800
142600
142500
142400
142300
142100
142000
141900
141800
141700
141500
141400
141300
141200
141000
8476000
9512000
11300000
1515000
142200
142100
142000
141900
141700
141600
141500
141400
141200
141100
141000
140900
140700
140600
140500
140400
140300
140100
140000
139900
139800
139700
139500
139400
139300
139200
139100
138900
138800
138700
138600
138500
138300
138200
138100
5434000
862500
138100
138000
137900
137800
137600
6949000
14270000
6989000
829000
138700
4978000
4107000
591100
138800
138700
138500
138400
138300
138200
138100
138000
137800
137700
137600
137500
137400
137300
137100
137000
136900
136800
136700
136600
136500
136300
136200
136100
136000
135900
135800
135700
135500
135400
135300
14110000
2242000
162400
13490000
4514000
902200
8991000
15570000
58640000
8390000
211100
140700
140600
140500
140300
4527000
740400
140300
140100
140000
139900
139800
139700
139500
139400
139300
139200
139100
138900
138800
138700
138600
8484000
4494000
1922000
322800
8954000
36340000
24140000
2827000
320200
18300000
15520000
1909000
19950000
10790000
1231000
145800
145700
145500
145400
145300
145200
145000
46360000
6469000
147500
147400
147200
147100
147000
146800
146700
146600
146400
146300
6119000
34890000
5414000
234100
148500
148400
148200
148100
147900
147800
147700
147500
147400
147300
2334000
446300
12010000
4283000
3567000
568500
147700
8832000
5840000
34430000
24020000
16800000
2069000
10040000
28470000
4184000
20290000
