378700
378100
377400
376600
375800
374900
374100
373200
372300
371500
370600
369800
369000
368100
367300
366500
414600
415700
425300
434800
440000
466400
464200
493900
635900
602400
621200
639000
641400
665800
664800
666400
687000
687500
710000
942500
1004000
980300
1009000
1019000
1037000
1028000
1026000
1148000
1104000
1169000
1146000
1138000
1134000
1125000
1117000
1109000
1126000
1109000
1101000
1095000
1088000
1080000
1073000
1066000
1059000
1113000
1088000
1083000
1081000
1074000
1066000
1059000
1053000
1056000
1135000
1222000
1216000
1198000
1197000
1189000
1178000
1169000
1161000
1153000
1181000
1159000
1151000
1145000
1136000
1128000
1120000
1173000
1141000
1133000
1129000
1120000
1112000
1104000
1097000
1089000
1082000
1075000
1068000
1061000
1054000
1047000
1040000
1034000
1027000
1021000
1014000
1008000
1002000
995500
989400
983400
977400
971600
1296000
1181000
1186000
1205000
1195000
1184000
1177000
1169000
1226000
1311000
1260000
1256000
1253000
1241000
1230000
1221000
1212000
1204000
1195000
1186000
1177000
1169000
1160000
1152000
1144000
1136000
1128000
1120000
1112000
1105000
1097000
1090000
1083000
1075000
1068000
1061000
1060000
1345000
1229000
1319000
1297000
1285000
1279000
1268000
1258000
1248000
1239000
1230000
1220000
1211000
1202000
1193000
1367000
1292000
1284000
1287000
1274000
1262000
1253000
1243000
1234000
1225000
1216000
1206000
1198000
1189000
1180000
1171000
1163000
1155000
1147000
1138000
1131000
1123000
1115000
1107000
1100000
1092000
1085000
1078000
1071000
1064000
1057000
1050000
1043000
1068000
1056000
1052000
1048000
1042000
1036000
1029000
1023000
1016000
1010000
1004000
997600
991500
985400
979500
973600
967800
962000
956300
995700
980000
977500
976300
971000
965300
959800
954300
948800
943200
937800
932400
927000
921800
925100
1129000
1071000
1080000
1095000
1090000
1083000
1100000
1084000
1077000
1072000
1064000
1057000
1050000
1044000
1037000
1030000
1024000
1017000
1011000
1005000
998400
992300
986300
980300
974400
968600
962800
957100
951500
945900
940400
935000
929600
924300
919000
913800
1106000
1314000
1228000
1689000
1615000
1604000
1626000
1614000
1596000
1581000
1567000
1552000
1538000
1523000
1509000
1495000
1481000
1468000
1455000
1442000
1429000
1416000
1404000
1392000
1380000
1368000
1357000
1346000
1335000
1324000
1477000
1581000
1526000
1531000
1530000
1514000
1499000
1486000
1494000
1491000
1474000
1463000
1451000
1438000
1425000
1413000
1401000
1389000
1377000
1365000
1387000
1440000
1406000
1398000
1392000
1379000
1367000
1356000
1345000
1333000
1323000
1312000
1301000
1291000
1711000
2327000
2051000
2069000
2092000
2052000
2017000
1992000
1969000
1946000
1923000
1900000
2002000
1933000
1909000
1894000
1870000
1949000
1888000
1865000
1850000
1827000
1804000
1784000
1765000
1746000
1752000
1725000
1705000
1689000
1671000
1660000
1642000
2121000
1910000
1885000
1892000
1901000
1856000
1833000
1816000
1969000
1907000
1872000
1860000
1837000
1813000
1792000
1772000
1765000
1792000
1752000
1733000
1717000
1698000
1679000
1662000
1818000
1733000
1712000
1704000
1683000
1662000
1672000
2212000
1971000
2051000
2385000
2224000
2193000
2184000
2149000
2116000
2088000
2062000
2036000
2010000
1986000
1961000
1938000
1915000
1892000
1870000
1849000
1828000
1807000
1787000
1768000
1749000
1730000
1712000
1787000
1730000
1710000
1697000
1677000
2735000
2311000
2285000
2553000
3851000
3306000
3223000
3236000
3144000
3240000
3449000
3265000
3207000
3159000
3088000
3024000
2967000
2913000
2861000
2811000
2763000
3734000
3523000
3362000
3845000
3624000
3516000
3463000
3384000
3306000
3741000
3506000
3429000
3387000
3309000
3234000
3169000
3108000
3049000
2992000
2937000
3538000
3239000
3166000
3139000
3066000
2997000
2940000
2887000
2836000
2787000
2740000
2694000
2895000
2748000
2695000
2662000
2612000
2565000
2524000
2485000
2448000
2411000
2375000
2341000
2307000
2275000
2243000
2212000
2182000
2153000
2125000
2097000
2070000
2044000
2018000
1993000
1969000
1945000
1922000
1899000
1877000
2085000
1976000
1951000
1941000
1914000
1887000
1865000
1844000
1823000
1803000
1783000
1764000
1744000
1726000
1708000
1690000
1672000
1655000
1638000
1622000
1606000
1590000
1574000
1559000
1544000
1530000
1515000
1648000
1825000
1735000
1730000
1727000
1705000
1684000
1667000
1650000
1634000
1617000
1601000
1586000
1570000
1555000
1540000
1526000
1511000
1497000
1484000
1470000
1457000
1444000
1431000
1418000
1406000
1394000
1382000
1370000
1359000
1347000
1336000
1325000
1315000
1304000
1293000
1283000
1273000
1263000
1253000
1244000
1234000
1225000
1216000
1207000
1198000
1189000
1180000
1172000
1163000
1155000
1147000
1139000
1131000
1123000
1115000
1107000
1100000
1092000
1085000
1078000
1071000
1064000
1057000
1050000
1043000
1036000
1030000
1023000
1017000
1011000
1004000
998000
991900
985900
1200000
1147000
1141000
1153000
1146000
1136000
1129000
1122000
1114000
1107000
1099000
1092000
1085000
1077000
1070000
1063000
1056000
1172000
1157000
1138000
1140000
1148000
1133000
1124000
1118000
1110000
1102000
1095000
1088000
1080000
1073000
1066000
1059000
1052000
1045000
1039000
1032000
1026000
1019000
1013000
1006000
1e+06
994100
1003000
1029000
1017000
1015000
1013000
1007000
1001000
995000
989000
983100
977100
971300
965500
959800
954100
948500
988500
972500
970100
969000
963800
958100
952700
947300
941900
936400
931000
925700
1052000
1154000
1117000
1129000
1136000
1128000
1120000
1241000
1184000
1176000
1176000
1166000
1321000
1709000
1564000
1578000
1598000
1580000
1561000
1547000
1577000
2123000
1997000
1945000
1957000
1931000
1898000
1874000
1853000
1833000
1812000
1792000
1772000
1753000
1734000
1851000
1871000
2345000
2131000
2105000
2106000
2520000
2390000
2347000
2345000
2311000
2272000
2239000
2209000
2179000
2150000
2122000
2094000
2067000
2115000
2133000
2266000
2351000
2279000
2257000
2234000
2199000
2167000
2605000
2434000
2407000
2853000
2917000
3040000
3289000
3081000
3016000
3169000
3022000
2955000
2911000
2855000
2801000
2753000
2706000
2662000
2925000
2752000
2697000
2667000
2616000
2567000
2526000
2487000
2449000
2413000
2377000
2342000
2309000
2276000
2244000
2266000
2219000
2189000
2201000
2160000
2131000
2105000
2078000
2051000
2025000
2127000
2067000
2847000
2561000
2532000
2544000
2495000
2447000
2454000
2437000
2394000
2363000
2385000
2335000
2302000
2273000
2241000
2210000
2180000
2151000
2123000
2095000
2068000
2042000
2016000
1991000
1967000
1943000
1920000
1898000
1976000
1916000
1893000
1876000
1859000
1841000
1868000
1832000
1810000
1792000
1771000
1751000
1732000
1714000
1696000
1678000
1661000
1644000
1782000
1848000
1772000
1760000
1875000
1798000
1773000
1761000
1739000
1718000
1700000
1682000
1665000
1648000
1631000
1615000
1599000
1583000
1568000
1553000
1538000
1524000
1509000
1495000
1482000
1468000
1604000
1759000
1687000
1688000
1686000
1667000
1648000
1632000
1616000
1600000
1584000
1569000
1554000
1539000
1524000
1510000
1496000
1482000
1469000
1456000
1443000
1430000
1417000
1405000
1393000
1381000
1369000
1358000
1346000
1335000
1324000
1314000
1303000
1293000
1282000
1272000
1262000
1253000
1243000
1233000
1224000
1215000
1206000
1197000
1188000
1179000
1171000
1162000
1154000
1199000
1170000
1162000
1157000
1148000
1139000
1131000
1123000
1116000
1108000
1101000
1093000
1155000
1120000
1112000
1109000
1100000
1091000
1084000
1077000
1070000
1063000
1056000
1049000
1042000
1036000
1029000
1023000
1016000
1010000
1004000
997400
991200
985200
998200
988200
1026000
1013000
1010000
1009000
1003000
997100
991200
985300
979400
973500
967700
962000
956300
950700
945100
939600
934200
928800
923500
918300
913100
908000
903700
1016000
982500
985500
991500
987000
996800
988200
983800
979600
974000
968200
962600
956900
951300
945800
940300
934900
929500
924200
957900
1037000
1014000
1019000
1023000
1018000
1012000
1006000
1001000
994600
988600
982600
976700
1001000
1766000
1521000
1558000
1614000
1601000
1583000
1570000
1558000
1543000
1529000
1515000
1501000
1487000
1473000
1460000
1447000
1434000
1421000
1409000
1397000
1385000
1373000
1361000
1350000
1339000
1328000
1317000
1306000
1296000
1286000
1275000
1265000
1256000
1246000
1236000
1227000
1218000
1209000
1200000
1191000
1182000
1174000
1165000
1157000
1149000
1140000
1133000
1125000
1117000
1109000
1102000
1094000
1087000
1080000
1072000
1065000
1058000
1051000
1045000
1038000
1031000
1025000
1018000
1012000
1006000
999500
993400
987300
981300
975400
996900
985100
981300
978200
972700
966900
1059000
1065000
1061000
1068000
1364000
1244000
1239000
1293000
1433000
1710000
1613000
1625000
1762000
1699000
1680000
1671000
2003000
1842000
1817000
1816000
1788000
1763000
1743000
1725000
1707000
1728000
2036000
1877000
2132000
2601000
3592000
3405000
4178000
3879000
3780000
3724000
3622000
3529000
3451000
3379000
3309000
3242000
3178000
3117000
3057000
4183000
3718000
3633000
3621000
3524000
3429000
3354000
3286000
3341000
3235000
3170000
3816000
3552000
3844000
3689000
3598000
3531000
3447000
3369000
3299000
3233000
3169000
3459000
3548000
3420000
3356000
4078000
3935000
3792000
3752000
3669000
3573000
3491000
3416000
3413000
3321000
3253000
3193000
3129000
3068000
3753000
3430000
3353000
3325000
3245000
3168000
3104000
3046000
2989000
2935000
2882000
2831000
3449000
3265000
3147000
3119000
3052000
2980000
2921000
3048000
3019000
2927000
2881000
2831000
2777000
2727000
2681000
2638000
2595000
2554000
2514000
3324000
2942000
2873000
2865000
2796000
2732000
2683000
2640000
3007000
2792000
2733000
2706000
2651000
2600000
2557000
2517000
3046000
4121000
3560000
3503000
3489000
3380000
3286000
4020000
4280000
3983000
3926000
3853000
3739000
3641000
3558000
3481000
3407000
3337000
3269000
3203000
3141000
3081000
3023000
2967000
2913000
2861000
2811000
2763000
2716000
2671000
2627000
2585000
2544000
2505000
2466000
2429000
2393000
2358000
2324000
2549000
2458000
2461000
2433000
3507000
3328000
3147000
3141000
3074000
2991000
2928000
2922000
2886000
2822000
2775000
2728000
2681000
2636000
2594000
2552000
2513000
2474000
2436000
2400000
2365000
2331000
2297000
2362000
3020000
3687000
4568000
4519000
4311000
4287000
4449000
4171000
4044000
3954000
3978000
4328000
4031000
3925000
4411000
4074000
3947000
3875000
4047000
3886000
3783000
3711000
3625000
3741000
3600000
3522000
3458000
3383000
3310000
3243000
3178000
3117000
3057000
3e+06
3105000
3446000
3336000
3459000
4547000
4254000
4056000
4009000
3896000
3777000
3681000
3895000
4965000
4611000
4389000
5256000
4743000
4604000
4492000
4346000
4214000
4101000
3998000
3900000
3808000
3719000
3635000
3554000
3477000
3404000
3333000
3265000
3200000
3137000
3077000
3019000
2964000
2910000
2858000
2808000
2760000
2714000
2669000
2625000
2583000
2542000
2503000
2464000
2427000
2619000
2678000
2579000
2550000
2517000
2471000
2431000
2394000
2359000
2325000
2292000
2260000
2471000
2367000
2337000
2320000
2285000
2250000
2219000
2189000
2159000
2131000
2103000
2076000
2050000
2024000
1999000
1974000
1950000
1927000
1904000
1882000
1860000
1839000
1818000
1798000
1778000
1759000
1740000
1721000
1703000
1686000
1668000
1651000
1634000
1618000
1602000
1586000
1571000
1556000
1541000
1526000
1512000
1498000
1629000
1578000
1569000
1566000
1551000
1535000
1521000
1507000
1978000
2637000
2324000
2334000
2350000
2299000
2256000
2224000
2195000
2263000
2604000
2767000
2691000
3516000
3504000
3285000
3252000
3186000
3101000
3574000
3320000
3248000
3213000
3140000
3070000
3011000
3037000
5199000
4289000
4164000
4178000
4028000
3890000
4640000
4204000
4073000
4011000
3893000
3783000
3692000
3609000
3686000
3561000
3484000
3419000
3581000
4120000
4374000
4076000
4660000
4290000
4132000
4043000
3924000
3816000
3724000
3640000
3559000
3482000
3408000
3337000
3269000
3204000
3141000
3081000
3023000
2967000
2913000
2862000
2811000
2763000
3192000
2953000
2889000
2861000
2800000
2743000
2720000
2804000
3126000
2903000
2902000
2846000
2782000
2729000
2876000
2749000
3036000
2860000
2797000
2761000
2705000
2654000
2610000
2568000
2528000
2489000
2451000
2414000
2379000
2344000
2310000
2278000
2246000
2215000
2185000
2156000
2127000
2100000
2073000
2125000
2594000
2471000
2430000
2430000
2393000
2351000
2315000
2283000
2251000
2220000
2190000
2161000
2132000
2105000
2077000
2051000
2025000
2e+06
1976000
1952000
1928000
2587000
2970000
2717000
2717000
2702000
2638000
2585000
2544000
2775000
2658000
2597000
2568000
2902000
2711000
2650000
2625000
2574000
2526000
2485000
2448000
2411000
2375000
2341000
2307000
2275000
2243000
2212000
2182000
2153000
2125000
2097000
2070000
2044000
2018000
1993000
1969000
1945000
1922000
2404000
2202000
2174000
2177000
2167000
2123000
2094000
2070000
2043000
2017000
1992000
1968000
1944000
1921000
1899000
1876000
1855000
1834000
1813000
1793000
1773000
1754000
1735000
1717000
1715000
1690000
1673000
1657000
1695000
1810000
1748000
1724000
1713000
1692000
1671000
1653000
1637000
1621000
1604000
1589000
1573000
1558000
1543000
1528000
1514000
1602000
1668000
1825000
1747000
1736000
1729000
1706000
1686000
1668000
1651000
1635000
1618000
1602000
1587000
1571000
1556000
1541000
1527000
1512000
1498000
1561000
1924000
1775000
1767000
1775000
1751000
1727000
1709000
1692000
1674000
1657000
1640000
1624000
1608000
1592000
1576000
1561000
1546000
1531000
1517000
1503000
1489000
1830000
1704000
1696000
1705000
1685000
1664000
1647000
1631000
1615000
1599000
1583000
1568000
1553000
1538000
1524000
1509000
1495000
1482000
1468000
1455000
1442000
1429000
1417000
1404000
1392000
1380000
1369000
1357000
1346000
1335000
1324000
1313000
1302000
1292000
1282000
1272000
1262000
1252000
1242000
1233000
1224000
1214000
1205000
1196000
1188000
1179000
1170000
1162000
1154000
1146000
1137000
1130000
1122000
1114000
1106000
1099000
1091000
1084000
1077000
1070000
1063000
1062000
1085000
1188000
1320000
1409000
1957000
1764000
1774000
1798000
1774000
1750000
1732000
1715000
1697000
1680000
1662000
1645000
1629000
1613000
1597000
1581000
1566000
1551000
1536000
1521000
1507000
1493000
1480000
1466000
1453000
1440000
1427000
1415000
1402000
1390000
1379000
1367000
1355000
1525000
1515000
1492000
1494000
1485000
1469000
1456000
2034000
1816000
1830000
1841000
1814000
1789000
1768000
1750000
1731000
1713000
1695000
1677000
1687000
1835000
1745000
1725000
1716000
1693000
1672000
1655000
1638000
1622000
1606000
1590000
1574000
1559000
1544000
1530000
1515000
1669000
2265000
2093000
2063000
2073000
2112000
2151000
2089000
2067000
2046000
2018000
2261000
3244000
3010000
2903000
2910000
2847000
2776000
2723000
2678000
2653000
2656000
2610000
2560000
2521000
2481000
2442000
2405000
2369000
2335000
2301000
2269000
2525000
2409000
2379000
2364000
2328000
2291000
2259000
2228000
2197000
2646000
2479000
2453000
2451000
2411000
2370000
2336000
2303000
2270000
2239000
2208000
2178000
2149000
2121000
2093000
2366000
2240000
2212000
2201000
2168000
2259000
2202000
2278000
2229000
2421000
2327000
2296000
2278000
2244000
2210000
2192000
2266000
2223000
2189000
2166000
2137000
2108000
2080000
2054000
2028000
2074000
2081000
2035000
2014000
1992000
1965000
2086000
2009000
1984000
1977000
1948000
1922000
1900000
1878000
1856000
1835000
1814000
1794000
1774000
1755000
1736000
1782000
1737000
1717000
2064000
1898000
1870000
1868000
1839000
1812000
1791000
1980000
1878000
1996000
1950000
1964000
2032000
2623000
2533000
2471000
2478000
2443000
2397000
2360000
2326000
2294000
2261000
2230000
2200000
2170000
2141000
2113000
2086000
2059000
2033000
2008000
1983000
1959000
1936000
1913000
1890000
1868000
1847000
1826000
1806000
1786000
1766000
1747000
1728000
1710000
1692000
1674000
1657000
1640000
1712000
1667000
1652000
1641000
1624000
1607000
1591000
1579000
1657000
1620000
1609000
1601000
1586000
1649000
1615000
1603000
1613000
1593000
1578000
1564000
1549000
1535000
1520000
1506000
1492000
1479000
1465000
1452000
1439000
1426000
1414000
1402000
1390000
1378000
1366000
1355000
1343000
1475000
1528000
1621000
1589000
1588000
1582000
1566000
1551000
1537000
1522000
1508000
1494000
1481000
1467000
1454000
1441000
1428000
1416000
1404000
1391000
1380000
1368000
1356000
1345000
1334000
1323000
1312000
1323000
1305000
1295000
1287000
1276000
1266000
1256000
1247000
1237000
1228000
1218000
1209000
1301000
1255000
1247000
1244000
1234000
1223000
1214000
1305000
1434000
1434000
1413000
1414000
1471000
1480000
1457000
1451000
1442000
1428000
1416000
1403000
1392000
1380000
1368000
1357000
1345000
1334000
1323000
1312000
1302000
1291000
1281000
1271000
1261000
1251000
1242000
1232000
1223000
1214000
1205000
1196000
1187000
1178000
1170000
1162000
1153000
1165000
1351000
1270000
1263000
1443000
1405000
1390000
1507000
1651000
2777000
2358000
2356000
2400000
2350000
2302000
2269000
2341000
2279000
2249000
2225000
2194000
2163000
2134000
2106000
2079000
2053000
2027000
2002000
1977000
1953000
1930000
1907000
1885000
2071000
2042000
2021000
1998000
2170000
2922000
3301000
2998000
2987000
3607000
3745000
3499000
4212000
4324000
4035000
3958000
3870000
3756000
3659000
3576000
3498000
3424000
5487000
4591000
4433000
4424000
4262000
4112000
4001000
3905000
3812000
3723000
3639000
3558000
3703000
5203000
4515000
4362000
4325000
4174000
4036000
3929000
3836000
3746000
3661000
3579000
3501000
3426000
3439000
3341000
3702000
3587000
3591000
3505000
3429000
3669000
3655000
5134000
5529000
5752000
5378000
5767000
7210000
6331000
7740000
