899000
895100
891100
887000
883000
879100
875100
871200
867400
863600
859800
856000
852300
848600
844900
841300
1595000
1066000
959800
959800
985500
1349000
1025000
1347000
3011000
1349000
1260000
1268000
1265000
1591000
1344000
1294000
1542000
1373000
1561000
3328000
3237000
1825000
1749000
1745000
1992000
1763000
1735000
2793000
1885000
2237000
1876000
1840000
1825000
1809000
1793000
1777000
1931000
1773000
1749000
1734000
1719000
1704000
1690000
1675000
1661000
2188000
1720000
1678000
1667000
1653000
1640000
1626000
1613000
1750000
2310000
2461000
2055000
1772000
1747000
1734000
1720000
1705000
1691000
1676000
1915000
1689000
1662000
1649000
1635000
1622000
1609000
1986000
1644000
1611000
1599000
1587000
1574000
1562000
1549000
1537000
1525000
1513000
1502000
1490000
1479000
1468000
1457000
1446000
1436000
1425000
1415000
1405000
1395000
1385000
1375000
1365000
1356000
1347000
3610000
1713000
1600000
1602000
1593000
1582000
1570000
1558000
2044000
2352000
1688000
1640000
1630000
1618000
1605000
1593000
1580000
1567000
1555000
1542000
1530000
1518000
1519000
1498000
1486000
1475000
1464000
1453000
1442000
1432000
1421000
1411000
1401000
1391000
1381000
1371000
1532000
2843000
1623000
2136000
1636000
1597000
1588000
1577000
1565000
1552000
1540000
1528000
1516000
1505000
1493000
1482000
2595000
1643000
1577000
1570000
1559000
1548000
1536000
1524000
1512000
1501000
1489000
1478000
1467000
1456000
1445000
1435000
1424000
1414000
1404000
1394000
1384000
1374000
1364000
1355000
1346000
1336000
1327000
1318000
1310000
1301000
1292000
1284000
1277000
1610000
1320000
1296000
1290000
1282000
1274000
1266000
1258000
1250000
1242000
1234000
1227000
1219000
1211000
1204000
1197000
1189000
1182000
1309000
1531000
1235000
1213000
1208000
1201000
1194000
1187000
1180000
1173000
1166000
1159000
1152000
1146000
1139000
1322000
2564000
1380000
1313000
1315000
1310000
1302000
1459000
1315000
1300000
1292000
1284000
1276000
1268000
1260000
1252000
1244000
1236000
1228000
1220000
1213000
1205000
1254000
1200000
1190000
1183000
1176000
1169000
1163000
1156000
1149000
1142000
1136000
1129000
1123000
1116000
1215000
2563000
2456000
1482000
3960000
2170000
1776000
1760000
1751000
1738000
1724000
1709000
1694000
1680000
1665000
1651000
1638000
1624000
1611000
1597000
1584000
1572000
1559000
1547000
1535000
1523000
1511000
1499000
1488000
1477000
1466000
2517000
2670000
1724000
1664000
1656000
1645000
1632000
1619000
1765000
1719000
1612000
1595000
1582000
1570000
1558000
1545000
1533000
1521000
1509000
1498000
1644000
1911000
1555000
1525000
1515000
1505000
1493000
1482000
1471000
1460000
1449000
1439000
1428000
1418000
3734000
4890000
2185000
2038000
2038000
2023000
2005000
1985000
1966000
1946000
1927000
1908000
2361000
1954000
1913000
1896000
1879000
2245000
1910000
1873000
1857000
1840000
1823000
1807000
1790000
1774000
1853000
1765000
1739000
1723000
1709000
1735000
1686000
3619000
1978000
1867000
1859000
1995000
1854000
1830000
1813000
2445000
1991000
1859000
1840000
1824000
1808000
1791000
1775000
1803000
1937000
1764000
1739000
1725000
1710000
1695000
1681000
2374000
1767000
1717000
1705000
1691000
1677000
1821000
3807000
2006000
2279000
3298000
2158000
2076000
2062000
2042000
2022000
2002000
1982000
1962000
1942000
1923000
1904000
1886000
1868000
1850000
1833000
1816000
1799000
1783000
1767000
1751000
1735000
1720000
1705000
2155000
1751000
1713000
1700000
1686000
5690000
2350000
2145000
3009000
7262000
3237000
2799000
2768000
2735000
3340000
3931000
2903000
2804000
2768000
2730000
2693000
2656000
2620000
2586000
2552000
2519000
6091000
3853000
2976000
4611000
3250000
3057000
3012000
2968000
2924000
4646000
3159000
3021000
2980000
2936000
2893000
2851000
2810000
2770000
2731000
2693000
5091000
3042000
2874000
2839000
2801000
2762000
2723000
2686000
2649000
2614000
2579000
2546000
3489000
2641000
2555000
2525000
2493000
2462000
2432000
2402000
2373000
2344000
2316000
2289000
2262000
2237000
2211000
2186000
2162000
2138000
2115000
2093000
2070000
2049000
2027000
2007000
1986000
1966000
1947000
1927000
1908000
3113000
2090000
2011000
1996000
1977000
1958000
1939000
1920000
1901000
1883000
1865000
1847000
1830000
1813000
1796000
1780000
1764000
1748000
1733000
1718000
1703000
1688000
1673000
1659000
1645000
1631000
1618000
2752000
2815000
1875000
1813000
1803000
1789000
1774000
1758000
1742000
1727000
1712000
1697000
1682000
1668000
1654000
1640000
1626000
1613000
1600000
1587000
1574000
1561000
1549000
1537000
1525000
1513000
1501000
1490000
1479000
1468000
1457000
1446000
1435000
1425000
1415000
1404000
1394000
1384000
1375000
1365000
1356000
1346000
1337000
1328000
1319000
1310000
1302000
1293000
1284000
1276000
1268000
1260000
1252000
1244000
1236000
1228000
1220000
1213000
1205000
1198000
1191000
1183000
1176000
1169000
1162000
1155000
1149000
1142000
1135000
1129000
1122000
1116000
1110000
1103000
1097000
2533000
1406000
1266000
1264000
1260000
1254000
1246000
1239000
1231000
1223000
1216000
1208000
1201000
1194000
1186000
1179000
1172000
1890000
1418000
1264000
1255000
1319000
1255000
1244000
1237000
1230000
1222000
1214000
1207000
1200000
1192000
1185000
1178000
1171000
1164000
1157000
1150000
1144000
1229000
1145000
1134000
1128000
1122000
1243000
1381000
1159000
1141000
1137000
1131000
1124000
1118000
1112000
1106000
1099000
1093000
1087000
1081000
1075000
1069000
1433000
1116000
1093000
1089000
1084000
1078000
1072000
1067000
1061000
1055000
1049000
1044000
2017000
1926000
1258000
1225000
1225000
1220000
1214000
1728000
1289000
1258000
1253000
1247000
1908000
3466000
1711000
1587000
1589000
1581000
1571000
1559000
1822000
4032000
2312000
1873000
1850000
1839000
1823000
1807000
1791000
1775000
1759000
1743000
1728000
1713000
1698000
2205000
2104000
3750000
2079000
1968000
1959000
3621000
2424000
2168000
2144000
2125000
2102000
2080000
2058000
2037000
2016000
1995000
1975000
1955000
2229000
2225000
2662000
2697000
2161000
2094000
2075000
2055000
2034000
3747000
2319000
2214000
3806000
3366000
3470000
3922000
2717000
2616000
3277000
2669000
2598000
2566000
2534000
2501000
2470000
2439000
2409000
3447000
2520000
2432000
2405000
2377000
2349000
2321000
2294000
2267000
2241000
2215000
2191000
2166000
2142000
2119000
2323000
2117000
2084000
2205000
2068000
2039000
2019000
1999000
1978000
1959000
2424000
2045000
5115000
2507000
2333000
2320000
2297000
2271000
2430000
2370000
2245000
2215000
2395000
2206000
2172000
2149000
2126000
2103000
2081000
2059000
2038000
2017000
1996000
1976000
1956000
1937000
1918000
1899000
1881000
1863000
2343000
1914000
1872000
1856000
1885000
1857000
2003000
1846000
1807000
1790000
1774000
1758000
1743000
1727000
1712000
1697000
1683000
1668000
2493000
2293000
1805000
1767000
2241000
1822000
1782000
1768000
1753000
1738000
1722000
1707000
1693000
1678000
1664000
1650000
1636000
1622000
1609000
1596000
1583000
1570000
1558000
1545000
1533000
1521000
2662000
2790000
1784000
1719000
1711000
1699000
1685000
1671000
1657000
1643000
1629000
1616000
1603000
1590000
1577000
1564000
1552000
1540000
1528000
1516000
1504000
1493000
1481000
1470000
1459000
1448000
1438000
1427000
1464000
1416000
1403000
1394000
1384000
1374000
1365000
1355000
1346000
1337000
1328000
1319000
1310000
1301000
1293000
1284000
1276000
1267000
1259000
1251000
1243000
1672000
1304000
1276000
1271000
1264000
1256000
1248000
1240000
1233000
1225000
1217000
1210000
1587000
1261000
1236000
1230000
1224000
1216000
1209000
1202000
1194000
1187000
1180000
1173000
1166000
1159000
1152000
1145000
1139000
1132000
1126000
1119000
1113000
1241000
1299000
1138000
1426000
1168000
1148000
1144000
1138000
1132000
1125000
1119000
1113000
1106000
1100000
1094000
1088000
1082000
1076000
1070000
1064000
1058000
1053000
1047000
1042000
1036000
1121000
1883000
1161000
1116000
1116000
1112000
1239000
1122000
1109000
1104000
1098000
1092000
1086000
1080000
1074000
1068000
1063000
1057000
1051000
1046000
1436000
1769000
1179000
1144000
1143000
1138000
1133000
1126000
1120000
1114000
1108000
1101000
1095000
1400000
5215000
1785000
1611000
1630000
1627000
1618000
1606000
1593000
1581000
1568000
1556000
1543000
1531000
1519000
1508000
1496000
1485000
1474000
1463000
1452000
1441000
1430000
1420000
1410000
1400000
1390000
1380000
1370000
1361000
1351000
1342000
1333000
1324000
1315000
1306000
1298000
1289000
1281000
1272000
1264000
1256000
1248000
1240000
1232000
1224000
1217000
1209000
1202000
1195000
1187000
1180000
1173000
1166000
1159000
1152000
1146000
1139000
1132000
1126000
1119000
1113000
1107000
1100000
1094000
1088000
1082000
1076000
1070000
1065000
1059000
1401000
1102000
1079000
1076000
1071000
1065000
1765000
1392000
1164000
1151000
2389000
1352000
1291000
1467000
1994000
3137000
1701000
1603000
2159000
1680000
1640000
1630000
2953000
1819000
1738000
1729000
1716000
1701000
1687000
1673000
1658000
1797000
2922000
1839000
2796000
4070000
6313000
3829000
5931000
3266000
3069000
3034000
2991000
2947000
2903000
2861000
2819000
2779000
2740000
2702000
2665000
6708000
3309000
3056000
3021000
2978000
2934000
2891000
2849000
3228000
2842000
2780000
5139000
3270000
4303000
3184000
3070000
3027000
2982000
2937000
2894000
2851000
2810000
3997000
3886000
3132000
2943000
5566000
3979000
3283000
3205000
3157000
3108000
3059000
3012000
3220000
2968000
2911000
2869000
2827000
2787000
5310000
3164000
2987000
2949000
2907000
2865000
2824000
2812000
2749000
2709000
2672000
2636000
4921000
3391000
2877000
2821000
2783000
2745000
2707000
3331000
3061000
2728000
2677000
2642000
2607000
2573000
2539000
2506000
2475000
2444000
2413000
5571000
2873000
2671000
2644000
2612000
2578000
2545000
2512000
3947000
2689000
2577000
2548000
2516000
2484000
2453000
2423000
4620000
7310000
3376000
3106000
3074000
3030000
2985000
5715000
5066000
3549000
3414000
3361000
3306000
3252000
3198000
3147000
3097000
3048000
3001000
2956000
2911000
2869000
2827000
2786000
2747000
2822000
2691000
2649000
2613000
2579000
2545000
2513000
2481000
2449000
2419000
2389000
2529000
2359000
2322000
3836000
2595000
2625000
2418000
6583000
4044000
2965000
2884000
2849000
2810000
2771000
3021000
2855000
2710000
2668000
2633000
2598000
2564000
2530000
2498000
2466000
2436000
2405000
2376000
2348000
2320000
2292000
2842000
5463000
6065000
7290000
4990000
3852000
3850000
4606000
3669000
3547000
3498000
3820000
4827000
3619000
3484000
5076000
3661000
3509000
3451000
4256000
3617000
3426000
3363000
3307000
3984000
3341000
3249000
3197000
3146000
3096000
3048000
3001000
2956000
2911000
2868000
3618000
4483000
3528000
3848000
7246000
4494000
3654000
3561000
3501000
3441000
3381000
4355000
7424000
4765000
3873000
6727000
4198000
4125000
3909000
3824000
3751000
3680000
3612000
3546000
3483000
3421000
3362000
3305000
3250000
3197000
3145000
3095000
3047000
3e+06
2954000
2910000
2867000
2825000
2785000
2746000
2708000
2671000
2634000
2599000
2565000
2532000
2663000
2494000
2454000
3947000
3262000
2629000
2567000
2536000
2505000
2473000
2442000
2412000
2383000
2354000
2326000
3789000
2507000
2398000
2373000
2346000
2319000
2292000
2265000
2239000
2214000
2189000
2165000
2141000
2118000
2095000
2073000
2051000
2029000
2009000
1988000
1968000
1948000
1929000
1910000
1892000
1874000
1856000
1838000
1821000
1804000
1788000
1772000
1756000
1740000
1725000
1710000
1695000
1680000
1666000
1652000
1638000
1624000
2660000
1765000
1698000
1688000
1675000
1662000
1648000
1634000
3960000
5083000
2430000
2281000
2275000
2255000
2231000
2206000
2182000
2525000
4159000
3707000
2764000
5471000
4237000
3005000
2907000
2870000
2831000
4643000
3080000
2941000
2902000
2861000
2820000
2780000
3025000
9957000
3969000
3549000
3506000
3450000
3391000
5691000
3705000
3517000
3460000
3401000
3343000
3286000
3232000
3720000
3231000
3152000
3103000
3863000
5470000
4942000
3614000
5414000
3754000
3583000
3522000
3461000
3400000
3342000
3286000
3231000
3178000
3127000
3078000
3030000
2984000
2939000
2895000
2852000
2811000
2771000
2732000
2695000
2658000
4332000
2878000
2750000
2716000
2681000
2645000
2710000
3064000
4082000
2817000
2890000
2704000
2659000
2624000
3262000
2667000
3754000
2759000
2662000
2630000
2596000
2562000
2529000
2496000
2465000
2434000
2404000
2375000
2346000
2318000
2291000
2265000
2239000
2213000
2188000
2164000
2140000
2117000
2094000
2431000
4331000
2856000
2398000
2358000
2334000
2308000
2281000
2255000
2229000
2204000
2180000
2156000
2132000
2109000
2086000
2064000
2043000
2022000
2001000
1981000
1961000
4675000
5099000
2707000
2551000
2531000
2503000
2472000
2442000
3533000
2668000
2487000
2454000
3801000
2661000
2519000
2488000
2458000
2428000
2398000
2369000
2341000
2313000
2286000
2259000
2234000
2208000
2184000
2159000
2136000
2113000
2090000
2068000
2046000
2025000
2004000
1984000
1964000
1944000
4075000
2301000
2178000
2164000
2255000
2143000
2115000
2093000
2071000
2049000
2028000
2007000
1986000
1966000
1947000
1928000
1909000
1890000
1872000
1854000
1837000
1820000
1803000
1787000
2048000
1801000
1771000
1791000
2026000
2344000
1901000
1809000
1792000
1777000
1762000
1746000
1731000
1715000
1701000
1686000
1671000
1657000
1643000
1630000
1616000
2419000
2382000
2555000
1858000
1808000
1796000
1781000
1766000
1750000
1735000
1720000
1705000
1690000
1675000
1661000
1647000
1633000
1620000
1607000
1593000
2325000
3577000
1943000
1839000
1832000
1818000
1803000
1787000
1771000
1755000
1739000
1724000
1709000
1694000
1679000
1665000
1651000
1637000
1624000
1610000
1597000
1584000
3717000
1901000
1781000
1775000
1762000
1748000
1733000
1718000
1703000
1688000
1674000
1659000
1645000
1632000
1618000
1605000
1592000
1579000
1566000
1554000
1542000
1530000
1518000
1506000
1494000
1483000
1472000
1461000
1450000
1439000
1429000
1419000
1408000
1398000
1444000
1389000
1390000
1370000
1360000
1351000
1342000
1332000
1323000
1315000
1306000
1297000
1289000
1280000
1272000
1264000
1256000
1247000
1240000
1232000
1224000
1216000
1209000
1202000
1194000
1187000
1180000
1323000
1395000
1693000
2010000
2035000
4435000
1921000
1778000
1782000
1772000
1759000
1744000
1729000
1714000
1699000
1684000
1670000
1656000
1642000
1628000
1615000
1602000
1589000
1576000
1563000
1551000
1539000
1527000
1515000
1503000
1492000
1480000
1469000
1458000
1447000
1437000
1426000
1416000
2368000
1905000
1568000
1546000
1537000
1527000
1515000
4356000
1944000
1877000
1804000
1788000
1774000
1759000
1743000
1728000
1713000
1698000
1683000
1797000
2347000
1763000
1716000
1704000
1690000
1676000
1662000
1648000
1634000
1621000
1607000
1594000
1581000
1569000
1556000
1544000
2595000
4247000
2363000
2002000
1950000
2200000
2338000
2001000
1964000
1947000
1928000
2910000
6051000
3350000
2577000
2528000
2503000
2474000
2444000
2414000
2461000
2548000
2430000
2336000
2306000
2279000
2253000
2227000
2202000
2178000
2154000
2130000
3188000
2292000
2217000
2197000
2174000
2150000
2127000
2104000
2082000
4001000
2395000
2278000
2260000
2237000
2212000
2188000
2164000
2140000
2117000
2094000
2072000
2050000
2029000
2008000
3131000
2178000
2102000
2085000
2064000
2510000
2154000
2473000
2150000
2920000
2226000
2164000
2145000
2122000
2100000
2127000
2461000
2191000
2089000
2065000
2044000
2023000
2003000
1982000
1962000
2241000
2188000
1981000
1952000
1934000
1916000
2454000
1977000
1931000
1949000
1903000
1883000
1866000
1848000
1831000
1814000
1797000
1781000
1765000
1749000
1733000
1986000
1747000
1718000
3058000
1915000
1833000
1822000
1807000
1791000
1775000
2586000
1883000
2353000
1972000
2057000
2275000
4355000
2904000
2317000
2278000
2258000
2234000
2209000
2185000
2161000
2137000
2114000
2091000
2069000
2048000
2026000
2006000
1985000
1965000
1946000
1926000
1908000
1889000
1871000
1853000
1836000
1819000
1802000
1785000
1769000
1753000
1738000
1722000
1707000
1693000
1678000
1664000
1650000
2349000
1736000
1686000
1675000
1662000
1648000
1635000
1702000
2212000
1697000
1654000
1642000
1630000
2168000
1691000
1649000
1770000
1646000
1626000
1613000
1600000
1587000
1575000
1562000
1550000
1537000
1525000
1514000
1502000
1491000
1479000
1468000
1457000
1446000
1436000
1425000
1430000
2096000
2119000
2418000
1681000
1631000
1623000
1612000
1599000
1587000
1574000
1561000
1549000
1537000
1525000
1513000
1501000
1490000
1479000
1468000
1457000
1446000
1435000
1425000
1415000
1404000
1394000
1384000
1623000
1412000
1391000
1383000
1374000
1364000
1355000
1346000
1337000
1328000
1319000
1310000
1840000
1390000
1358000
1352000
1344000
1335000
1326000
1774000
2096000
1765000
1513000
1496000
1833000
1812000
1553000
1529000
1519000
1508000
1497000
1486000
1475000
1464000
1453000
1442000
1431000
1421000
1411000
1401000
1391000
1381000
1411000
1369000
1358000
1349000
1340000
1331000
1322000
1313000
1304000
1295000
1287000
1278000
1270000
1262000
1254000
1485000
2094000
1417000
1367000
2075000
1626000
1500000
2039000
2737000
6136000
2460000
2219000
2220000
2203000
2182000
2158000
2539000
2190000
2147000
2125000
2103000
2081000
2059000
2037000
2016000
1996000
1975000
1956000
1936000
1917000
1899000
1880000
1862000
2726000
2247000
2078000
1958000
2666000
5384000
4946000
2785000
2658000
4855000
4559000
3099000
5422000
4378000
3417000
3318000
3267000
3214000
3163000
3112000
3063000
3016000
9473000
4070000
3670000
3619000
3557000
3495000
3433000
3374000
3316000
3261000
3207000
3155000
3891000
8150000
4100000
3684000
3621000
3559000
3496000
3434000
3375000
3317000
3262000
3208000
3156000
3105000
3372000
3068000
4469000
3542000
3546000
3176000
3109000
4134000
3771000
8191000
7435000
6753000
4449000
5985000
9247000
5236000
8413000
