598800
578700
558300
539400
521700
505100
489500
474900
461200
448200
435900
424300
413300
402900
393000
383500
7003000
3343000
2017000
1733000
1908000
5167000
2484000
4573000
31990000
6926000
3526000
2831000
2374000
4977000
2976000
2245000
3861000
2704000
3897000
25770000
21510000
6343000
3817000
3008000
3886000
2582000
2142000
7891000
3419000
4851000
2869000
2306000
1998000
1766000
1583000
1435000
2444000
1567000
1364000
1253000
1160000
1079000
1009000
948300
894200
3062000
1505000
1254000
1161000
1080000
1010000
949000
894800
2008000
3641000
5372000
4062000
2521000
2094000
1839000
1641000
1482000
1352000
1244000
2831000
1610000
1371000
1259000
1165000
1084000
1013000
2373000
1357000
1172000
1090000
1019000
956700
901700
852800
808900
769400
733600
2416000
1227000
1043000
978000
920500
869500
824000
783000
745900
712300
681500
653400
627500
603600
581400
616600
22210000
5161000
2890000
2415000
2079000
1828000
1632000
1475000
5957000
6957000
3287000
2508000
2146000
1879000
1672000
1508000
1692000
1363000
1236000
1145000
1067000
2747000
1623000
1315000
1206000
1119000
1044000
979000
921400
870300
824600
783600
746500
712800
1155000
809400
2510000
12130000
3957000
6423000
3360000
2582000
2200000
1919000
1704000
1533000
1801000
1403000
1265000
1169000
1088000
1017000
10520000
3509000
2413000
2077000
1826000
1631000
1474000
1345000
1238000
1147000
1068000
999600
939600
886500
839200
796700
758400
723600
691900
662900
636200
611700
588900
567800
718900
593500
675300
585600
614800
560300
538000
1424000
874500
2058000
1125000
975700
918500
867700
822300
781500
744600
711100
680400
652400
626600
602700
1067000
713400
653700
627800
603800
2383000
2830000
1497000
1276000
1179000
1096000
1024000
961100
905500
856200
812000
772200
837800
736800
698100
2758000
14310000
4353000
2811000
2361000
2039000
1797000
5712000
2705000
2107000
1849000
1649000
1489000
1358000
1248000
1155000
1075000
1006000
945400
891700
843800
800800
4050000
1763000
1412000
1294000
1194000
1109000
1036000
971300
914600
864200
819200
778700
742000
708700
3112000
15450000
20220000
6032000
34170000
9910000
4319000
3215000
2632000
2235000
1946000
1725000
1550000
1408000
1290000
1191000
1107000
1033000
969300
912800
862700
817800
777400
740900
707700
677400
649500
623900
600300
578400
2186000
6830000
9148000
3752000
2719000
2297000
1992000
1760000
1578000
2828000
2143000
1623000
1448000
1324000
1220000
1131000
1055000
987900
929300
877300
830900
2149000
2750000
1533000
1314000
1211000
1124000
1048000
982200
924200
872800
973700
838500
788100
750600
15270000
37620000
7617000
3701000
2938000
2459000
2106000
1848000
1648000
1488000
1357000
1248000
3113000
1702000
1433000
1311000
1209000
2454000
1478000
1279000
1182000
1098000
1026000
963000
907300
857700
1099000
891400
820500
779100
742400
804700
709300
8308000
2841000
2028000
1788000
2297000
1672000
1473000
1345000
3706000
2332000
1732000
1537000
1397000
1281000
1184000
1100000
1160000
1551000
1108000
1004000
943900
890300
842600
799800
2946000
1429000
1192000
1107000
1034000
969600
1517000
12400000
3927000
4826000
12960000
4791000
3208000
2628000
2232000
1944000
1723000
1549000
1407000
1290000
1191000
1106000
1033000
968800
912400
862200
817400
777100
740600
707400
677100
649300
623700
600100
3062000
1356000
1113000
1039000
1101000
34120000
6545000
3140000
8224000
42620000
8997000
3918000
3036000
2514000
5093000
7515000
3580000
2687000
2274000
1975000
1747000
1568000
1423000
1303000
1202000
1116000
20830000
9085000
4072000
11570000
4969000
3283000
2665000
2258000
1963000
10260000
3865000
2705000
2287000
1984000
1755000
1574000
1428000
1307000
1205000
1119000
13860000
4224000
2736000
2309000
2001000
2063000
1682000
1502000
1368000
1257000
2270000
1444000
4705000
2228000
1777000
1591000
1442000
1319000
2077000
1412000
1249000
1156000
1076000
1007000
946200
892300
844400
801400
762600
727400
695400
666100
639200
614400
591500
570200
550400
532000
514700
498600
483400
8200000
2693000
1911000
1698000
1528000
1390000
1275000
1179000
1096000
1024000
960900
905400
856000
811800
772000
736000
703200
810800
688500
651600
1372000
841800
755800
727200
691700
662300
635700
6902000
8531000
3532000
2596000
2210000
1927000
1710000
1538000
1398000
1282000
1184000
1101000
2709000
2552000
1602000
1396000
1281000
1183000
1099000
1027000
963800
908000
2377000
1394000
1157000
1073000
1004000
1699000
1123000
1005000
944300
890600
842900
889300
792500
749600
715600
684600
656200
630100
606000
583700
562900
543700
623700
543700
520100
503600
488100
473600
459900
447000
886600
574400
527500
510600
494700
479800
500900
463800
448500
436200
424600
413600
403100
393200
383800
374700
366200
357900
350100
342600
335400
328500
321900
12320000
4175000
2499000
2112000
1853000
1652000
1491000
1360000
1250000
1157000
1077000
1007000
946500
892600
844600
801600
1931000
7253000
3876000
2395000
2016000
2606000
1880000
1635000
1478000
1348000
1240000
1149000
1070000
1001000
941100
887800
840300
797700
759300
724400
2386000
1241000
1624000
1163000
1050000
984100
925900
2120000
2517000
1488000
1291000
1192000
1107000
1033000
969400
912900
862800
1026000
852500
797400
759000
724100
692400
2962000
1377000
1141000
1063000
995300
935900
883200
836200
794000
755900
721300
689800
7415000
9861000
3860000
2757000
2323000
2012000
1776000
5785000
2715000
2110000
1851000
1650000
6846000
30860000
7084000
3633000
2891000
2416000
2079000
1828000
2843000
21150000
8327000
4027000
3043000
2519000
2154000
1885000
1677000
1511000
1376000
1264000
1169000
1087000
1016000
3199000
2981000
15160000
4740000
3034000
2512000
14210000
6046000
3493000
2766000
2358000
2024000
1784000
1597000
1447000
1323000
1219000
1130000
1054000
2276000
2229000
4348000
5322000
2843000
2203000
1916000
1701000
1531000
11700000
3991000
2704000
11030000
8731000
9042000
11630000
4922000
3389000
5569000
3151000
2480000
2126000
1863000
1660000
1788000
1452000
1312000
4212000
2062000
1669000
1505000
1371000
1260000
1165000
1084000
1014000
952000
897500
849000
805500
766400
730900
1724000
1004000
886200
1224000
927800
854800
810700
771000
735100
973800
1983000
1217000
19530000
5050000
2978000
2475000
2122000
1861000
3034000
2394000
1819000
1605000
2402000
1618000
1414000
1296000
1196000
1115000
1038000
973200
916300
865800
820600
779900
743200
709800
679300
651300
625600
601800
3318000
1427000
1158000
1078000
1685000
1243000
1620000
1226000
1082000
1009000
948100
894100
845900
802800
763900
728600
696400
667100
5851000
4630000
2411000
1966000
4404000
2392000
1942000
1722000
1548000
1406000
1289000
1190000
1105000
1032000
968400
912000
861900
817200
776800
740400
707200
676900
649100
623600
6e+05
578100
6755000
8905000
3590000
2615000
2223000
1937000
1718000
1544000
1403000
1286000
1188000
1104000
1031000
967100
910900
860900
939200
819700
1177000
880300
811600
1692000
1036000
920200
869300
823700
782800
745700
1850000
1051000
920900
869800
824200
783200
746200
712500
681700
653600
627600
603700
581600
561000
541900
524000
507300
491600
476900
463000
449900
4878000
1803000
1381000
1268000
1172000
1090000
1019000
956600
901600
1256000
943000
883800
3614000
1663000
1355000
1246000
1154000
1268000
1067000
988100
1451000
1034000
939900
886700
839400
796900
758500
723700
692000
663000
636300
611700
589000
3007000
2205000
1389000
3006000
1708000
1447000
1429000
1258000
1158000
1078000
1009000
947500
893500
845400
802300
1023000
818000
763100
727900
695800
1668000
968500
972300
854400
804100
1608000
6186000
2459000
1867000
1663000
2105000
2740000
1756000
1517000
1381000
1267000
1172000
1090000
1019000
956400
901400
852500
808600
769100
1092000
4711000
7486000
3160000
2367000
2044000
1800000
1610000
1457000
1332000
1226000
1137000
1059000
992100
5453000
65530000
9673000
3434000
2773000
2334000
2020000
1782000
1596000
1445000
1322000
1218000
1129000
1053000
986600
928100
876300
830000
788400
750900
716800
685700
657200
631000
606800
584400
563700
544300
526300
509400
493600
478800
464800
451600
439200
427400
416200
405600
395600
386000
376900
368200
359900
352100
344400
412800
357400
345100
337800
330800
324100
317600
311500
305500
299800
294300
289000
283800
278900
274100
269500
265100
260700
256600
252500
248600
244800
241100
237600
276800
417900
1437000
662700
568900
549200
530800
513700
3086000
2472000
1454000
1269000
11750000
3898000
2630000
3743000
9013000
24800000
6636000
3714000
6414000
3469000
2667000
2260000
10330000
3981000
2787000
2344000
2027000
1788000
1600000
1449000
1325000
1943000
7531000
3010000
8622000
24140000
43060000
14480000
30880000
6650000
3442000
2778000
2338000
2022000
1784000
1597000
1447000
1323000
1219000
1130000
1054000
20330000
5149000
2998000
2558000
2154000
1881000
1674000
1509000
2587000
1639000
1418000
9928000
4068000
8380000
3828000
2805000
2356000
2036000
1794000
1606000
1454000
1328000
5211000
5723000
3276000
2381000
14850000
7876000
3961000
2992000
2484000
2129000
1866000
1662000
2712000
1751000
1511000
1376000
1263000
1168000
10740000
3635000
2496000
2138000
1873000
1667000
1504000
2608000
1644000
1421000
1301000
1201000
9371000
5004000
2887000
2348000
2030000
1790000
1602000
4495000
3266000
2126000
1816000
1623000
1583000
1374000
1255000
1162000
1081000
1011000
949600
15510000
4407000
2765000
2329000
2015000
1779000
1670000
1467000
7202000
2939000
2190000
1912000
1699000
1529000
1391000
1767000
11420000
36610000
7545000
3693000
2933000
2445000
2785000
15700000
14320000
5320000
3528000
2832000
2375000
2050000
1805000
1614000
1460000
1334000
1228000
1138000
1061000
2526000
1542000
1268000
1166000
2378000
1436000
1246000
1154000
1074000
1005000
944400
890700
842900
800100
761400
3111000
1457000
1204000
6717000
3001000
2807000
2056000
26450000
11480000
4707000
3345000
2716000
2295000
1990000
4940000
2959000
2170000
1879000
1672000
1508000
1373000
1261000
1166000
1833000
1268000
1133000
1566000
1155000
1048000
1086000
3044000
1.5e+07
26880000
40540000
14640000
4868000
4079000
9778000
2878000
1973000
6720000
4784000
12920000
2275000
1201000
19580000
3191000
1023000
5883000
11200000
5459000
1108000
744600
7138000
12220000
1601000
1187000
651100
580600
560100
541000
523200
506500
490900
476200
3307000
5706000
3806000
5046000
25550000
8768000
4152000
3125000
2573000
2193000
1914000
5627000
19320000
8182000
4093000
14010000
5106000
4098000
2924000
2407000
2073000
1823000
1628000
1472000
1344000
1236000
1145000
1067000
998700
938800
885800
838500
796100
757800
723100
691400
662500
635900
611300
588600
567600
548000
529700
512600
496600
481600
3061000
1289000
1048000
5098000
4155000
2317000
1917000
1702000
1532000
1393000
1278000
1181000
1097000
1025000
962300
8119000
2927000
2114000
1854000
1653000
1492000
1360000
1250000
1157000
1077000
1008000
1299000
997900
917700
867000
821700
780900
744100
710600
680000
652000
626200
602400
580300
559800
936100
779500
642700
609900
587300
566400
546900
528600
511600
495700
480700
466600
453300
440800
428900
417700
407000
3710000
1428000
1126000
1051000
984400
926200
874600
828500
12930000
36920000
7529000
3674000
2922000
2437000
2095000
1840000
1642000
3125000
11660000
10180000
5293000
21980000
13680000
5319000
3591000
2871000
2402000
10100000
3968000
2793000
2348000
2030000
1790000
1602000
2393000
46280000
7872000
3330000
2707000
2288000
1985000
10110000
3842000
2697000
2281000
1980000
1752000
1571000
1426000
2786000
1673000
1433000
1311000
3257000
11020000
10420000
4407000
10190000
4423000
3116000
2567000
2189000
1911000
1698000
1528000
1390000
1275000
1179000
1096000
1024000
960900
905400
856000
811800
772100
736000
703200
1209000
821700
4719000
1954000
1532000
1393000
1278000
1181000
1595000
2204000
5723000
2561000
2506000
1936000
1694000
1525000
3261000
1873000
5169000
2541000
2010000
1774000
1590000
1441000
1318000
1214000
1126000
1050000
984300
926100
874500
828400
1330000
935000
852500
808600
769200
733400
700800
671100
643800
2044000
10470000
4932000
2853000
2332000
2018000
1781000
1595000
1445000
1321000
1217000
1129000
1053000
1897000
1514000
1183000
1084000
1014000
951900
897400
848900
805500
20170000
23140000
6321000
3697000
2936000
2446000
2102000
1845000
8066000
3712000
2578000
2183000
7240000
3401000
2487000
2125000
1863000
1660000
1498000
1365000
1254000
1161000
1080000
1010000
948900
894800
846600
803300
764400
729000
696900
667400
640400
640300
600600
576600
556400
537500
1.4e+07
3969000
2533000
2165000
2891000
2010000
1728000
1553000
1410000
1292000
1193000
1108000
1107000
992600
929300
884800
1295000
945900
866500
821200
780500
743700
710200
679700
3254000
1451000
1186000
1896000
2256000
3787000
2248000
1745000
1555000
1413000
1294000
1195000
1109000
1036000
971400
914700
864300
2135000
1205000
1047000
981200
5936000
5898000
7741000
3644000
2722000
2299000
1993000
1762000
1579000
1432000
1311000
1208000
1121000
1046000
980500
922700
871500
825700
784600
747400
5934000
15680000
4893000
3125000
2573000
2193000
1914000
1700000
1530000
1392000
1277000
1180000
1097000
1025000
961700
906100
923400
836800
790900
753100
718800
2484000
13740000
4230000
2756000
2323000
2011000
1775000
1590000
1441000
1318000
1215000
1127000
1051000
984600
926400
874700
828600
787200
749700
715700
684700
656300
2471000
1192000
1005000
944700
891000
843200
800300
761600
726500
694600
665400
638500
613800
2109000
1055000
943400
868500
820800
780200
743400
709900
679400
651400
625700
601900
579900
559500
540400
522600
506000
490400
475700
461900
448900
1403000
739600
649700
624100
600400
578500
1416000
1558000
3422000
7315000
9779000
40510000
7998000
3753000
2970000
2469000
2118000
1858000
1656000
1494000
1362000
1252000
1159000
1078000
1009000
947600
893600
845500
802400
763500
728300
696200
666800
639800
615000
592000
570700
550900
532400
515200
499000
483800
469600
456100
7097000
4075000
2263000
1891000
1682000
1515000
1379000
23360000
5656000
3654000
2760000
2307000
1999000
1766000
1583000
1435000
1313000
1211000
1123000
1880000
3733000
1918000
1583000
1435000
1313000
1210000
1123000
1048000
981800
923900
921600
844800
799100
760500
725600
693700
3983000
20450000
7585000
4061000
2996000
3859000
4542000
2751000
2238000
1948000
1726000
6564000
36850000
10940000
4482000
3277000
2672000
2264000
1967000
1741000
2103000
2064000
1736000
1444000
1311000
1209000
1122000
1047000
980900
923100
871800
826000
4803000
1994000
1561000
1417000
1298000
1198000
1112000
1038000
973700
10470000
3477000
2391000
2062000
1814000
1621000
1466000
1339000
1482000
1230000
1127000
1051000
985000
926700
875000
5704000
2264000
1730000
1554000
1412000
3244000
1998000
3207000
2050000
5716000
2741000
2137000
1872000
1667000
1503000
1707000
2861000
2010000
1557000
1398000
1282000
1184000
1101000
1028000
964600
2466000
2057000
1399000
1247000
1154000
1075000
3443000
1715000
1417000
1526000
1281000
1172000
1090000
1019000
956700
901700
1091000
895100
834100
792100
1001000
1505000
983100
886100
6469000
2494000
1871000
1666000
1503000
1369000
1258000
6180000
2608000
4592000
2926000
3124000
4126000
23660000
10530000
4605000
3317000
2699000
2316000
2589000
1959000
1708000
1536000
1397000
1281000
1183000
1100000
1027000
964000
908100
858500
814000
1007000
818600
765200
729800
697600
668100
641000
616100
593000
571700
1350000
792100
707700
677400
649600
624000
600300
1423000
4157000
1790000
1490000
1328000
1220000
1131000
1494000
1937000
3480000
1875000
1565000
1420000
1300000
4758000
2211000
1758000
2823000
1839000
1581000
1434000
1312000
1210000
1122000
1122000
1005000
939800
886700
839300
796800
758500
723700
692000
844100
692300
652400
626600
1929000
4854000
5297000
7622000
3539000
2650000
2248000
1955000
1732000
1556000
1413000
1294000
1195000
4195000
2007000
1622000
1467000
1339000
1233000
1142000
1064000
996200
936600
883900
836800
794500
756400
721800
3733000
1617000
1303000
1202000
1116000
1041000
976100
918800
868000
822600
781800
744800
6357000
2379000
1780000
1594000
1444000
1321000
1217000
5693000
9175000
6465000
3476000
2698000
5822000
4534000
2831000
2314000
2005000
1771000
1587000
1438000
1315000
1213000
1125000
1049000
983200
925100
873600
827600
786300
748900
3085000
1443000
1193000
1108000
1034000
970300
913700
863500
818500
778100
741500
708200
677800
650000
624400
3860000
7877000
3162000
2298000
8450000
4882000
3166000
6807000
12370000
61450000
9874000
3726000
2945000
2453000
2106000
2051000
4171000
2299000
1881000
1674000
1509000
1374000
1262000
1167000
1086000
1015000
953500
898800
850200
806600
767300
731700
1172000
5139000
3197000
2423000
1859000
5048000
29880000
22380000
6458000
3938000
15150000
14950000
5429000
22070000
11350000
4041000
2874000
2404000
2071000
1821000
1627000
1471000
1343000
36310000
6879000
3239000
2648000
2246000
1954000
1731000
1555000
1412000
1294000
1194000
1415000
3165000
24040000
6182000
3365000
2717000
2295000
1991000
1760000
1578000
1431000
1310000
1208000
1121000
1045000
2040000
1267000
5008000
3185000
3257000
2141000
1819000
4965000
4429000
29010000
22510000
17660000
6052000
10060000
30630000
6709000
22770000
