269000
268700
268200
267800
267200
266700
266100
265500
264900
264200
263600
263000
262400
261800
261100
260500
11080000
4419000
2387000
2491000
1676000
5769000
2581000
4626000
21080000
6154000
4291000
4429000
2134000
4837000
3146000
1680000
3604000
1639000
3167000
18410000
15640000
6424000
5516000
3774000
4236000
3103000
2251000
8454000
2613000
4362000
2495000
1385000
1392000
1174000
818000
771600
1288000
628000
481900
490200
4e+05
395700
408900
368100
356100
3403000
1138000
835600
900800
564400
550900
603700
452900
685100
4845000
6454000
4221000
2458000
1898000
1386000
1230000
1087000
811800
549900
1441000
610600
501100
522800
407400
402200
419600
2546000
925600
685600
728600
489500
479800
517000
409700
379500
327000
319500
318600
317700
316800
315900
315000
314100
313200
312300
311500
310600
309700
308900
308000
307200
306400
305500
12410000
3487000
2295000
2556000
1231000
1181000
1392000
800200
1929000
5131000
1693000
1283000
1237000
745500
749300
763200
528200
437100
327100
312700
311800
310900
310100
309200
308400
307500
306700
305800
305000
304200
303400
302500
301700
300900
300100
299300
298500
8952000
2573000
4974000
2764000
1497000
1532000
1327000
890600
830700
466100
395300
317400
306700
305800
305000
5072000
1558000
1088000
1191000
668900
648800
731600
498000
433200
319500
304200
303300
302500
301700
300900
300100
299300
298500
297700
296900
296100
295300
294500
293800
293000
292200
291500
290700
290000
289200
288500
287700
287000
286300
285500
284800
284100
283400
282600
281900
281200
280500
279800
279100
278400
277700
277000
276400
275700
275000
274300
273700
273000
272300
271700
271000
270300
269700
269000
268400
267800
267100
266500
265800
265200
264600
264000
9812000
2775000
1836000
2042000
997500
958300
1125000
658200
529500
302700
272900
272300
271600
270900
270300
269600
269000
268300
267700
267100
266400
265800
265200
264500
263900
263300
262700
262100
261400
260800
260200
259600
259000
258400
257800
257200
7745000
1.2e+07
4061000
20310000
8935000
4833000
5115000
3096000
2252000
2234000
1178000
830300
401600
306300
3e+05
299200
298400
297600
296800
296000
295200
294400
293700
292900
292100
291400
290600
289900
289100
288400
2530000
6826000
2221000
1685000
1568000
907700
922300
916400
1117000
1167000
548600
485200
439700
374700
380800
364500
329000
308300
292500
290000
1075000
3130000
1111000
868000
838400
546600
549000
556100
416200
361500
296000
287200
286500
285800
16600000
24230000
8133000
6551000
5192000
2976000
3181000
2727000
1547000
896000
379700
318900
2882000
991900
739000
793600
512500
2643000
1109000
772500
783700
488100
470700
507400
402000
372400
787000
474400
399500
405000
354000
574200
414000
12570000
3571000
2334000
2593000
2073000
1415000
1545000
960100
4606000
2002000
1180000
1168000
742300
644900
707600
526200
691500
1459000
635500
535100
530000
413500
412700
418200
4428000
1411000
985300
1069000
623900
606600
1480000
14200000
4106000
5161000
12270000
4106000
3259000
3374000
1737000
1544000
1253000
750800
574200
358800
331200
330200
329200
328300
327300
326400
325400
324500
323500
322600
321700
320700
319800
318900
845800
456100
403300
413800
355300
26460000
7221000
4626000
10780000
26870000
10010000
7710000
6239000
3358000
5198000
8414000
3254000
2328000
1582000
929200
949500
912400
630500
501300
372800
356300
14380000
7494000
3566000
10960000
4337000
2937000
3297000
1865000
1442000
8327000
2583000
1754000
1727000
915400
884200
1008000
658100
561100
390800
367900
8240000
2435000
1659000
1828000
965500
932300
1069000
683200
576300
388600
363400
362200
2536000
931600
716400
762200
523200
513200
550100
442700
412400
359700
352000
350900
349800
348700
347600
346600
345500
344400
343400
342300
341300
340200
339200
338200
337200
336100
335100
334100
333100
332100
331200
330200
329200
328200
327300
326300
325400
324400
323500
322600
321600
320700
319800
318900
318000
317100
316200
315300
314400
313500
312700
311800
310900
310100
309200
308300
453400
6579000
1970000
1359000
1477000
794100
770500
871800
564600
476600
327700
307800
307000
306100
305300
304500
303600
302800
302000
301200
300400
299600
298800
298000
297200
296400
295600
294800
294100
293300
292500
291800
291000
290200
289500
288800
288000
287300
286500
285800
285100
284300
283600
282900
282200
281500
280800
280100
279400
278700
278000
277300
276600
275900
275300
274600
273900
273200
272600
271900
271200
270600
269900
269300
268600
268000
267400
266700
266100
265500
264800
264200
263600
263000
262300
4265000
2048000
1113000
1127000
704800
607800
674400
491200
401100
295800
265600
262700
262100
261500
260900
260300
259700
2799000
2125000
991500
928100
1111000
648500
644800
550600
409900
331300
302200
276700
270300
259400
257500
256900
256300
255700
255100
254500
254000
253400
252800
252200
251700
251100
250500
1635000
613800
477000
506500
354500
348300
372100
303900
284700
251400
246600
246100
245500
245000
244500
2344000
795900
588800
633700
403600
394600
430900
327800
299100
248800
241900
241300
8027000
8738000
3219000
2753000
2041000
1304000
1413000
5564000
1888000
1182000
1101000
597600
6334000
19550000
6133000
4359000
3983000
2049000
2060000
2082000
2656000
16300000
6642000
3602000
3560000
1945000
1682000
1865000
1142000
801300
409800
313800
306600
305800
305000
2893000
2953000
13670000
4375000
2912000
2954000
12310000
5540000
3658000
3071000
1708000
1227000
1370000
869100
664000
393300
330300
325600
324600
1709000
2184000
5235000
5954000
2611000
2031000
1651000
1157000
1107000
12030000
3544000
2282000
10910000
7395000
7853000
10560000
4420000
3314000
5829000
2586000
2033000
1736000
943400
737700
636700
471800
430600
4737000
1499000
1067000
1160000
680700
661800
737400
522500
462600
357800
343400
342400
341300
340300
339300
1172000
556400
473300
1374000
630300
538900
571600
433200
417400
412200
3169000
1304000
19360000
5749000
3624000
3988000
2011000
1802000
2951000
2065000
1175000
681400
1807000
791300
678300
674600
487900
451200
452200
387300
369300
338400
333500
332500
331500
330600
329600
328600
327700
326700
869500
468000
413600
424400
364100
406700
1435000
717200
540000
535200
419300
405100
420100
368800
348300
321100
314800
313700
2320000
3853000
1435000
1181000
3719000
1397000
1154000
1166000
697400
597600
566500
425000
388000
323400
314300
313400
312500
311600
310800
309900
309100
308200
307400
306500
305700
304800
1893000
7416000
2325000
1700000
1671000
931700
931600
970500
621500
493200
328900
307700
306800
306000
305100
304300
303500
302700
301900
301000
300200
299400
298600
297800
297000
296300
295500
294700
293900
293200
292400
291600
290900
290100
289400
288600
287900
287100
286400
285700
284900
284200
283500
282800
282100
281400
280700
279900
279300
278600
277900
277200
276500
275800
275100
274500
273800
273100
272500
271800
271100
270500
269800
269200
268500
267900
267200
266600
266000
265300
264700
264100
263500
262900
262200
261600
261000
260400
259800
259200
258600
258000
257400
256800
256200
255600
255100
254500
253900
253300
252800
252200
251600
251100
250500
249900
249400
248800
248300
247700
247200
246600
246100
245500
245000
244500
243900
243400
5470000
1617000
1103000
1215000
643400
1275000
884700
564700
508100
312400
293200
304100
271700
262400
246400
243900
243300
242800
242300
412700
6152000
1812000
1238000
1346000
703400
682100
776100
486800
403500
263500
245100
244600
507500
35480000
9527000
6073000
6803000
2956000
2817000
3419000
1697000
1218000
383800
276000
275300
274600
273900
273300
272600
271900
271300
270600
270000
269300
268700
268000
267400
266800
266100
265500
264900
264200
263600
263000
262400
261800
261200
260500
259900
259300
258700
258100
257500
257000
256400
255800
255200
254600
254000
253500
252900
252300
251800
251200
250600
250100
249500
249000
248400
247800
247300
246800
246200
245700
245100
244600
244100
243500
243000
242500
242000
241400
240900
240400
239900
239400
238900
238300
237800
4083000
3221000
1389000
1277000
11700000
3510000
2506000
4093000
7555000
15690000
5948000
4041000
6647000
2686000
2311000
2293000
8995000
2925000
1892000
1865000
971300
864700
990800
610000
504800
1046000
7975000
2384000
7841000
16940000
25750000
1.4e+07
22250000
10220000
6681000
6170000
4232000
2934000
2347000
1094000
741700
401000
357900
356800
355600
17630000
4895000
3193000
3565000
1675000
1603000
1904000
1059000
2562000
871700
647000
11100000
3853000
8104000
4063000
2286000
2275000
1785000
1257000
1186000
649100
524300
5386000
5777000
2798000
2108000
13220000
6951000
3786000
3590000
2119000
1569000
1641000
1095000
1625000
704200
521100
529200
437800
433200
11290000
3255000
2176000
2389000
1200000
1154000
1343000
812000
665200
407000
372700
371500
9692000
4689000
2392000
2408000
1428000
1184000
1339000
3202000
2669000
1186000
1027000
799500
639100
672400
583500
484600
410800
370200
364800
12850000
3644000
2414000
2683000
1316000
1264000
1482000
870600
6245000
1861000
1277000
1395000
788000
764200
860100
588100
8704000
23180000
7134000
5277000
4826000
2534000
2592000
14290000
11720000
4783000
3813000
2620000
1784000
1959000
1510000
999000
622800
415100
391700
390400
389000
387700
386300
385000
383700
382400
381100
379800
378500
377200
375900
374700
373400
372200
371000
369700
368500
367300
366100
2551000
1301000
1739000
1070000
19320000
9959000
4851000
4717000
2749000
2093000
2372000
1517000
1140000
574000
403900
391300
380200
378600
378900
373300
370900
367500
366100
364900
363700
362500
361300
389700
14010000
18260000
24570000
14290000
8630000
7380000
8185000
4873000
3950000
2604000
2832000
6436000
2328000
1661000
7228000
2398000
1833000
1977000
4484000
2327000
1611000
1343000
904400
3321000
1430000
1013000
999200
624500
590700
633700
504400
467800
404400
395000
435100
7190000
3937000
5342000
19490000
8226000
4922000
4820000
2726000
2313000
2246000
5630000
15570000
6978000
4009000
12710000
4554000
3896000
3770000
2050000
1631000
1376000
833700
711200
471300
435800
423300
420300
418700
417100
415600
414100
412500
411000
409500
408000
406500
405100
403600
402100
400700
399300
397800
396400
395000
393600
392300
390900
389500
388200
1651000
717700
592000
618000
478500
472100
492900
429900
411600
380400
375300
4634000
1492000
1072000
1163000
695700
677200
750500
541200
482800
380700
366500
365300
364100
363000
361800
360600
359500
358300
357200
356000
354900
353800
352700
351500
350400
349300
348300
347200
346100
345000
344000
342900
341900
340800
339800
338800
337700
336700
335700
334700
333700
332700
3596000
1189000
866400
935900
578100
563800
620000
459600
15310000
24870000
8192000
6484000
5299000
2983000
3158000
2791000
1582000
3227000
11220000
8681000
4698000
16420000
11330000
5430000
5117000
3384000
2293000
10150000
3538000
2269000
2058000
1010000
959700
1099000
1855000
31730000
8691000
5656000
6194000
2816000
2709000
12010000
3986000
2676000
2131000
1071000
1034000
1187000
754900
2915000
1024000
771500
819300
4045000
11550000
9523000
4288000
9875000
4152000
2915000
3034000
1901000
1377000
1161000
683600
579500
427800
407000
405500
404000
402600
401100
399700
398300
396800
395400
394100
392700
391300
6710000
2050000
1427000
1562000
869400
842400
1192000
2764000
7462000
2450000
2634000
1947000
1171000
1185000
3977000
1511000
6137000
2294000
1454000
1530000
1027000
864400
912600
597400
519800
399300
382700
381400
380100
378800
377500
376200
375000
373700
372500
371200
370000
368800
367600
1217000
13170000
5490000
3031000
3044000
1699000
1478000
1649000
1051000
778700
454200
374900
368600
367300
366100
364900
363800
362600
361400
360200
359100
357900
15050000
16610000
6026000
5123000
3783000
2368000
2573000
2071000
4910000
2173000
1133000
1127000
6656000
2420000
1756000
1693000
977500
838500
918100
629700
539600
395500
371700
369900
368600
367400
366200
365000
363800
362700
361500
360300
359200
358000
356900
355700
354600
353500
7113000
2128000
1462000
1606000
1352000
965200
1035000
713800
568700
405500
392300
367500
359800
347300
344700
343700
342600
341600
340500
339500
338500
337400
336400
335400
334400
333400
332400
331400
330500
2959000
1360000
849700
872100
591100
542200
585900
462500
409700
341900
324900
322900
322000
321000
320100
319200
1158000
4558000
6410000
2422000
1934000
1596000
1058000
1067000
944400
630500
466000
336800
321000
320000
319100
318200
317300
316400
315500
314600
313800
10250000
2923000
1945000
2159000
1072000
1031000
1204000
717900
583600
347400
316300
315400
314500
313600
312700
311800
311000
310100
309300
308400
307600
7258000
2134000
1450000
1599000
838300
809300
930200
589900
495800
330300
308300
307400
306600
305800
304900
304100
303300
302500
301600
300800
3e+05
299200
298400
297600
296800
296000
295300
294500
293700
292900
292200
291400
290700
289900
289200
288400
287700
286900
286200
285500
284700
284000
283300
282600
281900
281200
280500
279800
279100
278400
277700
277000
276300
275600
275000
274300
273600
272900
272300
271600
271000
270300
269600
3003000
7372000
8099000
23780000
7982000
5385000
5225000
2944000
2612000
2540000
1305000
874800
372200
309000
308100
307300
306400
305600
304800
303900
303100
302300
301500
300700
299900
299100
298300
297500
296700
295900
295100
294300
293600
292800
292000
291300
3830000
3186000
1390000
1272000
927500
697800
751200
18530000
5179000
3782000
3760000
1746000
1683000
1944000
1066000
832800
384000
322200
310000
724500
4261000
1387000
1017000
1054000
631100
622100
668300
474200
411900
318800
306200
305400
304600
303800
302900
302100
6284000
18070000
7542000
4828000
4161000
4007000
4985000
3053000
2019000
1438000
734300
7019000
24200000
10170000
5943000
5373000
3004000
2708000
2768000
1661000
1238000
1323000
883300
584300
553400
472000
438700
442100
405600
375800
351700
341400
7112000
2118000
1451000
1596000
854100
825600
943100
611200
519200
11960000
3386000
2243000
2492000
1222000
1174000
1376000
808000
651100
375100
338700
337700
336600
335600
334600
7099000
2110000
1444000
1589000
847900
3748000
1998000
3765000
1945000
6496000
2493000
1730000
1680000
1080000
859100
1121000
3197000
1689000
945900
910300
637700
576000
607000
485900
420800
1602000
1975000
880200
776800
667600
517800
3703000
1328000
933900
1087000
606600
575700
633200
462900
418900
345200
328100
325400
321400
320000
319100
1270000
567900
473400
8748000
2558000
1741000
1936000
985800
938600
1060000
4709000
1608000
4271000
2317000
2355000
4003000
17550000
9173000
4842000
4298000
2591000
2030000
2137000
1373000
919600
489000
352700
340400
339400
338300
337300
336300
335300
334300
333300
332300
331300
330300
329400
328400
327400
326500
325500
324600
323700
322700
321800
320900
320000
319000
318100
317200
316300
315400
314600
313700
312800
311900
311100
310200
309300
1601000
647900
520000
547200
405100
2647000
1013000
727800
1198000
597000
539900
588100
429500
396700
350400
321200
314500
303300
301100
300300
299500
298700
297900
297100
296300
295500
294800
294000
293200
1258000
4372000
6173000
2342000
1856000
1535000
1020000
1020000
902600
597400
439800
315700
300500
299700
298900
298100
297300
296500
295700
295000
294200
293400
292600
291900
291100
290400
289600
288900
288100
287400
286600
285900
285200
284500
283700
283000
282300
281600
280900
280200
279500
278800
278100
277400
276700
276000
2453000
6983000
4593000
2308000
1972000
3468000
3195000
1845000
1452000
1004000
642900
598900
514200
409900
338200
294600
289200
288400
287700
286900
286200
285500
284800
284000
283300
282600
281900
281200
280500
279800
279100
278400
277700
277000
276300
275600
275000
274300
273600
3718000
1269000
863200
7136000
3373000
2058000
6083000
9103000
33490000
11020000
7264000
6979000
3568000
3286000
3412000
3844000
1713000
769600
715500
485600
476200
511800
409000
380000
329700
322400
321400
320500
319600
318700
317800
316900
3545000
2659000
1864000
1326000
5449000
20650000
16750000
7283000
6140000
13860000
12410000
6383000
15760000
10390000
4804000
4448000
2986000
2003000
1847000
1206000
832100
521300
25790000
7045000
4544000
5091000
2311000
2206000
2649000
1407000
1064000
461200
382400
381100
3452000
20020000
6167000
4131000
4168000
2101000
2040000
2217000
1260000
916900
455400
388700
386300
385000
1432000
657900
6934000
3603000
3517000
2297000
1483000
5959000
4851000
21080000
17320000
14660000
8132000
10910000
2.1e+07
8695000
17550000
