1641000
1614000
1585000
1556000
1529000
1502000
1477000
1452000
1428000
1405000
1383000
1361000
1340000
1320000
1300000
1281000
1294000
1657000
1750000
1730000
1700000
1707000
1857000
1868000
2104000
3050000
3114000
3014000
2913000
2852000
2944000
2893000
2829000
2884000
2864000
3129000
4423000
5331000
5150000
4859000
4629000
4533000
4324000
4250000
4616000
4509000
4513000
4318000
4111000
3923000
3751000
3594000
3459000
3383000
3264000
3145000
3034000
2931000
2835000
2744000
2660000
2612000
2694000
2636000
2559000
2486000
2416000
2351000
2288000
2232000
2219000
2412000
2645000
2699000
2633000
2556000
2482000
2413000
2348000
2286000
2233000
2231000
2184000
2130000
2079000
2031000
1984000
1952000
2002000
1972000
1929000
1887000
1847000
1808000
1772000
1736000
1702000
1669000
1638000
1608000
1578000
1550000
1523000
1497000
1472000
1447000
1423000
1401000
1378000
1357000
1336000
1316000
1296000
1277000
1298000
1703000
1753000
1726000
1694000
1661000
1630000
1600000
1576000
1626000
1769000
1762000
1729000
1696000
1664000
1632000
1602000
1573000
1545000
1518000
1492000
1467000
1443000
1419000
1396000
1374000
1353000
1332000
1312000
1293000
1274000
1256000
1238000
1220000
1203000
1187000
1171000
1183000
1444000
1486000
1584000
1577000
1551000
1524000
1498000
1473000
1448000
1424000
1401000
1379000
1358000
1337000
1332000
1480000
1487000
1465000
1441000
1417000
1395000
1373000
1351000
1331000
1311000
1291000
1272000
1254000
1236000
1219000
1202000
1186000
1170000
1154000
1139000
1125000
1110000
1096000
1083000
1069000
1057000
1044000
1032000
1019000
1008000
996200
985000
974000
963200
952700
942400
932400
922500
912800
903400
894100
885100
876200
867500
859000
850600
842400
834300
826400
818700
811100
804000
801700
795500
788400
781400
774500
767700
761000
754400
748000
741600
735400
729200
723200
717300
725600
921900
961200
957500
948400
938400
928600
919900
910600
901200
892000
883000
874100
865500
857000
848600
840500
832500
824600
816900
809300
801900
794600
787400
780400
773500
766700
760000
753500
747000
740700
734500
728400
722300
716400
710600
716400
891000
1153000
1249000
1783000
1937000
1919000
1879000
1840000
1802000
1765000
1730000
1696000
1664000
1632000
1602000
1573000
1545000
1518000
1492000
1467000
1443000
1419000
1397000
1375000
1353000
1332000
1312000
1293000
1274000
1266000
1366000
1567000
1578000
1553000
1526000
1500000
1475000
1452000
1450000
1449000
1429000
1406000
1384000
1362000
1341000
1321000
1301000
1282000
1263000
1248000
1263000
1328000
1323000
1305000
1286000
1267000
1249000
1231000
1214000
1198000
1181000
1166000
1150000
1179000
1762000
2721000
2814000
2737000
2654000
2575000
2501000
2430000
2364000
2301000
2242000
2200000
2276000
2239000
2183000
2130000
2092000
2146000
2110000
2061000
2013000
1968000
1924000
1882000
1842000
1807000
1790000
1758000
1724000
1690000
1659000
1637000
1668000
2101000
2135000
2089000
2046000
2037000
1996000
1952000
1931000
2057000
2063000
2021000
1975000
1931000
1889000
1849000
1812000
1791000
1799000
1769000
1734000
1701000
1668000
1637000
1623000
1743000
1735000
1703000
1670000
1639000
1611000
1680000
2172000
2227000
2359000
2754000
2739000
2658000
2579000
2504000
2434000
2367000
2304000
2245000
2188000
2134000
2083000
2034000
1987000
1943000
1900000
1859000
1820000
1783000
1747000
1713000
1680000
1648000
1620000
1627000
1603000
1575000
1547000
1661000
2700000
2827000
2810000
3373000
5067000
5125000
4852000
4591000
4407000
4499000
4739000
4548000
4319000
4112000
3924000
3752000
3595000
3451000
3318000
3194000
3260000
4218000
4449000
4414000
4843000
4697000
4458000
4237000
4037000
3985000
4365000
4230000
4032000
3851000
3686000
3534000
3395000
3266000
3146000
3036000
3020000
3445000
3389000
3263000
3144000
3033000
2930000
2834000
2744000
2660000
2580000
2505000
2449000
2514000
2464000
2396000
2332000
2271000
2213000
2158000
2105000
2055000
2008000
1962000
1919000
1877000
1838000
1800000
1763000
1728000
1694000
1662000
1631000
1601000
1572000
1544000
1517000
1491000
1466000
1442000
1418000
1397000
1394000
1376000
1354000
1334000
1314000
1294000
1275000
1257000
1239000
1222000
1205000
1188000
1172000
1157000
1142000
1127000
1112000
1098000
1085000
1071000
1058000
1046000
1033000
1021000
1009000
997900
989500
1043000
1191000
1206000
1193000
1178000
1162000
1147000
1132000
1118000
1104000
1090000
1076000
1063000
1050000
1038000
1026000
1014000
1002000
990700
979600
968700
958100
947700
937500
927600
917800
908300
898900
889700
880800
872000
863400
854900
846600
838500
830500
822700
815000
807500
800100
792800
785700
778700
771800
765000
758400
751900
745500
739200
733000
726900
720900
715000
709200
703500
697800
692300
686900
681500
676200
671100
665900
660900
655900
651100
646200
641500
636800
632200
627700
623200
618800
614500
610200
609500
704800
735600
735800
730800
725000
719100
713300
707500
701800
696200
690700
685300
680000
674700
669600
664500
661200
710600
737000
737000
732500
734200
729800
724000
718100
712300
706500
700800
695300
689800
684400
679100
673800
668700
663600
658600
653700
648800
644000
639300
634700
630100
625600
622300
646300
648200
644400
639900
635300
630800
626300
621800
617400
613100
608800
604600
600400
596400
593700
621700
624900
621600
617500
613200
609000
604800
600600
596500
592500
588500
588900
710100
848800
872700
868900
861200
853000
850800
933400
943100
935400
925900
924100
1087000
1602000
1692000
1673000
1643000
1613000
1584000
1560000
1665000
2264000
2435000
2395000
2332000
2271000
2213000
2158000
2105000
2056000
2008000
1963000
1919000
1878000
1854000
1940000
2083000
2650000
2671000
2597000
2629000
3163000
3222000
3121000
3012000
2911000
2816000
2727000
2643000
2565000
2491000
2421000
2355000
2302000
2327000
2383000
2592000
2758000
2713000
2633000
2555000
2482000
2513000
3038000
3027000
3017000
3488000
3780000
4093000
4411000
4259000
4116000
4153000
3991000
3814000
3652000
3503000
3366000
3239000
3122000
3059000
3223000
3146000
3036000
2933000
2837000
2746000
2662000
2582000
2507000
2437000
2370000
2307000
2247000
2190000
2141000
2130000
2085000
2041000
2030000
1990000
1945000
1903000
1862000
1823000
1801000
1870000
1976000
2783000
2844000
2762000
2677000
2597000
2526000
2506000
2480000
2416000
2358000
2356000
2303000
2243000
2187000
2133000
2082000
2033000
1986000
1942000
1899000
1859000
1820000
1782000
1747000
1712000
1679000
1647000
1620000
1629000
1606000
1577000
1549000
1522000
1503000
1516000
1499000
1475000
1451000
1427000
1404000
1382000
1360000
1339000
1319000
1299000
1288000
1355000
1443000
1438000
1424000
1490000
1481000
1457000
1434000
1410000
1388000
1366000
1345000
1325000
1305000
1285000
1267000
1249000
1231000
1214000
1197000
1181000
1165000
1150000
1135000
1120000
1114000
1191000
1373000
1389000
1371000
1350000
1330000
1310000
1290000
1271000
1253000
1235000
1218000
1201000
1185000
1169000
1154000
1139000
1124000
1110000
1096000
1082000
1069000
1056000
1043000
1031000
1019000
1007000
995600
984300
973400
962600
952100
941800
931800
921900
912300
902900
893600
884600
875700
867000
858500
850100
841900
833900
826000
818300
810700
803200
795900
788700
781700
774700
767900
761200
754600
748200
741800
735600
729400
723700
722500
717600
711900
706200
700500
695000
689500
684100
678800
673500
668400
663300
658300
653400
648600
643800
639100
634400
629900
625400
620900
616500
612200
608800
622800
622700
618900
614700
610500
606200
602100
598000
593900
589900
585900
582000
578200
574400
570600
566900
563300
559700
556100
552600
549100
545700
546000
621900
637600
636200
632300
628400
634700
632600
628400
624000
619600
615300
611000
606700
602500
598400
594400
590300
586400
583000
594200
678000
694100
691900
687200
682000
676700
671600
666400
661400
656400
651500
647200
707700
1435000
1633000
1633000
1607000
1578000
1550000
1523000
1497000
1472000
1447000
1423000
1400000
1378000
1357000
1336000
1316000
1296000
1277000
1259000
1241000
1223000
1206000
1190000
1174000
1158000
1143000
1128000
1114000
1100000
1086000
1073000
1060000
1047000
1035000
1023000
1011000
999100
987800
976800
965900
955400
945000
934900
925000
915300
905800
896500
887400
878400
869700
861100
852700
844500
836400
828400
820700
813000
805500
798200
790900
783800
776900
770000
763300
756700
750200
743800
737500
731300
725300
719300
713400
707700
702000
696400
696500
780700
830500
833600
841600
1071000
1113000
1110000
1152000
1355000
1815000
1872000
1860000
1958000
1937000
1896000
1902000
2211000
2215000
2163000
2111000
2061000
2013000
1967000
1923000
1886000
1922000
2221000
2258000
2671000
3790000
5692000
6544000
7912000
7458000
6851000
6336000
5894000
5511000
5176000
4879000
4615000
4379000
4165000
3972000
4115000
5461000
5344000
5032000
4752000
4501000
4276000
4073000
3916000
3873000
3723000
3731000
4379000
4438000
4717000
4536000
4308000
4102000
3915000
3744000
3587000
3444000
3364000
3629000
3839000
3759000
3797000
4592000
4729000
4516000
4290000
4086000
3900000
3730000
3584000
3502000
3373000
3246000
3128000
3019000
3030000
3630000
3586000
3445000
3313000
3190000
3076000
2970000
2872000
2779000
2692000
2611000
2628000
3083000
3171000
3078000
2972000
2873000
2781000
2719000
2774000
2779000
2703000
2622000
2545000
2472000
2403000
2338000
2277000
2218000
2163000
2197000
2759000
2773000
2692000
2611000
2535000
2462000
2394000
2366000
2583000
2552000
2481000
2412000
2346000
2284000
2226000
2219000
2795000
4073000
4094000
3915000
3744000
3588000
3619000
4497000
5050000
4858000
4598000
4363000
4151000
3960000
3785000
3625000
3478000
3343000
3218000
3102000
2994000
2894000
2800000
2712000
2630000
2552000
2479000
2410000
2344000
2283000
2224000
2168000
2115000
2065000
2017000
1971000
1927000
1886000
1865000
1966000
1964000
1960000
2046000
2901000
3219000
3150000
3041000
2938000
2841000
2750000
2670000
2609000
2536000
2464000
2395000
2331000
2270000
2212000
2157000
2104000
2054000
2007000
1962000
1918000
1877000
1841000
1898000
2597000
3764000
5317000
5691000
5462000
5274000
5291000
5022000
4743000
4522000
4516000
4755000
4565000
4444000
4712000
4531000
4304000
4164000
4247000
4119000
3936000
3763000
3634000
3684000
3560000
3419000
3288000
3167000
3055000
2951000
2853000
2762000
2676000
2604000
2632000
2935000
3029000
3369000
4495000
4622000
4413000
4197000
4001000
3823000
3713000
4126000
5136000
5221000
5133000
5766000
5530000
5242000
4944000
4673000
4431000
4213000
4015000
3836000
3672000
3521000
3383000
3255000
3136000
3026000
2923000
2828000
2738000
2654000
2575000
2500000
2430000
2364000
2301000
2241000
2185000
2131000
2080000
2031000
1985000
1940000
1898000
1857000
1823000
1834000
1900000
1876000
1838000
1800000
1763000
1728000
1694000
1662000
1631000
1601000
1587000
1715000
1709000
1678000
1647000
1616000
1587000
1558000
1531000
1504000
1479000
1454000
1430000
1407000
1385000
1363000
1342000
1322000
1302000
1283000
1264000
1246000
1228000
1211000
1195000
1179000
1163000
1147000
1133000
1118000
1104000
1090000
1077000
1064000
1051000
1038000
1026000
1014000
1002000
991000
979900
969000
963200
1037000
1042000
1032000
1020000
1008000
996700
985400
1005000
1420000
2202000
2302000
2256000
2200000
2146000
2094000
2044000
2009000
2112000
2607000
2895000
3025000
3891000
4269000
4128000
3940000
3767000
3728000
4171000
4061000
3879000
3712000
3558000
3416000
3298000
3794000
6243000
6191000
5778000
5410000
5087000
4957000
5580000
5355000
5039000
4757000
4506000
4281000
4077000
3930000
3926000
3777000
3618000
3508000
3779000
4539000
4932000
4855000
5198000
4979000
4705000
4459000
4238000
4038000
3857000
3691000
3539000
3399000
3270000
3150000
3039000
2935000
2839000
2749000
2664000
2584000
2509000
2438000
2372000
2351000
2610000
2583000
2511000
2440000
2373000
2311000
2275000
2355000
2620000
2600000
2566000
2498000
2428000
2377000
2454000
2444000
2629000
2590000
2516000
2445000
2378000
2314000
2254000
2197000
2143000
2091000
2042000
1995000
1950000
1907000
1866000
1827000
1789000
1753000
1718000
1685000
1653000
1622000
1596000
1665000
2111000
2218000
2180000
2128000
2077000
2029000
1982000
1938000
1896000
1855000
1816000
1779000
1744000
1709000
1676000
1645000
1614000
1585000
1556000
1529000
1568000
2168000
2834000
2852000
2767000
2682000
2601000
2525000
2482000
2611000
2586000
2516000
2494000
2725000
2698000
2619000
2543000
2470000
2402000
2337000
2275000
2217000
2162000
2109000
2059000
2011000
1966000
1922000
1881000
1841000
1802000
1766000
1731000
1697000
1664000
1633000
1603000
1574000
1580000
1842000
1856000
1821000
1787000
1769000
1737000
1703000
1670000
1639000
1609000
1579000
1551000
1524000
1498000
1472000
1448000
1424000
1401000
1379000
1358000
1337000
1317000
1297000
1278000
1259000
1241000
1224000
1207000
1204000
1279000
1288000
1273000
1255000
1237000
1220000
1203000
1187000
1171000
1155000
1140000
1125000
1111000
1097000
1083000
1073000
1116000
1221000
1355000
1361000
1343000
1323000
1304000
1284000
1266000
1248000
1230000
1213000
1196000
1180000
1164000
1149000
1134000
1119000
1105000
1091000
1107000
1387000
1427000
1410000
1388000
1367000
1346000
1325000
1305000
1286000
1267000
1249000
1232000
1214000
1198000
1182000
1166000
1150000
1135000
1121000
1107000
1116000
1320000
1344000
1329000
1309000
1290000
1271000
1253000
1235000
1218000
1201000
1185000
1169000
1153000
1138000
1124000
1109000
1096000
1082000
1069000
1056000
1043000
1031000
1019000
1007000
995500
984300
973300
962500
952000
941800
931700
921900
912200
902800
893600
884500
875600
866900
858400
850100
841900
833800
825900
818200
810600
803200
795800
788700
781600
774700
767900
761200
754600
748100
741800
735500
729400
723400
717400
711600
705800
700200
699100
771600
911000
1123000
1737000
1840000
1816000
1780000
1745000
1711000
1678000
1646000
1615000
1586000
1557000
1530000
1503000
1478000
1453000
1429000
1406000
1384000
1362000
1341000
1321000
1301000
1282000
1263000
1245000
1228000
1211000
1194000
1178000
1162000
1147000
1132000
1131000
1240000
1304000
1297000
1280000
1262000
1244000
1286000
1834000
1916000
1905000
1869000
1830000
1792000
1756000
1721000
1688000
1656000
1625000
1596000
1600000
1719000
1711000
1680000
1648000
1618000
1588000
1560000
1532000
1506000
1480000
1455000
1431000
1408000
1386000
1364000
1360000
1611000
2259000
2427000
2398000
2346000
2379000
2447000
2398000
2335000
2273000
2248000
2745000
4155000
4421000
4244000
4045000
3863000
3696000
3544000
3405000
3297000
3230000
3138000
3031000
2928000
2832000
2742000
2658000
2578000
2504000
2433000
2417000
2692000
2663000
2586000
2511000
2440000
2373000
2310000
2250000
2277000
2794000
2798000
2715000
2632000
2555000
2481000
2412000
2347000
2285000
2226000
2170000
2117000
2067000
2019000
2009000
2255000
2246000
2191000
2138000
2102000
2179000
2172000
2237000
2235000
2434000
2407000
2344000
2282000
2224000
2170000
2141000
2205000
2189000
2140000
2088000
2039000
1993000
1948000
1905000
1872000
1892000
1912000
1879000
1840000
1802000
1783000
1865000
1846000
1809000
1778000
1744000
1710000
1677000
1645000
1614000
1585000
1556000
1529000
1503000
1477000
1456000
1468000
1450000
1452000
1700000
1718000
1688000
1657000
1626000
1596000
1581000
1702000
1713000
1800000
1806000
1828000
1984000
2711000
2957000
2896000
2804000
2716000
2633000
2555000
2482000
2413000
2347000
2285000
2227000
2171000
2118000
2067000
2019000
1973000
1929000
1887000
1847000
1809000
1772000
1736000
1702000
1670000
1638000
1608000
1579000
1551000
1523000
1497000
1472000
1447000
1424000
1401000
1379000
1357000
1336000
1316000
1297000
1277000
1259000
1241000
1224000
1214000
1271000
1267000
1250000
1232000
1222000
1274000
1268000
1253000
1249000
1234000
1217000
1201000
1184000
1168000
1153000
1138000
1123000
1109000
1095000
1081000
1068000
1055000
1043000
1030000
1018000
1007000
995100
983900
976300
1031000
1140000
1274000
1283000
1268000
1250000
1233000
1215000
1199000
1182000
1167000
1151000
1136000
1122000
1107000
1093000
1080000
1067000
1054000
1041000
1029000
1017000
1005000
993700
982600
971600
960900
950400
940200
930200
920400
910800
901400
892200
883100
874300
865600
857100
850200
861800
857600
849700
841700
833600
825800
821900
877300
1018000
1097000
1099000
1092000
1139000
1175000
1169000
1154000
1139000
1125000
1110000
1096000
1083000
1069000
1056000
1044000
1031000
1019000
1008000
996100
984900
973900
963100
952600
942300
932300
922400
912800
903300
894100
885000
876100
867400
858900
850500
842300
834300
833100
926200
940400
941600
1081000
1130000
1142000
1259000
1649000
2950000
3134000
3046000
2944000
2847000
2756000
2694000
2728000
2662000
2583000
2508000
2438000
2371000
2308000
2248000
2191000
2137000
2085000
2037000
1990000
1945000
1903000
1862000
1844000
1963000
2016000
2011000
1996000
2302000
3424000
4232000
4154000
4160000
4901000
5433000
5470000
6431000
6624000
6208000
5784000
5415000
5091000
4804000
4548000
4318000
4701000
6966000
6777000
6278000
5844000
5468000
5137000
4845000
4585000
4351000
4141000
3950000
3819000
4236000
5760000
5664000
5319000
5006000
4729000
4480000
4257000
4056000
3872000
3705000
3552000
3411000
3292000
3242000
3200000
3518000
3551000
3541000
3418000
3336000
3551000
3946000
5664000
6959000
7582000
7265000
8014000
9664000
9555000
