432600
432500
432300
431900
305400
250300
249700
249200
234700
212800
212200
211600
213100
233000
232400
231700
4343000
4716000
4708000
4708000
2785000
3062000
2969000
3886000
8856000
7736000
7401000
6933000
4063000
4186000
4189000
4137000
4456000
3199000
3533000
8079000
10560000
10630000
9929000
7401000
5346000
4135000
4112000
5669000
4873000
5198000
5018000
4151000
4115000
3918000
3694000
3369000
3323000
2900000
2762000
2757000
2463000
2109000
1896000
1659000
1468000
2875000
2880000
2844000
2746000
2063000
1711000
1538000
1523000
2118000
2959000
4210000
4664000
4230000
3542000
2600000
2066000
1826000
1387000
1075000
1882000
1852000
1919000
1991000
1614000
1440000
1284000
2024000
1782000
1613000
1584000
1105000
872100
916700
912100
825800
753800
690700
2041000
2052000
2133000
2116000
1402000
1068000
872200
771700
667600
539000
529000
520200
540500
656200
638500
852000
7088000
6907000
6869000
6756000
3498000
2087000
2059000
2013000
3535000
4231000
4267000
4271000
3371000
2834000
2559000
2559000
2754000
1853000
1520000
1483000
1318000
2367000
2414000
2422000
2403000
1667000
1382000
1297000
1299000
1231000
1079000
1048000
1048000
1024000
1453000
1322000
2477000
5835000
5461000
6429000
5839000
3874000
3019000
2134000
1791000
1503000
1430000
1454000
1379000
1504000
1667000
1517000
5109000
4988000
4594000
4436000
2472000
1636000
1550000
1495000
1294000
975100
1140000
1210000
1214000
1536000
1612000
1587000
1563000
1179000
964000
767900
683500
576800
472100
483000
891700
902000
1250000
1219000
1097000
1003000
854300
1755000
1695000
2499000
2351000
1738000
1489000
1043000
859100
844400
762900
682300
596300
486700
554800
538000
1110000
1105000
993600
956800
610200
1912000
2757000
2735000
2694000
1901000
1154000
988800
985500
960200
779300
700100
694300
813200
926400
962100
2418000
6003000
5783000
5650000
4877000
2647000
1804000
3395000
3269000
2932000
2613000
1824000
1500000
1655000
1928000
1819000
1680000
1525000
1093000
950100
1015000
962900
2842000
2762000
2600000
2569000
1625000
1290000
1221000
1165000
1055000
883000
889200
933300
894100
878200
2401000
6213000
9123000
8933000
12900000
11060000
8700000
7984000
5295000
3614000
3017000
2780000
2576000
2300000
2555000
2795000
2839000
3076000
2677000
2268000
2114000
1524000
1231000
1085000
1030000
958100
919100
1030000
1109000
1087000
2639000
5026000
6785000
6786000
6009000
4305000
2678000
2213000
1954000
2250000
2125000
1990000
2012000
1787000
1667000
1699000
1698000
1386000
1015000
752600
704200
1656000
2401000
2333000
2298000
1812000
1192000
1064000
1107000
1052000
913900
1009000
1008000
1016000
1054000
5645000
10820000
10780000
10680000
8171000
4411000
3243000
3225000
2864000
2060000
1546000
1551000
2576000
3020000
3459000
3459000
2975000
2930000
2236000
2090000
1999000
1427000
1062000
954700
964700
1042000
1396000
1551000
1551000
1432000
1315000
1334000
1332000
4622000
4341000
3933000
3771000
2399000
1695000
1728000
1750000
2499000
2315000
2186000
2044000
1497000
1386000
1321000
1307000
1320000
1203000
1079000
1066000
1036000
861300
709900
713600
2053000
1931000
1942000
1910000
1220000
913900
1310000
4929000
4852000
5381000
7323000
5302000
4510000
4291000
2963000
2231000
1921000
1743000
1489000
1247000
1541000
1521000
1570000
1716000
1328000
1237000
1203000
899200
746600
673800
662800
609800
599000
697000
2457000
2451000
2505000
2509000
1714000
8293000
8281000
8135000
9358000
11530000
10090000
10040000
9316000
5705000
4696000
5941000
5765000
5183000
4665000
3713000
3440000
3568000
3241000
2909000
2798000
2652000
7106000
7737000
7839000
9746000
7085000
5464000
5108000
4097000
3348000
5500000
5388000
5254000
5129000
4015000
3371000
3423000
3528000
2552000
1968000
1940000
5787000
5665000
5569000
5473000
3342000
2703000
2428000
2380000
2171000
1725000
2324000
2248000
3730000
4052000
3487000
3228000
2451000
1632000
2003000
1973000
1894000
1693000
1322000
1022000
940300
1088000
1111000
987100
981100
826200
796500
836500
755700
725600
543000
381900
385900
394900
443300
442800
424500
4473000
4474000
4374000
4361000
2281000
1333000
1293000
1287000
1063000
718500
726100
705400
707100
1043000
1004000
1004000
1007000
750100
638700
638500
1381000
1219000
1101000
1288000
902400
751400
846800
3992000
5640000
5577000
5596000
3936000
2331000
2013000
1842000
1548000
1188000
960100
944400
2025000
2732000
2857000
2843000
2216000
1418000
1052000
1025000
966400
791600
1714000
1726000
1729000
1834000
1433000
1733000
1703000
1595000
1458000
1079000
961200
1205000
1063000
960100
851400
720700
873000
795400
815300
798800
688200
546100
723400
709000
682300
629200
481900
405600
381000
394300
1072000
1060000
1055000
1005000
600500
444200
576000
579800
539700
434400
344800
317000
327400
352400
339800
318200
310900
240800
217100
228100
222700
204600
191000
5865000
6067000
6072000
6080000
3173000
1809000
1758000
1759000
1442000
945200
926900
900700
923100
1398000
1415000
1442000
2296000
4063000
4227000
4209000
3752000
2662000
1847000
1766000
1715000
1336000
1175000
1151000
1161000
1229000
1400000
1429000
1427000
1340000
889200
626700
1899000
1899000
2129000
2095000
1434000
1147000
1008000
1704000
2264000
2152000
2136000
1687000
1188000
1156000
1127000
993800
808000
920100
884800
851700
921600
793100
697900
2197000
2042000
1933000
1924000
1149000
793900
767000
781500
695800
570400
597400
533400
3706000
5720000
5713000
5711000
4081000
2250000
1759000
3204000
2982000
2570000
2370000
1617000
3151000
8342000
8592000
8487000
7399000
4159000
2769000
2719000
3263000
6947000
6964000
6881000
6476000
4400000
3685000
3617000
3559000
3059000
2109000
1881000
1892000
1977000
2077000
3065000
3581000
6893000
6531000
5900000
5343000
6292000
5736000
5497000
5301000
3632000
2537000
2362000
2348000
2256000
2236000
2234000
2136000
2068000
2703000
2832000
3664000
4632000
3901000
3351000
2713000
1985000
1678000
4641000
4428000
4258000
6401000
6008000
6480000
8048000
6957000
5569000
5171000
4036000
3449000
3085000
2691000
2299000
2307000
2473000
2155000
3431000
3495000
3251000
2961000
2151000
1666000
1567000
1492000
1341000
1104000
1034000
1073000
1177000
1314000
1382000
2103000
1940000
1719000
1918000
1430000
1175000
1093000
833200
695300
939500
1646000
1714000
6603000
6458000
5956000
5727000
3194000
2016000
2571000
2611000
2264000
1825000
1933000
1768000
1777000
2179000
1939000
1712000
1636000
1130000
961200
941100
1050000
953300
831200
789000
712700
703200
830000
779700
2717000
2704000
2711000
2675000
2106000
1706000
1816000
1713000
1380000
1078000
920700
866500
820700
895300
865000
710300
694700
520900
3301000
4168000
4170000
4068000
3566000
2483000
2287000
2279000
1651000
1131000
1054000
1056000
1039000
1199000
1276000
1276000
1211000
942700
777300
754000
740300
578000
465000
439000
439000
447900
3734000
5616000
5617000
5581000
3955000
2293000
1883000
1879000
1587000
1098000
916100
916400
917100
1191000
1350000
1349000
1599000
1193000
1322000
1270000
1140000
1704000
1382000
1248000
1234000
873200
791400
804200
1745000
1727000
1673000
1712000
1234000
1004000
932900
730300
615300
529700
457400
450400
459400
538900
530400
435100
396800
297500
276200
295200
295500
3338000
3310000
3304000
3287000
1723000
1075000
1049000
1031000
861100
997600
992500
1011000
2493000
2509000
2396000
2371000
1620000
1188000
1074000
1073000
1426000
1127000
1024000
1023000
814700
846500
868000
856900
830700
641300
616000
608300
611600
2457000
2736000
2658000
3480000
2509000
1907000
1966000
1548000
1255000
1067000
866600
775800
723100
835600
825800
1189000
1258000
1069000
972700
769100
1497000
1422000
1490000
1446000
938900
1400000
3550000
3521000
3503000
3112000
2240000
2237000
2210000
2238000
1788000
1210000
1083000
957300
965500
1078000
1031000
1021000
942000
683000
1121000
3065000
4783000
4687000
4346000
3224000
1913000
1557000
1572000
1413000
1118000
948900
963300
1028000
3381000
13290000
13190000
13090000
11760000
6041000
3829000
3798000
3615000
2806000
1915000
1864000
1909000
2238000
3196000
3186000
3173000
2947000
1817000
1527000
1509000
1381000
1026000
775100
775800
795900
931000
1214000
1214000
1201000
1153000
1108000
1106000
1106000
1023000
592400
396400
426900
431200
463700
482500
451200
444200
466800
207800
322300
319400
278800
258000
196200
170400
165700
158900
144700
128300
128000
134300
131300
139700
138900
130400
128400
116900
114000
112300
110500
107900
105200
105500
333600
641800
2070000
2070000
1955000
1748000
952900
638300
2526000
3057000
2943000
2817000
5094000
4407000
4320000
4929000
4903000
7639000
7582000
7173000
6884000
4515000
3728000
3660000
5313000
4831000
4411000
4414000
3311000
2537000
2705000
2696000
2528000
2584000
4247000
4141000
5814000
9272000
13430000
14010000
16750000
14270000
10510000
8599000
6396000
5178000
4480000
4061000
3781000
3641000
3937000
3943000
3947000
9135000
8674000
7874000
7603000
4570000
3157000
2904000
2711000
2862000
2429000
2550000
5464000
5446000
7323000
7254000
5763000
4989000
3567000
2921000
2472000
2049000
1735000
3091000
4175000
4515000
4530000
6961000
6658000
5932000
5770000
3862000
2595000
2293000
2225000
2441000
2121000
2167000
2252000
2005000
2030000
5221000
5182000
5125000
4580000
2694000
1823000
1744000
2364000
2117000
1856000
1874000
1478000
4385000
5146000
5075000
5020000
3352000
2038000
1812000
3115000
3252000
2812000
2694000
2034000
1662000
1812000
1916000
1838000
1608000
1134000
988800
5569000
5679000
5661000
5469000
3038000
1894000
2002000
2082000
3918000
3500000
3344000
3283000
2187000
2120000
2147000
2452000
5279000
9903000
9781000
9574000
7968000
4690000
3719000
6848000
8416000
7657000
7103000
5394000
3792000
3640000
4025000
3784000
3354000
2878000
2127000
1914000
2186000
3229000
3143000
3027000
2678000
2737000
2480000
2429000
2358000
1797000
1505000
1519000
1549000
1591000
1526000
1283000
2620000
2632000
2610000
4881000
4212000
3985000
3715000
7402000
7732000
7473000
7435000
4904000
3041000
2889000
4094000
3849000
3505000
3262000
2577000
2228000
2345000
2333000
2203000
2668000
2082000
1791000
2121000
1914000
1670000
1725000
2624000
5977000
9654000
14390000
14870000
12830000
10330000
7835000
6122000
5560000
5275000
4474000
5032000
4951000
5047000
6991000
6494000
6170000
5928000
5522000
4437000
4026000
3791000
3294000
3643000
3602000
3617000
3380000
2866000
2636000
2620000
2622000
2426000
2259000
2181000
4317000
5712000
5894000
6623000
9665000
8747000
8041000
7482000
4976000
3373000
2965000
4124000
7213000
7592000
7640000
9263000
7301000
6575000
6192000
4782000
3805000
2855000
2497000
2226000
2119000
2314000
2316000
2351000
2413000
2063000
2048000
2040000
1739000
1580000
1395000
1250000
1149000
1117000
1031000
922900
933500
1003000
1022000
992000
947700
883100
2876000
2651000
2620000
4419000
3944000
3475000
3472000
2517000
1604000
1175000
1160000
1053000
810300
931400
925600
3985000
4147000
3976000
3916000
2367000
1499000
1334000
1271000
1099000
801800
764300
1156000
1182000
1447000
1502000
1346000
1270000
952100
870500
769300
680500
621800
489400
419800
441500
956400
1139000
1150000
1061000
797100
642200
572400
546700
511200
348000
257400
259300
272700
320800
344700
344400
467700
2912000
2809000
2805000
2729000
1412000
850400
848300
841900
4872000
10030000
10040000
10040000
7933000
4492000
3311000
3311000
3092000
2840000
4946000
6293000
6527000
9896000
10210000
8943000
8536000
6309000
4013000
5419000
5291000
5011000
4538000
3436000
3071000
3137000
3829000
11350000
10950000
10890000
10320000
6014000
4370000
6745000
6497000
5586000
4600000
3353000
2862000
3099000
3771000
4269000
4062000
3887000
2822000
3179000
5816000
7148000
6856000
7810000
5959000
4574000
4313000
3490000
2810000
2447000
2233000
2123000
2040000
2318000
2424000
2135000
1894000
1581000
1465000
1442000
1297000
1109000
907100
1297000
1070000
3145000
3232000
3031000
2942000
1911000
1380000
1707000
2182000
3663000
3365000
3259000
2917000
1931000
1691000
2400000
2256000
3423000
3051000
2503000
2293000
1704000
1468000
1382000
1296000
1154000
863100
881100
916900
901500
966000
1408000
1321000
1291000
1169000
858100
683700
671100
645300
597600
1671000
4974000
5360000
5324000
4707000
2781000
1840000
1756000
1654000
1331000
995000
895800
818000
1587000
2026000
2062000
2071000
1634000
1011000
840300
794800
736300
6206000
9359000
9350000
9345000
6578000
3795000
3092000
3093000
4921000
4341000
4060000
4060000
4586000
4413000
4549000
4538000
3571000
2427000
1937000
1850000
1775000
1678000
1423000
1345000
1359000
1277000
1357000
1437000
1437000
1222000
1135000
1136000
1136000
1340000
1138000
861400
773700
670900
5907000
5945000
5963000
5950000
3638000
2277000
2187000
2187000
1624000
1042000
1041000
1041000
1218000
1560000
1555000
1706000
1929000
1333000
1187000
1111000
908700
682900
565700
557000
2295000
2307000
2440000
2992000
2560000
3094000
3198000
2919000
2452000
1692000
1232000
1039000
997600
1046000
947800
959600
1e+06
1853000
1892000
1767000
1706000
3405000
4126000
5372000
5359000
4120000
2979000
2050000
1766000
1661000
1506000
1362000
1253000
1273000
1313000
1333000
1441000
1420000
1126000
888500
694500
3365000
6540000
6458000
6415000
5012000
2781000
2132000
2146000
2026000
1613000
1301000
1276000
1300000
1553000
1734000
1636000
1751000
1433000
1028000
929000
838300
2075000
5663000
5539000
5499000
4791000
2707000
1977000
1978000
1920000
1601000
1287000
1288000
1279000
1313000
1426000
1339000
1335000
1199000
796400
711500
712500
692100
1977000
1818000
1816000
1841000
1161000
941300
941100
925100
835800
715500
715800
715100
676900
1820000
1721000
1753000
1752000
1005000
720400
703800
694800
564600
335700
331600
328300
347200
486000
486100
488600
488900
365300
332300
328700
327700
1339000
1275000
1275000
1307000
763000
563100
1312000
1810000
2955000
4713000
6014000
11200000
10470000
9292000
7946000
4624000
3277000
2955000
2682000
2289000
1857000
1952000
2070000
2180000
2570000
2436000
2235000
1993000
1336000
1149000
1089000
1024000
905800
814900
818300
850500
932000
1084000
1086000
1094000
1068000
1035000
976200
843800
4513000
4828000
4682000
4692000
2780000
1659000
1550000
6608000
6346000
6090000
5895000
3301000
2212000
2457000
2472000
2186000
1749000
1346000
1170000
1746000
3259000
3187000
3113000
2823000
1616000
1260000
1350000
1331000
1125000
972000
1030000
1033000
1119000
1326000
1146000
1014000
2844000
7081000
7579000
7661000
6685000
4258000
3480000
3232000
3094000
2495000
1739000
3247000
8954000
9851000
10020000
9140000
5867000
4027000
3346000
3098000
2892000
2521000
2370000
2218000
2237000
2566000
2603000
2658000
2463000
1787000
1539000
1596000
3614000
3496000
3313000
3058000
1883000
1470000
1603000
1609000
1477000
4740000
4738000
4686000
4597000
2933000
1918000
1742000
1707000
1515000
1184000
1216000
1218000
1091000
1233000
1069000
3367000
3366000
3042000
2949000
1765000
2141000
2169000
2743000
2646000
3363000
3050000
2736000
2593000
2030000
1647000
1805000
2389000
2197000
2090000
1828000
1419000
1185000
1132000
1097000
993000
1889000
2123000
2059000
1971000
1518000
1122000
2335000
2323000
2214000
2164000
1450000
1156000
1148000
1139000
1038000
901700
1165000
1054000
881100
945400
1056000
1456000
1447000
1290000
3664000
3303000
3187000
3128000
1785000
1197000
1158000
3250000
3143000
3772000
3863000
3062000
3247000
7134000
7759000
7459000
6846000
4245000
2838000
2812000
2913000
2593000
2147000
1947000
1710000
1723000
2037000
2047000
1949000
1833000
1362000
1122000
1488000
1526000
1343000
1178000
945400
869600
918100
1042000
1026000
910000
1703000
1610000
1591000
1619000
1166000
807500
665500
1484000
3143000
3081000
3179000
2712000
1603000
1268000
1507000
1866000
2662000
2422000
2190000
1867000
1361000
2874000
2836000
2784000
3220000
2112000
1739000
1766000
1470000
1270000
1099000
1255000
1164000
1036000
1158000
1026000
973500
999600
817700
770500
956900
875500
762800
662400
1638000
3366000
4493000
5923000
5338000
4152000
3136000
2118000
1753000
1574000
1363000
1134000
983300
2652000
2768000
2835000
2957000
2034000
1466000
1303000
1087000
932100
739800
733500
684100
677000
850200
871100
2784000
2821000
2644000
2594000
1628000
1213000
1143000
1017000
826000
581500
556300
603700
3486000
3650000
3657000
3632000
2297000
1438000
1350000
3237000
4768000
5128000
5091000
4103000
3937000
3870000
3773000
3663000
2760000
1795000
1561000
1578000
1690000
1649000
1534000
1483000
1290000
1162000
1154000
1145000
1108000
912800
2330000
2256000
2267000
2309000
1440000
1034000
1033000
1043000
992700
884300
884300
810500
703900
684300
664300
2823000
4906000
4730000
4680000
5432000
4176000
3683000
4833000
5744000
12810000
12570000
11970000
10620000
6155000
4513000
4628000
5319000
4634000
3698000
3487000
3066000
2868000
3359000
3299000
3112000
2775000
1919000
1744000
1703000
1726000
1588000
1440000
1983000
4031000
4463000
4722000
4380000
4396000
8606000
11080000
11020000
10220000
9676000
8558000
7678000
10450000
10060000
8019000
7439000
5960000
4480000
4177000
4009000
3832000
3377000
9857000
9576000
9525000
9763000
5969000
4042000
3943000
3659000
3095000
2536000
2573000
2762000
3641000
9040000
9159000
9039000
8530000
4955000
3426000
3321000
3234000
2612000
1937000
1893000
1818000
1840000
2964000
2908000
4541000
4786000
4272000
3935000
3083000
3667000
3545000
7906000
10530000
11730000
11180000
10170000
11590000
10110000
12420000
