987100
964600
940800
918100
896500
876000
856300
837500
819500
802300
785800
769900
754700
740100
726000
712500
699500
1336000
1474000
1432000
1379000
1363000
1749000
1718000
1978000
5712000
5307000
4624000
4101000
3687000
4013000
3755000
3414000
3584000
3403000
3570000
8455000
12590000
9640000
7488000
6160000
5735000
4996000
4388000
5696000
5104000
5168000
4596000
4079000
3669000
3336000
3060000
2826000
2798000
2621000
2448000
2298000
2165000
2047000
1941000
1846000
1760000
2043000
1977000
1878000
1789000
1708000
1634000
1566000
1504000
1539000
1901000
2420000
2571000
2432000
2283000
2152000
2035000
1930000
1836000
1751000
1841000
1774000
1694000
1621000
1555000
1493000
1437000
1590000
1548000
1487000
1431000
1379000
1330000
1285000
1243000
1204000
1167000
1132000
1117000
1087000
1057000
1028000
1001000
975700
951300
928200
906100
885100
865000
845800
827500
809900
793100
777000
2301000
2329000
2193000
2071000
1963000
1866000
1778000
1698000
1978000
2484000
2390000
2247000
2120000
2006000
1905000
1813000
1730000
1654000
1584000
1521000
1462000
1444000
1415000
1366000
1319000
1274000
1233000
1194000
1158000
1124000
1091000
1061000
1032000
1005000
979100
954500
1062000
2109000
2110000
2454000
2353000
2213000
2090000
1980000
1881000
1791000
1710000
1636000
1568000
1505000
1448000
1394000
2187000
2156000
2039000
1934000
1839000
1754000
1676000
1605000
1539000
1479000
1423000
1372000
1324000
1279000
1238000
1198000
1162000
1127000
1095000
1064000
1035000
1008000
981900
957200
933700
911400
890100
869800
850400
831900
814200
817000
812000
958600
952700
929500
907400
886300
866200
846900
828500
810900
794100
777900
762400
747400
733100
719300
706000
693200
680900
752500
898300
894100
873600
854000
835300
817400
800300
783900
768100
753000
738400
724400
710900
698000
791300
1717000
1741000
1664000
1594000
1529000
1470000
1588000
1543000
1482000
1426000
1375000
1326000
1282000
1240000
1201000
1164000
1129000
1097000
1066000
1037000
1009000
1078000
1059000
1030000
1003000
977200
952800
929600
907400
886300
866200
847000
828600
811000
794100
865700
1906000
3538000
3398000
8446000
8152000
6690000
5621000
4857000
4281000
3831000
3469000
3170000
2920000
2707000
2523000
2364000
2223000
2099000
1987000
1888000
1798000
1716000
1641000
1573000
1510000
1452000
1398000
1349000
1302000
1267000
2021000
2894000
2781000
2587000
2419000
2272000
2142000
2026000
2045000
2022000
1926000
1832000
1747000
1670000
1599000
1534000
1474000
1419000
1368000
1320000
1402000
1608000
1569000
1506000
1449000
1395000
1346000
1300000
1257000
1216000
1178000
1143000
1110000
1078000
2786000
8491000
7371000
6083000
5193000
4538000
4034000
3633000
3306000
3034000
2805000
2608000
2879000
2720000
2535000
2374000
2232000
2408000
2295000
2163000
2045000
1939000
1844000
1758000
1680000
1608000
1596000
1541000
1481000
1425000
1373000
1345000
1301000
2519000
2493000
2337000
2200000
2191000
2082000
1973000
1874000
2239000
2238000
2120000
2007000
1905000
1813000
1730000
1654000
1609000
1649000
1592000
1527000
1468000
1413000
1362000
1315000
1632000
1603000
1538000
1478000
1422000
1371000
1400000
2908000
2860000
3043000
4591000
4259000
3813000
3454000
3158000
2910000
2698000
2516000
2357000
2217000
2093000
1983000
1883000
1794000
1712000
1638000
1570000
1507000
1449000
1396000
1346000
1300000
1257000
1217000
1427000
1402000
1352000
1306000
1262000
5281000
5009000
4398000
5311000
16600000
12380000
8989000
7106000
5905000
5895000
6738000
5830000
5010000
4399000
3924000
3544000
3233000
2973000
2752000
2563000
2398000
5474000
6099000
5318000
6909000
6118000
5230000
4565000
4055000
3650000
5072000
4633000
4108000
3693000
3355000
3076000
2840000
2638000
2464000
2311000
2177000
3795000
3622000
3297000
3027000
2799000
2603000
2433000
2284000
2153000
2036000
1931000
1837000
2247000
2173000
2054000
1947000
1852000
1765000
1686000
1614000
1548000
1487000
1431000
1378000
1330000
1285000
1243000
1204000
1167000
1132000
1099000
1068000
1039000
1011000
985300
960400
936800
914300
892900
872500
853000
1388000
1399000
1349000
1303000
1259000
1219000
1181000
1145000
1112000
1080000
1050000
1022000
995500
970200
946100
923200
901300
880500
860600
841700
823500
806100
789400
773500
758100
743400
729200
1121000
1633000
1619000
1553000
1492000
1435000
1383000
1334000
1289000
1246000
1207000
1170000
1135000
1152000
1124000
1091000
1061000
1032000
1005000
979000
954500
931100
910100
897600
877900
858200
839300
821200
804000
787400
771500
756200
741500
727400
713800
700700
688100
676000
664200
652900
641900
631300
621100
611200
601600
592300
583200
574500
566000
557700
549700
542000
534400
527100
519900
512900
506200
499600
493100
486900
480800
474800
469000
463400
457800
452400
447100
442000
437000
432000
427200
422500
417900
413400
409000
968900
1052000
1029000
1002000
976000
951600
928400
906400
885300
865200
846100
827700
810100
793300
777200
761700
746800
1142000
1242000
1212000
1175000
1186000
1155000
1121000
1089000
1059000
1030000
1003000
977100
952700
929500
907300
886300
866100
846900
828500
819700
806300
846600
834400
816500
799400
783000
828700
936500
926900
904900
883900
863900
844800
826500
809000
792200
776100
760600
745800
731500
717800
704500
859400
858600
839700
821600
804300
787700
771800
756500
741800
727700
714100
701000
1194000
1816000
1797000
1715000
1641000
1573000
1510000
1931000
1889000
1799000
1717000
1642000
2269000
6210000
5748000
4957000
4358000
3892000
3518000
3211000
3253000
7262000
7308000
6141000
5235000
4569000
4058000
3652000
3322000
3048000
2816000
2618000
2446000
2296000
2163000
2467000
2665000
5092000
4729000
4183000
3752000
6159000
5913000
5113000
4477000
3988000
3596000
3276000
3009000
2783000
2589000
2421000
2274000
2144000
2255000
2351000
2832000
3349000
3166000
2919000
2706000
2523000
2363000
4116000
3898000
3523000
5093000
5762000
6380000
7589000
6453000
5456000
5557000
4901000
4315000
3858000
3490000
3188000
2935000
2720000
2535000
3059000
2900000
2690000
2509000
2351000
2212000
2088000
1978000
1879000
1790000
1709000
1635000
1567000
1505000
1447000
1521000
1476000
1421000
1439000
1394000
1345000
1299000
1256000
1216000
1181000
1359000
1353000
3653000
3565000
3250000
2988000
2765000
2574000
2578000
2526000
2377000
2235000
2266000
2153000
2036000
1932000
1837000
1752000
1674000
1603000
1538000
1478000
1422000
1371000
1323000
1278000
1237000
1198000
1161000
1127000
1341000
1322000
1278000
1236000
1224000
1200000
1242000
1218000
1181000
1145000
1112000
1080000
1050000
1022000
995500
970100
946000
923100
1258000
1504000
1474000
1418000
1624000
1585000
1521000
1462000
1408000
1357000
1310000
1267000
1226000
1187000
1151000
1118000
1086000
1055000
1027000
1e+06
974400
950100
927000
905000
884000
864000
1346000
2003000
1972000
1874000
1785000
1704000
1630000
1563000
1501000
1444000
1391000
1341000
1296000
1253000
1213000
1175000
1140000
1107000
1075000
1046000
1018000
1024000
1001000
975200
950900
927700
905700
884700
902200
885400
865300
846100
827800
810200
793400
777200
761700
746800
732500
718700
705500
692700
680400
668500
657000
645900
635200
624800
614800
824700
831100
813300
796400
780100
764500
749500
735100
721200
707800
695000
682600
854100
855300
836500
818600
801400
784900
769100
753900
739300
725300
711800
698800
686200
674200
662500
651200
640300
629800
619600
609700
600100
673500
738100
731400
845700
841300
823100
805800
789100
773100
757800
743100
728900
715200
702100
689400
677200
665400
654100
643100
632400
622200
612200
602600
593200
584200
618700
974700
989400
964400
940500
917900
970300
954300
930900
908800
887600
867400
848100
829700
812000
795100
778900
763300
748400
734000
931500
1346000
1345000
1298000
1255000
1215000
1178000
1142000
1109000
1077000
1048000
1020000
993100
1187000
9423000
8135000
6579000
5544000
4800000
4238000
3796000
3440000
3146000
2900000
2690000
2509000
2351000
2212000
2088000
1978000
1879000
1790000
1709000
1635000
1567000
1505000
1447000
1394000
1344000
1298000
1255000
1215000
1177000
1142000
1109000
1077000
1048000
1020000
993000
967800
943800
921000
899300
878500
858800
839900
821800
804500
787900
771900
756600
741900
727800
714200
701100
688500
676300
664600
653200
642200
631600
621400
611500
601800
592500
583500
574700
566200
558000
550000
542200
534600
527300
520100
649200
653200
642200
631600
621300
611400
886500
1014000
1e+06
974500
1887000
1897000
1806000
1895000
2636000
5524000
5126000
4490000
4848000
4368000
3900000
3525000
5146000
4707000
4165000
3739000
3393000
3107000
2867000
2661000
2484000
2461000
3629000
3442000
4522000
8921000
22960000
17580000
23780000
14130000
9642000
7489000
6161000
5249000
4580000
4067000
3659000
3328000
3053000
2820000
2622000
6579000
5961000
5105000
4471000
3981000
3591000
3271000
3005000
3069000
2865000
2660000
4385000
4251000
5201000
4693000
4154000
3730000
3386000
3101000
2861000
2657000
2480000
3116000
3684000
3525000
3228000
5597000
5917000
5163000
4515000
4016000
3618000
3294000
3024000
2978000
2777000
2584000
2416000
2270000
2140000
3742000
3577000
3260000
2996000
2772000
2580000
2413000
2306000
2177000
2057000
1950000
1854000
3078000
3292000
3057000
2824000
2625000
2452000
2301000
2551000
2613000
2462000
2309000
2175000
2056000
1949000
1853000
1766000
1687000
1615000
1549000
3252000
3174000
2923000
2709000
2526000
2366000
2225000
2100000
2841000
2731000
2544000
2382000
2239000
2113000
2e+06
1899000
3129000
9136000
7803000
6366000
5395000
4689000
4152000
7238000
9340000
7650000
6267000
5324000
4637000
4111000
3695000
3357000
3077000
2841000
2639000
2465000
2312000
2178000
2058000
1951000
1855000
1873000
1795000
1714000
1639000
1571000
1508000
1451000
1397000
1347000
1301000
1258000
1329000
1296000
1253000
1774000
1789000
1798000
1725000
4554000
5481000
4878000
4298000
3844000
3479000
3179000
3199000
3051000
2828000
2628000
2455000
2303000
2170000
2051000
1945000
1849000
1763000
1684000
1612000
1546000
1485000
1429000
1658000
3422000
7269000
16800000
14760000
10610000
8373000
7971000
6614000
5568000
4861000
4696000
5546000
4948000
6330000
5325000
4608000
4088000
3909000
4109000
3850000
3494000
3192000
7922000
3401000
2668000
2490000
2334000
2197000
2076000
1967000
1869000
1781000
1700000
1627000
1952000
2739000
2900000
3254000
7368000
7265000
6098000
5204000
4546000
4040000
3638000
4226000
7925000
7711000
6406000
8784000
7349000
6240000
5325000
4637000
4111000
3695000
3357000
3077000
2841000
2640000
2465000
2312000
2178000
2058000
1951000
1855000
1768000
1689000
1616000
1550000
1489000
1433000
1380000
1332000
1287000
1244000
1205000
1168000
1133000
1100000
1198000
1175000
1140000
1588000
1822000
1764000
1685000
1613000
1547000
1486000
1430000
1378000
1330000
1285000
1243000
1775000
1757000
1679000
1607000
1542000
1481000
1425000
1374000
1326000
1281000
1239000
1200000
1163000
1129000
1096000
1065000
1036000
1009000
982800
958100
934600
912200
890900
870600
851200
832600
814800
797800
781500
765800
750700
736300
722400
709000
696000
683600
671600
660000
648800
638000
627500
617400
906600
917900
896300
875800
856100
837300
819300
802100
1822000
5694000
5298000
4617000
4095000
3682000
3347000
3069000
2834000
2995000
4894000
6002000
5542000
9732000
10780000
8450000
6777000
5681000
4901000
6671000
5861000
5033000
4416000
3938000
3555000
3242000
3190000
15090000
11270000
8372000
6728000
5647000
4877000
6950000
6083000
5193000
4538000
4034000
3633000
3306000
3034000
3184000
2973000
2753000
2563000
2897000
4739000
5972000
5284000
6473000
5673000
4895000
4311000
3855000
3488000
3186000
2933000
2718000
2533000
2372000
2231000
2105000
1994000
1893000
1803000
1720000
1645000
1577000
1513000
1455000
1401000
2054000
2023000
1920000
1826000
1742000
1665000
1637000
1757000
2390000
2321000
2281000
2161000
2043000
1938000
2158000
2074000
2578000
2478000
2324000
2188000
2067000
1959000
1862000
1774000
1695000
1622000
1555000
1494000
1437000
1384000
1338000
1293000
1250000
1210000
1173000
1138000
1105000
1073000
1044000
1169000
2293000
2495000
2362000
2222000
2097000
1986000
1887000
1797000
1715000
1640000
1572000
1509000
1451000
1410000
1361000
1314000
1270000
1229000
1190000
1154000
1120000
2886000
5634000
5155000
4509000
4011000
3614000
3291000
3022000
3696000
3542000
3240000
2979000
3813000
3604000
3286000
3018000
2791000
2596000
2427000
2279000
2148000
2032000
1928000
1834000
1748000
1671000
1600000
1535000
1475000
1420000
1369000
1321000
1276000
1235000
1196000
1159000
1125000
1093000
2430000
2426000
2278000
2148000
2119000
2015000
1912000
1820000
1736000
1660000
1590000
1526000
1466000
1412000
1361000
1314000
1270000
1229000
1190000
1154000
1120000
1088000
1058000
1029000
1154000
1137000
1104000
1094000
1174000
1403000
1409000
1362000
1315000
1270000
1229000
1191000
1155000
1121000
1088000
1058000
1030000
1002000
976700
952300
929100
1253000
1576000
2037000
1985000
1885000
1795000
1714000
1639000
1571000
1508000
1451000
1397000
1347000
1301000
1258000
1218000
1180000
1144000
1111000
1079000
1438000
2799000
2748000
2559000
2395000
2251000
2123000
2009000
1907000
1815000
1732000
1656000
1586000
1522000
1464000
1409000
1358000
1311000
1268000
1227000
1188000
1200000
2544000
2527000
2367000
2226000
2101000
1990000
1890000
1799000
1717000
1643000
1574000
1511000
1453000
1399000
1349000
1303000
1260000
1219000
1181000
1146000
1112000
1081000
1051000
1023000
995800
970400
946300
923400
901600
880700
860900
841900
823700
806300
847200
835200
822900
806100
789400
773500
758100
743400
729200
715500
702400
689700
677500
665700
654300
643300
632700
622400
612400
602800
593400
584400
575600
567100
558800
550800
542900
597000
663900
858000
1284000
1840000
5908000
5477000
4751000
4200000
3766000
3415000
3126000
2882000
2675000
2496000
2339000
2202000
2079000
1970000
1872000
1783000
1703000
1629000
1562000
1500000
1443000
1390000
1341000
1295000
1252000
1212000
1175000
1139000
1106000
1075000
1045000
1017000
991000
1636000
1851000
1787000
1706000
1633000
1565000
1503000
4103000
3962000
3682000
3358000
3078000
2842000
2640000
2465000
2313000
2178000
2058000
1952000
1949000
2356000
2269000
2140000
2024000
1921000
1827000
1743000
1666000
1595000
1531000
1471000
1416000
1365000
1318000
1273000
1232000
1742000
4320000
4618000
4207000
3779000
3755000
3916000
3590000
3270000
3004000
2779000
3674000
11420000
10750000
8295000
6680000
5614000
4852000
4278000
3828000
3537000
3372000
3153000
2911000
2699000
2517000
2358000
2218000
2094000
1983000
1884000
1794000
2515000
2442000
2292000
2160000
2043000
1937000
1842000
1756000
1678000
3100000
3018000
2791000
2596000
2427000
2279000
2148000
2032000
1928000
1834000
1749000
1671000
1600000
1535000
1475000
2144000
2106000
1994000
1894000
1803000
2027000
1987000
2173000
2102000
2664000
2558000
2394000
2250000
2123000
2009000
1942000
2123000
2094000
1989000
1889000
1799000
1717000
1642000
1574000
1511000
1626000
1697000
1637000
1569000
1507000
1449000
1703000
1663000
1593000
1549000
1490000
1433000
1381000
1333000
1287000
1245000
1206000
1168000
1134000
1101000
1070000
1150000
1128000
1096000
1725000
1721000
1646000
1577000
1514000
1456000
1402000
1833000
1800000
2065000
2043000
2071000
2262000
5155000
5858000
5146000
4502000
4006000
3610000
3287000
3019000
2791000
2596000
2427000
2279000
2149000
2032000
1928000
1834000
1749000
1671000
1600000
1535000
1475000
1420000
1369000
1321000
1277000
1235000
1196000
1160000
1125000
1093000
1062000
1034000
1006000
980300
955700
932300
910100
1201000
1198000
1161000
1127000
1094000
1064000
1035000
1052000
1265000
1250000
1210000
1172000
1137000
1358000
1338000
1293000
1316000
1279000
1237000
1198000
1161000
1127000
1094000
1064000
1035000
1008000
981500
956900
933500
911100
889900
869600
850200
831700
813900
796900
822500
1181000
1504000
1981000
1936000
1841000
1755000
1677000
1606000
1540000
1480000
1424000
1373000
1348000
1304000
1261000
1220000
1182000
1147000
1113000
1082000
1052000
1023000
996600
971200
947000
924100
902200
1058000
1049000
1021000
994300
969000
944900
922100
900300
879500
859700
840800
822600
1132000
1135000
1102000
1071000
1041000
1014000
987400
1259000
1836000
2097000
2017000
1914000
2132000
2255000
2149000
2033000
1928000
1834000
1749000
1671000
1601000
1536000
1476000
1420000
1369000
1321000
1277000
1235000
1196000
1160000
1216000
1188000
1152000
1118000
1086000
1056000
1027000
1e+06
974700
950400
927200
905200
884200
864200
845100
985800
1528000
1537000
1478000
2098000
2216000
2134000
2607000
3785000
18980000
13100000
9262000
7268000
6015000
5144000
4501000
4633000
4177000
3748000
3401000
3114000
2872000
2666000
2488000
2332000
2196000
2074000
1965000
1868000
1780000
1699000
1626000
1559000
2097000
2249000
2227000
2111000
2580000
7004000
10970000
8754000
6999000
9866000
11640000
8995000
12590000
12060000
9083000
7162000
5943000
5092000
4461000
3974000
3584000
3267000
11930000
9579000
7453000
6137000
5232000
4567000
4056000
3651000
3321000
3047000
2816000
2617000
2954000
7636000
6864000
5755000
4955000
4357000
3891000
3517000
3211000
2954000
2736000
2549000
2386000
2243000
2288000
2175000
2901000
2989000
3045000
2841000
2640000
3168000
3407000
8581000
12900000
14580000
10510000
10560000
18160000
12450000
