232200
229600
226300
222800
219100
215600
212100
208800
205500
202400
199300
196400
193500
190700
188000
185400
19020000
7658000
3053000
2219000
1427000
8263000
2428000
6340000
32090000
9175000
4199000
3063000
750300
5239000
2068000
901900
4528000
2084000
4528000
27360000
23160000
7820000
4468000
2096000
2935000
833700
440400
10830000
3086000
5442000
2246000
829600
518800
216400
134700
133300
1952000
635300
347400
300200
163900
126600
125500
124300
123100
5596000
1638000
774800
635600
228200
118700
117600
116600
1954000
7307000
9473000
5732000
2380000
1249000
508700
168500
115500
114500
113500
2843000
869200
438100
368300
164700
109700
108800
3894000
1157000
559800
463500
181600
105800
105000
104200
103300
102500
101800
1182000
400200
229200
201200
120200
98090
97370
96670
95970
95280
94600
93940
93280
92630
91990
91360
30720000
8576000
3748000
2974000
698800
91230
90610
90000
5764000
8613000
2695000
1457000
859400
230500
92160
91530
90900
90290
89680
89080
88490
1332000
770200
330100
245100
143800
93560
86320
85760
85210
84670
84140
83610
83080
82570
82060
4067000
20020000
5778000
8191000
3458000
1117000
604900
197500
88280
87690
87120
86550
85990
85440
84900
84360
13770000
3878000
1720000
1374000
357200
85470
84930
84390
83860
83330
82820
82300
81800
81300
80800
80320
79840
79360
78890
78420
77960
77510
77060
76620
76180
75750
75320
74890
74480
74060
73650
1187000
676600
4982000
1517000
687000
524500
170000
76590
76150
75720
75290
74860
74450
74030
73620
73220
72820
72420
72030
71640
3649000
5724000
1794000
969600
586400
169400
76670
76240
75800
75370
74950
74530
74110
73700
73300
4314000
22100000
6361000
2967000
2126000
493000
79340
3485000
1024000
487100
400900
147700
79740
79260
78800
78330
77870
77420
76970
76530
76090
75660
3390000
995100
472800
388900
142500
76430
76000
75570
75140
74720
74300
73890
73480
73080
3544000
22420000
22750000
7485000
31040000
12380000
4423000
2966000
892900
145100
87550
86970
86410
85850
85300
84760
84220
83690
83170
82650
82140
81640
81140
80650
80160
79680
79210
78740
78280
77820
1086000
13660000
13720000
4491000
2530000
1274000
280100
84690
84150
1757000
1410000
523500
345100
198700
101100
83540
83020
82500
81990
81490
81000
2653000
4983000
1551000
826400
529400
167100
83630
83110
82600
82090
81580
81090
80590
80110
26320000
37440000
11550000
6145000
3437000
682300
85630
85090
84550
84010
83490
82960
4424000
1287000
602600
492700
170000
3539000
1042000
497400
409800
152900
83900
83370
82850
82340
915600
369400
197100
166800
103100
428100
176600
18760000
5278000
2315000
1837000
1787000
453400
242700
208600
6060000
2595000
1035000
748500
284600
102200
84580
84040
448800
1815000
579400
313000
244400
115600
82820
82310
6690000
1914000
872900
705800
214800
83370
1522000
20970000
5933000
6207000
15910000
4489000
1962000
1374000
346300
90410
89800
89200
88610
88020
87440
86870
86310
85750
85200
84660
84130
83600
83080
82560
82050
81550
81050
80560
5559000
1600000
736400
597800
190700
39160000
10910000
4748000
11870000
36740000
11520000
5184000
3552000
864800
4238000
8542000
2610000
1354000
862800
237900
92490
91850
91220
90600
89990
89380
24510000
11790000
4374000
13910000
4512000
1620000
1176000
352700
102800
11810000
3341000
1493000
1197000
326300
93450
92800
92160
91520
90900
90280
17310000
4862000
2147000
1712000
432200
90360
89750
89150
88550
87970
87390
86820
7033000
2012000
917300
741600
225400
87230
86660
86100
85540
85000
84460
83930
83400
82880
82370
81860
81360
80870
80380
79900
79420
78950
78480
78020
77570
77120
76670
76230
75800
14870000
4177000
1845000
1471000
371900
78300
77840
77390
76940
76500
76060
75630
75200
74780
74360
73950
73540
73140
72740
72340
71950
71560
71180
70800
70430
70060
69690
12550000
13160000
4233000
2401000
1231000
268800
77610
77160
76710
76270
75840
75410
74980
1816000
558200
283600
239400
109800
74930
74510
74100
73690
676800
470800
209200
157400
106500
77050
72100
71720
71330
70950
70580
70200
69840
69470
69110
68750
68400
68050
67710
67360
67020
66690
66360
66030
65700
65380
65060
64740
64430
64120
63810
63510
63210
62910
62610
62320
62030
61740
61460
61180
60900
60620
60340
60070
59800
59530
59270
59010
58750
58490
58230
57980
57730
24120000
7804000
3233000
2456000
642500
85630
63990
63690
63390
63090
62790
62490
62200
61910
61630
61340
61060
12400000
5242000
2027000
1439000
1488000
383200
189100
163300
88090
67760
67420
67080
66740
66410
66080
65750
65430
65110
64790
952900
397300
1841000
616000
288500
222700
98570
2044000
3948000
1229000
654000
423100
136200
69880
69520
69150
68800
68440
68090
67750
67400
67060
66730
5781000
1652000
752000
607700
183200
69690
69330
68970
68620
68260
67920
67570
14810000
14790000
4780000
2732000
1369000
287100
76000
7559000
2151000
971800
782700
226800
9793000
30480000
9176000
4377000
2915000
658700
89970
84320
2564000
24450000
10270000
4071000
2764000
872400
155500
88960
88370
87790
87210
86650
86090
85530
84990
5116000
4629000
20630000
6221000
2763000
1947000
16610000
6311000
2504000
1820000
591200
131100
93640
92660
91020
90130
89520
88920
88330
2929000
3180000
7417000
8220000
2946000
1490000
793100
228900
97460
16870000
4741000
2096000
14210000
9639000
9365000
12280000
4011000
1824000
5376000
1476000
620900
510600
187500
100700
99960
99220
98480
7038000
2021000
927200
751400
235500
97250
96550
95850
95160
94490
93820
93170
92520
91880
91250
2537000
769000
383000
1628000
501300
246400
212800
115200
88750
221000
4611000
1678000
28400000
8220000
3514000
2701000
639700
90870
1970000
1627000
596400
388600
2109000
633200
315400
267300
126700
88710
88130
87550
86970
86410
85850
85300
84760
84220
83690
83170
82650
82140
5934000
1705000
782400
634400
837600
482000
1860000
757500
350400
258700
128800
86020
82870
82360
81860
81360
80860
80370
9606000
7430000
2526000
1544000
5271000
1442000
631200
515900
177400
86650
86090
85530
84990
84450
83920
83390
82870
82360
81850
81350
80860
80370
79890
79410
78940
78470
13320000
14210000
4563000
2580000
1332000
292200
84350
83820
83290
82780
82260
81760
81260
80770
80280
79800
79320
78850
78390
77930
77480
1375000
437500
232800
199700
102900
76790
76350
1348000
429100
228500
196100
101300
75680
75250
74820
74410
73990
73580
73180
72780
72380
71990
71610
71220
70840
70470
70100
69730
9246000
2615000
1168000
936700
255100
72960
72560
72170
71780
71400
71010
70640
6760000
1926000
872100
703100
206300
73360
72960
72560
72170
71780
71390
71010
70630
70260
69890
69530
69170
68810
68460
68110
67760
4200000
3537000
1209000
4880000
1523000
616300
465500
157800
75380
74950
74530
74120
73710
73300
72900
72500
72110
71720
71340
70960
332800
143100
101400
94480
74670
2012000
12800000
3682000
1712000
1260000
316800
2163000
654700
325500
272600
117200
75450
75020
74600
74190
73770
73370
72970
72570
72170
7433000
11790000
3639000
1927000
1136000
271400
79190
78720
78260
77800
77350
76900
76460
5966000
56790000
16040000
7210000
5382000
1174000
82380
81870
81370
80880
80390
79900
79430
78960
78490
78030
77580
77130
76680
76240
75810
75380
74960
74540
74120
73710
73300
72900
72510
72110
71730
71340
70960
70580
70210
69840
69480
69120
68760
68410
68060
67710
67370
67030
66700
66360
66030
65710
65390
65070
64750
64440
64130
63820
63520
63210
62920
62620
62330
62040
61750
61460
61180
60900
60620
60350
60080
59810
59540
59280
59010
6539000
1857000
836400
672900
191800
63150
10050000
5825000
2090000
1367000
18790000
5184000
2251000
4163000
10860000
23900000
7398000
3580000
7369000
1930000
700500
568000
12910000
3611000
1607000
1285000
340500
87980
87410
86840
86270
1532000
12520000
3594000
11450000
24680000
37610000
18270000
28210000
9828000
3758000
2162000
507600
99120
98380
97660
96950
96250
95560
94870
94200
26970000
7540000
3302000
2623000
626800
93610
92950
92310
2713000
818300
404800
15800000
5301000
10550000
3973000
1483000
900300
261000
94510
93840
93180
92530
8088000
8206000
3431000
1759000
18180000
9009000
3267000
2195000
811800
176400
97640
96920
1845000
580700
304600
259800
129400
94100
16890000
4748000
2099000
1675000
427000
93520
92860
757200
276100
170800
153400
103400
15200000
6894000
2621000
1827000
638200
144000
91510
4587000
3256000
1161000
744700
362000
130000
91350
90730
90110
89510
88910
88320
21560000
6038000
2653000
2110000
514800
88750
88160
87580
9887000
2804000
1259000
1011000
282800
88070
87490
86920
15270000
34130000
10170000
5080000
3199000
682300
90600
18250000
15670000
5184000
3062000
1447000
302900
93230
92580
91940
91310
90690
90070
89470
88870
88280
87700
87130
86560
2029000
624900
318400
268900
124100
85110
84570
84040
83510
82990
82470
3126000
926400
446600
10660000
3464000
2695000
1458000
27860000
14060000
5118000
3415000
1224000
215800
91150
2810000
1520000
602900
427500
208000
103500
89490
88890
88300
87720
87140
86570
86020
85460
84920
84380
5239000
21720000
27570000
35280000
18300000
8072000
5256000
7437000
2039000
1096000
4838000
3847000
9799000
3444000
1505000
14600000
4763000
1914000
5303000
8871000
5567000
2149000
1209000
5356000
9598000
2909000
2099000
1105000
313000
136800
92250
80030
79550
79070
78610
5990000
11490000
5903000
7231000
26630000
10580000
4239000
2781000
838200
150100
92380
6732000
21360000
9402000
3908000
15690000
4451000
2510000
1559000
453000
170300
112700
96820
96120
95430
94750
94080
93420
92770
92120
91490
90870
90250
89640
89040
88450
87870
87290
86720
86160
85610
85060
84520
83980
83460
82940
4165000
1215000
571500
10140000
6610000
2286000
1448000
634800
163300
88180
87600
87030
86460
85900
85350
11080000
3133000
1400000
1122000
304700
86270
85710
85160
84620
84090
83560
83040
82520
82020
81510
81020
80530
80040
79560
79090
78620
78160
77710
77260
76810
76370
75930
75500
75080
74660
74240
73830
73420
73020
72620
72230
71840
71450
71070
70690
70320
69950
11030000
3109000
1382000
1105000
290700
73220
72820
72430
22530000
36390000
11090000
5784000
3356000
676500
79850
79370
78900
3386000
15910000
12140000
5441000
21900000
14550000
4857000
2873000
1227000
252400
12010000
3394000
1516000
1215000
329600
92890
92250
1883000
44210000
12390000
5468000
4233000
957600
92580
13240000
3737000
1663000
1331000
353400
92220
91590
90960
3432000
1017000
490000
405200
5207000
16380000
13140000
4653000
11890000
3753000
1374000
973500
282200
97170
96460
95770
95080
94410
93740
93090
92440
91800
91180
90550
89940
89340
88740
88160
87570
87000
11620000
3283000
1465000
1174000
316700
87650
803100
3129000
10150000
3042000
2594000
1324000
407600
196700
4301000
1252000
7894000
2510000
1048000
780100
237400
92050
91420
90800
90180
89570
88970
88380
87800
87220
328800
153400
114800
108200
89650
84320
83790
83270
82750
3864000
19700000
8002000
3303000
2188000
675100
134400
87840
87270
86700
86140
85580
85040
84500
601100
227200
145400
131800
92970
82220
81720
81220
26640000
25710000
8317000
4766000
2332000
449100
86450
85900
7904000
2874000
1193000
897600
9045000
2783000
1205000
943500
287300
94230
88510
87930
87350
86780
86220
85660
85110
84570
84040
83510
82990
82480
81970
81470
80970
80480
80000
79520
79050
78580
23190000
6483000
2840000
2256000
1633000
384900
212200
184200
102500
80350
79860
79390
78920
78450
77990
77540
77090
76650
76210
75770
75340
74920
74500
74090
4338000
1257000
585100
1094000
2746000
5941000
2337000
1069000
670500
229900
91470
81230
80740
80250
79770
79300
78830
78360
77910
77450
77000
9153000
8655000
10100000
3674000
1703000
889800
230400
86050
85490
84950
84410
83880
83350
82830
82320
81820
81320
80820
80330
79850
9269000
20760000
6203000
3114000
1974000
445100
85340
84800
84260
83730
83210
82690
82180
81680
81180
80690
80200
79720
79250
78780
78310
1872000
21440000
6075000
2741000
2081000
495900
82030
81530
81040
80550
80060
79580
79110
78640
78180
77720
77270
76830
76390
75950
75520
75090
604500
221500
137700
124000
84290
73390
72990
72590
72200
71810
71430
71040
70670
2325000
699700
504600
329600
136300
86980
74470
70870
70500
70130
69760
69400
69040
68680
68330
67980
67630
67290
66950
66620
66290
417400
163300
107600
98470
72090
64810
2936000
3538000
7875000
13090000
13570000
36330000
11120000
4966000
3254000
714300
86040
85490
84940
84400
83870
83350
82830
82320
81810
81310
80820
80330
79850
79370
78900
78430
77980
77520
77070
76630
76190
75760
75330
74900
74490
74070
73660
73260
14920000
7252000
2699000
1841000
661800
139800
78680
28040000
7825000
4127000
2909000
720800
148500
95430
80890
80400
79920
79440
78970
1370000
6562000
1933000
934900
684200
203600
81760
81260
80770
80280
79800
79320
78850
78390
77930
77470
77030
10130000
27530000
11010000
5108000
3043000
3264000
4196000
1311000
714100
452500
155300
9549000
34950000
14290000
5978000
3809000
1123000
176300
93700
93040
674900
1349000
871300
389900
254500
150700
98270
89620
89020
88420
87840
87260
10490000
2971000
1331000
1068000
294500
87830
87250
86690
86130
17910000
5025000
2215000
1765000
440700
86940
86380
85820
85270
84730
84190
83660
83140
82630
82120
11260000
3179000
1418000
1136000
305500
4376000
1645000
4298000
1730000
8477000
2616000
1110000
826800
244400
89590
572100
3797000
1821000
751900
517800
225100
103000
88860
88270
87690
3159000
2836000
981100
604400
328100
126000
5458000
1577000
730300
939900
291300
129900
120700
94440
87030
86470
85910
85360
84810
84280
176200
2704000
814200
402800
13350000
3744000
1641000
1312000
344400
85860
85300
8489000
2415000
5944000
2834000
2664000
4605000
24930000
12490000
4734000
3011000
1061000
201100
95480
94800
94130
93470
92820
92170
91540
90910
90300
89690
89090
88500
87910
87330
86770
86200
85650
85100
84560
84030
83500
82980
82460
81960
81460
80960
80470
79990
79510
79040
78570
8787000
2493000
1121000
900500
253500
80520
80030
1386000
5815000
1727000
847300
614500
189400
5754000
1655000
761400
2050000
594100
255700
219100
112300
83380
82860
82350
81840
81340
80850
80360
79880
79400
78930
78460
78000
77550
77100
76660
1991000
10580000
9324000
10930000
3956000
1798000
940900
241400
87380
86810
86250
85690
85140
1458000
465500
248800
213700
111300
83530
83010
82490
81990
81480
80990
80500
80010
79540
79060
5567000
1601000
736200
597400
189600
80410
79930
79450
78980
78520
78060
77600
9866000
2791000
1249000
1001000
274100
79730
79260
7479000
12380000
7562000
3047000
1647000
4900000
3817000
1284000
786500
407700
139200
89610
89010
88420
87840
87260
86690
86130
85580
85030
84490
83960
83430
2950000
878400
426300
353600
140300
82990
82480
81970
81470
80970
80490
80000
79520
79050
78580
5424000
13490000
4157000
2047000
11750000
5113000
2152000
8167000
13630000
48920000
14890000
6746000
4583000
1021000
102800
94480
4127000
1212000
576000
473700
173600
93080
92440
91800
91170
90550
89940
89330
88740
88150
87570
87000
86430
9632000
5127000
2889000
1550000
7455000
30230000
24010000
8373000
4842000
16570000
14660000
4672000
18570000
12010000
3934000
2343000
1005000
225300
100600
99860
99120
98380
37340000
10410000
4543000
3602000
836000
97320
96620
95920
95230
94560
93890
93230
5252000
28770000
8728000
3963000
2817000
679800
104400
94430
93770
93110
92470
91830
91200
90580
2218000
680000
9640000
4758000
4083000
1836000
732500
7107000
5450000
28900000
24010000
19160000
7629000
11220000
25330000
7529000
19660000
