1766000
1744000
1719000
1693000
1669000
1645000
1622000
1599000
1577000
1556000
1535000
1515000
1495000
1476000
1458000
1439000
25710000
8706000
2520000
1443000
2178000
11390000
3151000
8091000
39740000
8244000
2200000
1252000
1239000
7572000
3015000
1477000
6068000
2986000
6170000
34320000
26370000
5446000
1600000
1108000
4267000
1666000
1156000
14230000
3459000
6543000
1981000
1158000
1020000
1011000
1002000
993400
3132000
1369000
1022000
960400
952500
944700
937000
929500
922100
7645000
2136000
1069000
893600
886700
879900
873300
866800
2840000
9809000
11810000
6205000
1698000
915700
823500
817700
812000
806300
800700
4014000
1377000
865100
779100
773900
768800
763700
5591000
1636000
870000
744000
739300
734600
729900
725400
720800
716400
712000
707600
703300
699100
694900
690700
686600
682600
678600
674600
670700
666800
663000
659200
655500
651800
648100
37180000
7310000
1553000
633900
630500
627100
623700
620300
7043000
10890000
2433000
835600
604100
601000
597900
594800
591800
588800
585800
582800
579900
741800
1106000
667100
581100
565800
563000
560300
557600
554900
552300
549600
547000
544500
541900
539400
4347000
25340000
5028000
8373000
1849000
706200
522300
520000
517700
515400
513100
510800
508600
506400
504100
502000
16670000
3449000
900900
493400
491300
489200
487200
485100
483100
481100
479100
477100
475200
473200
471300
469400
467500
465600
463800
461900
460100
458300
456400
454700
452900
451100
449400
447600
445900
444200
442500
503500
888100
7048000
1639000
597900
432600
431000
429400
427800
426200
424600
423100
421600
420000
418500
417000
415500
414000
412500
411100
3628000
7478000
1671000
567800
403900
402500
401100
399700
398400
397000
395600
394300
392900
391600
390300
4584000
27950000
5383000
1057000
383800
382600
381300
3877000
1017000
465200
376300
375100
373900
372700
371500
370300
369100
368000
366800
365700
364500
363400
2300000
714900
408600
358900
357700
356600
355600
354500
353400
352300
351200
350200
349100
348100
3059000
28310000
26490000
4877000
35080000
10520000
1916000
438500
338900
337900
336900
336000
335000
334000
333100
332100
331200
330200
329300
328300
327400
326500
325600
324700
323800
322900
322000
321100
320200
319300
318400
16710000
16190000
3078000
637800
314100
313300
312400
311600
2350000
1924000
586900
339400
307400
306600
305800
305000
304200
303400
302600
301800
3429000
6627000
1428000
443000
297900
297200
296400
295700
294900
294200
293400
292700
291900
291200
33570000
44560000
8095000
1246000
287600
286900
286200
285500
284800
284100
283400
282700
6109000
1345000
426700
280000
279300
5002000
1140000
395700
276600
276000
275300
274600
274000
273300
1454000
571200
316300
272900
270200
779400
362000
24230000
4639000
867400
266400
2131000
605600
311400
264000
8224000
2945000
686200
292400
261000
260400
259900
259300
800500
2650000
689800
314500
256400
255800
255300
254700
8977000
1846000
471700
252500
252000
251400
2217000
26800000
5079000
5730000
17700000
3395000
663200
247100
246600
246100
245500
245000
244500
244000
243500
243000
242500
242000
241500
241000
240500
240000
239500
239000
238500
238000
237500
237000
6336000
1349000
388500
235100
234600
49610000
9247000
1471000
10880000
44720000
9820000
1582000
269900
230400
5557000
10730000
2102000
467600
228100
227700
227300
226800
226400
225900
225500
225000
30200000
12220000
2166000
14450000
3384000
683500
236900
221600
221200
14870000
2894000
587100
219500
219100
218700
218300
217900
217400
217000
216600
20710000
3956000
729200
215000
214600
214200
213800
213400
213000
212700
212300
211900
8533000
1730000
419300
210300
210000
209600
209200
208800
208500
208100
207700
207300
207000
206600
206200
205900
205500
205100
204800
204400
204000
203700
203300
203000
202600
202300
201900
201600
201200
16290000
3138000
603600
199800
199500
199100
198800
198500
198100
197800
197400
197100
196800
196400
196100
195800
195400
195100
194800
194500
194100
193800
193500
193200
192800
192500
192200
14900000
15660000
2894000
511500
190600
190300
190000
189700
189400
189100
188800
188500
188100
816400
302300
203000
186900
186600
186300
186000
185700
185400
185100
184800
184600
184300
184000
183700
183400
183100
182800
182500
182200
181900
181700
181400
181100
180800
180500
180300
180000
179700
179400
179100
178900
178600
178300
178000
177800
177500
177200
176900
176700
176400
176100
175900
175600
175300
175100
174800
174600
174300
174000
173800
173500
173200
173000
172700
172500
172200
172000
171700
171500
171200
170900
28610000
6965000
1176000
210100
169700
169400
169200
169000
168700
168500
168200
168000
167700
167500
167200
167000
166800
14620000
5422000
1006000
231400
1519000
412500
199000
164900
164600
164400
164200
163900
163700
163500
163200
163000
162800
162600
162300
162100
161900
2354000
561600
216200
161000
160800
2700000
5400000
1096000
279600
159600
159400
159200
159000
158800
158600
158300
158100
157900
157700
157500
157300
7420000
1483000
338700
156400
156200
156000
155800
155600
155400
155200
155000
154700
18950000
17680000
3197000
507200
153700
153500
153300
10110000
1970000
402300
152500
152300
12910000
37730000
7289000
1105000
161000
151100
150900
150700
3543000
30920000
10270000
1732000
263200
149600
149400
149200
149000
148800
148600
148400
148200
148000
147800
6636000
5632000
25400000
4692000
756300
146700
20760000
6268000
1094000
205100
158400
147900
145700
145200
145100
144900
144700
144500
144300
3801000
3952000
9163000
9399000
2029000
386100
150100
142900
142700
21460000
4034000
676700
16210000
10600000
9997000
12900000
2369000
419300
5833000
1180000
283400
140500
140300
140200
140000
139800
139700
8983000
1754000
360900
139000
138800
138600
138500
138300
138200
138000
137800
137700
137500
137300
137200
3041000
666900
209500
1889000
456300
180100
136000
135900
135700
135600
6145000
1700000
35420000
6545000
1014000
134600
134500
134300
2457000
1943000
444900
168400
2654000
593400
196400
133100
132900
132800
132600
132500
132300
132200
132000
131900
131700
131600
131400
131300
131100
131000
6653000
1321000
294000
130400
772900
576900
2507000
755100
223300
134500
129400
129200
129100
128900
128800
128600
128500
128400
10950000
8462000
1560000
287200
6128000
1223000
277800
127200
127100
127000
126800
126700
126500
126400
126300
126100
126000
125900
125700
125600
125400
125300
125200
125000
124900
124800
15250000
16570000
3001000
467200
124100
124000
123800
123700
123600
123400
123300
123200
123100
122900
122800
122700
122500
122400
122300
122100
122000
451600
181900
129900
121500
121400
121300
121100
1299000
335900
150300
120600
120500
120400
120200
120100
120000
119900
119700
119600
119500
119400
119300
119100
119000
118900
118800
118600
118500
9452000
1822000
352200
118000
117900
117800
117700
117600
117400
117300
117200
117100
7916000
1540000
312300
116600
116500
116400
116300
116100
116000
115900
115800
115700
115600
115500
115300
115200
115100
115000
114900
114800
114700
3510000
4104000
814600
5963000
1166000
258500
113900
113800
113600
113500
113400
113300
113200
113100
113000
112900
112800
112700
112500
112400
112300
112200
112100
112000
111900
2179000
16560000
3097000
514400
111400
111200
2740000
591000
176800
110800
110700
110600
110500
110400
110300
110200
110100
110000
109900
109800
8236000
14410000
2652000
430600
109300
109200
109100
108900
108800
108700
108600
108500
108400
6512000
70810000
12960000
1851000
107900
107800
107700
107600
107500
107400
107300
107200
107100
107000
106900
106800
106700
106600
106500
106400
106400
106300
106200
106100
106000
105900
105800
105700
105600
105500
105400
105300
105200
105100
105000
104900
104800
104700
104600
104500
104400
104300
104200
104200
104100
104000
103900
103800
103700
103600
103500
103400
103300
103200
103100
103000
103000
102900
102800
102700
102600
102500
102400
102300
102200
102100
102000
102000
101900
101800
101700
7393000
1433000
284200
101300
101200
101200
13560000
6867000
1225000
208800
23740000
4415000
693100
3461000
13610000
29200000
5519000
810400
6958000
1351000
271600
99770
16500000
3094000
510700
99420
99340
99250
99170
99080
99000
2006000
16010000
2987000
13190000
28730000
43590000
16070000
28580000
5052000
750000
98080
98000
97920
97830
97750
97670
97590
97500
97420
97340
33770000
6243000
941200
97020
96930
96850
96770
96690
3574000
731300
183600
19840000
4876000
11650000
2106000
368000
95970
95890
95810
95730
95660
95580
10260000
9687000
2771000
473300
22100000
9314000
1597000
225500
94870
94800
94720
94640
2243000
486700
148300
94330
94260
94180
21260000
3957000
624500
93880
93800
93720
93650
475200
163200
103000
93350
93270
19250000
7121000
1218000
181500
92900
92820
92750
5648000
3695000
704200
157300
92380
92310
92230
92160
92090
92020
91940
91870
26580000
4926000
755600
91580
91510
91440
91360
91290
12320000
2323000
397600
91010
90930
90860
90790
90720
18690000
41240000
7449000
1037000
90370
90300
90230
2.3e+07
17870000
3146000
430900
89880
89810
89740
89670
89600
89530
89460
89390
89320
89260
89190
89120
89050
88980
1478000
342500
123600
88710
88640
88570
88510
88440
88370
88300
88240
2152000
464800
139800
13190000
3165000
2282000
422600
34760000
14650000
2460000
294000
87440
87370
87310
2765000
1494000
321800
110100
86980
86920
86850
86790
86720
86660
86590
86530
86460
86400
86330
86270
6192000
26980000
31970000
38920000
14870000
3247000
1827000
6234000
1193000
232900
274000
3355000
10480000
1955000
331000
11450000
2160000
370100
85070
7272000
2298000
429500
107400
84760
6217000
1204000
238300
84510
84450
84390
84330
84270
84210
84140
84080
7134000
14190000
5915000
7371000
31670000
9668000
1554000
181000
83540
83480
83420
8623000
26330000
8987000
1466000
17130000
3176000
1497000
263500
107700
82830
82770
82710
82650
82590
82530
82470
82410
82350
82300
82240
82180
82120
82060
82010
81950
81890
81830
81770
81720
81660
81600
81540
81490
81430
81370
2505000
523600
142000
12640000
7497000
1331000
209400
80920
80860
80810
80750
80690
80640
80580
80530
12990000
2436000
403900
80300
80250
80190
80140
80080
80030
79970
79920
79860
79810
79750
79700
79640
79590
79530
79480
79420
79370
79310
79260
79210
79150
79100
79040
78990
78940
78880
78830
78780
78720
78670
78620
78560
78510
78460
78400
78350
78300
78240
13390000
2507000
411700
78030
77980
77930
77880
77820
28840000
43670000
7797000
1039000
77570
77510
77460
77410
77360
4607000
20180000
13670000
4002000
24990000
14990000
2591000
338300
76900
76850
15330000
2862000
459200
76650
76600
76540
76490
2435000
55470000
10170000
1454000
76240
76190
76140
16890000
3144000
497400
75950
75900
75850
75800
75750
4548000
892000
187700
75550
6735000
20320000
14490000
2519000
12340000
2264000
375900
75160
75110
75070
75020
74970
74920
74870
74820
74780
74730
74680
74630
74580
74540
74490
74440
74390
74340
74300
14350000
2680000
432000
74110
74060
74010
945300
4120000
12750000
2352000
1900000
352400
112000
73640
5622000
1086000
9735000
1812000
312100
73370
73320
73270
73230
73180
73130
73090
73040
73000
72950
72900
72860
72810
72770
72720
72680
72630
72580
72540
72490
4698000
24680000
7695000
1246000
151700
72230
72180
72140
72090
72050
72000
71960
71910
71870
71830
71780
71740
71690
71650
71600
71560
71520
32910000
29460000
5165000
657900
71300
71260
71210
71170
9534000
2674000
468000
92940
11420000
2507000
421900
79970
70790
70740
70700
70660
70610
70570
70530
70480
70440
70400
70360
70310
70270
70230
70190
70140
70100
70060
70020
69970
69930
69890
27280000
5036000
751900
69720
1486000
328100
105100
69560
69520
69470
69430
69390
69350
69310
69270
69230
69180
69140
69100
69060
69020
68980
68940
68900
4108000
806000
170000
602300
3589000
7673000
2157000
376700
86870
68490
68450
68410
68370
68330
68290
68250
68210
68170
68130
68090
68050
10600000
10130000
11430000
2026000
308800
67820
67780
67740
67700
67660
67620
67590
67550
67510
67470
67430
67390
67350
67310
67270
9963000
25110000
4557000
649700
67080
67050
67010
66970
66930
66890
66850
66810
66780
66740
66700
66660
66620
66580
66550
66510
66470
380900
26860000
4955000
736700
66280
66250
66210
66170
66130
66100
66060
66020
65980
65940
65910
65870
65830
65800
65760
65720
65680
65650
65610
65570
65540
65500
65460
65420
65390
65350
65310
65280
65240
65200
65170
1715000
371000
349000
109300
71040
64950
64910
64880
64840
64800
64770
64730
64690
64660
64620
64590
64550
64510
64480
64440
64410
64370
64340
64300
64260
64230
64190
3328000
4549000
10030000
15770000
15280000
42850000
7707000
1071000
63890
63860
63820
63790
63750
63720
63680
63650
63610
63580
63540
63510
63470
63440
63400
63370
63330
63300
63270
63230
63200
63160
63130
63090
63060
63030
62990
62960
62920
62890
17280000
7495000
1277000
170300
62720
62690
62660
35610000
6552000
2005000
254400
88850
62460
62430
62390
62360
62330
62290
62260
1701000
8601000
1607000
268700
62100
62060
62030
62000
61960
61930
61900
61860
61830
61800
61760
61730
61700
13160000
33920000
10110000
2068000
250900
3336000
5233000
978500
176100
61390
61350
12350000
43040000
13280000
2082000
198500
61170
61140
61110
61070
723400
1665000
899700
198800
74730
60880
60850
60820
60790
60750
60720
60690
13390000
2493000
394700
60570
60540
60500
60470
60440
60410
22640000
4182000
626400
60290
60260
60230
60200
60170
60130
60100
60070
60040
60010
59980
59950
14220000
2645000
414900
59830
59800
5810000
1661000
5216000
1264000
10420000
1926000
315000
59560
59530
59500
678600
5029000
1898000
352000
82820
59320
59280
59250
59220
59190
3838000
3342000
627300
124100
59050
59020
6954000
1318000
231800
500300
139400
69900
58810
58780
58750
58720
58690
58660
58630
58600
58570
3446000
676800
143400
16720000
3100000
476100
58370
58340
58310
58280
10410000
1947000
6798000
2086000
2634000
5260000
30780000
12570000
2075000
232400
57980
57950
57920
57890
57860
57830
57800
57770
57750
57720
57690
57660
57630
57600
57570
57540
57520
57490
57460
57430
57400
57370
57350
57320
57290
57260
57230
57200
57180
57150
57120
57090
57060
9536000
1787000
294600
56950
56930
56900
56870
1261000
7536000
1412000
238800
56730
56710
7016000
1327000
231100
1751000
365800
99010
56510
56490
56460
56430
56400
56380
56350
56320
56290
56270
56240
56210
56190
56160
56130
56100
56080
983700
13370000
10830000
12100000
2125000
311300
55900
55870
55840
55810
55790
55760
55730
55710
55680
55650
55630
55600
55570
55550
55520
55490
55470
55440
55420
55390
55360
55340
5491000
1047000
191500
55230
55210
55180
55150
55130
55100
55070
55050
55020
10960000
2046000
328400
54920
54890
54870
54840
9014000
15090000
7846000
1325000
183100
5479000
4401000
803200
138800
54590
54570
54540
54520
54490
54470
54440
54410
54390
54360
54340
54310
54290
54260
1599000
336200
92910
54160
54140
54110
54080
54060
54030
54010
53980
53960
53930
53910
53880
5245000
16510000
3212000
478500
13620000
5118000
1289000
9126000
16140000
59310000
11230000
1563000
66660
53560
53530
53510
5094000
973500
179800
53410
53390
53360
53340
53310
53290
53260
53240
53220
53190
53170
53140
53120
53090
11240000
5357000
2293000
383800
9051000
37210000
26260000
4560000
724700
18500000
16510000
2904000
20480000
11780000
2027000
254700
52720
52690
52670
52650
52620
52600
46710000
8569000
1222000
52510
52490
52460
52440
52420
52390
52370
52350
52320
6594000
35690000
7137000
1031000
68110
52190
52170
52140
52120
52100
52070
52050
52030
52000
2712000
537500
12170000
4802000
3941000
685600
130100
8881000
6235000
35280000
25960000
18700000
3138000
10450000
29260000
5646000
21190000
