1495000
1481000
1464000
1447000
1430000
1413000
1397000
1381000
1365000
1350000
1335000
1321000
1306000
1293000
1279000
1266000
16800000
6499000
2716000
1425000
1804000
8213000
2735000
6226000
29910000
7382000
3141000
1348000
1334000
5560000
2645000
1678000
4673000
2629000
4894000
25780000
20450000
5825000
2300000
1388000
3537000
1815000
1492000
10390000
3236000
5499000
2093000
1572000
1329000
1315000
1301000
1287000
2397000
1497000
1325000
1240000
1227000
1215000
1203000
1191000
1180000
5283000
2024000
1428000
1153000
1142000
1132000
1121000
1111000
1657000
7140000
8819000
5213000
2030000
1268000
1105000
1095000
1086000
1076000
1067000
2624000
1378000
1146000
1036000
1028000
1019000
1011000
3781000
1582000
1179000
993000
985000
977000
969200
961600
954000
946600
939300
932100
925000
918000
911100
904300
897600
891100
884600
878200
871900
865700
859500
853500
847600
841700
835900
16690000
4177000
1920000
896700
890100
883700
877300
871000
2809000
6484000
2093000
1223000
882600
876300
870000
863800
857700
851700
845800
839900
834200
828500
822900
817300
811900
806500
801200
795900
790800
785700
780600
775600
770700
765900
761100
756300
751700
12250000
3173000
5615000
1656000
1072000
804900
799600
794400
789300
784200
779100
774200
769300
764400
759700
7180000
2108000
1191000
774200
769300
764500
759700
755000
750300
745700
741200
736700
732300
727900
723500
719300
715000
710900
706700
702600
698600
694600
690700
686800
682900
679100
675300
671600
667900
664300
660700
657100
653600
650100
646600
643200
639800
636500
633200
629900
626600
623400
620200
617100
614000
610900
607900
604800
601800
598900
595900
593000
733200
617700
594600
582600
579800
577100
574400
571700
569000
566400
563700
561100
558600
556000
553500
11750000
2922000
1331000
611000
608000
604900
625200
603900
597700
593300
590400
587600
584700
581900
579200
576400
573700
571000
568300
565700
563100
560500
557900
555400
552900
550400
547900
545400
543000
540600
538200
535800
533500
531100
528800
526500
9631000
12710000
3331000
20120000
6858000
2405000
873600
724900
720600
716400
712200
708000
703900
699900
695900
691900
688000
684100
680300
676500
672800
669100
665400
661800
658200
654700
651200
647700
644300
640900
4093000
8440000
2368000
1139000
681800
678000
674200
670500
1269000
1386000
828800
702300
660600
657000
653500
650000
646500
643100
639700
636400
1519000
3463000
1252000
817600
644900
641500
638100
634800
631500
628300
625000
621800
618700
615500
18260000
26210000
6448000
2207000
800200
794900
789800
784700
779600
774700
769800
764900
3905000
1420000
968600
762300
757500
3412000
1310000
927700
752600
747900
743400
738900
734400
730000
1322000
895100
768300
719100
711800
992900
763700
14430000
3591000
1640000
756300
1773000
962800
813100
743100
5277000
2396000
1192000
796800
747100
742500
738000
733500
1037000
2103000
1019000
808400
720000
715700
711500
707400
5549000
1722000
1029000
714500
710300
706200
1724000
15910000
3930000
4487000
10840000
2958000
1430000
816000
810600
805200
799900
794700
789500
784400
779400
774400
769500
764700
759900
755200
750500
745900
741400
736900
732500
728100
723700
719500
1860000
952500
785800
708300
704200
30040000
6881000
2709000
6884000
29210000
7839000
2890000
1018000
953500
3742000
7242000
2337000
1341000
967400
959800
952300
944900
937600
930400
923300
916400
18110000
8513000
2923000
10500000
3307000
1690000
1035000
1003000
994800
9903000
2858000
1584000
1004000
995400
987300
979400
971500
963800
956200
948800
10800000
3017000
1610000
969900
962200
954700
947200
939900
932700
925600
918600
911700
3723000
1496000
1089000
902200
895500
889000
882500
876200
869900
863700
857600
851600
845700
839900
834100
828400
822800
817300
811800
806400
801100
795900
790700
785600
780500
775600
770600
765800
761000
1265000
859100
782200
745000
740500
736000
731500
727200
722800
718600
714400
710200
706100
702000
698000
694000
690000
686100
682300
678500
674700
671000
667300
663700
660100
656500
653000
2759000
8177000
2287000
1143000
684700
680900
677100
673400
669700
666000
662400
658800
655200
651700
648300
644800
641400
638100
634700
631400
628200
624900
621800
618600
615500
612400
609300
606300
603300
600300
597300
594400
591500
588700
585800
583000
580200
577500
574800
572100
569400
566700
564100
561500
558900
556400
553800
551300
548800
546400
543900
541500
539100
536700
534400
532100
529700
527400
525200
522900
520700
518500
516300
514100
511900
509800
507600
505500
503400
501400
499300
497300
495300
493200
491300
6889000
2578000
1087000
570600
521200
518900
516700
514500
512400
510200
508100
506000
503900
501800
499800
497700
495700
3795000
2392000
974100
589900
973800
606600
538700
506900
504800
502700
500700
498600
496600
494600
492600
490600
488600
486700
484700
482800
480900
479000
477100
475300
473400
471600
469800
2392000
872700
597800
472600
470800
469000
467200
465400
463600
461900
460100
458400
456700
455000
453300
2764000
938200
608200
458300
456600
454800
453200
451500
449800
448200
446500
444900
8385000
8593000
2359000
929700
512700
510600
508400
4961000
1447000
813200
525500
523200
6310000
19610000
4876000
1828000
654300
639600
636300
633000
2141000
17550000
6828000
2326000
889200
718700
714500
710300
706200
702100
698100
694100
690200
686300
682400
3988000
3835000
15340000
3790000
1652000
754500
12540000
4588000
1844000
891600
799800
794500
789400
784300
779300
774300
769400
764600
759800
2529000
2923000
6032000
6267000
2173000
1113000
804400
789000
783900
12900000
3338000
1612000
10020000
7078000
7e+06
8501000
2557000
1353000
4174000
1619000
1153000
938400
931200
924100
917100
910300
903500
5682000
1905000
1220000
906300
899600
893000
886500
880100
873800
867500
861400
855300
849300
843500
837600
1852000
1042000
891800
1783000
1019000
876900
809800
804500
799200
793900
3956000
1721000
22210000
5275000
2248000
885400
879000
872700
1868000
1866000
1092000
909600
2230000
1138000
937100
843000
837200
831500
825800
820300
814800
809300
804000
798700
793500
788300
783300
778300
773300
768400
1988000
1018000
838900
755700
751100
874800
2087000
1137000
848500
743600
731900
727500
723200
718900
714700
710500
706400
702300
3835000
4997000
1675000
952400
3981000
1400000
931700
718100
713900
709700
705600
701500
697500
693500
689600
685700
681900
678100
674300
670600
666900
663300
659700
656100
652600
649100
3533000
8858000
2447000
1179000
687500
683700
679900
676100
672300
668600
665000
661400
657800
654300
650800
647300
643900
640500
637100
633800
630500
627300
624100
620900
617700
614600
611500
608500
605400
602400
599500
596500
593600
590700
587900
585100
582300
579500
576700
574000
571300
568600
566000
563400
560800
558200
555700
553100
550600
548200
545700
543300
540800
538500
536100
533700
531400
529100
526800
524500
522300
684500
552700
527100
514400
512200
510100
508000
505900
503800
501700
499600
497600
495600
493600
491600
489600
487600
485700
483700
481800
479900
478000
476200
474300
1678000
725300
552400
473300
471500
469700
467900
466100
464300
462600
460800
459100
457300
455600
453900
452300
450600
448900
447300
445600
444000
442400
440800
6382000
1693000
847500
464800
463000
1202000
616000
509100
459900
458100
456400
454700
453000
451400
449700
448000
446400
444800
443100
1251000
6499000
1738000
848100
468900
467100
465300
463600
461800
460100
458300
456600
454900
1166000
35800000
7925000
2879000
619300
616200
613100
610000
607000
603900
601000
598000
595100
592200
589300
586500
583700
580900
578100
575400
572700
570000
567300
564700
562100
559500
557000
554400
551900
549400
546900
544500
542100
539700
537300
534900
532600
530300
528000
525700
523400
521200
519000
516800
514600
512400
510300
508100
506000
503900
501800
499800
497700
495700
493700
491700
489700
487800
485800
483900
482000
480100
478200
476300
474500
472600
470800
469000
467200
465400
463600
461900
460100
458400
456700
455000
453300
5593000
3516000
1223000
610400
11330000
2775000
1234000
2054000
6781000
15360000
3910000
1534000
4067000
1366000
878200
656000
9645000
2548000
1267000
687100
683300
679400
675700
671900
668200
1435000
9602000
2564000
8530000
17300000
27990000
11510000
20310000
4796000
2086000
995600
987500
979500
971700
964000
956400
948900
941600
934300
927200
22220000
5402000
2368000
994300
986300
978300
970500
962800
2849000
1350000
1074000
13520000
4264000
9030000
2525000
1467000
1004000
995800
987700
979700
971900
964200
6677000
6947000
2931000
1422000
15710000
7667000
2734000
1272000
1033000
1024000
1015000
1007000
1939000
1190000
1049000
981000
973100
965400
14300000
3764000
1860000
996400
988300
980400
972500
964800
957200
949700
942300
935100
12050000
5293000
2114000
1106000
968900
961300
953700
3524000
2968000
1428000
1045000
943200
935900
928800
921700
914800
907900
901200
894600
15730000
4016000
1902000
943000
935700
928600
921600
914600
7062000
2206000
1327000
925700
918700
911800
905000
898300
10210000
27860000
6795000
2638000
1027000
1018000
1009000
16050000
13550000
3988000
1679000
1068000
1058000
1049000
1040000
1031000
1023000
1014000
1006000
997400
989300
981300
973400
965700
958100
950600
943200
935900
928800
921700
914800
907900
901200
894600
888000
881600
875200
869000
862800
4736000
2065000
2196000
1100000
22590000
10290000
3374000
1287000
967600
960000
952500
945000
1336000
1015000
951500
919000
912100
905300
898600
892000
885500
879100
872800
866600
860500
854400
848400
1673000
16410000
21450000
28080000
12390000
4279000
2521000
5372000
1987000
1340000
1070000
2963000
8218000
2596000
1503000
8517000
2619000
1549000
1062000
5565000
2614000
1473000
1086000
1037000
4553000
1761000
1251000
1016000
1008000
999700
991600
983500
975600
967900
960200
1702000
8998000
4557000
5817000
22580000
8276000
2962000
1247000
1065000
1056000
1047000
6653000
19250000
7876000
2804000
12990000
3557000
2497000
1253000
1156000
1107000
1097000
1087000
1077000
1068000
1058000
1049000
1040000
1031000
1023000
1014000
1006000
997500
989400
981400
973500
965800
958200
950700
943300
936000
928900
921800
914900
908000
901300
894700
888100
881700
1698000
3977000
1542000
1067000
872800
866500
860400
854400
848400
842500
836700
831000
5888000
1891000
1167000
837200
831400
825800
820200
814700
809300
803900
798700
793400
788300
783200
778200
773300
768400
763500
758800
754100
749400
744800
740300
735800
731400
727000
722700
718400
714200
710100
705900
701900
697800
693800
689900
686000
682200
678400
674600
670900
667200
663600
4860000
1544000
944000
671100
667400
663700
660100
656600
16560000
26370000
6467000
2267000
827900
822300
816800
811300
805900
3280000
12360000
9e+06
3707000
16600000
10570000
3287000
1396000
976500
968700
10600000
2988000
1611000
985300
977300
969500
961900
2212000
39020000
8980000
3517000
1081000
1072000
1062000
12570000
3466000
1820000
1072000
1063000
1053000
1044000
1035000
3982000
1640000
1211000
1013000
5254000
14880000
11450000
3452000
9824000
2805000
1620000
1080000
1070000
1061000
1052000
1043000
1034000
1025000
1016000
1008000
999800
991600
983600
975700
967900
960200
952700
945300
938000
930800
8138000
2445000
1415000
945700
938400
931200
1218000
3207000
8392000
2543000
2277000
1133000
1001000
938000
4049000
1585000
6579000
2084000
1306000
949700
942300
935100
927900
920900
914000
907200
900400
893800
887300
880900
874500
868300
862100
856000
850100
844200
838300
832600
826900
2063000
14820000
5621000
2155000
1010000
887700
881200
874900
868600
862500
856400
850400
844500
838700
832900
827300
821700
816100
810700
805300
8e+05
794800
17440000
18540000
4945000
1850000
930800
923700
916800
909900
5070000
2281000
1289000
944000
7319000
2468000
1387000
939300
919000
912100
905300
898600
892000
885500
879100
872800
866500
860400
854400
848400
842500
836700
831000
825400
819800
814300
808900
803500
798300
793100
9956000
2722000
1416000
822500
1384000
931400
845600
804000
798700
793500
788300
783200
778200
773300
768400
763600
758800
754100
749400
744900
740300
735800
731400
727000
722700
718500
714200
710100
779700
4709000
1964000
1058000
738200
707200
703100
699000
695000
691100
687200
683300
679500
675700
672000
668300
664700
2544000
5626000
7256000
2138000
1059000
701700
697700
693700
689800
685900
682000
678200
674500
670800
667100
663400
659800
656300
652800
649300
645800
1.3e+07
3248000
1490000
694500
690600
686700
682800
679000
675200
671500
667800
664200
660600
657000
653500
650000
646500
643100
639700
636400
633100
9634000
2530000
1249000
668400
664800
661200
657600
654100
650600
647100
643700
640300
636900
633600
630300
627100
623900
620700
617500
614400
611300
608300
605300
602300
599300
596400
593400
590600
587700
584900
582100
579300
576600
573900
571200
568500
565800
563200
560600
558100
555500
553000
550500
548000
545600
543100
540700
538300
535900
533600
531300
529000
526700
524400
522200
519900
517700
515500
513300
511200
509100
506900
504800
4618000
7780000
7866000
23730000
5510000
2082000
696600
692700
688800
684900
681000
677200
673500
669800
666100
662500
658900
655400
651800
648400
644900
641500
638200
634800
631500
628300
625100
621900
618700
615600
612500
609400
606400
603400
600400
597400
4969000
3493000
1318000
755000
625500
622300
619200
19800000
4665000
2536000
830200
741200
698900
694900
690900
687000
683200
679300
675600
1217000
5453000
1687000
985300
682100
678300
674500
670800
667100
663500
659900
656300
652800
649300
645900
642500
639100
7175000
19960000
7151000
2663000
962300
2637000
3765000
1427000
930800
758000
753300
7762000
27070000
9603000
3147000
1103000
895500
888900
882500
876100
1077000
1758000
1368000
979100
873800
847600
841800
836000
830300
824600
819100
813600
8178000
2362000
1311000
833000
827400
821800
816300
810800
805400
13410000
3463000
1669000
854800
848800
842900
837100
831400
825700
820200
814700
809200
803900
798600
793400
8242000
2359000
1296000
813400
808000
3988000
1787000
3895000
1590000
6869000
2058000
1213000
833400
827700
822100
1078000
3649000
1949000
1109000
849200
809400
804000
798800
793500
788400
2327000
2590000
1195000
879700
779500
774500
4382000
1528000
1010000
952000
806700
776600
760400
755700
751000
746400
741900
737400
732900
728500
724200
2043000
994800
802800
10030000
2676000
1349000
747300
742700
738200
733700
5584000
1750000
4769000
2008000
2390000
3789000
18520000
8543000
2793000
1126000
864300
858200
852200
846200
840400
834600
828900
823300
817800
812300
806900
801600
796400
791200
786100
781000
776000
771100
766200
761400
756700
752000
747400
742800
738300
733900
729500
725100
720800
716600
712400
708200
704100
700100
696100
692100
688200
684300
680500
676700
673000
3719000
1309000
872400
673200
669500
3516000
1264000
855900
1201000
778500
699500
661900
658300
654800
651300
647800
644400
641000
637600
634300
631000
627800
624500
621300
618200
615100
612000
608900
605900
2982000
4947000
6811000
1989000
998300
659700
656200
652600
649200
645700
642300
638900
635600
632300
629000
625800
622600
619400
616300
613200
610100
607100
604000
601100
598100
595200
592300
589400
586600
583800
581000
578200
575500
572800
570100
567400
564800
562200
559600
1449000
743500
614600
555000
552400
550000
547500
3381000
7302000
4401000
1489000
758100
2789000
2609000
1081000
719500
617600
614400
611400
608300
605300
602300
599300
596400
593500
590600
587700
584900
582100
579300
576600
573900
571200
568500
565900
563200
560700
558100
555500
553000
550500
548000
545600
543100
540700
538300
5444000
1664000
894700
6797000
3070000
1440000
4822000
8882000
36030000
8510000
3025000
824200
799700
794500
789400
3225000
1295000
943700
782200
777200
772300
767400
762600
757900
753200
748500
744000
739400
735000
730600
726200
721900
5008000
3488000
2181000
1020000
5909000
22690000
16820000
4624000
1745000
12150000
11510000
3412000
14920000
9367000
3060000
1401000
1035000
1027000
1018000
1009000
1001000
993000
32210000
7550000
3103000
1090000
1080000
1071000
1062000
1052000
1043000
1034000
1026000
1017000
4845000
25470000
6673000
2709000
1119000
1081000
1071000
1062000
1053000
1044000
1035000
1026000
1017000
1009000
2192000
1246000
8951000
4310000
3921000
1551000
1145000
6802000
5304000
25620000
19690000
15290000
4090000
8752000
21780000
5913000
16630000
