2645000
1913000
1789000
1771000
1754000
1736000
1719000
1703000
1686000
1670000
1655000
1639000
1624000
1609000
1595000
1581000
27320000
7923000
1932000
1526000
2323000
12200000
2845000
8465000
42240000
6560000
1439000
1427000
1416000
7993000
2927000
1471000
6558000
3013000
6525000
36540000
26330000
3956000
1310000
1301000
4650000
1712000
1273000
15310000
3054000
6771000
1945000
1228000
1220000
1211000
1203000
1195000
2962000
1406000
1171000
1163000
1156000
1148000
1141000
1134000
1126000
7548000
1936000
1105000
1098000
1091000
1085000
1078000
1072000
2002000
10380000
12230000
6013000
1512000
1034000
1028000
1022000
1016000
1010000
1004000
3489000
1312000
987600
982100
976700
971300
966000
5789000
1574000
950400
945300
940300
935300
930400
925500
920700
915900
911200
906500
901900
897300
892700
888200
883800
879400
875000
870700
866500
862200
858000
853900
849800
845700
841700
30300000
4609000
829800
825900
822100
818300
814500
810800
4649000
11040000
2048000
796100
792600
789000
785500
782000
778600
775200
771800
768400
765100
761800
758500
755300
752100
748900
745700
742600
739500
736400
733300
730300
727300
724300
721400
718400
715500
22970000
3562000
8341000
1682000
701300
698500
695800
693100
690400
687700
685000
682400
679700
677100
674500
13060000
2257000
666900
664400
661900
659400
657000
654600
652100
649700
647400
645000
642600
640300
638000
635700
633400
631200
628900
626700
624500
622300
620100
617900
615800
613600
611500
609400
607300
605200
603200
601100
599100
597000
595000
593000
591100
589100
587100
585200
583300
581300
579400
577500
575700
573800
571900
570100
568300
566400
564600
562800
1959000
738300
557500
555700
554000
552300
550600
548800
547100
545500
543800
542100
540500
538800
537200
26530000
3864000
532300
530700
529100
527500
814100
561300
522900
521300
519800
518300
516800
515200
513700
512300
510800
509300
507800
506400
504900
503500
502100
500700
499200
497800
496400
495000
493700
492300
490900
489600
488200
486900
485500
484200
22770000
25880000
3369000
37040000
9370000
1016000
475100
473800
472600
471300
470000
468800
467600
466300
465100
463900
462700
461500
460300
459100
457900
456700
455500
454300
453200
452000
450900
449700
448600
447400
8906000
15320000
2210000
443000
441800
440700
439700
438600
1847000
1946000
605600
434300
433200
432100
431100
430000
429000
427900
426900
425900
2567000
6859000
1212000
421800
420800
419800
418800
417800
416800
415900
414900
413900
413000
412000
35540000
45800000
5647000
408200
407300
406300
405400
404500
403500
402600
401700
400800
6296000
1154000
398100
397200
396300
5369000
1032000
393700
392800
391900
391100
390200
389300
388500
1511000
620100
397400
385100
384300
917000
451000
26010000
3664000
380100
379300
2292000
622900
376900
376100
8856000
2777000
542300
372900
372200
371400
370600
369800
944900
2896000
681900
366800
366000
365200
364500
363700
9432000
1524000
361500
360800
360000
359300
2278000
28630000
3948000
5506000
18750000
2627000
354300
353600
352900
352200
351500
350800
350100
349400
348700
348000
347400
346700
346000
345300
344700
344000
343300
342600
342000
341300
340700
340000
2777000
651100
338100
337400
336800
52940000
7075000
334900
11660000
47310000
7830000
545700
331800
331200
5581000
11200000
1636000
328700
328100
327500
326900
326300
325700
325100
324500
323900
29460000
11030000
1216000
15350000
2883000
402000
319900
319300
318700
14980000
2196000
317000
316400
315900
315300
314700
314200
313600
313100
312500
17580000
2524000
310900
310300
309800
309300
308700
308200
307600
307100
306600
306000
5849000
1015000
304500
303900
303400
302900
302400
301900
301400
300800
300300
299800
299300
298800
298300
297800
297300
296800
296300
295800
295300
294800
294300
293800
293400
292900
292400
291900
291400
2735000
603600
290000
289500
289000
288600
288100
287600
287200
286700
286200
285800
285300
284900
284400
283900
283500
283000
282600
282100
281700
281200
280800
280300
279900
279500
279000
6199000
14720000
2030000
277300
276800
276400
276000
275600
275100
274700
274300
273800
273400
273000
272600
272200
271700
271300
270900
270500
270100
269700
269300
268900
268400
268000
267600
267200
266800
266400
266000
265600
265200
264800
264400
264000
263600
263300
262900
262500
262100
261700
261300
260900
260500
260200
259800
259400
259000
258600
258300
257900
257500
257100
256800
256400
256000
255600
255300
254900
254500
254200
253800
253400
253100
252700
252400
252000
251600
251300
250900
250600
250200
249900
249500
16670000
4059000
467300
248200
247900
247500
247200
246800
246500
246100
245800
245500
245100
244800
244400
244100
243800
8463000
4083000
599900
242500
1337000
382100
241500
241200
240800
240500
240200
239900
239500
239200
238900
238600
238200
237900
237600
237300
237000
236700
236300
236000
235700
235400
235100
5079000
855200
234200
233900
233600
233200
232900
232600
232300
232000
231700
231400
231100
230800
230500
5749000
937100
229600
229300
229100
228800
228500
228200
227900
227600
227300
227000
18740000
17610000
2149000
226000
225700
225400
225200
10570000
1550000
224300
224100
223800
13650000
39550000
5451000
275400
222600
222300
222100
221800
3731000
32780000
9158000
838700
220600
220300
220100
219800
219500
219200
219000
218700
218400
218200
217900
6419000
5592000
26700000
3534000
216700
216500
22150000
5539000
537800
215600
215300
215000
214800
214500
214200
214000
213700
213500
213200
3548000
3985000
9540000
9502000
1554000
249900
211600
211300
211000
22770000
3101000
210400
17310000
10410000
9842000
13130000
1724000
209100
6228000
979900
208400
208200
207900
207700
207500
207200
207000
9139000
1351000
206300
206000
205800
205600
205300
205100
204900
204600
204400
204100
203900
203700
203400
2175000
455700
202800
1997000
432200
202100
201800
201600
201400
201100
6122000
1458000
37600000
4984000
200200
2e+05
199800
199500
2097000
1918000
387900
198700
2767000
527300
198000
197800
197600
197300
197100
196900
196700
196500
196200
196000
195800
195600
195400
195200
194900
194700
2804000
528600
194100
193900
193700
476800
2680000
716900
219700
192600
192400
192200
192000
191800
191600
191400
191200
191000
6411000
7761000
1058000
190200
6283000
970500
189600
189400
189200
189000
188800
188600
188400
188200
188000
187800
187600
187400
187200
187000
186800
186600
186400
186200
186000
185800
7314000
15670000
2052000
185200
185000
184800
184600
184400
184200
184000
183800
183600
183400
183200
183100
182900
182700
182500
182300
182100
181900
181700
181600
181400
181200
181000
180800
180600
180400
180300
180100
179900
179700
179500
179300
179200
179000
178800
178600
178400
178300
178100
177900
177700
177500
177400
177200
177000
176800
176700
176500
176300
176100
176000
175800
175600
175400
175300
175100
174900
174700
1519000
346700
174300
174100
173900
173700
173600
173400
173200
173100
172900
172700
172600
172400
172200
172100
171900
171700
171500
171400
171200
171100
170900
170700
3747000
628700
170300
170100
170000
169800
169700
169500
169300
169200
169000
168800
168700
168500
168400
168200
168000
167900
167700
167600
167400
167200
167100
14430000
1995000
166800
166700
166500
1917000
390600
166100
165900
165800
165600
165500
165300
165200
165000
164900
164700
164600
164400
2495000
13930000
1889000
164100
164000
163800
163600
163500
163300
163200
163000
162900
162700
2123000
74270000
9625000
162700
162600
162400
162300
162100
162000
161800
161700
161500
161400
161200
161100
160900
160800
160600
160500
160400
160200
160100
159900
159800
159600
159500
159300
159200
159100
158900
158800
158600
158500
158300
158200
158100
157900
157800
157600
157500
157400
157200
157100
156900
156800
156700
156500
156400
156200
156100
156000
155800
155700
155600
155400
155300
155100
155000
154900
154700
154600
154500
154300
154200
154100
153900
153800
153700
153500
153400
153300
153100
153000
152900
152700
152600
152500
12700000
6264000
729400
152300
24950000
3329000
152300
3606000
14070000
29920000
3986000
183300
7312000
1070000
152200
152100
17260000
2344000
152000
151900
151800
151600
151500
151400
151300
1875000
16630000
2234000
13410000
29510000
44200000
14020000
28600000
3655000
152200
152100
151900
151800
151700
151600
151400
151300
151200
151000
150900
34760000
4586000
151000
150900
150800
150700
150500
150400
3617000
594400
150100
20720000
4015000
11640000
1602000
150100
149900
149800
149700
149600
149400
149300
10170000
9516000
2239000
284200
23100000
8531000
846400
149200
149100
148900
148800
148700
1895000
372200
148300
148200
148100
148000
21680000
2908000
148000
147900
147800
147600
147500
147400
147300
147100
147000
146900
18970000
6248000
619800
146800
146700
146600
146500
4916000
3462000
492700
146100
146000
145900
145700
145600
145500
145400
145300
145100
25440000
3386000
145200
145100
145000
144900
144800
144700
11470000
1596000
144500
144400
144300
144200
144000
143900
17010000
42050000
5237000
144400
144200
144100
144000
23470000
17340000
1965000
144200
144100
144000
143900
143800
143600
143500
143400
143300
143200
143100
142900
142800
142700
142600
142500
142400
142200
142100
142000
141900
141800
141700
141600
141500
141300
141200
141100
141000
8025000
1867000
2051000
373700
36110000
13360000
1244000
141100
141000
140800
140700
140600
1046000
256400
140300
140200
140100
140000
139900
139800
139600
139500
139400
139300
139200
139100
139000
2100000
27320000
31830000
38500000
12990000
2115000
1700000
6463000
926300
139800
139700
3060000
10750000
1452000
139500
11460000
1590000
139300
139200
7010000
1961000
259600
138900
138800
5565000
833900
138600
138500
138400
138200
138100
138000
137900
137800
137700
1928000
13760000
5317000
7227000
32690000
8261000
658400
137900
137800
137700
137600
8660000
27030000
7814000
697800
17840000
2406000
1071000
257200
137600
137500
137400
137300
137200
137100
137000
136900
136700
136600
136500
136400
136300
136200
136100
136000
135900
135800
135700
135600
135500
135400
135300
135200
135100
135000
134900
134800
134700
134600
2951000
5849000
820300
134300
134200
134100
134000
133900
133800
133700
133600
133500
9649000
1353000
133300
133200
133100
133000
132900
132800
132700
132600
132500
132400
132300
132200
132100
132000
131900
131800
131800
131700
131600
131500
131400
131300
131200
131100
131000
130900
130800
130700
130600
130500
130400
130300
130200
130100
130000
129900
129800
129700
129600
129500
8736000
1232000
129400
129300
129200
129100
129000
128900
29850000
4.4e+07
5262000
129700
129600
129500
129400
129300
129200
4666000
20850000
13110000
3160000
25810000
14290000
1526000
129600
129500
129400
15970000
2159000
129400
129300
129200
129100
129000
2434000
58250000
7538000
129500
129400
129300
129200
17570000
2363000
129200
129100
129000
128900
128800
128800
4662000
709500
128500
128500
7007000
20890000
13940000
1572000
12650000
1733000
128600
128500
128400
128300
128200
128100
128100
128000
127900
127800
127700
127600
127500
127400
127300
127200
127100
127000
126900
126900
13130000
1793000
126800
126700
126600
126500
684700
4262000
13130000
1726000
1722000
330700
126200
126100
5822000
855700
10060000
1399000
125900
125800
125700
125600
125500
125400
125400
125300
125200
125100
125000
124900
124800
124700
124600
124600
124500
124400
124300
124200
124100
2580000
25270000
6619000
548700
124200
124100
124000
123900
123800
123700
123600
123600
123500
123400
123300
123200
123100
123000
123000
122900
122800
122700
30420000
28450000
3256000
123200
123100
123000
122900
122900
7866000
2030000
240000
122600
11840000
2005000
171400
122500
122400
122300
122200
122200
122100
122000
121900
121800
121700
121700
121600
121500
121400
121300
121200
121200
121100
121000
120900
120800
120700
120700
17890000
2397000
120700
120600
1181000
256300
120400
120300
120200
120100
120000
120000
119900
119800
119700
119600
119600
119500
119400
119300
119200
119100
119100
119000
118900
118800
118700
118700
887200
7500000
1816000
216400
118400
118300
118200
118200
118100
118000
117900
117900
117800
117700
117600
117500
117500
4575000
9198000
11250000
1405000
117400
117300
117300
117200
117100
117000
116900
116900
116800
116700
116600
116600
116500
116400
116300
116200
353700
24390000
3223000
116300
116300
116200
116100
116000
116000
115900
115800
115700
115700
115600
115500
115400
115400
115300
115200
115100
115100
115000
18840000
2514000
115100
115000
115000
114900
114800
114700
114700
114600
114500
114400
114400
114300
114200
114200
114100
114000
113900
113900
113800
113700
113600
113600
113500
113400
113400
113300
113200
113100
113100
113000
112900
112800
112800
112700
112600
112600
112500
112400
112300
112300
112200
112100
112100
112000
111900
111800
111800
111700
111600
111600
111500
111400
111400
111300
111200
111100
111100
111000
110900
110900
711500
9443000
15550000
14650000
43440000
5455000
112500
112400
112300
112300
112200
112100
112100
112000
111900
111800
111800
111700
111600
111600
111500
111400
111400
111300
111200
111100
111100
111000
110900
110900
110800
110700
110700
110600
110500
110500
110400
10300000
5674000
656400
110700
110700
110600
110500
36710000
4801000
1148000
243900
111000
111000
110900
110800
110800
110700
110600
110500
1157000
8424000
1159000
110700
110600
110600
110500
110400
110400
110300
110200
110200
110100
110000
110000
109900
109800
12930000
34270000
8228000
1104000
173400
3343000
5068000
693100
111000
111000
110900
12580000
43970000
10960000
808600
112100
112000
111900
111900
111800
487800
1633000
847600
181800
111600
111500
111400
111400
111300
111200
111100
111100
13260000
1797000
111300
111200
111200
111100
111000
111000
110900
22820000
3021000
111300
111200
111100
111100
111000
110900
110900
110800
110700
110600
110600
110500
110400
13430000
1817000
110700
110600
110600
5640000
1366000
5056000
1027000
10460000
1432000
111000
111000
110900
110800
572400
4991000
1658000
229900
110800
110700
110600
110600
110500
110400
2850000
3036000
440300
110400
110300
110300
6403000
916700
110400
425900
150700
110200
110100
110000
110000
109900
109800
109800
109700
109600
109600
2477000
412900
109500
16720000
2238000
109800
109800
109700
109600
109600
8638000
1202000
6543000
1773000
2460000
5131000
31490000
10960000
996000
111000
111000
110900
110800
110700
110700
110600
110500
110500
110400
110300
110300
110200
110100
110100
110000
109900
109900
109800
109700
109600
109600
109500
109400
109400
109300
109200
109200
109100
109000
109000
108900
108800
108800
108700
108600
108600
108500
108400
108400
108300
108200
6220000
891400
108300
108300
108200
5404000
786800
108200
1201000
248100
108100
108000
108000
107900
107800
107800
107700
107600
107600
107500
107400
107400
107300
107300
107200
107100
107100
107000
106900
6135000
9173000
11280000
1404000
107700
107700
107600
107600
107500
107400
107400
107300
107200
107200
107100
107000
107000
106900
106800
106800
106700
106600
106600
106500
106500
106400
106300
106300
106200
106100
106100
106000
105900
105900
105800
105800
105700
105600
105600
2979000
473700
105500
105400
105400
105300
105300
6412000
14210000
6894000
757600
106100
4862000
4047000
533100
106200
106100
106100
106000
105900
105900
105800
105800
105700
105600
105600
105500
105400
105400
105300
105300
105200
105100
105100
105000
104900
104900
104800
104800
104700
104600
104600
104500
104400
104400
104300
11640000
1778000
129700
13560000
4400000
854400
9024000
15580000
60280000
8100000
173600
107200
107100
107100
107000
4383000
654900
107000
106900
106900
106800
106700
106700
106600
106600
106500
106400
106400
106300
106200
106200
106100
7781000
4328000
1875000
279900
8986000
37810000
24670000
2711000
286600
18890000
15740000
1804000
20690000
10740000
1134000
109800
109800
109700
109600
109600
109500
109400
47800000
6221000
110200
110200
110100
110000
109900
109900
109800
109700
109700
109600
6012000
36480000
5303000
191100
110400
110300
110200
110200
110100
110000
110000
109900
109800
109800
2207000
378500
12300000
4204000
3533000
507300
110100
8858000
5770000
36070000
24790000
17280000
1981000
10340000
29790000
4091000
21250000
