758600
757500
755800
753800
751700
749400
746900
744400
741800
739100
736400
733600
730800
728000
725200
722400
10870000
7701000
3888000
2320000
3236000
7186000
4334000
5264000
19980000
12440000
6732000
4202000
4947000
6988000
4483000
2869000
4712000
4538000
5562000
17220000
18610000
10170000
5442000
5315000
6564000
4470000
2859000
8232000
6138000
6541000
4012000
3057000
2553000
1946000
1424000
1273000
1935000
1689000
1175000
1028000
989300
791600
740000
653500
662600
3238000
2118000
1256000
952500
1140000
1038000
828500
727400
1065000
4731000
7088000
5441000
3030000
2352000
2265000
1925000
1405000
1199000
1270000
2288000
1708000
1157000
933100
904500
771600
651800
2558000
1727000
1113000
889600
981700
906700
752300
651200
685500
711500
712000
612700
588200
595700
544100
541000
539500
537900
536400
534800
533300
531800
530300
528800
527300
525800
524400
11410000
6669000
3166000
1918000
2706000
2357000
1476000
1054000
2575000
6135000
3988000
2009000
1520000
1816000
1301000
918900
788600
881000
937600
874400
657700
615700
599100
494600
490100
488800
487600
486300
485000
483800
482500
481300
480100
478800
477600
476400
475200
8586000
5052000
5552000
3268000
2856000
2239000
1808000
1394000
1295000
1289000
1355000
990800
897700
778100
532200
5128000
3048000
1569000
1043000
1375000
1227000
855300
677000
762400
826500
830300
598800
543900
564200
445300
440600
439600
438500
437500
436500
435500
434500
433500
432500
431500
430500
429500
428500
427500
426600
425600
424600
423700
422700
421800
420800
419900
419000
418000
417100
416200
415200
414300
413400
412500
411600
410700
409800
408900
408000
407100
406300
405400
404500
403600
402800
401900
401000
400200
399300
398500
397600
396800
396000
395100
394300
393500
9986000
5807000
2722000
1623000
2318000
2010000
1235000
863600
1044000
1179000
1188000
705900
592400
636200
389100
380700
379900
379200
378400
377600
376900
376100
375400
374600
373900
373100
372400
371600
370900
370200
369400
368700
368000
367300
366600
365800
8055000
13920000
7431000
18520000
13240000
8111000
4933000
4778000
4214000
3235000
2658000
2496000
2187000
2154000
1251000
745700
786900
410900
354100
352100
351500
350800
350100
349500
348800
348200
347500
346900
346300
345600
2826000
7377000
4126000
2030000
1565000
1893000
1512000
961200
1307000
1766000
1445000
1092000
754500
722100
624900
413900
397600
414500
422200
396200
1144000
3315000
1957000
1043000
810800
967800
823700
589700
506700
564600
600600
563500
427400
400900
14700000
25110000
13230000
6219000
5345000
6099000
4408000
2507000
2131000
2648000
2900000
2199000
3576000
2407000
1350000
636200
795300
2746000
1670000
925300
737700
918100
855300
571300
464500
513300
929000
769900
507400
419900
457200
610200
476100
10860000
6278000
2933000
1728000
3224000
2535000
1445000
942900
4659000
3800000
2398000
1273000
1349000
1336000
770500
545400
815500
1778000
1257000
733100
567200
641700
503800
396700
4049000
2465000
1293000
859800
1074000
944700
1416000
12360000
7196000
5582000
10660000
7449000
4406000
2791000
2727000
2548000
2045000
1778000
1359000
1333000
1268000
584500
499500
478800
290600
284300
283900
283500
283100
282600
282200
281800
281400
280900
908100
634300
432100
359900
405000
21860000
12460000
5527000
7705000
25860000
16260000
7691000
4841000
6372000
7855000
9422000
5162000
3718000
3775000
3255000
1946000
1296000
1134000
764500
793200
690600
12120000
9853000
4825000
8603000
6706000
4452000
2632000
2366000
2298000
7931000
5148000
2768000
1902000
2362000
1578000
931900
726200
680900
752900
758700
7103000
4140000
2032000
1119000
1596000
1383000
846800
589900
714700
808600
815400
481500
2320000
1516000
728400
503300
642000
580400
425300
350900
386700
413500
415200
318600
295800
304300
254800
252900
252600
252200
251900
251600
251200
250900
250600
250200
249900
249600
249200
248900
248600
248200
247900
247600
247300
246900
246600
246300
246000
245600
245300
245000
244700
244400
244000
243700
243400
243100
242800
242500
242200
241800
241500
241200
240900
240600
240300
240000
1047000
6287000
3592000
1701000
1119000
1499000
1254000
771400
570400
686900
766800
732000
441400
379200
384100
239600
234900
234600
234300
234000
233700
233400
233100
232800
232600
232300
232000
231700
231400
231100
230800
230600
230300
230000
229700
229400
229100
228900
228600
228300
228000
227800
227500
227200
226900
226700
226400
226100
225800
225600
225300
225000
224800
224500
224200
224000
223700
223400
223200
222900
222600
222400
222100
221800
221600
221300
221000
220800
220500
220300
220000
219800
219500
219200
219000
4864000
3541000
1742000
985000
1242000
1144000
745900
509600
569800
648700
663400
430600
340600
353700
237500
215500
214700
2881000
2864000
1508000
834400
1321000
1133000
745000
500800
537400
583000
567600
418300
337300
342000
279000
226000
219900
221600
210500
209900
209700
209500
209200
209000
208800
208500
208300
1706000
1053000
571500
399800
508300
460100
339000
280900
308900
329900
331300
255800
238000
244800
206100
2276000
1374000
707400
470100
620200
553700
386200
306000
344800
374000
376000
271800
7725000
10640000
5498000
2659000
2496000
2704000
1903000
5343000
3405000
2268000
1879000
1817000
6785000
19420000
10780000
5039000
3675000
4602000
3465000
1953000
2900000
15710000
11710000
6192000
3311000
3831000
3366000
1783000
1124000
1316000
1542000
1512000
835000
587200
588200
2748000
3482000
12490000
6971000
3519000
2358000
11870000
8394000
4166000
2463000
3228000
3042000
2170000
1194000
1144000
1290000
1040000
580000
422300
1777000
2347000
4942000
6102000
3531000
2041000
1733000
1683000
1261000
10140000
6063000
3133000
9063000
9778000
9087000
9727000
6172000
4308000
5930000
4567000
2874000
2116000
2271000
1747000
1365000
1092000
687800
4220000
2572000
1154000
705300
979800
800200
505100
364800
433000
484300
488000
305600
262800
279500
186200
901800
588600
357300
1006000
739800
481400
339500
364600
354600
305600
2672000
1812000
16280000
9271000
4437000
2612000
3527000
2909000
2444000
2174000
1968000
1787000
2794000
1598000
942300
809100
481600
457600
382400
305500
286000
296900
281800
213000
2e+05
204700
177700
176700
176600
176400
835100
548000
336000
260400
308000
348400
1274000
876900
521000
391800
453500
389400
295100
253400
252800
268100
267100
215800
2277000
4155000
2250000
1115000
3427000
2482000
1428000
839500
951000
953300
794700
597500
480000
492000
454100
256400
224900
236300
172400
170300
170200
170000
169800
169700
169500
169400
2055000
7216000
4004000
1865000
1316000
1690000
1346000
790200
594500
733800
820600
732200
409400
347800
327000
171800
166800
166700
166500
166400
166200
166100
165900
165800
165700
165500
165400
165200
165100
164900
164800
164600
164500
164300
164200
164100
163900
163800
163600
163500
163300
163200
163100
162900
162800
162600
162500
162400
162200
162100
161900
161800
161700
161500
161400
161200
161100
161000
160800
160700
160500
160400
160300
160100
160000
159900
159700
159600
159500
159300
159200
159100
158900
158800
158700
158500
158400
158200
158100
158000
157800
157700
157600
157500
157300
449500
322100
227900
194400
215400
205900
182200
170800
176200
180200
180400
165600
162000
163200
155600
155200
155100
155000
154900
154700
154600
154500
154300
5428000
3131000
1435000
831400
1214000
1696000
986600
573500
598200
720200
704900
387400
300200
336800
210500
206900
174100
166300
169200
521100
5963000
3404000
1560000
945400
1340000
1131000
664100
454500
565200
645000
632400
346500
675900
30920000
17410000
7587000
4135000
6328000
5324000
2854000
1687000
2265000
2697000
2710000
1178000
822700
953800
172800
148400
148300
148100
148000
147900
147800
147700
147600
147400
147300
147200
147100
147000
146900
146700
146600
146500
146400
146300
146200
146100
145900
145800
145700
145600
145500
145400
145300
145200
145000
144900
144800
144700
144600
144500
144400
144300
144200
144000
143900
143800
143700
143600
143500
143400
143300
143200
143100
142900
142800
142700
142600
142500
142400
142300
142200
142100
142000
141900
141800
141700
4245000
4342000
2202000
1126000
11530000
7040000
3330000
3278000
9042000
17540000
9787000
4852000
6896000
6272000
4346000
2298000
9218000
6350000
3643000
2414000
2345000
2005000
1338000
607300
694900
1511000
7941000
4390000
7585000
15980000
26250000
17960000
20860000
13230000
9699000
7078000
6064000
4705000
4055000
3670000
3136000
2343000
1887000
1051000
494700
14730000
8214000
3609000
1973000
3010000
2553000
1399000
846300
2553000
2130000
1683000
9406000
6109000
7881000
4182000
3155000
2401000
2055000
1530000
1217000
1149000
1262000
5006000
6460000
3891000
1862000
11240000
9273000
4779000
2500000
2848000
2812000
2024000
1271000
1839000
1673000
1397000
749900
558900
554100
9231000
5232000
2359000
1342000
1994000
1672000
939600
596300
747400
874100
883600
433100
8070000
6284000
2892000
1502000
1886000
1751000
1076000
2567000
2951000
1981000
1428000
1051000
902800
729800
372800
319200
366400
384400
289400
10590000
6065000
2683000
1464000
2217000
1884000
1046000
645200
5459000
3595000
2121000
1071000
1284000
1184000
545000
358200
7283000
20880000
11500000
5173000
3725000
4726000
3527000
11640000
12850000
7541000
4759000
4457000
3668000
2532000
1578000
1102000
1338000
1433000
951500
538700
513900
292100
131600
126700
126700
126600
126500
126400
126300
126200
126100
126100
126000
125900
125800
125700
125600
125600
125500
2341000
1676000
1594000
912200
15830000
12750000
6211000
3197000
3844000
3632000
2324000
1352000
1607000
1791000
1745000
970600
604200
626200
244600
134200
134100
136200
136300
128600
126700
127300
123400
358400
11530000
18360000
24100000
16210000
9839000
7963000
9503000
6552000
4157000
3432000
5046000
8392000
5266000
2853000
6619000
4579000
2439000
1274000
4256000
3363000
1899000
1212000
1231000
3380000
2181000
989100
717900
946000
764000
441900
304400
354000
314300
304200
408400
5894000
4844000
5111000
16070000
11330000
5918000
3547000
3897000
3423000
2298000
5253000
14450000
10530000
5755000
10760000
7725000
5197000
2781000
2643000
2543000
2165000
1726000
1253000
1141000
1094000
455800
313600
327200
132500
128300
118400
118000
117900
117800
117800
117700
117600
117500
117500
117400
117300
117300
117200
117100
117000
117000
116900
116800
116700
1797000
1065000
524800
332300
454200
400400
264600
199600
231200
255000
256800
3805000
2203000
1043000
583700
845900
729600
436300
295900
364200
415700
419600
237100
194300
211100
117800
114800
114700
114700
114600
114500
114500
114400
114300
114300
114200
114100
114000
114000
113900
113800
113800
113700
113600
113600
113500
113400
113400
113300
113200
113200
113100
113000
3074000
1785000
832300
493200
708000
613200
374100
259600
12730000
24130000
12840000
5879000
4825000
5658000
4044000
2209000
1795000
4170000
12030000
11500000
6402000
14380000
13880000
7843000
4304000
3891000
3841000
9630000
5958000
3423000
2594000
3055000
2107000
1103000
1774000
25260000
14460000
6626000
3612000
5247000
4432000
9570000
5482000
3606000
3114000
3620000
2169000
1303000
1109000
2514000
1777000
1178000
596400
3519000
10560000
10380000
5251000
8265000
5984000
4146000
2518000
2229000
2086000
1824000
1552000
1204000
957500
872700
415700
226600
247100
112500
108300
108200
108200
108100
108100
108000
107900
5380000
3084000
1389000
785000
1167000
998700
779900
2186000
6699000
3930000
2745000
1708000
1740000
1375000
3179000
1953000
5411000
3370000
2138000
1315000
1366000
1088000
654700
526900
590500
529600
506100
308500
198700
216000
109400
106000
105900
105900
105800
105800
105700
105600
105600
890000
10940000
7547000
3513000
1935000
2505000
2209000
1296000
797400
950700
1125000
1116000
586800
398800
410600
149600
105700
104500
104500
104400
104400
104300
12370000
17260000
8859000
4165000
3885000
4234000
2916000
1617000
4516000
3932000
2938000
1859000
6268000
4165000
1997000
964300
1335000
1241000
850200
495000
525700
607800
538400
280700
214900
235700
110900
102800
102700
102600
102500
102500
102400
102400
102300
102300
102200
102200
6173000
3529000
1577000
881900
1734000
1360000
737800
456200
600400
673300
646600
325700
262100
296100
140700
115100
110200
112100
101400
101100
101000
100900
100900
100800
100800
100700
100700
100600
100600
2653000
1861000
901100
506000
654600
596100
379700
255200
290900
333100
340300
212400
166300
174400
110300
99970
1179000
4268000
6573000
3475000
1795000
1537000
1641000
1178000
721100
641100
771900
781100
594200
346300
285700
213000
102200
98780
98730
98670
98620
9097000
5178000
2285000
1255000
1907000
1619000
892900
545300
714800
842500
852100
400100
294400
336100
105000
97810
97750
97700
97650
97600
97550
6731000
3842000
1709000
949600
1431000
1219000
683000
426700
551600
645800
652900
319600
241700
272500
102100
96750
96700
96650
96600
96550
96500
96450
96400
96350
96300
96260
96210
96160
96110
96060
96010
95960
95910
95860
95810
95760
95720
95670
95620
95570
95520
95470
95420
95380
95330
95280
95230
95180
95130
95090
95040
94990
94940
94890
94850
94800
94750
94700
94650
94610
94560
94510
94460
3187000
7935000
9729000
22600000
12730000
6808000
4748000
5236000
4058000
2589000
2103000
2362000
2275000
1963000
965900
625900
562900
107600
93590
93540
93490
93450
93400
93350
93310
93260
93210
93170
93120
93080
93030
92980
92940
92890
92850
92800
3736000
4025000
2037000
1016000
1066000
1085000
731200
15880000
9151000
4730000
2794000
3587000
2903000
1685000
988900
1192000
1392000
1417000
648000
880400
4352000
2248000
1032000
638100
885800
737200
430300
298900
372600
424100
407200
221300
180900
187000
94110
91190
5580000
16940000
10930000
5335000
3506000
5483000
6082000
3391000
2009000
2136000
2461000
7400000
21910000
14560000
7125000
4383000
5106000
4153000
2415000
1607000
2017000
2906000
2602000
1318000
871600
803700
338400
197100
153300
158200
172000
168900
5736000
3278000
1473000
816200
1216000
1036000
584200
367800
473300
10150000
5974000
2608000
1444000
2166000
1715000
936300
565700
746400
882600
892800
411000
298300
342800
96470
5714000
3264000
1455000
811400
1219000
3461000
2193000
3240000
2184000
6120000
3839000
2062000
1314000
1522000
1181000
1049000
2829000
2299000
1380000
931500
809200
648400
472100
246100
269500
1428000
2073000
1110000
572300
523900
517500
3106000
1783000
883300
737800
896600
712500
407300
303200
326900
325100
322100
187500
157300
170000
93460
1032000
622300
315900
7299000
4279000
1969000
1081000
1559000
1350000
790700
4121000
2638000
4403000
3137000
2935000
3947000
15650000
11850000
5994000
3556000
4049000
3513000
2268000
1448000
1462000
1663000
1533000
850000
528200
498600
176700
88110
85650
85610
85570
85530
85490
85450
85410
85370
85330
85290
85260
85220
85180
85140
85100
85060
85020
84990
84950
84910
84870
84830
84790
84760
84720
84680
84640
84600
84570
1750000
1025000
489000
298400
419100
2558000
1469000
699600
914700
908000
699900
389500
316700
351800
305100
289300
187300
167700
178300
100200
93260
95240
84050
83660
83630
83590
83550
83510
83480
1479000
4525000
6940000
3665000
1916000
1626000
1720000
1228000
753700
670200
807500
804500
609400
349200
278000
203700
86410
82820
82780
82750
82710
82670
82640
82600
82560
82530
82490
82460
82420
82380
82350
82310
82270
82240
82200
82170
82130
82100
82060
82020
81990
81950
81920
81880
81840
81810
2560000
7338000
6230000
3087000
1876000
4011000
4363000
2426000
1359000
1399000
1568000
1269000
750900
563000
556900
438000
274600
175100
167300
121600
82250
81040
81000
80970
80930
80900
80860
80830
80800
80760
80730
80690
80660
80620
80590
80550
80520
80480
80450
3853000
2296000
1045000
6513000
5328000
2999000
5474000
10180000
30760000
17330000
8544000
5845000
7140000
5750000
3191000
4086000
3847000
3277000
2702000
1534000
1104000
903300
196000
204700
230400
232300
140700
119300
127700
80910
79420
79380
3141000
3234000
2225000
1156000
4933000
18700000
18960000
9573000
5355000
13440000
15470000
8561000
13270000
12880000
8973000
5903000
4533000
3846000
3116000
2216000
1615000
1417000
21510000
12160000
5269000
2967000
4213000
3474000
1851000
1075000
1454000
1738000
1760000
752100
3068000
17110000
9492000
4221000
2593000
3573000
2905000
1582000
1026000
1335000
1556000
1448000
662400
483400
1364000
593700
5558000
4279000
3529000
1944000
1689000
5263000
5240000
17750000
18660000
16400000
9285000
11170000
20200000
12640000
15620000
