42180
42100
42010
41920
41830
41740
41650
41570
41480
41390
41300
41210
41130
41040
40950
40870
2852000
1172000
284000
176700
344900
2742000
668500
2373000
24750000
4616000
970400
768400
738800
4198000
1678000
875700
3561000
1804000
3793000
28680000
21720000
4176000
1463000
1259000
3308000
1516000
1134000
10830000
2775000
4891000
1791000
1180000
1088000
1029000
976400
928700
2046000
1065000
854800
810800
777800
747400
719300
693300
669100
3984000
1270000
752000
702100
677300
654200
632700
612500
1263000
5321000
7050000
3967000
1333000
932100
875100
836700
801600
769300
739600
2063000
954900
730200
694800
670500
647800
626700
2932000
1040000
676100
638100
617600
598300
580300
563300
547300
532100
517800
504200
491400
479200
467500
456500
445900
435900
426200
417000
408200
399800
391600
383900
376400
369200
362300
19620000
3808000
908800
743300
715600
689800
665800
643500
3036000
6334000
1699000
871700
800200
768000
738400
711000
685500
661900
639800
619200
599800
581700
564600
548500
533300
518900
505300
492400
480100
468400
457300
446700
436600
427000
417700
408900
524200
13840000
2859000
5012000
1515000
864200
800200
768100
738400
711000
685600
661900
639800
619200
599900
581700
8235000
1994000
831800
748000
719900
693800
669600
647000
625900
606100
587600
570200
553700
538300
523600
509800
496600
484100
472300
461000
450200
439900
430100
420800
411800
403200
394900
387000
379400
372100
365100
358300
351800
1740000
610500
398300
381000
373600
366500
359700
353100
346800
340700
334800
329100
323600
318300
313100
308100
303300
298600
294100
2138000
647200
370200
350900
344700
338700
332800
327200
321800
316500
311400
306500
301700
297100
513300
13760000
2774000
761300
645000
624100
604400
1420000
728200
587700
564800
548700
533500
519100
505500
492600
480300
468600
457500
446900
436800
427100
417900
409000
400500
392400
384600
377100
369900
362900
356200
349800
343600
337600
331800
326200
320800
13460000
17360000
3408000
31080000
8922000
1960000
1235000
1141000
1076000
1018000
966600
919900
877500
838900
803600
771200
741300
713700
688000
664200
642000
621200
601700
583500
566300
550100
534800
520300
506600
493700
6513000
9506000
2185000
937600
843600
807900
775200
745000
1526000
1474000
830700
707800
678600
655400
633800
613500
594500
576700
559900
544100
1642000
3598000
1106000
656300
616000
596800
578900
561900
546000
530900
516700
503200
490400
478200
2.3e+07
37980000
6701000
1414000
1107000
1046000
991500
942400
898000
857600
820700
786900
3997000
1348000
836400
780700
750100
3269000
1189000
784200
737100
709700
684400
660800
638800
618200
1151000
728700
595500
568200
551600
733400
561900
15660000
3253000
964800
821700
1729000
944000
775000
738900
5265000
2296000
990800
814600
776600
746300
718300
692300
938500
1847000
861800
668600
638700
618100
598800
580700
5029000
1401000
719300
664500
642200
621500
1535000
19200000
3895000
4097000
14150000
3269000
1285000
1125000
1062000
1006000
955300
909600
868200
830400
795800
764000
734700
707500
682300
658900
637000
616600
597400
579400
562400
546400
531400
517100
2292000
839400
561800
534200
519700
40260000
7234000
1203000
8011000
41200000
8741000
1755000
1221000
1139000
4461000
8583000
2376000
1249000
1129000
1065000
1009000
958000
912100
870400
832500
797700
22920000
9194000
2085000
12060000
3485000
1413000
1191000
1117000
1055000
11390000
2834000
1220000
1082000
1024000
971400
924200
881400
842500
806900
774200
13140000
2972000
1080000
944000
899400
858900
821900
788000
756800
728000
701400
676600
4260000
1326000
767200
714500
688800
664900
642700
621800
602300
584000
566800
550600
535300
520800
507100
494100
481700
470000
458800
448100
438000
428200
418900
410000
401500
393300
385500
378000
370700
4318000
1118000
524900
485000
473100
461700
451000
440700
430800
421400
412400
403800
395500
387600
380000
372600
365600
358800
352300
346000
339900
334000
328300
322900
317600
312400
307500
4226000
7365000
1677000
699800
634300
614000
595000
577100
560300
544500
529500
515300
501900
489100
477000
465500
454500
444100
434100
424500
415400
406700
398300
390200
382500
375100
367900
361100
354400
348100
341900
336000
330200
324700
319300
314200
309100
304300
299600
295000
290600
286300
282100
278100
274100
270300
266600
263000
259500
256000
252700
249400
246300
243200
240200
237200
234400
231600
228800
226200
223600
221000
218500
216100
213700
211400
209100
206900
204700
202600
200500
198400
196400
194500
192500
8160000
2329000
642200
483200
467300
456300
445700
435600
426000
416800
408000
399600
391500
383700
376200
369100
362100
4888000
2383000
768500
551300
980300
606400
526300
509400
496300
483800
472000
460700
449900
439700
429900
420500
411600
403000
394700
386800
379200
371900
364900
358200
351600
345400
911800
2276000
711800
430700
409200
400700
392600
384800
377300
370000
363100
356400
349900
343700
337700
331900
2518000
747600
418100
394700
386800
379200
371900
364900
358100
351600
345300
339300
8504000
10180000
2206000
886800
794400
762700
733500
6413000
1768000
890500
814600
781300
8814000
33150000
6473000
1484000
1154000
1086000
1028000
974900
3008000
26860000
8651000
1998000
1241000
1144000
1079000
1021000
968600
921700
879200
840400
805000
772500
742500
4129000
3917000
20510000
4227000
1266000
1067000
17400000
5565000
1641000
1194000
1116000
1051000
995800
946300
901500
860800
823600
789600
758300
2467000
2789000
6280000
6886000
2089000
1101000
986300
936600
892700
16910000
3672000
1212000
13280000
8817000
8637000
11490000
2994000
1489000
5585000
2021000
1300000
1190000
1120000
1057000
1001000
951300
906000
6433000
1869000
997400
912700
871000
832900
798100
766100
736600
709400
684000
660500
638500
617900
598700
1733000
784300
596500
1428000
718000
574700
552400
537000
522400
508600
3126000
1228000
27240000
5184000
1147000
912900
871200
833100
1882000
1714000
933200
785600
1987000
968700
758400
721700
695500
671100
648400
627200
607400
588800
571300
554800
539200
524500
510600
497400
484900
473000
2252000
803500
528100
502300
578200
624200
1397000
723200
516600
486700
474200
462800
451900
441600
431700
422300
413200
404600
3786000
4083000
1121000
632300
3514000
1142000
689900
647100
626000
606300
587700
570300
553900
538400
523700
509800
496700
484200
472300
461100
450300
440000
430200
420800
411800
403200
5216000
9030000
2043000
839500
754700
726100
699600
675000
652000
630600
610500
591700
574100
557400
541700
526900
512900
499500
486900
474900
463500
452600
442300
432300
422900
413800
405100
396800
388800
381100
373800
366700
359900
353300
346900
340800
334900
329200
323700
318400
313200
308300
303400
298700
294200
289800
285500
281400
277400
1250000
461300
313500
302000
297400
292900
288500
284300
280200
276200
272300
268500
1757000
554400
331000
315500
310400
305500
300800
296200
291700
287400
283200
279100
275100
271300
267500
263900
260300
256900
253500
250300
247100
244000
843700
353600
1971000
589200
333700
316700
311600
306600
301900
297200
292700
288400
284100
280000
276000
272200
268400
264700
261200
257700
254300
251000
247800
244700
241600
5944000
1328000
479100
429700
420300
1227000
561700
432700
417800
409000
400500
392400
384500
377000
369800
362900
356200
349800
343500
2140000
6538000
1533000
641400
582600
565400
549300
534000
519600
506000
493000
480700
469000
2018000
61780000
10640000
1364000
885600
846300
810300
777400
747000
719000
693000
668800
646200
625200
605500
587000
569600
553200
537700
523100
509300
496200
483700
471900
460600
449900
439600
429800
420500
411500
402900
394700
386800
379200
371900
364900
358100
351600
345300
339300
333400
327800
322300
317000
311900
307000
302200
297500
293000
288700
284400
280300
276300
272400
268700
265000
261400
257900
254600
251300
248000
244900
241900
238900
236000
233100
230400
227700
225000
222400
219900
1033000
374900
252400
243700
240700
237700
4717000
2784000
761000
472000
14240000
2971000
893600
2588000
9642000
24900000
5102000
1437000
6076000
2016000
1215000
1111000
13620000
3248000
1297000
1136000
1072000
1015000
963200
916800
874700
1859000
11910000
2801000
10440000
25970000
41840000
14460000
27990000
5725000
1757000
1456000
1351000
1261000
1182000
1113000
1051000
995700
946200
901400
860700
28420000
5523000
1311000
1053000
998000
948200
903200
862400
2837000
1174000
841700
14970000
4046000
9132000
2467000
1225000
1102000
1042000
987400
938700
894600
854500
7100000
7178000
2591000
1211000
18780000
7964000
2060000
1273000
1169000
1101000
1041000
986700
2104000
1116000
900600
852600
816100
782700
15590000
3392000
1128000
971200
924000
881300
842300
806700
774100
744000
716100
690300
12860000
5082000
1447000
986600
924100
881400
842500
3767000
2954000
1170000
870900
822600
788600
757400
728500
701800
677100
654000
632400
18010000
3708000
1069000
902100
861300
824100
790000
758700
7755000
2023000
943700
854700
818000
784500
753500
725000
11940000
36420000
6707000
1471000
1157000
1090000
1031000
19080000
15010000
3267000
1414000
1249000
1171000
1103000
1042000
988200
939400
895200
855100
818400
784800
753800
725300
698800
674200
651300
630000
609900
591200
573500
556900
541300
526400
512400
499200
486600
474600
463200
452300
5711000
1790000
1592000
782200
27280000
10930000
2241000
1143000
1043000
988700
939800
1609000
1563000
953800
827400
789400
758100
729200
702500
677600
654500
632900
612700
593800
576000
559200
543400
2476000
18600000
26400000
36960000
13710000
3383000
2487000
7426000
2150000
1160000
5188000
3833000
11450000
2534000
936000
17730000
3739000
921800
5126000
10410000
5474000
1251000
658300
6423000
11580000
2222000
991900
601800
532100
515400
501900
489200
477100
465600
454600
724600
6711000
3285000
4595000
26160000
7782000
1795000
1153000
1070000
1013000
961500
6404000
22530000
7762000
1977000
15320000
3646000
2147000
1386000
1201000
1125000
1062000
1006000
955200
909600
868200
830400
795800
764000
734600
707500
682300
658900
637000
616500
597400
579300
562400
546400
531300
517100
503500
490700
478500
466900
455900
445400
435300
425700
4415000
3741000
1069000
645000
607400
588800
571300
554800
539300
524600
510600
497500
5751000
1483000
687600
629700
609700
591000
573300
556700
541100
526300
512300
499000
486400
474400
463000
452200
441800
431900
422500
413400
404800
396500
388500
380800
373500
366400
359600
353000
346700
340600
334700
329000
323500
318200
313000
308100
303200
298600
294000
289600
285400
281200
4059000
1007000
443900
408900
400400
392300
384500
377000
16920000
35940000
6414000
1332000
1040000
986400
937700
893700
853700
3455000
15680000
10850000
3764000
22940000
13380000
3055000
1515000
1351000
1260000
13190000
3257000
1376000
1209000
1136000
1072000
1015000
2379000
52460000
9421000
1578000
1139000
1075000
1017000
13510000
3174000
1236000
1082000
1024000
971500
924300
881500
3527000
1316000
880700
824800
4731000
15790000
11640000
2711000
10740000
2868000
1370000
1219000
1145000
1080000
1022000
969600
922600
880000
841200
805700
773100
743100
715300
689600
665600
643300
622400
602900
584600
567300
7848000
1913000
807700
728200
701500
676700
990300
2645000
8294000
2065000
1888000
1025000
845700
803800
3961000
1352000
6921000
1928000
984400
897700
857400
820500
786700
755600
726900
700300
675700
652700
631200
611100
592300
574600
557900
542200
527300
513300
499900
487300
475300
1812000
15700000
5212000
1336000
897300
844500
808700
775900
745600
717700
691800
667700
645200
624200
604600
586100
568800
552400
537000
522500
508700
495600
21210000
22740000
4284000
1288000
1090000
1031000
977700
929900
6288000
2405000
1115000
948400
8576000
2506000
1129000
988400
938100
894100
854100
817500
783900
753100
724600
698100
673600
650800
629400
609400
590700
573100
556500
540900
526100
512100
498800
486200
474300
462900
13300000
2807000
873000
752400
1314000
814700
702400
673800
650900
629500
609600
590800
573200
556600
541000
526200
512200
498900
486300
474300
462900
452100
441700
431900
528000
433900
409600
407300
1735000
3670000
1347000
621700
538600
521900
508100
495100
482700
470900
459600
448900
438700
429000
419700
410700
402200
3465000
4869000
6699000
1693000
833900
764400
735100
707900
682700
659200
637300
616800
597600
579600
562600
546700
531600
517300
503700
490900
2815000
16120000
3313000
995300
849100
813000
779800
749200
721000
694900
670500
647900
626700
606900
588300
570900
554400
538900
524200
510300
497100
484600
13950000
2936000
904900
777700
747300
719200
693200
669000
646400
625400
605600
587100
569700
553300
537900
523300
509400
496300
483800
472000
460700
450000
439700
429900
420500
411600
403000
394700
386800
379200
371900
364900
358200
351700
345400
339300
333500
327800
322400
317100
312000
307000
302200
297600
293100
288700
284500
280400
276400
272500
268700
265000
261400
258000
254600
251300
248100
244900
241900
238900
236000
345600
1379000
3596000
7413000
8858000
37230000
6813000
1387000
1073000
1015000
963700
917300
875100
836800
801600
769400
739600
712100
686600
662900
640700
620000
600600
582400
565300
549200
533900
519500
505900
492900
480600
468900
457800
447200
437100
427400
418100
409300
6629000
3732000
1067000
685500
648000
626900
607000
27690000
5268000
1810000
1043000
902400
857500
820600
786800
755700
727000
700400
675700
1302000
5342000
1516000
806300
744300
716500
690600
666600
644200
623300
603700
585300
568000
551700
536400
521800
508000
7128000
26500000
7670000
2034000
1161000
3073000
4369000
1594000
1079000
1002000
952000
9351000
39910000
11500000
2332000
1356000
1240000
1163000
1096000
1036000
1292000
1920000
1424000
962800
864900
825200
791100
759600
730600
703800
678800
655600
8312000
2057000
887800
799500
767400
737800
710400
685000
661400
15760000
3347000
1052000
901100
860500
823300
789300
758000
729100
702400
677600
654400
632900
612700
593700
8221000
2e+06
840300
756000
727300
3791000
1548000
3694000
1458000
7472000
2025000
1001000
909100
867700
829900
1060000
3626000
1839000
941900
806100
770000
740200
712700
687100
663300
2240000
2232000
931600
705000
671600
648900
4070000
1272000
739800
874400
702400
652600
629900
609900
591200
573500
556900
541200
526400
512400
499100
1633000
703500
522600
9532000
2184000
821200
729400
702600
677800
654600
5828000
1602000
4612000
1994000
2366000
4068000
26490000
10360000
2312000
1287000
1174000
1105000
1044000
989900
940900
896600
856300
819600
785800
754800
726200
699700
675000
652100
630600
610600
591800
574100
557500
541800
526900
512900
499600
487000
475000
463500
452700
442300
432400
422900
413800
405100
396800
2285000
750700
462500
439100
429400
420000
411100
446000
3383000
967000
517200
484100
472200
3103000
964100
561600
1072000
623800
530100
512300
499100
486500
474500
463100
452200
441900
432000
422500
413500
404800
396500
388500
380900
373500
366400
359600
353000
4608000
5143000
7084000
1762000
847700
774800
744600
716700
690900
666900
644500
623500
603900
585500
568200
551900
536500
522000
508200
495100
482700
470900
459700
449000
438800
429000
419700
822800
482200
413000
401600
393400
385500
378000
370800
363800
357100
350600
344300
3061000
862900
454300
425800
416700
407900
399400
3475000
8065000
4748000
1322000
814800
3656000
3332000
1216000
857000
807200
774500
744300
716500
690600
666600
644200
623300
603700
585300
568000
551700
536400
521800
508000
495000
482600
470800
459600
448900
438700
428900
419600
410700
402100
393900
386100
378500
371200
727700
7641000
1834000
670900
8318000
3560000
1380000
6533000
12500000
57420000
10550000
1797000
1260000
1179000
1110000
1048000
3875000
1500000
1023000
952500
907100
865900
828300
793900
762200
733000
706000
680900
657600
635800
615400
596300
578300
5439000
3145000
1745000
892000
6037000
32520000
22640000
4309000
1612000
16830000
14900000
3418000
20160000
11270000
2764000
1499000
1347000
1258000
1179000
1110000
1048000
993600
43080000
7934000
1496000
1125000
1062000
1005000
954800
909200
867800
830100
795500
763700
4264000
30440000
6189000
1411000
1083000
1022000
969600
922600
880000
841200
805700
773100
743100
715300
1862000
896800
7969000
3627000
3173000
1267000
924300
6636000
4802000
32050000
23180000
16690000
3701000
9848000
28950000
6134000
21200000
