1672000
1518000
1368000
1244000
1141000
1054000
979200
914700
858400
808600
764400
724900
689300
657000
627700
600900
22730000
7010000
1377000
579400
1246000
10260000
2133000
6881000
38990000
6898000
1090000
455400
441200
6147000
1947000
612300
4829000
1949000
4893000
33270000
24800000
4154000
742300
417500
3186000
874400
442500
12850000
2501000
5256000
1183000
467200
380000
370100
360700
351700
1876000
599800
359900
327000
319700
312600
305900
299500
293300
5432000
1172000
387300
296300
290200
284400
278900
273500
1140000
7701000
9769000
4771000
961700
373200
317500
310600
303900
297600
291500
2309000
632600
321200
282200
276700
271400
266400
3909000
890200
333900
268700
263800
259000
254400
249900
245600
241400
237400
233500
229800
226100
222600
219200
215900
212700
209600
206500
203600
200700
197900
195200
192600
190100
187600
28190000
4949000
697600
231400
227700
224100
220700
217300
3473000
8193000
1564000
384400
257500
253000
248600
244300
240200
236200
232400
228600
225000
221500
218200
214900
211700
208600
205600
202700
199900
197100
194400
191800
189300
186800
184400
182000
179800
20520000
3651000
6678000
1275000
344600
239700
235700
231900
228200
3109000
1263000
359200
223700
211300
208200
9696000
1839000
399000
238500
234600
230800
227200
223600
220200
216800
213600
210400
207400
204400
201500
198700
196000
193300
190800
188300
185800
183400
181100
178800
176600
174500
172400
170300
168300
166400
164400
162600
160800
1726000
433100
194900
167200
165300
163400
161500
159700
158000
156300
154600
152900
151300
149700
148200
146600
145200
143700
142300
2869000
618000
204800
158200
156500
154800
153200
151500
149900
148400
146900
145400
143900
142500
141100
22680000
3988000
568200
193500
190900
188400
915200
312700
200400
186000
183600
181300
179000
176800
174700
172600
170500
168500
166500
164600
162700
160900
159100
157400
155700
154000
152300
150700
149200
147600
146100
144700
143200
141800
140400
139000
20310000
22660000
3780000
34410000
9383000
1393000
309600
248700
244400
240300
236300
232500
228700
225100
221600
218300
215000
211800
208700
205700
202800
199900
197200
194500
191900
189300
186900
184500
182100
179800
8273000
12430000
2217000
435900
252400
248000
243800
239700
1355000
1347000
414900
253700
234600
230800
227200
223600
220200
216800
213600
210400
1871000
4886000
1003000
308600
232500
228800
225200
221700
218300
215000
211800
208700
205700
202800
30870000
42300000
7007000
894700
279500
274100
269000
264000
259200
254600
250100
245800
4642000
1001000
331700
254700
250200
3874000
872700
319900
255600
251100
246700
242500
238500
234600
1034000
429000
253000
226800
222300
590400
280200
22060000
3933000
617100
252100
1587000
477700
271200
244900
6641000
2255000
531200
283300
263400
258600
254000
249600
644700
2010000
543500
276200
244000
239900
236000
232100
7079000
1410000
369100
251800
247400
243200
1602000
25020000
4439000
4620000
16390000
2989000
576900
315000
308100
301600
295400
289400
283600
278100
272800
267600
262700
257900
253400
248900
244700
240600
236600
232700
229000
225400
221900
218500
2752000
653800
267100
221800
218400
47810000
8274000
1044000
9437000
44010000
8804000
1213000
321000
294400
4425000
9455000
1819000
462700
316100
309300
302700
296400
290400
284600
279000
273600
26980000
10430000
1711000
13720000
3088000
638700
334100
318400
311500
13140000
2492000
538500
319300
312300
305600
299200
293000
287100
281400
276000
16250000
2994000
565400
295400
289400
283700
278100
272800
267700
262700
258000
253400
5215000
1105000
349700
263100
258300
253700
249300
245000
240900
236900
233000
229300
225600
222100
218700
215400
212200
209100
206100
203200
200300
197600
194900
192200
189700
187200
184800
182400
180100
5399000
1086000
294800
206000
203000
200200
197400
194700
192100
189600
187100
184700
182300
180000
177800
175600
173500
171400
169400
167400
165500
163600
161700
159900
158100
156400
154700
6553000
11580000
2075000
405500
231700
228000
224500
221000
217600
214300
211200
208100
205100
202200
199400
196600
194000
191400
188900
186400
184000
181700
179400
177200
175000
172900
170800
168800
166800
164900
163000
161200
159400
157600
155900
154200
152600
151000
149400
147900
146400
144900
143400
142000
140600
139200
137900
136600
135300
134000
132800
131600
130400
129200
128000
126900
125800
124700
123600
122600
121500
120500
119500
118500
117500
116600
115600
114700
113800
112900
112000
111200
110300
109500
108600
15390000
3719000
591700
189300
171000
169000
167100
165100
163200
161400
159600
157800
156100
154400
152800
151200
149600
6965000
3099000
610300
229000
899000
318700
210300
196100
193400
190800
188300
185900
183500
181200
178900
176700
174500
172400
170400
168400
166400
164500
162600
160800
159000
157300
877200
3381000
713400
231600
178400
176200
174100
172000
170000
168000
166000
164100
162200
160400
158600
156900
3963000
819500
242600
177800
175600
173500
171400
169400
167400
165500
163600
161700
14420000
14560000
2501000
451800
250200
245900
241700
8336000
1631000
400800
262500
257700
11210000
36460000
6605000
940400
317600
305600
299200
293000
2963000
29960000
9170000
1475000
397800
326200
318900
311900
305200
298800
292700
286800
281100
275700
270500
5138000
4623000
24280000
4314000
711400
319000
19940000
5665000
1007000
368700
330500
320800
313300
306600
300100
293900
288000
282300
276800
2833000
3219000
8012000
8362000
1837000
484200
328600
317400
310500
20480000
3729000
660700
15430000
9660000
9092000
12150000
2271000
559700
5468000
1243000
461700
368000
358700
349900
341500
333400
325800
7910000
1615000
457100
324300
317100
310200
303600
297300
291200
285400
279700
274400
269200
264200
259400
1845000
528600
284000
1514000
469600
274700
249600
245300
241100
237100
4659000
1345000
34090000
5973000
846300
283700
278100
272800
1695000
1539000
472700
289300
2095000
582700
301800
266700
261800
257100
252500
248100
243900
239800
235800
232000
228300
224700
221200
217800
214600
211400
2911000
676400
264900
217100
304100
451200
1926000
648900
268300
215400
209900
206900
203900
201000
198300
195500
192900
190300
5536000
6052000
1161000
323500
4790000
1024000
331800
252300
248000
243700
239600
235700
231800
228100
224500
221100
217700
214400
211300
208200
205200
202300
199500
196700
194100
191500
7509000
13140000
2352000
457100
259600
254900
250500
246100
242000
237900
234000
230300
226600
223100
219600
216300
213100
210000
206900
204000
201100
198300
195600
192900
190400
187900
185400
183100
180800
178500
176300
174100
172100
170000
168000
166100
164200
162300
160500
158700
157000
155300
153600
152000
150400
148800
147300
145800
144300
892600
272700
158200
144400
142900
141500
140100
138800
137400
136100
134900
133600
2557000
556800
189600
148200
146700
145200
143800
142300
140900
139600
138200
136900
135600
134300
133100
131900
130600
129500
128300
127200
126100
125000
431300
177500
3471000
710700
205400
149000
147500
146000
144500
143100
141600
140300
138900
137600
136200
135000
133700
132500
131300
130100
128900
127700
126600
125500
124400
10820000
1974000
354900
176600
174500
1366000
381000
199000
177200
175100
172900
170900
168900
166900
165000
163100
161300
159500
157700
2694000
10560000
1936000
385200
217900
214600
211400
208300
205300
202400
199600
196900
194200
2406000
68680000
11760000
1376000
246400
242200
238100
234200
230400
226800
223200
219800
216500
213200
210100
207100
204100
201200
198400
195700
193100
190500
188000
185600
183200
180900
178600
176400
174300
172200
170100
168100
166200
164300
162400
160600
158800
157000
155300
153700
152000
150400
148900
147300
145800
144400
142900
141500
140100
138800
137400
136100
134900
133600
132400
131200
130000
128800
127700
126500
125400
124300
123300
122200
121200
120200
119200
118200
117200
116300
115300
1001000
270700
136300
120700
119700
118700
9021000
4526000
817800
237000
21050000
3748000
581300
2692000
11790000
27720000
4971000
765700
6260000
1327000
419200
314100
15610000
2910000
582200
322100
315000
308200
301600
295400
289400
1571000
14780000
2742000
12220000
28010000
43150000
15090000
28330000
4902000
814800
375000
365300
356200
347500
339200
331300
323800
316600
309700
303100
32480000
5746000
853900
315000
308200
301700
295400
289400
2978000
746300
333300
18700000
4389000
10640000
2014000
497000
326700
319400
312400
305700
299300
293100
8804000
8582000
2489000
590200
21500000
8509000
1484000
430000
345700
337500
329600
322200
1808000
566900
334300
303100
296800
290800
19790000
3600000
635000
306300
299800
293700
287700
282000
276600
271300
266200
261400
17060000
6021000
1071000
348500
294600
288600
282900
4204000
3035000
715300
329900
289600
283900
278300
273000
267900
262900
258200
253600
23500000
4201000
668900
279500
274100
268900
263900
259200
9893000
1907000
442800
278400
273000
267900
263000
258200
15420000
39770000
6793000
929700
312500
305800
299400
21640000
16600000
2836000
552400
335000
327300
319900
312900
306200
299700
293500
287600
281900
276500
271200
266100
261300
256600
252000
247600
243400
239300
235400
231600
227900
224300
220800
217500
214200
211000
208000
205000
8257000
2100000
1748000
470700
33280000
13040000
2061000
418100
293200
287300
281600
820700
1046000
398400
281800
265600
260700
256000
251500
247100
242900
238900
234900
231100
227500
223900
220400
2775000
24880000
31010000
38730000
14530000
3297000
2656000
8263000
1585000
797400
5724000
4431000
11820000
2600000
497600
17650000
4099000
673000
5177000
10480000
5681000
1009000
273600
6403000
11600000
2048000
1130000
324400
206200
191100
188600
186100
183700
181400
179100
176900
8506000
4071000
5786000
31160000
9019000
1378000
329700
265100
260300
255600
7044000
24900000
7927000
1311000
16720000
3088000
1431000
465600
332500
311900
305200
298800
292600
286700
281100
275700
270400
265400
260500
255900
251400
247000
242800
238700
234800
231000
227300
223800
220300
217000
213700
210600
207500
204600
201700
198900
196100
193500
5477000
4999000
983300
304800
236800
232900
229200
225600
222100
218700
215400
212200
8339000
1611000
377200
239300
235300
231500
227800
224300
220800
217400
214200
211000
207900
204900
202100
199200
196500
193800
191200
188700
186300
183900
181500
179300
177000
174900
172800
170700
168700
166700
164800
162900
161100
159300
157500
155800
154200
152500
150900
149300
147800
146300
7042000
1343000
299200
183400
181100
178800
176600
174400
25630000
41240000
6875000
875300
263500
258700
254100
249700
245400
3608000
18530000
12140000
3488000
24370000
14170000
2407000
517700
346900
338600
14640000
2762000
583500
339000
331100
323600
316400
2163000
55290000
9580000
1239000
327100
319700
312700
15940000
2965000
586700
321200
314100
307300
300800
294600
3875000
904300
356000
290900
5764000
19220000
13390000
2326000
11700000
2254000
548300
354600
345900
337700
329900
322400
315300
308400
301900
295600
289600
283900
278300
273000
267900
262900
258200
253600
249100
244900
11400000
2153000
458500
269400
264400
259600
717000
3334000
11230000
2108000
1658000
499600
314100
288700
4787000
1057000
8732000
1726000
453400
308700
302200
295900
289900
284100
278500
273200
268100
263100
258400
253800
249300
245000
240900
236900
233000
229300
225700
222200
218800
2493000
22450000
6461000
1060000
319400
273300
268100
263200
258400
253800
249400
245100
241000
237000
233100
229400
225700
222200
218800
215500
212300
209200
28230000
26920000
4447000
649700
281600
276200
270900
265900
6885000
2050000
507700
295100
10140000
2237000
514600
304800
294200
288300
282500
277000
271800
266700
261800
257100
252500
248100
243900
239800
235800
232000
228300
224700
221200
217800
214600
211400
208300
205300
18490000
3325000
548400
242500
1069000
379500
250200
232700
228900
225300
221800
218400
215100
211900
208800
205800
202900
200100
197300
194600
192000
189500
187000
184600
182200
179900
177700
175500
1919000
5516000
1633000
393200
225200
213100
209900
206900
203900
201100
198300
195600
192900
190400
187900
185400
183000
4712000
7352000
9384000
1723000
403300
266500
261600
256900
252400
248000
243800
239700
235700
231900
228200
224600
221100
217700
214500
211300
2931000
21950000
3890000
615300
259400
254800
250300
246000
241800
237800
233900
230100
226500
223000
219500
216200
213000
209900
206800
203900
201000
198200
18970000
3402000
552000
238100
234200
230500
226800
223200
219800
216500
213200
210100
207100
204100
201200
198400
195700
193100
190500
188000
185600
183200
180900
178600
176400
174300
172200
170100
168100
166200
164300
162400
160600
158800
157000
155300
153700
152000
150400
148900
147400
145900
144400
142900
141500
140100
138800
137500
136100
134900
133600
132400
131200
130000
128800
127700
126500
125400
124300
123300
122200
121200
1936000
6506000
12250000
12940000
41990000
7151000
932400
270200
265200
260300
255700
251200
246800
242600
238600
234700
230900
227200
223600
220200
216800
213600
210500
207400
204400
201500
198700
196000
193400
190800
188300
185800
183400
181100
178900
176600
174500
9606000
4981000
926800
287600
231500
227800
224200
33840000
5923000
1592000
392900
271200
253900
249500
245200
241000
237000
233200
229400
1124000
6974000
1381000
364000
250900
246500
242400
238300
234400
230600
226900
223400
220000
216600
213400
210200
207200
10710000
31970000
8758000
1707000
413900
2951000
4573000
1002000
373300
303700
297400
11300000
42450000
12160000
1842000
433300
344800
336600
328900
321400
650800
1572000
927700
396800
308900
295900
289900
284100
278600
273200
268100
263100
11670000
2212000
477800
283900
278400
273100
267900
263000
258200
20850000
3757000
628500
282800
277300
272000
266900
262000
257300
252700
248300
244100
240000
236000
232200
11650000
2187000
452700
259600
254900
4719000
1430000
4377000
1178000
9305000
1815000
454800
301300
295100
289100
658100
4310000
1663000
479400
303500
286200
280600
275200
270000
265000
2569000
2646000
652700
309500
271600
266500
5532000
1170000
367200
534400
315400
271200
262000
257300
252700
248300
244100
240000
236000
232200
228400
2221000
569400
264200
14620000
2689000
503300
261000
256300
251800
247400
7749000
1535000
5706000
1811000
2288000
4591000
30150000
11710000
1910000
450300
336700
1277000
591700
348600
309400
301000
294800
288800
283100
277600
272300
267200
262300
257500
253000
248600
244300
240200
236200
232400
228600
225000
221600
218200
214900
211700
208600
205600
202700
199900
197100
194400
191800
2324000
560700
235900
198000
195300
192700
190100
187600
5340000
1080000
298000
210100
207000
11650000
2130000
387700
5818000
1140000
283500
188000
185500
183200
180800
178600
176400
174200
172100
170100
168100
166100
164200
162400
160500
158800
157000
155300
153700
6262000
7515000
9974000
1804000
395800
249700
245400
241300
237300
233400
229600
226000
222500
219100
215800
212600
209400
206400
203500
200600
197800
195100
192500
190000
187500
185000
182700
180400
178100
175900
173800
171700
169700
167700
165700
163800
162000
160200
158400
4243000
869000
250100
180600
178400
176200
174000
5118000
12140000
6231000
1129000
330900
5175000
3748000
796600
308200
259600
254900
250500
246100
242000
237900
234000
230300
226600
223100
219600
216300
213100
209900
206900
204000
201100
198300
195600
192900
190400
187900
185400
183100
180700
178500
176300
174100
172100
170000
12030000
2357000
438000
11710000
4104000
1090000
8265000
15560000
59650000
10510000
1309000
303600
291200
285400
279700
3910000
899900
344800
279400
274000
268800
263900
259100
254400
250000
245700
241500
237500
233600
229900
226200
222700
7190000
3882000
1804000
479300
7857000
36250000
25050000
4129000
809700
18370000
16200000
2811000
20570000
11530000
2e+06
474500
337200
329400
322000
314800
308000
301500
45850000
7999000
1074000
314000
307200
300700
294500
288500
282800
277300
272000
266900
5209000
34580000
6552000
956100
318200
303100
296700
290700
284900
279300
273900
268800
263800
259000
1929000
543100
10730000
4096000
3387000
774300
345500
8016000
5519000
34790000
25070000
17960000
3031000
10320000
29440000
5466000
21260000
