1321000
1297000
1267000
1238000
1210000
1183000
1158000
1133000
1110000
1087000
1065000
1044000
1024000
1005000
986700
968800
973000
1477000
1617000
1607000
1564000
1552000
1801000
1813000
2122000
3997000
4082000
3864000
3596000
3395000
3539000
3419000
3256000
3331000
3255000
3588000
6220000
8273000
7627000
6713000
5954000
5613000
5113000
4784000
5441000
5175000
5166000
4777000
4390000
4046000
3754000
3501000
3289000
3181000
3015000
2855000
2708000
2575000
2455000
2346000
2246000
2170000
2310000
2257000
2174000
2089000
2009000
1936000
1868000
1805000
1790000
2038000
2382000
2505000
2435000
2333000
2235000
2144000
2061000
1983000
1918000
1924000
1871000
1811000
1751000
1695000
1643000
1599000
1679000
1653000
1608000
1561000
1517000
1475000
1435000
1397000
1361000
1328000
1295000
1265000
1235000
1207000
1181000
1155000
1131000
1107000
1085000
1063000
1042000
1023000
1003000
984900
967100
949900
957900
1536000
1608000
1586000
1540000
1496000
1456000
1417000
1384000
1445000
1671000
1672000
1632000
1583000
1537000
1494000
1453000
1415000
1378000
1343000
1310000
1279000
1249000
1220000
1193000
1167000
1142000
1118000
1095000
1073000
1052000
1032000
1012000
993500
975400
957900
941100
940800
1335000
1391000
1556000
1547000
1511000
1469000
1430000
1393000
1357000
1323000
1291000
1261000
1232000
1204000
1191000
1423000
1436000
1409000
1373000
1339000
1306000
1275000
1245000
1216000
1189000
1163000
1139000
1115000
1092000
1070000
1049000
1029000
1010000
990900
972900
955500
938800
922600
906900
891800
877200
863100
849400
836100
823300
810800
798800
787000
775600
764600
753800
743400
733200
723300
713700
704300
695200
686300
677600
669200
660900
652900
645000
637400
629900
622600
615700
617300
612000
605400
598700
592100
585600
579300
573100
567100
561100
555300
549700
544100
538600
540200
831100
876000
874600
860500
846900
833800
823300
811200
799200
787500
776100
765000
754200
743800
733600
723700
714100
704700
695600
686600
678000
669500
661300
653200
645400
637700
630200
622900
615700
608800
601900
595300
588700
582400
576100
575900
841400
1289000
1413000
2590000
2878000
2814000
2679000
2549000
2432000
2324000
2226000
2136000
2054000
1977000
1906000
1840000
1778000
1720000
1666000
1616000
1568000
1523000
1481000
1441000
1403000
1367000
1333000
1300000
1269000
1249000
1407000
1766000
1787000
1744000
1689000
1637000
1588000
1544000
1536000
1532000
1497000
1457000
1418000
1382000
1347000
1314000
1282000
1252000
1223000
1198000
1219000
1326000
1321000
1294000
1263000
1234000
1206000
1180000
1154000
1130000
1106000
1084000
1062000
1082000
2089000
4251000
4354000
4102000
3802000
3543000
3318000
3120000
2944000
2788000
2648000
2535000
2659000
2579000
2469000
2358000
2269000
2356000
2291000
2204000
2115000
2034000
1959000
1889000
1824000
1765000
1739000
1693000
1642000
1593000
1548000
1517000
1523000
2262000
2320000
2256000
2168000
2147000
2076000
2e+06
1948000
2155000
2169000
2104000
2026000
1951000
1882000
1817000
1758000
1720000
1738000
1697000
1647000
1598000
1551000
1507000
1476000
1667000
1661000
1621000
1573000
1527000
1487000
1544000
2403000
2484000
2693000
3457000
3416000
3242000
3053000
2885000
2735000
2600000
2478000
2366000
2265000
2172000
2086000
2007000
1934000
1866000
1802000
1743000
1688000
1636000
1587000
1541000
1498000
1457000
1421000
1436000
1408000
1374000
1340000
1437000
3342000
3508000
3420000
4333000
8444000
8240000
7285000
6370000
5703000
5659000
6068000
5615000
5097000
4636000
4254000
3931000
3655000
3415000
3206000
3021000
3016000
4590000
5058000
4907000
5693000
5407000
4951000
4519000
4155000
3946000
4610000
4416000
4109000
3807000
3548000
3322000
3123000
2948000
2791000
2650000
2588000
3243000
3204000
3052000
2884000
2734000
2599000
2477000
2366000
2264000
2171000
2086000
2019000
2120000
2073000
2002000
1929000
1861000
1798000
1739000
1684000
1633000
1584000
1538000
1495000
1454000
1415000
1379000
1344000
1311000
1280000
1250000
1221000
1194000
1168000
1143000
1119000
1096000
1074000
1053000
1032000
1014000
1022000
1009000
991100
973100
955700
938900
922800
907100
892000
877400
863200
849600
836300
823400
811000
798900
787200
775800
764700
753900
743500
733300
723400
713800
704400
695300
687600
748500
944500
968600
959700
942800
926400
910700
895500
880700
866500
852700
839300
826400
813800
801600
789800
778400
767200
756400
745900
735600
725700
716000
706600
697400
688400
679700
671200
662900
654800
646900
639200
631700
624400
617200
610200
603300
596600
590000
583600
577400
571200
565200
559300
553600
547900
542400
537000
531600
526400
521300
516300
511400
506600
501900
497200
492700
488200
483800
479500
475200
471100
467000
463000
459000
455100
451300
447500
443800
440200
436600
433100
429700
426300
424900
551300
587500
590000
584300
578000
571800
565800
559900
554100
548500
542900
537500
532200
527000
521800
516800
513600
582000
618100
619700
614100
618200
613300
606900
600100
593500
587000
580600
574400
568400
562400
556600
550900
545300
539800
534400
529200
524000
518900
514000
509100
504300
499600
495700
531100
533700
530200
525000
519900
515000
510100
505300
500600
495900
491400
487000
482600
478300
474600
515800
519800
516700
511800
507000
502300
497600
493000
488600
484200
479800
479200
657500
884200
916300
909500
894300
879600
870800
1019000
1031000
1019000
999500
989500
1282000
2451000
2590000
2520000
2406000
2301000
2205000
2125000
2279000
3766000
4110000
3931000
3668000
3427000
3216000
3030000
2864000
2716000
2583000
2462000
2352000
2252000
2175000
2318000
2543000
3761000
3763000
3563000
3468000
4631000
4691000
4392000
4056000
3762000
3508000
3287000
3093000
2921000
2767000
2629000
2504000
2398000
2427000
2502000
2832000
3147000
3073000
2922000
2768000
2630000
2594000
3560000
3542000
3455000
4326000
4819000
5318000
5983000
5580000
5126000
5114000
4741000
4361000
4022000
3733000
3483000
3265000
3073000
2945000
3209000
3106000
2950000
2793000
2652000
2525000
2409000
2304000
2208000
2119000
2038000
1962000
1892000
1827000
1768000
1766000
1720000
1671000
1668000
1627000
1580000
1535000
1492000
1451000
1420000
1524000
1609000
2920000
3024000
2915000
2762000
2624000
2504000
2467000
2428000
2336000
2246000
2244000
2171000
2089000
2010000
1936000
1868000
1804000
1745000
1690000
1638000
1589000
1543000
1499000
1458000
1419000
1382000
1347000
1317000
1337000
1315000
1285000
1255000
1226000
1206000
1229000
1215000
1191000
1165000
1140000
1116000
1094000
1072000
1051000
1030000
1011000
995200
1085000
1213000
1215000
1200000
1297000
1290000
1265000
1235000
1207000
1181000
1155000
1131000
1107000
1085000
1063000
1043000
1023000
1003000
984900
967100
949900
933400
917400
901900
887000
876100
973400
1247000
1276000
1258000
1229000
1201000
1175000
1149000
1125000
1102000
1080000
1058000
1038000
1018000
999100
980800
963100
946100
929700
913800
898400
883600
869300
855400
841900
828900
816300
804000
792200
780600
769400
758500
747900
737700
727700
717900
708400
699200
690200
681400
672900
664600
656400
648500
640700
633200
625800
618600
611500
604700
597900
591300
584900
578600
572400
566400
560500
554700
549000
543500
538200
540600
536700
531700
526500
521400
516400
511500
506600
501900
497300
492700
488200
483800
479500
475300
471100
467000
463000
459000
455200
451300
447600
443900
440500
461200
462000
459100
455300
451400
447700
444000
440300
436800
433200
429800
426400
423000
419700
416500
413300
410100
407000
404000
401000
398000
395100
393300
498100
514600
514400
509500
504800
515100
513100
508900
504100
499500
494900
490300
485900
481600
477300
473100
469000
464900
461100
476300
6e+05
618400
616700
609700
602900
596200
589600
583200
577000
570800
564800
559400
645600
2290000
2507000
2461000
2352000
2251000
2159000
2075000
1996000
1924000
1857000
1794000
1735000
1680000
1629000
1580000
1535000
1492000
1451000
1413000
1376000
1342000
1309000
1277000
1247000
1219000
1192000
1166000
1141000
1117000
1094000
1072000
1051000
1031000
1011000
992500
974400
957000
940200
924000
908300
893100
878500
864300
850600
837300
824400
811900
799800
788000
776600
765500
754700
744300
734100
724200
714500
705100
696000
687100
678400
669900
661600
653600
645700
638000
630600
623200
616100
609100
602300
595600
589000
582700
576400
570300
567200
692800
767000
773000
777300
1178000
1232000
1226000
1285000
1655000
2686000
2775000
2707000
2892000
2803000
2675000
2613000
3295000
3256000
3099000
2926000
2772000
2633000
2507000
2394000
2294000
2311000
2914000
2960000
3702000
6401000
11670000
12920000
16080000
13040000
10440000
8571000
7301000
6372000
5659000
5094000
4634000
4252000
3930000
3653000
3672000
5986000
5838000
5344000
4839000
4423000
4075000
3778000
3539000
3504000
3321000
3241000
4279000
4368000
4895000
4630000
4283000
3956000
3676000
3434000
3222000
3035000
2917000
3284000
3637000
3567000
3518000
4832000
5129000
4810000
4417000
4070000
3774000
3519000
3305000
3195000
3029000
2867000
2719000
2585000
2549000
3465000
3449000
3279000
3086000
2914000
2761000
2623000
2499000
2386000
2282000
2188000
2153000
2845000
3020000
2922000
2775000
2636000
2510000
2408000
2496000
2530000
2444000
2340000
2241000
2150000
2066000
1988000
1916000
1850000
1787000
1783000
2642000
2692000
2600000
2478000
2366000
2265000
2172000
2114000
2450000
2422000
2334000
2235000
2144000
2061000
1984000
1953000
2726000
5190000
5203000
4826000
4413000
4066000
3945000
5512000
6634000
6195000
5578000
5029000
4580000
4207000
3891000
3620000
3385000
3179000
2997000
2835000
2690000
2559000
2441000
2333000
2234000
2144000
2060000
1983000
1911000
1845000
1783000
1725000
1671000
1620000
1572000
1527000
1484000
1444000
1415000
1563000
1575000
1588000
1640000
2967000
3529000
3452000
3258000
3067000
2897000
2746000
2612000
2521000
2413000
2309000
2212000
2123000
2041000
1966000
1895000
1830000
1769000
1712000
1658000
1608000
1561000
1519000
1572000
2561000
4604000
8109000
8766000
7933000
7163000
6923000
6218000
5566000
5044000
4897000
5309000
4976000
4672000
5120000
4820000
4443000
4137000
4281000
4100000
3831000
3570000
3367000
3450000
3293000
3110000
2936000
2780000
2641000
2514000
2400000
2296000
2200000
2116000
2120000
2569000
2730000
3149000
5130000
5408000
5044000
4608000
4230000
3911000
3678000
4165000
6063000
6237000
5944000
7048000
6524000
5938000
5334000
4835000
4420000
4072000
3775000
3520000
3298000
3102000
2929000
2774000
2635000
2509000
2395000
2291000
2196000
2109000
2028000
1953000
1884000
1819000
1759000
1702000
1650000
1600000
1553000
1509000
1468000
1428000
1391000
1355000
1324000
1345000
1444000
1432000
1400000
1364000
1330000
1298000
1267000
1238000
1210000
1183000
1167000
1336000
1342000
1317000
1285000
1255000
1226000
1199000
1172000
1147000
1123000
1100000
1078000
1056000
1036000
1016000
997300
979100
961500
944500
928100
912300
897000
882300
868000
854100
840700
827700
815100
802900
791100
779600
768400
757500
747000
736700
726700
717000
707600
698300
689400
680600
673800
768700
778000
771300
760300
749700
739300
729300
735500
1302000
2729000
2874000
2782000
2642000
2516000
2401000
2297000
2212000
2358000
3245000
3850000
4034000
5879000
6699000
6202000
5572000
5024000
4717000
5559000
5255000
4819000
4407000
4061000
3766000
3523000
4106000
9476000
8963000
7810000
6751000
5953000
5522000
6562000
6117000
5527000
4987000
4546000
4178000
3866000
3621000
3642000
3455000
3251000
3094000
3382000
4582000
5344000
5174000
5784000
5400000
4930000
4498000
4138000
3832000
3569000
3341000
3140000
2963000
2804000
2662000
2534000
2418000
2312000
2215000
2126000
2044000
1968000
1897000
1832000
1799000
2156000
2153000
2086000
2007000
1934000
1867000
1828000
1922000
2312000
2308000
2288000
2205000
2119000
2052000
2168000
2144000
2438000
2403000
2314000
2217000
2127000
2045000
1969000
1899000
1833000
1772000
1715000
1661000
1611000
1563000
1519000
1477000
1437000
1399000
1363000
1329000
1297000
1266000
1240000
1294000
1953000
2129000
2097000
2022000
1948000
1879000
1815000
1755000
1699000
1646000
1596000
1550000
1506000
1465000
1425000
1388000
1353000
1320000
1288000
1257000
1274000
2171000
3386000
3433000
3269000
3077000
2906000
2754000
2643000
2856000
2815000
2694000
2607000
3010000
2967000
2834000
2689000
2559000
2440000
2332000
2234000
2143000
2060000
1983000
1911000
1845000
1783000
1725000
1670000
1620000
1572000
1527000
1484000
1444000
1406000
1370000
1335000
1303000
1292000
1690000
1721000
1685000
1635000
1614000
1572000
1528000
1485000
1445000
1407000
1371000
1336000
1304000
1272000
1243000
1215000
1188000
1162000
1137000
1113000
1091000
1069000
1048000
1028000
1008000
989600
971700
954600
948700
1057000
1075000
1061000
1041000
1022000
1002000
983900
966200
949000
932500
916500
901100
886200
871800
857800
846500
898100
1043000
1249000
1265000
1244000
1216000
1189000
1163000
1138000
1114000
1092000
1070000
1049000
1029000
1009000
990400
972400
955100
938300
922200
925000
1377000
1433000
1415000
1379000
1344000
1311000
1279000
1249000
1221000
1193000
1167000
1142000
1118000
1096000
1074000
1052000
1032000
1013000
993700
975600
971800
1307000
1345000
1327000
1295000
1264000
1235000
1207000
1180000
1155000
1130000
1107000
1084000
1063000
1042000
1022000
1003000
984400
966600
949500
932900
917000
901500
886600
872100
858200
844600
831500
818800
806500
794500
782900
771700
760700
750100
739700
729700
719900
710300
701000
692000
683200
674600
666200
658100
650100
642300
634700
627300
620000
613000
606000
599300
592700
586200
579900
573700
567600
561700
555900
550200
544600
539200
537700
632800
837400
1151000
2434000
2576000
2508000
2394000
2290000
2195000
2108000
2027000
1952000
1883000
1818000
1758000
1702000
1649000
1599000
1553000
1509000
1467000
1428000
1390000
1355000
1321000
1290000
1259000
1230000
1202000
1176000
1151000
1126000
1103000
1081000
1059000
1046000
1226000
1333000
1327000
1299000
1268000
1239000
1272000
2339000
2453000
2433000
2334000
2237000
2146000
2063000
1985000
1914000
1847000
1785000
1728000
1719000
1929000
1912000
1857000
1794000
1735000
1680000
1629000
1581000
1535000
1492000
1451000
1413000
1376000
1342000
1309000
1293000
1661000
2941000
3252000
3182000
3030000
3048000
3144000
3018000
2864000
2716000
2631000
3451000
6763000
7223000
6573000
5844000
5242000
4756000
4354000
4018000
3760000
3602000
3420000
3220000
3034000
2868000
2720000
2586000
2465000
2355000
2254000
2192000
2637000
2614000
2513000
2399000
2294000
2199000
2111000
2030000
2019000
2856000
2885000
2773000
2634000
2508000
2395000
2291000
2195000
2108000
2027000
1952000
1883000
1819000
1758000
1729000
2101000
2104000
2042000
1966000
1910000
2028000
2021000
2130000
2119000
2441000
2410000
2322000
2224000
2134000
2053000
2004000
2103000
2090000
2024000
1951000
1882000
1817000
1757000
1701000
1651000
1683000
1723000
1687000
1638000
1589000
1551000
1684000
1667000
1624000
1584000
1540000
1497000
1456000
1418000
1381000
1346000
1313000
1281000
1251000
1223000
1198000
1220000
1202000
1197000
1562000
1594000
1564000
1520000
1477000
1437000
1410000
1596000
1601000
1753000
1762000
1798000
2005000
3342000
3838000
3715000
3486000
3268000
3076000
2905000
2753000
2616000
2492000
2380000
2277000
2183000
2097000
2017000
1943000
1874000
1810000
1750000
1695000
1642000
1593000
1547000
1503000
1462000
1423000
1386000
1351000
1317000
1285000
1255000
1226000
1199000
1172000
1147000
1123000
1100000
1078000
1057000
1036000
1016000
997400
979200
961600
947900
1032000
1032000
1017000
998300
983000
1060000
1058000
1042000
1042000
1026000
1007000
988500
970600
953300
936600
920500
904900
889900
875300
861300
847600
834400
821600
809200
797200
785500
774200
763100
754700
826900
968900
1178000
1197000
1179000
1154000
1129000
1106000
1084000
1062000
1041000
1021000
1002000
983800
966100
948900
932400
916400
901000
886100
871700
857700
844200
831100
818400
806100
794200
782600
771300
760400
749700
739400
729300
719500
710000
700700
691700
682900
674900
695700
692400
684900
676200
667800
659600
653200
728300
936900
1056000
1062000
1048000
1120000
1183000
1175000
1153000
1128000
1105000
1083000
1061000
1040000
1021000
1001000
983000
965300
948200
931700
915700
900300
885500
871100
857100
843600
830500
817900
805600
793600
782100
770800
759900
749300
738900
728900
719100
709600
704500
849500
869300
870200
1094000
1171000
1185000
1379000
2085000
5569000
5725000
5298000
4804000
4394000
4050000
3778000
3787000
3582000
3363000
3160000
2980000
2820000
2676000
2547000
2429000
2322000
2225000
2135000
2052000
1975000
1904000
1838000
1793000
1986000
2078000
2079000
2038000
2472000
4710000
6549000
6240000
5894000
7368000
8420000
7986000
9847000
9899000
8583000
7364000
6419000
5696000
5124000
4659000
4273000
4515000
8911000
8420000
7392000
6440000
5712000
5137000
4669000
4282000
3955000
3675000
3433000
3251000
3675000
6275000
6180000
5637000
5079000
4622000
4242000
3921000
3646000
3407000
3199000
3014000
2851000
2709000
2671000
2608000
3070000
3158000
3191000
3045000
2929000
3239000
3680000
6581000
9131000
10400000
9294000
10060000
13380000
12100000
