1433000
1418000
1401000
1385000
1370000
1355000
1340000
1325000
1311000
1297000
1284000
1271000
1257000
1245000
1232000
1220000
1214000
1455000
1514000
1504000
1486000
1481000
1591000
1590000
1678000
2282000
2329000
2290000
2249000
2212000
2288000
2272000
2236000
2288000
2278000
2357000
3081000
3643000
3602000
3500000
3407000
3402000
3319000
3250000
3535000
3484000
3539000
3455000
3360000
3269000
3184000
3103000
3027000
2991000
2924000
2855000
2790000
2727000
2668000
2611000
2556000
2507000
2580000
2542000
2490000
2440000
2393000
2347000
2302000
2260000
2234000
2367000
2538000
2585000
2541000
2490000
2440000
2392000
2346000
2302000
2260000
2258000
2222000
2182000
2144000
2107000
2071000
2039000
2081000
2056000
2023000
1990000
1958000
1927000
1897000
1868000
1840000
1813000
1786000
1760000
1735000
1711000
1687000
1665000
1642000
1620000
1599000
1579000
1559000
1539000
1520000
1501000
1483000
1465000
1454000
1743000
1764000
1742000
1717000
1694000
1671000
1648000
1627000
1644000
1757000
1750000
1727000
1703000
1679000
1657000
1634000
1613000
1592000
1571000
1552000
1532000
1513000
1495000
1477000
1459000
1442000
1425000
1409000
1393000
1377000
1362000
1347000
1332000
1318000
1304000
1290000
1281000
1458000
1472000
1545000
1539000
1521000
1502000
1484000
1466000
1449000
1432000
1416000
1399000
1384000
1368000
1356000
1454000
1454000
1438000
1421000
1405000
1389000
1373000
1358000
1343000
1329000
1314000
1301000
1287000
1273000
1260000
1248000
1235000
1223000
1211000
1199000
1187000
1176000
1165000
1154000
1143000
1132000
1122000
1112000
1102000
1092000
1082000
1073000
1064000
1054000
1045000
1037000
1028000
1019000
1011000
1003000
994500
986500
978700
970900
963300
955800
948400
941100
934000
926900
920000
913100
906400
899700
893200
886700
880400
874100
867900
861800
855800
849900
844000
838300
832600
827000
823500
959600
977700
972800
965700
958200
950800
943500
936300
929200
922200
915300
908600
901900
895300
888800
882400
876100
869900
863800
857800
851800
845900
840100
834400
828800
823200
817700
812300
807000
801700
796500
791400
786300
781300
776400
772800
869600
1048000
1078000
1423000
1516000
1510000
1493000
1475000
1458000
1440000
1424000
1407000
1391000
1376000
1360000
1345000
1331000
1317000
1303000
1289000
1275000
1262000
1249000
1237000
1224000
1212000
1200000
1189000
1177000
1167000
1199000
1327000
1334000
1322000
1308000
1294000
1281000
1268000
1266000
1268000
1257000
1245000
1232000
1220000
1208000
1196000
1184000
1173000
1162000
1151000
1157000
1205000
1202000
1191000
1180000
1169000
1158000
1147000
1136000
1126000
1115000
1105000
1095000
1092000
1433000
2031000
2089000
2060000
2027000
1994000
1962000
1931000
1901000
1872000
1843000
1818000
1875000
1858000
1831000
1804000
1779000
1823000
1806000
1780000
1754000
1730000
1706000
1682000
1659000
1637000
1630000
1611000
1590000
1570000
1550000
1537000
1525000
1844000
1866000
1841000
1814000
1815000
1792000
1766000
1743000
1838000
1846000
1822000
1795000
1770000
1744000
1720000
1696000
1681000
1692000
1673000
1651000
1629000
1607000
1587000
1569000
1662000
1656000
1634000
1613000
1592000
1572000
1584000
1954000
1982000
2044000
2325000
2320000
2279000
2237000
2197000
2158000
2121000
2085000
2050000
2016000
1983000
1951000
1921000
1891000
1862000
1834000
1807000
1781000
1755000
1730000
1706000
1683000
1660000
1638000
1628000
1608000
1587000
1567000
1570000
2343000
2417000
2384000
2609000
3700000
3778000
3674000
3566000
3471000
3527000
3733000
3654000
3547000
3447000
3352000
3262000
3176000
3095000
3019000
2946000
2913000
3557000
3739000
3671000
4017000
3958000
3836000
3718000
3608000
3522000
3836000
3764000
3651000
3544000
3444000
3349000
3259000
3174000
3093000
3017000
2964000
3268000
3226000
3144000
3065000
2989000
2918000
2849000
2784000
2722000
2662000
2605000
2553000
2583000
2540000
2488000
2438000
2391000
2345000
2300000
2258000
2217000
2177000
2139000
2102000
2067000
2032000
1999000
1967000
1936000
1906000
1876000
1848000
1820000
1794000
1768000
1743000
1718000
1694000
1671000
1649000
1627000
1605000
1585000
1564000
1545000
1525000
1507000
1488000
1470000
1453000
1436000
1419000
1403000
1387000
1372000
1356000
1341000
1327000
1313000
1299000
1285000
1272000
1259000
1246000
1233000
1221000
1209000
1197000
1188000
1293000
1298000
1286000
1272000
1259000
1247000
1234000
1222000
1210000
1198000
1186000
1175000
1164000
1153000
1142000
1131000
1121000
1111000
1101000
1091000
1082000
1072000
1063000
1054000
1045000
1036000
1027000
1019000
1010000
1002000
993900
985900
978100
970300
962700
955200
947800
940600
933400
926400
919400
912600
905800
899200
892700
886200
879900
873600
867400
861300
855300
849400
843600
837800
832100
826500
821000
815600
810200
804900
799600
794400
789300
784300
779300
774400
769500
764700
760000
755300
750700
746200
741700
737500
773500
786200
783900
779300
774400
769600
764800
760100
755400
750800
746200
741700
737200
732800
728500
724200
720200
745400
762300
761100
756900
758100
754500
750000
745400
740900
736500
732100
727800
723500
719200
715100
710900
706800
702800
698800
694800
690900
687100
683200
679500
675700
672000
668500
678900
677700
674400
670700
667100
663500
660000
656400
652900
649500
646100
642700
639300
636000
632900
652400
653300
650400
647100
643700
640400
637100
633800
630500
627300
624100
621700
709000
810300
824000
821000
816000
810700
806500
866200
871700
866900
861000
856400
946900
1279000
1330000
1322000
1309000
1295000
1282000
1269000
1299000
1662000
1763000
1752000
1728000
1704000
1681000
1658000
1636000
1614000
1593000
1573000
1553000
1533000
1516000
1571000
1627000
1981000
2002000
1973000
1955000
2290000
2341000
2305000
2263000
2222000
2182000
2144000
2107000
2071000
2037000
2003000
1971000
1941000
1961000
1993000
2115000
2238000
2221000
2183000
2145000
2108000
2085000
2452000
2455000
2419000
2726000
2898000
3068000
3311000
3257000
3181000
3250000
3183000
3102000
3025000
2951000
2881000
2815000
2751000
2696000
2830000
2788000
2726000
2667000
2610000
2555000
2502000
2452000
2404000
2357000
2313000
2270000
2228000
2188000
2151000
2140000
2107000
2072000
2066000
2036000
2002000
1970000
1939000
1909000
1883000
1940000
1951000
2583000
2618000
2568000
2515000
2464000
2417000
2403000
2389000
2346000
2304000
2307000
2270000
2228000
2188000
2150000
2113000
2077000
2042000
2008000
1976000
1945000
1914000
1885000
1856000
1828000
1801000
1775000
1750000
1738000
1715000
1691000
1668000
1646000
1626000
1636000
1621000
1600000
1580000
1560000
1540000
1521000
1502000
1484000
1466000
1449000
1433000
1466000
1535000
1528000
1512000
1566000
1556000
1537000
1518000
1500000
1481000
1464000
1446000
1430000
1413000
1397000
1381000
1366000
1351000
1336000
1322000
1307000
1294000
1280000
1267000
1254000
1242000
1260000
1401000
1408000
1394000
1379000
1363000
1348000
1334000
1319000
1305000
1291000
1278000
1265000
1252000
1239000
1227000
1215000
1203000
1191000
1180000
1168000
1157000
1146000
1136000
1125000
1115000
1105000
1095000
1086000
1076000
1067000
1057000
1048000
1040000
1031000
1022000
1014000
1005000
997300
989200
981300
973500
965900
958300
950900
943600
936400
929300
922300
915400
908600
902000
895400
888900
882500
876200
870000
863900
857800
851900
846000
840200
834500
828900
823300
817800
812400
807100
801800
796600
791500
786400
781400
776400
771600
766700
762000
757300
752600
748000
743500
739000
734600
730300
725900
721700
717500
713300
709200
705100
701100
697100
693200
689300
685400
681600
677900
674100
670500
666800
663200
659700
656100
652600
649200
645800
642400
639500
692100
699000
696500
692900
689100
692800
690300
686600
682900
679100
675400
671700
668000
664400
660800
657300
653800
650300
646900
644000
709500
718700
716300
712500
708400
704400
700400
696400
692500
688600
684700
681000
685100
1200000
1305000
1306000
1294000
1281000
1267000
1254000
1242000
1229000
1217000
1205000
1193000
1182000
1171000
1159000
1149000
1138000
1127000
1117000
1107000
1097000
1087000
1078000
1069000
1059000
1050000
1041000
1033000
1024000
1015000
1007000
998900
990800
982900
975100
967400
959800
952300
945000
937800
930700
923700
916800
910000
903300
896700
890200
883800
877400
871200
865100
859000
853000
847200
841300
835600
830000
824400
818900
813500
808100
802800
797600
792500
787400
782400
777400
772500
767700
762900
758200
753500
748900
744400
739900
735800
776400
807400
808100
806100
970600
994200
990100
1011000
1126000
1416000
1451000
1440000
1508000
1502000
1485000
1471000
1668000
1676000
1656000
1634000
1613000
1592000
1571000
1551000
1532000
1538000
1734000
1745000
1934000
2449000
3423000
3748000
4571000
4505000
4345000
4194000
4054000
3922000
3799000
3684000
3575000
3473000
3377000
3285000
3244000
4168000
4143000
4009000
3881000
3760000
3647000
3541000
3445000
3444000
3359000
3296000
3793000
3796000
4042000
3951000
3827000
3710000
3600000
3496000
3398000
3306000
3231000
3418000
3582000
3535000
3469000
4073000
4200000
4080000
3947000
3823000
3706000
3596000
3495000
3441000
3351000
3261000
3176000
3095000
3047000
3531000
3495000
3399000
3306000
3219000
3136000
3057000
2982000
2911000
2843000
2778000
2735000
3105000
3171000
3102000
3025000
2952000
2882000
2820000
2860000
2867000
2809000
2746000
2685000
2627000
2572000
2519000
2468000
2419000
2372000
2341000
2805000
2805000
2744000
2684000
2626000
2570000
2517000
2473000
2648000
2618000
2564000
2511000
2461000
2412000
2365000
2330000
2649000
3620000
3637000
3535000
3435000
3340000
3282000
3874000
4300000
4205000
4065000
3933000
3809000
3693000
3584000
3481000
3384000
3292000
3206000
3123000
3045000
2971000
2900000
2832000
2768000
2706000
2648000
2591000
2537000
2486000
2436000
2388000
2342000
2298000
2256000
2215000
2175000
2137000
2102000
2122000
2105000
2102000
2090000
2764000
2994000
2949000
2880000
2814000
2750000
2690000
2631000
2576000
2523000
2471000
2422000
2375000
2330000
2286000
2244000
2203000
2164000
2127000
2090000
2055000
2021000
1988000
1972000
2427000
3115000
4152000
4425000
4336000
4249000
4320000
4194000
4054000
3926000
3902000
4119000
4020000
3906000
4145000
4047000
3916000
3803000
3894000
3824000
3711000
3601000
3504000
3549000
3464000
3368000
3277000
3191000
3110000
3032000
2958000
2888000
2821000
2757000
2708000
2949000
3005000
3146000
3995000
4105000
3988000
3861000
3742000
3630000
3536000
3718000
4494000
4582000
4482000
4975000
4850000
4697000
4525000
4361000
4210000
4068000
3936000
3812000
3696000
3587000
3484000
3387000
3295000
3208000
3125000
3047000
2972000
2902000
2834000
2770000
2708000
2649000
2593000
2539000
2487000
2437000
2389000
2343000
2299000
2257000
2216000
2176000
2138000
2102000
2080000
2047000
2013000
1981000
1949000
1919000
1889000
1860000
1832000
1805000
1781000
1875000
1863000
1836000
1809000
1782000
1757000
1732000
1708000
1684000
1661000
1639000
1617000
1596000
1576000
1556000
1536000
1517000
1498000
1480000
1463000
1445000
1428000
1412000
1396000
1380000
1365000
1350000
1335000
1321000
1307000
1293000
1279000
1266000
1253000
1240000
1228000
1216000
1204000
1192000
1181000
1169000
1159000
1204000
1201000
1190000
1179000
1167000
1156000
1146000
1141000
1444000
2038000
2095000
2066000
2032000
1999000
1967000
1936000
1908000
1959000
2284000
2490000
2524000
3060000
3334000
3280000
3194000
3113000
3056000
3385000
3340000
3252000
3167000
3087000
3010000
2940000
3011000
4682000
4713000
4541000
4377000
4224000
4116000
4580000
4477000
4318000
4169000
4030000
3901000
3779000
3671000
3695000
3600000
3497000
3408000
3531000
4077000
4395000
4313000
4604000
4482000
4322000
4173000
4034000
3904000
3782000
3668000
3560000
3459000
3363000
3272000
3186000
3105000
3028000
2954000
2884000
2817000
2754000
2693000
2635000
2586000
2801000
2770000
2710000
2651000
2594000
2541000
2500000
2541000
2767000
2739000
2715000
2660000
2604000
2553000
2618000
2583000
2744000
2709000
2651000
2594000
2540000
2488000
2439000
2391000
2345000
2301000
2258000
2217000
2177000
2139000
2102000
2067000
2032000
1999000
1967000
1936000
1906000
1876000
1848000
1857000
2238000
2314000
2281000
2240000
2200000
2161000
2123000
2087000
2052000
2018000
1985000
1953000
1923000
1893000
1864000
1836000
1809000
1782000
1757000
1732000
1721000
2152000
2655000
2662000
2608000
2554000
2502000
2451000
2407000
2500000
2485000
2439000
2398000
2586000
2569000
2518000
2467000
2418000
2371000
2326000
2282000
2240000
2200000
2161000
2124000
2087000
2052000
2018000
1985000
1954000
1923000
1893000
1864000
1836000
1809000
1783000
1757000
1732000
1711000
1861000
1857000
1830000
1804000
1791000
1767000
1742000
1717000
1694000
1671000
1648000
1626000
1605000
1584000
1564000
1544000
1525000
1506000
1488000
1470000
1452000
1435000
1419000
1403000
1387000
1371000
1356000
1341000
1328000
1362000
1362000
1349000
1334000
1320000
1306000
1292000
1279000
1266000
1253000
1240000
1228000
1215000
1203000
1192000
1180000
1182000
1257000
1361000
1363000
1349000
1335000
1320000
1306000
1293000
1279000
1266000
1253000
1240000
1228000
1216000
1204000
1192000
1180000
1169000
1158000
1151000
1328000
1344000
1332000
1318000
1304000
1290000
1277000
1264000
1251000
1238000
1226000
1214000
1202000
1190000
1179000
1167000
1156000
1146000
1135000
1125000
1116000
1232000
1240000
1230000
1218000
1206000
1194000
1183000
1171000
1160000
1149000
1139000
1128000
1118000
1108000
1098000
1088000
1078000
1069000
1060000
1051000
1042000
1033000
1024000
1016000
1008000
999400
991300
983400
975500
967800
960300
952800
945500
938200
931100
924100
917200
910400
903700
897100
890600
884200
877800
871600
865400
859400
853400
847500
841700
836000
830300
824700
819200
813800
808400
803200
797900
792800
787700
782700
777700
772800
768100
794500
891200
1007000
1419000
1476000
1466000
1450000
1433000
1416000
1400000
1384000
1369000
1354000
1339000
1324000
1310000
1296000
1283000
1269000
1256000
1244000
1231000
1219000
1207000
1195000
1184000
1172000
1161000
1150000
1140000
1129000
1119000
1109000
1099000
1089000
1080000
1136000
1177000
1173000
1163000
1152000
1141000
1139000
1513000
1558000
1558000
1541000
1522000
1503000
1485000
1467000
1450000
1433000
1416000
1400000
1397000
1481000
1478000
1461000
1444000
1427000
1411000
1395000
1379000
1364000
1349000
1334000
1320000
1305000
1292000
1278000
1269000
1400000
1835000
1938000
1928000
1903000
1928000
1979000
1957000
1927000
1897000
1876000
2074000
2927000
3112000
3055000
2981000
2910000
2842000
2777000
2716000
2664000
2641000
2601000
2548000
2496000
2446000
2398000
2352000
2307000
2265000
2223000
2192000
2398000
2383000
2338000
2295000
2252000
2211000
2172000
2134000
2111000
2498000
2501000
2453000
2405000
2359000
2314000
2271000
2229000
2189000
2151000
2114000
2078000
2043000
2009000
1985000
2173000
2164000
2127000
2091000
2059000
2122000
2110000
2164000
2149000
2303000
2284000
2243000
2203000
2164000
2126000
2100000
2152000
2143000
2108000
2073000
2038000
2005000
1972000
1941000
1912000
1923000
1940000
1915000
1886000
1857000
1832000
1901000
1885000
1857000
1834000
1807000
1781000
1755000
1730000
1706000
1683000
1660000
1638000
1616000
1595000
1575000
1581000
1565000
1550000
1754000
1761000
1738000
1714000
1690000
1667000
1647000
1739000
1732000
1805000
1805000
1817000
1888000
2406000
2580000
2549000
2497000
2447000
2399000
2353000
2308000
2266000
2224000
2184000
2146000
2109000
2073000
2039000
2005000
1973000
1941000
1911000
1882000
1853000
1825000
1799000
1772000
1747000
1723000
1699000
1675000
1653000
1631000
1609000
1588000
1568000
1548000
1529000
1510000
1492000
1474000
1456000
1439000
1422000
1406000
1390000
1374000
1360000
1364000
1351000
1337000
1322000
1310000
1348000
1341000
1328000
1324000
1311000
1297000
1284000
1270000
1257000
1244000
1232000
1220000
1208000
1196000
1184000
1173000
1162000
1151000
1140000
1130000
1119000
1109000
1099000
1090000
1089000
1160000
1264000
1269000
1257000
1245000
1232000
1220000
1208000
1196000
1184000
1173000
1162000
1151000
1140000
1130000
1120000
1109000
1099000
1090000
1080000
1071000
1061000
1052000
1043000
1035000
1026000
1017000
1009000
1001000
992700
984700
976900
969200
961600
954100
946700
939500
932300
925300
918400
911600
904800
898200
891700
885600
907600
1011000
1065000
1065000
1058000
1090000
1117000
1113000
1103000
1094000
1084000
1074000
1065000
1056000
1047000
1038000
1029000
1021000
1012000
1004000
995900
987900
980000
972200
964600
957100
949700
942400
935200
928100
921100
914300
907500
900900
894300
887800
881400
875200
869600
909200
911700
907500
1007000
1039000
1041000
1114000
1279000
2069000
2176000
2149000
2113000
2077000
2042000
2011000
2047000
2022000
1990000
1958000
1927000
1897000
1868000
1840000
1813000
1786000
1761000
1736000
1711000
1688000
1665000
1642000
1622000
1692000
1729000
1732000
1713000
1844000
2492000
2987000
2977000
2939000
3368000
3724000
3683000
4267000
4488000
4359000
4208000
4067000
3935000
3811000
3695000
3586000
3574000
5109000
5085000
4883000
4693000
4518000
4355000
4203000
4062000
3931000
3807000
3691000
3590000
3729000
4866000
4839000
4657000
4485000
4324000
4175000
4036000
3906000
3784000
3669000
3562000
3460000
3367000
3330000
3264000
3523000
3541000
3542000
3452000
3369000
3538000
3667000
4828000
5669000
6208000
6005000
6359000
7639000
7472000
