1035000
1029000
1023000
1017000
1011000
1005000
999500
993800
988100
982500
977000
971500
966100
960700
955400
950200
16910000
6373000
2717000
1136000
1466000
7758000
2466000
5935000
27100000
6852000
3113000
1032000
1026000
5129000
2349000
1454000
4318000
2348000
4603000
23560000
19030000
5710000
2168000
1092000
3196000
1541000
1251000
9923000
3005000
5299000
1841000
1368000
1074000
1067000
1061000
1054000
2041000
1259000
1120000
1032000
1026000
1020000
1014000
1008000
1002000
4861000
1838000
1314000
989800
984200
978600
973100
967700
1256000
6825000
8559000
5148000
2004000
1166000
969100
963700
958400
953100
947900
2276000
1230000
1046000
931000
926000
921100
916200
3873000
1555000
1153000
904500
899800
895100
890500
886000
881500
877000
872600
868200
863900
859600
855400
851200
847000
842900
838800
834800
830800
826800
822900
819000
815100
811300
807500
14040000
3705000
1928000
832900
828900
825000
821100
817200
2132000
6209000
2044000
1249000
823800
819900
816000
812200
808400
804600
800900
797200
793600
790000
786400
782800
779300
775800
772400
768900
765500
762200
758800
755500
752300
749000
745800
742600
739400
9383000
2634000
5447000
1632000
1097000
766600
763200
759900
756600
753300
750000
746800
743600
740400
737300
5878000
1862000
1170000
743400
740300
737100
734000
730900
727800
724800
721800
718800
715800
712900
709900
707000
704200
701300
698500
695700
692900
690200
687400
684700
682000
679300
676700
674100
671400
668900
666300
663700
661200
658700
656200
653700
651300
648800
646400
644000
641600
639300
636900
634600
632300
630000
627700
625400
623200
620900
618700
616500
614300
612200
610000
607900
605800
603700
601600
599500
597400
595400
593300
591300
589300
587300
585300
10390000
2732000
1416000
606000
603800
601700
599700
597600
595500
593500
591500
589500
587500
585500
583500
581600
579600
577700
575800
573900
572000
570100
568200
566400
564500
562700
560900
559100
557300
555500
553700
552000
550200
548500
546700
545000
7058000
13670000
3663000
20680000
6990000
2709000
835100
651100
648700
646200
643800
641500
639100
636700
634400
632100
629800
627500
625300
623000
620800
618600
616400
614200
612000
609900
607700
605600
603500
601400
2220000
8168000
2316000
1214000
617300
615100
612900
610800
1188000
1429000
806500
663400
604000
601900
599800
597700
595700
593600
591600
589600
1454000
4e+06
1364000
859300
591500
589500
587500
585500
583500
581600
579600
577700
575800
573900
18850000
25980000
6825000
2452000
685400
682700
680100
677400
674800
672200
669600
667000
3683000
1325000
918000
666700
664100
3251000
1227000
878400
662400
659900
657400
654900
652500
650000
1208000
815000
701000
646200
640000
914800
696100
14070000
3576000
1778000
669500
1653000
881000
746400
662500
5094000
2320000
1186000
725900
666600
664000
661500
659000
957300
2005000
959300
760100
651700
649300
646900
644500
5339000
1670000
1039000
649800
647400
645000
1612000
15520000
3942000
4590000
10560000
2952000
1484000
716400
713400
710500
707600
704700
701900
699000
696200
693400
690700
687900
685200
682500
679800
677200
674600
671900
669400
666800
664200
661700
909600
711600
675600
652500
650100
28940000
6854000
3064000
6648000
28270000
7857000
3172000
888100
812400
3470000
6802000
2222000
1275000
825000
821100
817200
813400
809600
805800
802100
798400
16920000
8195000
3015000
10220000
3206000
1692000
890400
854800
850600
9446000
2727000
1571000
857700
853500
849300
845200
841100
837000
833000
829000
9496000
2724000
1559000
840200
836200
832100
828200
824200
820300
816500
812600
808800
2713000
1221000
962300
801500
797800
794100
790500
786900
783400
779800
776300
772900
769400
766000
762700
759300
756000
752700
749500
746300
743100
739900
736700
733600
730500
727500
724400
721400
718400
715500
712500
709600
706700
703800
701000
698200
695400
692600
689800
687100
684400
681700
679000
676400
673700
671100
668600
666000
663400
660900
658400
655900
653400
651000
648500
646100
643700
5469000
1698000
1050000
649500
647100
644700
642300
639900
637500
635200
632900
630600
628300
626000
623800
621600
619300
617100
614900
612800
610600
608500
606300
604200
602100
6e+05
598000
595900
593900
591900
589800
587800
585900
583900
581900
580000
578000
576100
574200
572300
570400
568600
566700
564900
563000
561200
559400
557600
555800
554000
552300
550500
548800
547000
545300
543600
541900
540200
538600
536900
535200
533600
531900
530300
528700
527100
525500
523900
522300
520800
519200
517700
516100
514600
1955000
1550000
793400
576800
515900
514400
512800
511300
509800
508300
506900
505400
503900
502400
501000
499600
498100
2363000
2082000
914000
601500
910300
591300
535400
500400
499000
497600
496100
494700
493300
491900
490500
489100
487800
486400
485000
483700
482300
481000
479700
478400
477000
475700
474400
1361000
667100
547100
472600
471400
470100
468800
467500
466300
465000
463800
462600
461300
460100
458900
2355000
873700
618600
461000
459800
458600
457400
456200
455000
453800
452600
451400
7997000
8442000
2491000
1021000
497900
496500
495100
4817000
1444000
864300
506700
505200
6146000
20220000
5258000
2151000
597700
578000
576100
574200
2398000
17860000
6964000
2570000
835900
624600
622300
620100
617900
615700
613500
611400
609200
607100
605000
3715000
3692000
15010000
3799000
1776000
650700
12180000
4499000
1922000
791700
680100
677400
674800
672200
669600
667000
664500
661900
659400
2293000
2773000
5859000
6119000
2157000
1073000
695600
680100
677400
12510000
3272000
1685000
9699000
6894000
6926000
8303000
2498000
1291000
3933000
1466000
1040000
776700
773300
769800
766400
763100
759700
5349000
1763000
1145000
763600
760200
756900
753600
750400
747100
743900
740700
737600
734500
731400
728300
1514000
895700
787100
1649000
920400
793000
713400
710500
707600
704700
3718000
1624000
21310000
5182000
2441000
765600
762200
758800
1637000
1722000
995500
815800
2077000
1037000
856500
743900
740700
737500
734400
731300
728200
725200
722200
719200
716200
713300
710300
707400
704600
701700
912300
743000
711600
691300
688500
685800
1972000
1074000
812500
688800
677100
674500
671800
669300
666700
664100
661600
659100
2604000
4644000
1600000
960600
3811000
1353000
929000
667100
664500
662000
659500
657000
654500
652100
649600
647200
644800
642400
640000
637700
635300
633000
630700
628400
626200
623900
1330000
8439000
2359000
1273000
638500
636200
633900
631600
629300
627000
624700
622500
620300
618000
615900
613700
611500
609400
607200
605100
603000
600900
598800
596800
594700
592700
590700
588700
586700
584700
582700
580800
578800
576900
575000
573100
571200
569300
567500
565600
563800
562000
560200
558300
556600
554800
553000
551300
549500
547800
546000
544300
542600
540900
539300
537600
535900
534300
532600
531000
529400
527800
526200
524600
523000
521400
519900
518300
516800
515200
513700
512200
510700
509200
507700
506200
504700
503300
501800
500400
498900
497500
496100
494700
493200
491900
490500
489100
487700
486300
485000
483600
482300
480900
479600
478300
477000
475700
474400
473100
471800
470500
469200
468000
466700
465500
464200
463000
4495000
1347000
806700
473100
471800
1045000
595600
517500
468900
467600
466400
465100
463900
462600
461400
460200
459000
457800
456600
455400
5857000
1641000
916900
470500
469300
468000
466700
465500
464200
463000
461800
460500
459300
35750000
8202000
3476000
564500
562600
560800
559000
557200
555400
553700
551900
550100
548400
546700
545000
543200
541600
539900
538200
536500
534900
533200
531600
530000
528400
526800
525200
523600
522000
520400
518900
517300
515800
514300
512700
511200
509700
508200
506700
505300
503800
502300
500900
499500
498000
496600
495200
493800
492400
491000
489600
488200
486800
485500
484100
482800
481400
480100
478800
477500
476100
474800
473500
472300
471000
469700
468400
467200
465900
464700
463400
462200
461000
459700
458500
457300
3016000
2955000
1100000
628800
11080000
2801000
1381000
1982000
6625000
15780000
4183000
1746000
4422000
1412000
896200
577800
9742000
2584000
1354000
596400
594400
592300
590300
588300
586300
1453000
9491000
2566000
8431000
16900000
26090000
11290000
18820000
4491000
2060000
796900
793200
789600
786000
782500
779000
775500
772000
768600
765200
20570000
5103000
2448000
811900
808100
804300
800600
796900
2617000
1191000
943400
12510000
4019000
8405000
2296000
1372000
834400
830400
826500
822500
818600
814800
6054000
6418000
2802000
1329000
15090000
7462000
2807000
1160000
865900
861600
857300
853100
1683000
1028000
912800
840000
836000
832000
13830000
3674000
1929000
852700
848500
844400
840300
836200
832200
828200
824300
820400
11530000
5142000
2161000
1009000
841900
837800
833800
3168000
2791000
1343000
952800
829400
825400
821500
817700
813800
810000
806200
802500
15100000
3933000
2014000
831100
827200
823200
819300
815500
6624000
2087000
1305000
822700
818800
815000
811200
807400
9705000
27540000
6989000
2931000
883000
878500
874100
15790000
13320000
4138000
1673000
910300
905500
900800
896200
891600
887000
882500
878000
873600
869200
864900
860600
856300
852100
847900
843800
839700
835700
831700
827700
823700
819800
816000
812200
808400
804600
800900
797200
1639000
1360000
1919000
1034000
22460000
10670000
3754000
1279000
849700
845600
841500
837400
833400
829400
825400
821500
817600
813800
810000
806200
802500
798800
795100
791500
787900
784300
780800
777300
15430000
21280000
28180000
12610000
4524000
2427000
5135000
1858000
1245000
912700
2627000
7899000
2494000
1460000
8092000
2477000
1510000
913300
5185000
2448000
1396000
956600
901700
4136000
1601000
1163000
891100
886600
882000
877600
873200
868800
864400
860100
855900
8579000
4779000
6287000
22480000
8337000
3182000
1135000
913700
909000
904200
6311000
18760000
7826000
2935000
12620000
3444000
2485000
1084000
1001000
948300
943200
938000
933000
928000
923100
918200
913300
908500
903800
899100
894500
889900
885300
880800
876400
872000
867600
863300
859000
854800
850600
846400
842300
838200
834200
830200
826200
822300
818400
814600
810800
807000
803200
799500
795900
792200
788600
785100
781500
778000
4326000
1552000
1074000
777700
774200
770800
767400
764000
760600
757300
754000
750700
747500
744300
741100
738000
734800
731700
728600
725600
722600
719600
716600
713600
710700
707800
704900
702100
699300
696400
693700
690900
688200
685400
682700
680100
677400
674800
672100
669500
667000
664400
3398000
1260000
891200
663200
660700
658200
655700
653200
16520000
26490000
6914000
2611000
764200
760800
757500
754200
751000
3140000
12070000
8900000
3815000
16770000
10950000
3580000
1415000
856800
852500
10690000
3e+06
1678000
862200
857900
853700
849500
2049000
37820000
8979000
3958000
925800
920900
916000
12150000
3367000
1857000
925000
920000
915200
910400
905600
3797000
1530000
1138000
894100
5317000
14700000
11350000
3572000
9623000
2699000
1610000
937600
932600
927600
922600
917700
912900
908100
903400
898700
894100
889500
884900
880400
876000
871600
867200
862900
858600
854400
8363000
2492000
1482000
858200
854000
849800
1073000
3070000
9016000
2706000
2391000
1054000
929400
851300
4107000
1559000
7194000
2178000
1360000
854700
850500
846400
842300
838200
834200
830200
826200
822300
818400
814600
810700
807000
803200
799500
795800
792200
788600
785000
781500
1407000
15140000
5724000
2379000
965800
815700
811900
808100
804300
800600
796900
793300
789700
786100
782500
779000
775500
772100
768700
765300
761900
758600
16650000
18800000
5305000
2042000
837000
832900
829000
825000
4496000
2117000
1239000
866700
7470000
2483000
1430000
851100
830200
826300
822300
818500
814600
810800
807000
803300
799600
795900
792300
788700
785100
781600
778000
774600
771100
767700
764300
761000
757600
754300
6221000
1950000
1216000
761500
1241000
861000
793200
750200
746900
743700
740600
737400
734300
731200
728100
725100
722000
719000
716100
713100
710200
707300
704400
701600
698800
696000
693200
690400
687700
2432000
1476000
919400
717900
681400
678800
676100
673500
670900
668300
665700
663200
660700
658200
655700
653200
744400
5231000
7042000
2217000
1117000
670900
668300
665800
663200
660700
658200
655700
653200
650800
648300
645900
643500
641100
638800
636400
634100
10010000
2687000
1430000
654300
651900
649400
647000
644600
642200
639900
637500
635200
632800
630500
628300
626000
623700
621500
619300
617100
614900
6991000
2010000
1154000
625500
623300
621100
618800
616600
614500
612300
610100
608000
605900
603800
601700
599600
597500
595500
593400
591400
589400
587400
585400
583400
581500
579500
577600
575700
573800
571900
570000
568200
566300
564500
562600
560800
559000
557200
555400
553600
551900
550100
548400
546700
544900
543200
541500
539900
538200
536500
534900
533200
531600
530000
528300
526700
525100
523600
522000
520400
518900
517300
515800
1688000
7059000
8219000
24780000
5976000
2468000
623200
621000
618800
616600
614400
612200
610000
607900
605800
603700
601600
599500
597400
595400
593300
591300
589300
587300
585300
583400
581400
579500
577500
575600
573700
571800
569900
568100
566200
564400
3868000
3690000
1369000
772300
572200
570300
568500
20300000
4891000
2831000
746500
666100
615800
613600
611400
609300
607200
605000
602900
1063000
5319000
1649000
990400
607600
605400
603300
601200
599200
597100
595100
593000
591000
589000
587000
585000
583100
7560000
19740000
7272000
2867000
898200
2499000
3615000
1367000
870600
656700
654200
7505000
25430000
9414000
3336000
1004000
747800
744600
741400
738200
887200
1597000
1234000
865800
752900
724400
721400
718400
715400
712500
709600
706700
7835000
2268000
1311000
720100
717100
714100
711200
708300
705400
12940000
3388000
1748000
737000
733800
730700
727700
724600
721600
718600
715700
712700
709800
706900
704000
7774000
2252000
1303000
717200
714200
3796000
1695000
3791000
1510000
6694000
1987000
1207000
733100
730000
726900
952100
3493000
1861000
1065000
767500
721200
718200
715300
712300
709400
2020000
2446000
1133000
827300
704600
701800
4134000
1451000
988200
855300
733100
709800
694400
691600
688900
686200
683500
680800
678100
675500
672800
1726000
899400
755600
9715000
2650000
1437000
688200
685500
682800
680100
5075000
1641000
4682000
1955000
2364000
3683000
18080000
8490000
2991000
1090000
765300
762000
758600
755300
752100
748800
745600
742400
739200
736100
733000
729900
726800
723800
720800
717800
714800
711900
709000
706100
703200
700400
697600
694800
692000
689300
686500
683800
681100
678500
675800
673200
670600
668000
665500
662900
660400
657900
655400
652900
650500
648000
645600
643200
640900
638500
3172000
1190000
848500
1129000
742700
674500
631700
629400
627100
624800
622600
620400
618200
616000
613800
611600
609500
607300
605200
603100
601000
598900
596900
594800
592800
4805000
7224000
2199000
1085000
611800
609700
607600
605400
603300
601200
599200
597100
595100
593000
591000
589000
587000
585000
583000
581100
579200
577200
575300
573400
571500
569600
567800
565900
564100
562300
560400
558600
556800
555100
553300
551500
549800
548000
546300
544600
542900
541200
539500
537800
536200
1395000
7296000
4658000
1672000
779300
2956000
2967000
1176000
725200
568300
566400
564600
562700
560900
559100
557300
555500
553700
552000
550200
548500
546800
545000
543300
541600
540000
538300
536600
535000
533300
531700
530100
528400
526800
525200
523700
522100
520500
519000
2541000
1050000
708900
6726000
3049000
1501000
5103000
9468000
34270000
8462000
3347000
700300
673600
671000
668400
2916000
1157000
853500
665500
663000
660500
658000
655500
653000
650500
648100
645700
643300
640900
638600
636200
633900
4085000
3216000
2088000
959700
5714000
21650000
16370000
4793000
1758000
11090000
10360000
3248000
13810000
8481000
2948000
1259000
846000
841900
837800
833800
829800
825900
30850000
7396000
3369000
887900
883300
878900
874400
870000
865700
861400
857100
852900
4344000
24660000
6615000
2900000
936800
896800
892200
887600
883100
878600
874100
869800
865400
861100
1934000
1090000
8794000
4292000
4e+06
1469000
1040000
6698000
5225000
25120000
19400000
15330000
4148000
8549000
20950000
5826000
16380000
