1022000
727100
650400
620500
593300
568400
545500
524400
504900
486800
470000
454300
439600
425900
413000
400800
8365000
3779000
1868000
1538000
1689000
5726000
2463000
4796000
34630000
7526000
2641000
2179000
1861000
4481000
2552000
1806000
3665000
2403000
3820000
28250000
22460000
5758000
2894000
2344000
3508000
2163000
1728000
8413000
3245000
4684000
2548000
1924000
1673000
1482000
1332000
1209000
1671000
1208000
1057000
979200
912300
854000
802900
757600
717200
2347000
1166000
914600
856100
804700
759200
718600
682300
942600
3119000
5156000
3666000
1997000
1606000
1430000
1289000
1175000
1079000
997900
1743000
1117000
953100
889600
834200
785400
742000
1896000
1042000
852500
801600
756400
716200
680000
647400
617800
590800
566100
543400
522500
503100
485100
468400
452800
438200
424600
411700
399700
388300
377500
367400
357800
348600
339900
12120000
3376000
1723000
1521000
1362000
1234000
1129000
1040000
2456000
5166000
2223000
1583000
1411000
1274000
1162000
1068000
988900
920700
861400
809300
763300
722300
685600
652400
622400
595000
569900
546900
525700
506100
487900
471000
455300
440500
426700
413800
401600
8136000
2552000
4689000
2272000
1670000
1480000
1330000
1208000
1107000
1022000
948800
885900
830900
782500
739400
5242000
2012000
1349000
1223000
1120000
1033000
958400
894200
838200
788900
745200
706100
670900
639200
610300
584000
559800
537600
517100
498200
480500
464100
448800
434500
421100
408400
396500
385300
374800
364700
355300
346200
337700
808700
473500
407400
395600
384400
373900
363900
354500
345500
337000
328900
321100
313800
306700
3e+05
293600
287400
281500
275800
935300
475600
389700
378900
368600
358900
349700
341000
332700
324800
317300
310100
303200
296600
338300
8147000
2490000
1416000
1278000
1165000
1071000
1458000
1067000
943700
881500
827000
779000
736400
698200
663800
632700
604400
578600
554900
533100
512900
494200
476900
460700
445600
431500
418300
405800
394100
383000
372500
362700
353300
344400
335900
327800
7863000
15970000
4556000
33120000
9718000
3211000
2375000
1999000
1729000
1526000
1366000
1238000
1132000
1043000
966900
901600
844700
794600
750300
710600
675100
642900
613700
587100
562700
540200
519600
500400
482600
466100
3191000
6499000
2417000
1606000
1430000
1289000
1174000
1079000
1483000
1460000
1072000
956300
892400
836600
787500
743900
705000
669900
638300
609500
1132000
2204000
1091000
866400
813800
767300
725900
688800
655300
625000
597400
572100
548900
527600
16660000
38220000
7896000
2718000
2230000
1897000
1653000
1467000
1319000
1199000
1099000
1015000
2783000
1446000
1137000
1047000
970500
2337000
1295000
1048000
971700
905800
848400
797900
753200
713200
927100
742700
667800
634400
606000
687700
588400
10120000
3095000
1722000
1520000
2083000
1446000
1237000
1131000
3922000
2346000
1527000
1324000
1203000
1103000
1018000
946100
1037000
1539000
1009000
873700
820200
773000
731000
693400
3003000
1359000
1017000
944500
882100
827600
1219000
14860000
4164000
4545000
13940000
4564000
2552000
2120000
1818000
1594000
1420000
1281000
1168000
1073000
993000
924200
864500
812100
765800
724500
687600
654200
624000
596500
571300
548200
526900
507200
1223000
703800
594700
569700
546700
33460000
6769000
2113000
7556000
42580000
9627000
2951000
2312000
1955000
4009000
7433000
3128000
2119000
1817000
1593000
1419000
1281000
1167000
1073000
992700
923900
16980000
8386000
3216000
11530000
4518000
2600000
2131000
1826000
1599000
8716000
3263000
2046000
1764000
1552000
1387000
1255000
1146000
1055000
977300
910600
8644000
2934000
1764000
1552000
1387000
1255000
1146000
1055000
977200
910600
852500
801600
2608000
1299000
1013000
941200
879300
825100
777300
734900
696800
662600
631600
603400
577700
554000
532300
512200
493600
476300
460200
445100
431000
417800
405400
393700
382600
372200
362300
352900
344000
1869000
804800
604500
578700
555000
533200
513000
494300
477000
460800
445700
431600
418300
405900
394100
383100
372600
362700
353300
344400
335900
327900
320200
312900
305900
299200
292800
1922000
4658000
1734000
1184000
1087000
1005000
934200
873100
819700
772500
730600
693000
659100
628400
600500
575000
551600
530000
510100
491600
474500
458500
443500
429500
416400
404100
392400
381500
371100
361300
351900
343100
334700
326700
319100
311800
304900
298200
291900
285800
279900
274300
268900
263700
258800
254000
249400
244900
240600
236500
232400
228600
224800
221200
217700
214300
211000
207800
204700
201700
198800
196000
193200
190500
187900
185400
182900
180500
178200
175900
173700
171500
169400
167300
165300
3679000
1635000
908200
811000
764800
723600
686700
653500
623300
595900
570700
547700
526400
506800
488500
471600
455800
2812000
1952000
1074000
916800
1170000
903900
816400
769600
728000
690600
657000
626500
598800
573400
550100
528700
508900
490500
473400
457500
442600
428700
415600
403300
391700
380800
616700
1246000
653200
540700
519900
500800
483000
466400
450900
436500
422900
410200
398200
386900
376200
366100
1304000
649700
523400
504000
486000
469200
453600
438900
425200
412300
400200
388800
5024000
8474000
2970000
1884000
1644000
1459000
1313000
5331000
2309000
1619000
1440000
1298000
6908000
32680000
7453000
2699000
2200000
1875000
1637000
1454000
2594000
23500000
8554000
3197000
2347000
1979000
1715000
1514000
1357000
1230000
1125000
1037000
962400
897700
841300
2537000
2783000
16900000
4721000
2332000
1969000
15280000
6047000
2827000
2204000
1880000
1640000
1456000
1310000
1192000
1093000
1010000
939100
877400
1765000
2029000
4387000
5562000
2651000
1857000
1611000
1434000
1292000
13080000
4034000
2183000
11870000
8980000
9099000
11930000
4451000
2728000
5316000
2773000
2044000
1762000
1551000
1386000
1254000
1145000
1054000
4033000
1843000
1351000
1225000
1121000
1034000
959600
895200
839100
789700
745900
706700
671500
639700
610800
1097000
713200
624800
986000
688000
614600
587900
563400
540900
520200
1685000
963000
21740000
5207000
2160000
1847000
1616000
1437000
2027000
1919000
1359000
1185000
1838000
1254000
1078000
997400
928000
867700
815000
768300
726800
689600
656100
625700
598000
572700
549500
528100
508300
490000
1252000
703300
589800
565200
574600
586800
964100
686700
581700
553000
531300
511300
492800
475500
459400
444400
430400
417200
1910000
2569000
1191000
931900
2675000
1376000
1081000
999600
929900
869400
816500
769600
728000
690700
657000
626500
598800
573400
550100
528700
508900
490500
473400
457500
442600
428700
2683000
6354000
2314000
1522000
1363000
1235000
1130000
1041000
965500
900400
843600
793700
749400
709900
674400
642300
613100
586600
562200
539800
519200
5e+05
482300
465800
450300
435900
422400
409700
397700
386500
375800
365700
356200
347100
338500
330400
322600
315100
308000
301300
294800
288600
282600
276900
271400
266100
261100
256200
251500
548900
334000
293100
287000
281100
275400
270000
264800
259800
254900
250300
245800
766300
403100
335700
327700
320000
312700
305700
299000
292600
286500
280600
275000
269600
264400
259400
254600
249900
245500
241100
237000
232900
229100
366300
268600
921200
456400
370700
360900
351600
342800
334400
326400
318800
311500
304600
297900
291600
285500
279700
274100
268700
263500
258600
253800
249200
244700
240400
2842000
1036000
703900
668900
637300
1073000
723300
639200
610300
584000
559800
537600
517100
498200
480500
464100
448800
434500
421100
1205000
4342000
1642000
1123000
1036000
960900
896400
840100
790600
746700
707400
672200
640300
1452000
58860000
10370000
2211000
1883000
1643000
1459000
1312000
1193000
1095000
1011000
940100
878300
824200
776500
734100
696200
662000
631100
602900
577200
553600
531900
511800
493200
476000
459900
444800
430800
417600
405100
393400
382400
372000
362100
352800
343900
335400
327400
319700
312400
305500
298800
292400
286300
280400
274800
269400
264200
259200
254400
249800
245300
241000
236800
232800
228900
225200
221500
218000
214600
211300
208100
205000
202000
199000
196200
193400
190800
188100
185600
397900
251000
223500
219900
216400
213000
2049000
1743000
849200
703100
11090000
3371000
1848000
2975000
9064000
25810000
6577000
2824000
6160000
3011000
2145000
1836000
11200000
3862000
2260000
1918000
1669000
1479000
1329000
1207000
1106000
1555000
8281000
2957000
9141000
25710000
43080000
14970000
29570000
6864000
2736000
2242000
1905000
1660000
1472000
1323000
1202000
1102000
1018000
945400
882900
21300000
5197000
2202000
1877000
1638000
1455000
1309000
1191000
2194000
1361000
1135000
11090000
4175000
8702000
3531000
2287000
1937000
1683000
1490000
1338000
1214000
1112000
4805000
5738000
3070000
1990000
16450000
8076000
3340000
2407000
2021000
1746000
1538000
1376000
1880000
1340000
1160000
1067000
987400
919400
10690000
3390000
1914000
1666000
1477000
1327000
1206000
1105000
1020000
947500
884800
829900
8590000
4626000
2236000
1765000
1553000
1388000
1255000
2927000
2643000
1584000
1321000
1201000
1101000
1017000
944500
882100
827600
779500
736800
12530000
3671000
1935000
1682000
1489000
1337000
1214000
1112000
5611000
2293000
1567000
1399000
1264000
1154000
1061000
982900
8511000
35580000
7577000
2635000
2176000
1858000
1624000
15810000
14470000
4624000
2704000
2221000
1891000
1649000
1463000
1316000
1196000
1097000
1014000
941900
879900
825600
777800
735200
697200
662900
631900
603700
577900
554200
532500
512400
493700
476400
460300
445200
431100
417900
405500
2717000
1250000
1293000
919900
22490000
10520000
3570000
2416000
2027000
1750000
1542000
1789000
1693000
1303000
1156000
1063000
984600
917000
858100
806500
760800
720100
683600
650600
620700
593500
568500
1391000
13090000
26710000
39110000
14870000
4136000
3437000
8724000
2661000
1548000
5927000
4480000
12150000
2520000
975400
15770000
4185000
1723000
6144000
10770000
5367000
1115000
617100
5697000
11830000
1997000
1148000
588900
484700
468000
452400
437900
424200
411400
399400
415900
3201000
2241000
3414000
24010000
8073000
3018000
2264000
1921000
1671000
1481000
4953000
20400000
8102000
3265000
14430000
4757000
3099000
2313000
1921000
1671000
1481000
1330000
1208000
1107000
1022000
949000
886000
831000
782600
739500
701000
666400
635000
606500
580500
556700
534700
514400
495600
478200
462000
446800
432600
419300
406700
395000
383800
373300
1918000
2121000
1032000
834100
785200
741900
703100
668300
636800
608100
582000
558000
3242000
1351000
972900
906800
849300
798700
753900
713900
678000
645500
616100
589300
564700
542100
521300
502000
484100
467400
451900
437400
423800
411000
399000
387600
376900
366800
357200
348100
339400
331200
323400
315900
308800
302000
295400
289200
283200
277500
272000
266700
261600
256700
1776000
722900
530100
510200
491700
474500
458500
443600
11680000
36470000
7626000
2627000
2170000
1854000
1621000
1441000
1299000
2787000
12890000
10600000
4897000
22870000
13930000
4588000
2825000
2300000
1946000
10570000
3770000
2256000
1916000
1667000
1478000
1328000
1971000
48500000
9169000
2396000
2013000
1740000
1534000
10570000
3610000
2122000
1820000
1595000
1421000
1282000
1168000
2561000
1457000
1179000
1082000
3302000
12620000
11120000
4014000
10430000
4083000
2533000
2107000
1808000
1586000
1414000
1277000
1164000
1070000
990300
921800
862400
810200
764100
723100
686200
653000
622900
595500
570400
547300
4184000
1604000
1095000
1011000
940000
878200
973800
1930000
5890000
2310000
2176000
1586000
1361000
1233000
3113000
1651000
5471000
2396000
1682000
1489000
1337000
1214000
1112000
1026000
952400
889000
833700
784900
741600
702900
668100
636600
607900
581800
557800
535800
515400
496600
479100
1039000
10260000
4688000
2194000
1748000
1540000
1378000
1247000
1139000
1049000
972600
906500
849000
798500
753700
713700
677800
645400
616000
589100
564600
542000
14780000
22180000
5671000
2681000
2206000
1880000
1640000
1456000
4846000
2580000
1726000
1495000
6658000
2905000
1874000
1620000
1441000
1298000
1182000
1085000
1003000
932900
872000
818700
771700
729800
692300
658500
627900
6e+05
574500
551200
529600
509700
491300
474200
458200
443200
7418000
2398000
1425000
1285000
1527000
1196000
1065000
986100
918200
859200
807500
761700
720900
684200
651200
621300
594000
569000
546100
524900
505400
487300
470400
454700
440000
426200
413300
401100
940900
1978000
1093000
783700
724600
687600
654300
624100
596500
571400
548200
526900
507200
489000
472000
456200
441400
1819000
3127000
5260000
2182000
1544000
1380000
1249000
1141000
1051000
973800
907600
850000
799300
754400
714400
678400
645900
616500
589600
565000
1586000
11550000
3475000
1898000
1654000
1467000
1319000
1199000
1100000
1015000
943500
881300
826900
778900
736200
698100
663700
632600
604300
578500
554800
533000
8675000
2747000
1588000
1415000
1278000
1165000
1071000
990900
922300
862800
810600
764500
723400
686500
653300
623100
595700
570600
547500
526300
506600
488400
471500
455700
440900
427100
414100
401900
390400
379500
369200
359500
350300
341500
333200
325300
317700
310500
303600
297000
290700
284700
278900
273300
268000
262800
257900
253100
248500
244100
239800
235700
231700
227900
224200
220600
217100
213700
210400
207200
204200
216300
548300
1613000
4690000
7549000
38410000
7962000
2611000
2160000
1846000
1615000
1437000
1295000
1179000
1083000
1001000
931200
870600
817500
770600
728800
691400
657700
627100
599300
573900
550600
529100
509300
490900
473700
457800
442900
428900
415800
403500
391900
381000
3225000
2543000
1258000
1027000
953400
889800
834400
23100000
5448000
2741000
2031000
1709000
1510000
1354000
1227000
1123000
1036000
960800
896300
1171000
3649000
1639000
1211000
1109000
1024000
950600
887400
832300
783700
740500
701900
667200
635700
607200
581100
557200
4101000
23330000
7983000
3265000
2335000
3525000
4432000
2390000
1836000
1607000
1431000
7098000
38870000
11730000
3600000
2538000
2110000
1811000
1588000
1416000
1426000
1671000
1426000
1165000
1056000
978400
911600
853400
802300
757100
716800
680600
4759000
1851000
1259000
1149000
1058000
979700
912700
854400
803200
10910000
3385000
1883000
1643000
1458000
1312000
1193000
1095000
1011000
940000
878300
824200
776500
734100
696200
5021000
1933000
1303000
1186000
1088000
2922000
1698000
3112000
1819000
6082000
2588000
1780000
1565000
1397000
1263000
1312000
2813000
1898000
1333000
1177000
1081000
999900
930100
869600
816600
1593000
1783000
1080000
922200
862700
810600
2623000
1309000
1021000
1059000
918200
848200
797800
753100
713200
677300
644900
615600
588800
564200
541700
1070000
674500
586800
5854000
2080000
1331000
1209000
1108000
1022000
949600
4112000
1802000
3942000
2318000
2511000
3760000
25290000
10860000
3751000
2554000
2121000
1819000
1594000
1420000
1282000
1168000
1073000
993200
924400
864600
812200
765900
724600
687600
654300
624100
596500
571400
548200
526900
507200
489000
472000
456200
441400
427500
414500
402300
390700
379900
369600
359800
350600
987800
536300
448600
434300
420900
408300
396400
389000
1675000
766800
593500
568600
545700
1797000
909100
727000
989400
752000
682600
649700
619900
592700
567900
545000
524000
504500
486400
469600
453900
439300
425600
412700
400500
389100
378300
368100
358400
2209000
3336000
5687000
2314000
1613000
1435000
1293000
1178000
1082000
1e+06
930400
869900
816800
770000
728300
690900
657300
626800
599000
573600
550300
528800
509000
490600
473500
457600
442700
529300
446400
421600
408900
397000
385800
375200
365100
355600
346600
338000
329900
1359000
648600
513500
494800
477400
461200
446100
1882000
5416000
4217000
2019000
1565000
3438000
3299000
1917000
1555000
1389000
1257000
1147000
1056000
978300
911500
853300
802300
757100
716700
680500
647900
618200
591200
566500
543700
522800
503400
485400
468700
453000
438500
424800
411900
399800
388500
377700
367500
357900
414300
3843000
1467000
962500
6262000
3487000
2082000
5988000
12150000
60280000
11320000
2767000
2239000
1903000
1658000
1470000
3122000
1751000
1389000
1256000
1147000
1056000
978100
911300
853200
802200
757000
716600
680500
647800
618200
591100
566400
2813000
2219000
1634000
1159000
4372000
30320000
22690000
5753000
2967000
15750000
15860000
4744000
21230000
11710000
3515000
2218000
1888000
1647000
1462000
1315000
1196000
1097000
37020000
7492000
2309000
1952000
1695000
1499000
1345000
1220000
1117000
1030000
956300
892400
2699000
26050000
6335000
2459000
2035000
1756000
1546000
1382000
1251000
1142000
1052000
974800
908400
850700
1405000
947100
5169000
3084000
2985000
1844000
1512000
5293000
4611000
31310000
23470000
17430000
5346000
10080000
30540000
6919000
21820000
