1131000
1124000
1117000
1109000
1102000
1094000
1087000
1080000
1073000
1066000
1059000
1053000
1046000
1039000
1033000
1027000
1020000
1064000
1102000
1128000
1143000
1153000
1182000
1201000
1229000
1352000
1447000
1510000
1549000
1571000
1604000
1626000
1635000
1654000
1666000
1687000
1824000
2009000
2140000
2221000
2266000
2303000
2318000
2317000
2377000
2410000
2450000
2465000
2463000
2449000
2428000
2403000
2375000
2357000
2335000
2310000
2282000
2255000
2226000
2198000
2170000
2142000
2148000
2144000
2133000
2116000
2096000
2074000
2051000
2028000
2014000
2036000
2089000
2136000
2158000
2164000
2158000
2145000
2127000
2106000
2084000
2076000
2063000
2046000
2027000
2006000
1984000
1962000
1962000
1955000
1943000
1927000
1910000
1891000
1872000
1852000
1832000
1813000
1794000
1775000
1756000
1738000
1720000
1702000
1685000
1668000
1651000
1635000
1619000
1603000
1588000
1573000
1558000
1543000
1529000
1641000
1724000
1776000
1805000
1817000
1820000
1815000
1805000
1817000
1859000
1882000
1891000
1889000
1881000
1869000
1854000
1837000
1820000
1802000
1784000
1766000
1747000
1731000
1714000
1698000
1681000
1664000
1648000
1632000
1616000
1600000
1585000
1570000
1555000
1541000
1527000
1524000
1602000
1657000
1717000
1754000
1773000
1779000
1777000
1770000
1759000
1745000
1731000
1715000
1699000
1683000
1667000
1710000
1738000
1751000
1753000
1748000
1739000
1727000
1714000
1699000
1684000
1668000
1652000
1636000
1621000
1605000
1590000
1575000
1560000
1546000
1531000
1517000
1504000
1490000
1477000
1464000
1451000
1438000
1426000
1414000
1402000
1390000
1378000
1367000
1376000
1380000
1378000
1374000
1367000
1359000
1350000
1340000
1330000
1321000
1311000
1301000
1291000
1281000
1271000
1261000
1252000
1243000
1241000
1255000
1262000
1264000
1262000
1258000
1252000
1245000
1238000
1230000
1222000
1213000
1205000
1196000
1188000
1189000
1259000
1311000
1343000
1362000
1372000
1374000
1382000
1385000
1383000
1378000
1371000
1363000
1354000
1344000
1334000
1324000
1314000
1304000
1294000
1284000
1275000
1269000
1262000
1254000
1246000
1237000
1229000
1220000
1211000
1203000
1194000
1186000
1177000
1169000
1161000
1158000
1225000
1335000
1415000
1583000
1726000
1824000
1885000
1920000
1937000
1941000
1936000
1926000
1912000
1896000
1878000
1859000
1840000
1821000
1802000
1784000
1765000
1746000
1728000
1711000
1693000
1676000
1659000
1643000
1627000
1611000
1653000
1729000
1779000
1806000
1818000
1819000
1813000
1803000
1798000
1794000
1786000
1774000
1760000
1744000
1728000
1712000
1695000
1679000
1662000
1646000
1641000
1654000
1659000
1657000
1650000
1640000
1628000
1615000
1601000
1587000
1573000
1559000
1545000
1531000
1633000
1861000
2035000
2151000
2221000
2258000
2273000
2273000
2263000
2246000
2225000
2202000
2206000
2201000
2188000
2170000
2149000
2149000
2141000
2127000
2108000
2087000
2065000
2042000
2019000
1996000
1978000
1959000
1939000
1919000
1898000
1879000
1861000
1944000
2e+06
2030000
2041000
2049000
2046000
2036000
2022000
2041000
2053000
2053000
2045000
2031000
2013000
1994000
1974000
1955000
1945000
1932000
1916000
1898000
1879000
1860000
1841000
1857000
1864000
1861000
1853000
1840000
1825000
1817000
1915000
1984000
2044000
2158000
2233000
2272000
2288000
2288000
2278000
2261000
2240000
2216000
2191000
2165000
2139000
2113000
2087000
2062000
2037000
2012000
1988000
1965000
1942000
1919000
1897000
1876000
1855000
1858000
1855000
1847000
1834000
1819000
2015000
2165000
2259000
2370000
2692000
2940000
3094000
3178000
3212000
3254000
3337000
3373000
3372000
3348000
3309000
3262000
3211000
3157000
3103000
3049000
2996000
3160000
3315000
3396000
3542000
3624000
3648000
3636000
3601000
3551000
3620000
3644000
3631000
3595000
3545000
3487000
3426000
3364000
3301000
3239000
3179000
3274000
3324000
3332000
3313000
3278000
3234000
3184000
3132000
3079000
3026000
2974000
2923000
2929000
2918000
2894000
2860000
2822000
2782000
2740000
2699000
2657000
2616000
2576000
2537000
2499000
2462000
2426000
2391000
2357000
2324000
2291000
2260000
2229000
2200000
2171000
2143000
2115000
2088000
2062000
2037000
2012000
2058000
2086000
2095000
2092000
2081000
2066000
2047000
2026000
2005000
1983000
1961000
1939000
1917000
1895000
1874000
1853000
1833000
1813000
1793000
1774000
1755000
1737000
1719000
1701000
1684000
1667000
1650000
1687000
1759000
1806000
1831000
1841000
1841000
1834000
1824000
1810000
1794000
1778000
1761000
1744000
1727000
1710000
1694000
1677000
1661000
1644000
1628000
1612000
1597000
1582000
1567000
1552000
1538000
1523000
1510000
1496000
1482000
1469000
1456000
1444000
1431000
1419000
1407000
1395000
1383000
1372000
1360000
1349000
1338000
1328000
1317000
1307000
1296000
1286000
1276000
1267000
1257000
1248000
1238000
1229000
1220000
1211000
1202000
1194000
1185000
1177000
1168000
1160000
1152000
1144000
1136000
1128000
1121000
1113000
1106000
1098000
1091000
1084000
1077000
1070000
1063000
1056000
1114000
1161000
1192000
1211000
1221000
1225000
1225000
1222000
1217000
1211000
1204000
1197000
1189000
1182000
1174000
1166000
1158000
1185000
1211000
1226000
1233000
1239000
1240000
1238000
1234000
1228000
1221000
1214000
1206000
1198000
1190000
1182000
1174000
1166000
1158000
1150000
1142000
1134000
1131000
1127000
1121000
1115000
1109000
1108000
1117000
1122000
1122000
1120000
1117000
1112000
1106000
1100000
1094000
1087000
1080000
1074000
1067000
1060000
1054000
1063000
1068000
1070000
1069000
1066000
1062000
1057000
1051000
1046000
1040000
1034000
1027000
1063000
1122000
1164000
1190000
1206000
1214000
1217000
1242000
1259000
1267000
1270000
1268000
1300000
1427000
1525000
1590000
1629000
1651000
1661000
1662000
1671000
1788000
1893000
1959000
1996000
2013000
2016000
2011000
1999000
1984000
1966000
1947000
1927000
1906000
1886000
1892000
1910000
2025000
2103000
2147000
2167000
2276000
2360000
2405000
2424000
2424000
2412000
2393000
2370000
2343000
2315000
2286000
2257000
2228000
2217000
2218000
2252000
2308000
2338000
2346000
2340000
2326000
2305000
2397000
2454000
2480000
2579000
2684000
2796000
2933000
3012000
3044000
3087000
3099000
3086000
3058000
3021000
2979000
2935000
2889000
2842000
2855000
2851000
2830000
2801000
2766000
2728000
2689000
2649000
2609000
2570000
2531000
2494000
2457000
2421000
2386000
2368000
2345000
2320000
2302000
2280000
2255000
2229000
2202000
2174000
2147000
2150000
2146000
2314000
2432000
2500000
2532000
2540000
2532000
2528000
2521000
2504000
2481000
2467000
2448000
2423000
2394000
2365000
2335000
2304000
2274000
2244000
2214000
2185000
2157000
2129000
2102000
2076000
2050000
2025000
2e+06
2005000
2001000
1991000
1976000
1961000
1946000
1938000
1927000
1912000
1896000
1878000
1859000
1839000
1820000
1801000
1782000
1763000
1745000
1768000
1805000
1826000
1833000
1855000
1865000
1865000
1858000
1846000
1832000
1816000
1799000
1782000
1764000
1746000
1729000
1711000
1694000
1677000
1660000
1644000
1628000
1612000
1596000
1581000
1566000
1603000
1676000
1725000
1752000
1764000
1766000
1761000
1752000
1740000
1726000
1711000
1696000
1680000
1664000
1648000
1632000
1616000
1601000
1586000
1571000
1556000
1542000
1527000
1513000
1500000
1486000
1473000
1460000
1450000
1440000
1429000
1418000
1407000
1395000
1384000
1373000
1362000
1351000
1340000
1329000
1318000
1308000
1298000
1288000
1278000
1268000
1258000
1249000
1239000
1254000
1262000
1264000
1263000
1259000
1253000
1246000
1238000
1230000
1222000
1214000
1205000
1216000
1222000
1224000
1222000
1217000
1212000
1205000
1198000
1190000
1182000
1175000
1167000
1159000
1151000
1143000
1135000
1127000
1120000
1112000
1105000
1098000
1097000
1103000
1105000
1118000
1125000
1128000
1127000
1124000
1120000
1114000
1109000
1102000
1096000
1089000
1082000
1075000
1069000
1062000
1055000
1049000
1042000
1036000
1029000
1023000
1017000
1014000
1046000
1069000
1083000
1090000
1092000
1098000
1100000
1099000
1096000
1092000
1087000
1081000
1075000
1069000
1062000
1056000
1049000
1043000
1037000
1047000
1083000
1108000
1123000
1131000
1133000
1133000
1130000
1126000
1121000
1115000
1109000
1102000
1110000
1294000
1448000
1559000
1633000
1679000
1706000
1718000
1721000
1717000
1709000
1698000
1685000
1671000
1657000
1642000
1627000
1611000
1596000
1581000
1567000
1552000
1538000
1524000
1510000
1496000
1483000
1470000
1457000
1444000
1431000
1419000
1407000
1395000
1383000
1372000
1361000
1350000
1339000
1328000
1317000
1307000
1297000
1287000
1277000
1267000
1257000
1248000
1238000
1229000
1220000
1211000
1202000
1194000
1185000
1177000
1168000
1160000
1152000
1144000
1136000
1129000
1121000
1113000
1106000
1099000
1091000
1084000
1077000
1070000
1063000
1072000
1077000
1078000
1077000
1073000
1069000
1095000
1123000
1141000
1151000
1216000
1263000
1293000
1320000
1374000
1496000
1587000
1646000
1707000
1745000
1765000
1773000
1838000
1881000
1903000
1910000
1908000
1899000
1886000
1871000
1854000
1844000
1897000
1930000
2001000
2172000
2504000
2806000
3200000
3475000
3637000
3717000
3739000
3725000
3688000
3637000
3577000
3514000
3448000
3383000
3318000
3529000
3662000
3719000
3725000
3699000
3655000
3599000
3537000
3502000
3456000
3402000
3507000
3570000
3678000
3725000
3725000
3696000
3648000
3591000
3529000
3464000
3399000
3416000
3472000
3494000
3482000
3638000
3771000
3829000
3835000
3807000
3759000
3700000
3635000
3585000
3528000
3466000
3402000
3338000
3275000
3381000
3436000
3446000
3426000
3390000
3343000
3290000
3237000
3182000
3126000
3071000
3017000
3102000
3173000
3199000
3193000
3169000
3132000
3089000
3082000
3079000
3059000
3026000
2987000
2943000
2898000
2852000
2806000
2761000
2717000
2673000
2799000
2878000
2912000
2916000
2901000
2874000
2841000
2803000
2842000
2857000
2849000
2827000
2796000
2761000
2723000
2683000
2760000
3065000
3277000
3397000
3450000
3460000
3441000
3598000
3811000
3928000
3969000
3962000
3924000
3868000
3803000
3732000
3659000
3585000
3513000
3442000
3373000
3307000
3242000
3180000
3120000
3070000
3020000
2969000
2918000
2869000
2821000
2774000
2728000
2684000
2641000
2600000
2569000
2536000
2502000
2544000
2567000
2579000
2573000
2772000
2966000
3081000
3138000
3154000
3144000
3117000
3099000
3075000
3041000
3e+06
2956000
2910000
2864000
2817000
2772000
2727000
2683000
2641000
2600000
2559000
2520000
2483000
2480000
2620000
2890000
3326000
3706000
3953000
4098000
4218000
4261000
4250000
4206000
4175000
4222000
4220000
4179000
4234000
4237000
4199000
4138000
4136000
4112000
4061000
3995000
3920000
3898000
3856000
3798000
3731000
3661000
3589000
3517000
3447000
3378000
3312000
3247000
3236000
3311000
3369000
3435000
3719000
3936000
4047000
4083000
4070000
4027000
3966000
3978000
4204000
4375000
4444000
4635000
4724000
4741000
4704000
4634000
4545000
4447000
4346000
4244000
4143000
4045000
3951000
3860000
3772000
3688000
3608000
3530000
3456000
3385000
3317000
3251000
3188000
3128000
3069000
3013000
2959000
2907000
2856000
2808000
2760000
2715000
2681000
2646000
2609000
2648000
2696000
2715000
2711000
2693000
2667000
2636000
2602000
2566000
2530000
2494000
2459000
2496000
2512000
2509000
2495000
2472000
2446000
2416000
2386000
2355000
2323000
2292000
2262000
2232000
2202000
2174000
2146000
2118000
2091000
2065000
2040000
2015000
1991000
1967000
1944000
1921000
1899000
1877000
1856000
1836000
1815000
1796000
1776000
1757000
1739000
1721000
1703000
1686000
1669000
1652000
1636000
1620000
1604000
1635000
1654000
1662000
1661000
1655000
1646000
1634000
1622000
1715000
1942000
2114000
2226000
2293000
2327000
2340000
2337000
2324000
2330000
2430000
2551000
2634000
2832000
3036000
3160000
3221000
3239000
3230000
3321000
3366000
3370000
3349000
3312000
3267000
3216000
3180000
3581000
3867000
4025000
4092000
4099000
4068000
4184000
4231000
4221000
4177000
4113000
4037000
3957000
3874000
3833000
3779000
3715000
3646000
3633000
3772000
3944000
4028000
4167000
4227000
4225000
4186000
4125000
4051000
3971000
3889000
3806000
3725000
3646000
3568000
3494000
3422000
3353000
3286000
3222000
3160000
3101000
3044000
2988000
2935000
2982000
3e+06
2992000
2969000
2935000
2897000
2860000
2847000
2904000
2929000
2937000
2925000
2900000
2867000
2866000
2851000
2888000
2900000
2889000
2865000
2833000
2796000
2757000
2716000
2675000
2634000
2594000
2555000
2517000
2479000
2443000
2407000
2373000
2339000
2306000
2275000
2244000
2214000
2184000
2178000
2287000
2377000
2426000
2447000
2448000
2436000
2417000
2393000
2366000
2337000
2308000
2278000
2249000
2219000
2191000
2162000
2135000
2108000
2081000
2055000
2030000
2160000
2377000
2527000
2616000
2661000
2677000
2672000
2655000
2688000
2704000
2700000
2682000
2727000
2749000
2747000
2731000
2705000
2673000
2638000
2602000
2565000
2528000
2492000
2456000
2420000
2386000
2352000
2319000
2287000
2256000
2225000
2196000
2167000
2139000
2112000
2085000
2059000
2034000
2135000
2204000
2240000
2253000
2259000
2253000
2239000
2219000
2197000
2173000
2148000
2123000
2097000
2072000
2047000
2022000
1998000
1975000
1951000
1929000
1906000
1885000
1863000
1843000
1837000
1828000
1815000
1802000
1801000
1823000
1836000
1838000
1833000
1822000
1809000
1794000
1778000
1761000
1744000
1726000
1709000
1692000
1675000
1659000
1642000
1664000
1706000
1768000
1807000
1827000
1833000
1831000
1823000
1811000
1797000
1781000
1765000
1748000
1731000
1714000
1697000
1680000
1663000
1647000
1631000
1649000
1747000
1815000
1855000
1875000
1881000
1878000
1869000
1857000
1842000
1826000
1808000
1790000
1772000
1754000
1737000
1719000
1701000
1684000
1667000
1651000
1635000
1717000
1776000
1810000
1825000
1829000
1825000
1816000
1804000
1789000
1774000
1757000
1740000
1723000
1706000
1689000
1672000
1656000
1640000
1624000
1608000
1592000
1577000
1562000
1548000
1533000
1519000
1505000
1492000
1479000
1465000
1453000
1440000
1427000
1415000
1407000
1398000
1389000
1379000
1369000
1359000
1348000
1338000
1327000
1317000
1306000
1296000
1286000
1276000
1267000
1257000
1248000
1238000
1229000
1220000
1211000
1202000
1194000
1185000
1177000
1168000
1160000
1159000
1167000
1193000
1247000
1320000
1497000
1636000
1730000
1790000
1825000
1842000
1847000
1844000
1835000
1823000
1809000
1793000
1776000
1759000
1742000
1725000
1707000
1690000
1673000
1657000
1640000
1624000
1609000
1593000
1578000
1563000
1548000
1534000
1520000
1506000
1493000
1479000
1466000
1508000
1551000
1576000
1588000
1591000
1588000
1582000
1702000
1791000
1851000
1884000
1900000
1903000
1899000
1889000
1875000
1859000
1842000
1824000
1812000
1832000
1841000
1840000
1833000
1821000
1807000
1791000
1775000
1758000
1740000
1723000
1706000
1689000
1672000
1655000
1639000
1671000
1814000
1935000
2016000
2062000
2101000
2141000
2160000
2164000
2157000
2143000
2186000
2426000
2635000
2768000
2841000
2872000
2876000
2862000
2836000
2808000
2784000
2757000
2724000
2688000
2651000
2612000
2574000
2536000
2499000
2462000
2426000
2466000
2485000
2485000
2471000
2450000
2425000
2396000
2366000
2336000
2429000
2488000
2513000
2517000
2506000
2487000
2462000
2434000
2404000
2372000
2341000
2310000
2279000
2249000
2219000
2262000
2285000
2289000
2281000
2265000
2275000
2275000
2291000
2294000
2340000
2362000
2366000
2356000
2339000
2317000
2295000
2296000
2293000
2281000
2262000
2239000
2215000
2189000
2163000
2136000
2128000
2127000
2118000
2104000
2085000
2064000
2074000
2075000
2066000
2054000
2037000
2018000
1998000
1977000
1955000
1933000
1912000
1890000
1869000
1849000
1828000
1822000
1812000
1799000
1852000
1886000
1901000
1904000
1899000
1888000
1874000
1902000
1916000
1946000
1964000
1979000
2003000
2154000
2297000
2387000
2436000
2456000
2457000
2446000
2427000
2403000
2376000
2347000
2317000
2287000
2258000
2228000
2199000
2171000
2143000
2116000
2089000
2063000
2038000
2013000
1988000
1965000
1942000
1919000
1897000
1876000
1854000
1834000
1814000
1794000
1775000
1756000
1737000
1719000
1736000
1744000
1743000
1736000
1726000
1713000
1699000
1688000
1703000
1709000
1707000
1700000
1690000
1703000
1708000
1705000
1704000
1698000
1689000
1677000
1663000
1649000
1634000
1619000
1604000
1589000
1575000
1560000
1546000
1531000
1517000
1504000
1490000
1477000
1464000
1451000
1440000
1470000
1518000
1583000
1626000
1649000
1660000
1662000
1657000
1649000
1639000
1627000
1613000
1600000
1586000
1571000
1557000
1543000
1529000
1515000
1502000
1488000
1475000
1462000
1449000
1437000
1424000
1412000
1415000
1415000
1410000
1404000
1395000
1386000
1376000
1366000
1355000
1345000
1334000
1324000
1344000
1356000
1361000
1360000
1356000
1350000
1343000
1360000
1411000
1461000
1493000
1510000
1536000
1561000
1574000
1579000
1576000
1570000
1561000
1551000
1539000
1527000
1514000
1501000
1488000
1476000
1463000
1450000
1438000
1425000
1416000
1407000
1396000
1386000
1375000
1364000
1353000
1343000
1332000
1321000
1311000
1301000
1291000
1281000
1271000
1274000
1318000
1349000
1366000
1416000
1458000
1484000
1528000
1606000
1882000
2107000
2260000
2357000
2412000
2437000
2442000
2462000
2464000
2454000
2435000
2411000
2384000
2355000
2325000
2295000
2265000
2236000
2207000
2178000
2150000
2122000
2096000
2069000
2096000
2123000
2140000
2142000
2178000
2383000
2648000
2828000
2936000
3124000
3343000
3473000
3710000
3927000
4042000
4080000
4070000
4028000
3969000
3899000
3824000
3747000
4112000
4355000
4469000
4498000
4472000
4414000
4337000
4250000
4159000
4066000
3974000
3885000
3858000
4150000
4335000
4412000
4418000
4380000
4316000
4237000
4151000
4062000
3972000
3884000
3797000
3714000
3656000
3594000
3632000
3658000
3674000
3657000
3618000
3643000
3676000
3990000
4395000
4806000
5039000
5264000
5740000
6007000
