1529000
1174000
913500
722800
601100
516500
453700
405000
366000
334000
307300
284700
265200
248300
233400
220200
19190000
7280000
2989000
597900
847400
9100000
2333000
6959000
34640000
8713000
3992000
348800
128200
5544000
1978000
877700
4492000
1942000
4958000
29840000
24460000
7801000
2325000
243600
2565000
684100
377100
11700000
2862000
5962000
1247000
608700
112800
81440
79810
78240
1417000
396800
229900
82600
72490
71200
69950
68750
67580
5190000
1292000
658000
98830
64250
63230
62250
61290
617000
7699000
10100000
5842000
1764000
457700
81630
61360
60430
59530
58660
1865000
490800
267000
69410
56780
55980
55210
3843000
961900
493300
79990
54450
53720
53010
52310
51640
50980
50340
49710
49100
48510
47930
47360
46800
46260
45730
45220
44710
44220
43740
43260
42800
42350
41900
22080000
5314000
2590000
187800
43060
42600
42150
41710
2492000
8456000
2201000
967100
98150
46390
45860
45340
44830
44340
43850
43380
42910
42460
42010
41580
41150
40730
40320
39920
39520
39140
38760
38390
38020
37670
37320
36970
36630
17540000
4220000
10560000
2183000
1357000
2740000
2259000
999700
2376000
4865000
3288000
1017000
290300
45480
32220
3693000
907000
454300
55170
30970
30730
30500
30270
30040
29820
29600
29380
29170
28960
28750
28550
28350
28150
27950
27760
27570
27380
27190
27010
26830
26650
26470
26300
26130
25960
25790
2051000
995000
4990000
1198000
561200
55040
24680
24530
24380
24240
24090
23950
23810
23660
23530
23390
23250
23120
22990
22860
3397000
6865000
1855000
741500
61730
22100
21980
21860
21740
21620
21510
21390
21280
21170
21060
833600
22120000
5352000
2556000
163900
20420
20310
20210
20110
20010
19910
19810
19710
19620
19520
19430
19330
19240
19150
19060
18970
18880
18790
18700
18620
18530
18450
18360
18280
18200
18110
18030
17950
17870
17790
17710
17640
15300000
21620000
6080000
31750000
10210000
4186000
580200
57390
35020
34570
34280
33990
33700
33420
33140
32870
32600
32340
32080
31830
31580
31330
31090
30850
30610
30380
30150
29930
29710
29490
4918000
12190000
3228000
1338000
108100
35840
35520
35210
878700
1138000
350900
148100
44400
38160
37800
37440
37100
36760
36420
36090
1343000
5135000
1337000
603400
73450
41720
41290
40860
40450
40050
39650
39260
38880
38510
28740000
40520000
11400000
4115000
265000
44480
43990
43520
43050
42590
42140
41700
4598000
1133000
570400
73800
43520
3893000
966100
490300
70690
45000
44500
44010
43530
43060
809400
289300
147100
55540
43290
413100
131300
21060000
5062000
2467000
182300
1433000
378100
206400
54870
6830000
2628000
1062000
204400
55240
48390
47810
47250
447800
1982000
534900
264000
60750
48140
47570
47010
7298000
1783000
886300
95950
47930
47360
1438000
23410000
5717000
6804000
15730000
4007000
1763000
149700
53710
53000
52310
51630
50970
50330
49710
49100
48500
47920
47350
46800
46260
45730
45210
44710
44210
43730
43260
42800
1194000
319200
176800
51080
43090
43350000
10400000
5047000
9600000
39830000
11500000
4782000
454800
55970
4089000
9267000
2491000
1031000
105100
50450
49820
49210
48610
48030
47460
46900
23520000
11240000
4097000
13230000
4223000
1762000
268000
58280
49960
11360000
2756000
1358000
125000
50310
49690
49080
48480
47900
47340
46780
13350000
3230000
1586000
135400
47740
47170
46620
46090
45560
45050
44550
44060
3732000
928000
472200
70090
45440
44930
44430
43940
43470
43000
42540
42100
41660
41230
40810
40400
39990
39600
39210
38830
38460
38090
37730
37380
37040
36700
36360
36040
35720
6517000
1585000
783400
76910
34190
33900
33620
33340
33060
32790
32530
32270
32010
31760
31510
31260
31020
30780
30550
30310
30090
29860
29640
29430
29210
29000
28790
2580000
10440000
3263000
1323000
766100
381200
150300
59900
33860
32290
32030
31770
31520
31280
31040
30800
30560
30330
30100
29880
29660
29440
29230
29020
28810
28600
28400
28200
28000
27810
27620
27430
27240
27060
26880
26700
26520
26350
26180
26010
25840
25670
25510
25350
25190
25030
24880
24720
24570
24420
24280
24130
23990
23840
23700
23560
23430
23290
23160
23020
22890
22760
22630
22510
22380
22260
22130
22010
21890
21770
21660
21540
21430
21310
21200
15860000
3807000
1850000
124400
20650
20550
20440
20340
20240
20140
20040
19940
19840
19740
19640
19550
19450
3464000
2514000
822000
241300
3987000
970400
482000
51550
25530
25370
25210
25050
24900
24750
24590
24440
24300
24150
24010
23860
23720
23580
23440
23310
23170
23040
22910
1516000
383200
199300
36800
26870
26690
26510
26340
26170
26000
25830
25660
25500
25340
25180
3588000
881400
441900
54010
30490
30260
30030
29810
29590
29370
29160
28950
14660000
15610000
4616000
1530000
117700
38310
37950
8266000
2008000
991500
94920
40670
10910000
33660000
9004000
3769000
283300
48570
46160
45630
2720000
27220000
10530000
4050000
668700
77610
51900
51230
50580
49950
49340
48730
48150
47580
47020
4876000
4817000
22860000
5617000
2548000
193600
18140000
6335000
2613000
400400
68480
54940
54190
53470
52760
52070
51410
50750
50120
2551000
3258000
8216000
8751000
2720000
925500
126500
58400
56160
18670000
4508000
2206000
14270000
9966000
10300000
12330000
3247000
1233000
5017000
1232000
626200
92420
59510
58630
57790
56960
56160
7267000
1781000
889400
103200
55210
54460
53730
53020
52320
51650
50990
50350
49720
49110
48520
1357000
362200
200300
1381000
366600
202800
58130
48880
48290
47710
4685000
1507000
31570000
7513000
3624000
254400
51460
50810
1394000
1474000
471300
188600
2021000
522600
279900
65770
52250
51580
50920
50280
49660
49050
48450
47870
47310
46760
46220
45690
45170
44670
1271000
339000
187300
53310
44780
156800
2067000
705700
316000
76180
44000
42420
41980
41540
41110
40700
40290
39890
4027000
6374000
1792000
693200
7500000
1819000
901600
92800
43760
43280
42820
42370
41920
41490
41070
40650
40240
39840
39450
39060
38690
38320
37950
37600
37250
36900
3219000
12630000
3237000
1429000
1821000
448900
238100
52340
40790
40370
39970
39580
39190
38810
38440
38070
37710
37360
37020
36680
36350
36020
35700
35380
35070
34770
34470
34180
33890
33600
33320
33050
32780
32510
32250
31990
31740
31490
31250
31000
30770
30530
30300
30070
29850
29630
29410
29200
28990
1574000
398100
206900
38290
27980
27780
27590
27400
27220
27030
26850
26670
2316000
573700
290600
40970
25820
3784000
924200
459400
5505000
1329000
654900
60410
24550
24400
24260
24110
23970
23820
23680
23540
23410
23270
366000
105000
6002000
1445000
708600
3442000
1940000
678000
172400
29260
21880
21760
21640
21520
21410
21300
21180
21070
20960
20850
20750
20640
20530
20430
20330
7435000
1799000
883200
75800
27120
1020000
266500
144100
36060
29360
29150
28940
28730
28520
28320
28120
27930
27740
27550
643200
1.1e+07
2692000
1288000
105200
34080
33790
33510
33230
32960
32690
32430
32170
686400
61450000
14760000
7130000
442100
39300
37630
37200
36860
36520
36190
35870
35550
35240
34930
34630
34330
34040
33750
33470
33190
32920
32650
32390
32130
31870
31620
31380
31130
30890
30660
30420
30190
29970
29750
29530
29310
29100
28890
28680
28480
28280
28080
27880
27690
27500
27320
27130
26950
26770
26590
26420
26240
26070
25900
25740
25570
25410
25250
25090
24940
24780
24630
24480
24330
24190
24040
23900
23760
23620
23480
23340
23210
23070
22940
22810
22680
7733000
5174000
1713000
466100
20580000
4945000
2409000
2789000
11830000
26430000
7125000
2867000
6114000
1460000
730700
88450
14360000
3474000
1705000
144600
50260
49640
49030
48440
47860
1309000
13950000
3448000
12700000
25990000
40800000
18180000
28850000
6615000
2760000
208100
56880
56080
55300
54550
53810
53100
52400
51720
51060
28870000
6942000
3380000
240400
51200
50550
49920
49300
2762000
699300
363900
17330000
5113000
11730000
2539000
1155000
116900
54250
53520
52810
52120
51450
8277000
8712000
3413000
1076000
19540000
9200000
3371000
705800
86990
56650
55860
55090
1334000
361300
202700
62720
53630
52920
18070000
4363000
2135000
171300
52670
51980
51320
50670
50030
49410
48810
48220
15560000
6702000
2547000
494000
71320
51400
50750
3750000
3072000
991900
324900
67600
52930
52240
51560
50910
50270
49640
49030
20930000
5043000
2462000
186800
49570
48960
48370
47790
9211000
2240000
1108000
109100
48560
47980
47410
46850
13720000
36620000
9592000
3987000
269100
50500
49870
19560000
16600000
5148000
1554000
131100
52650
51970
51300
50650
50020
49400
48800
48210
47640
47080
46530
45990
45470
44960
44460
43970
43490
43030
42570
42120
41680
41250
40830
40420
40020
39620
39230
4402000
1596000
2024000
456800
30470000
14390000
5287000
1079000
102100
50250
49350
48750
317600
112600
78830
48980
46670
46130
45610
45090
44590
44100
43620
43150
42690
42240
41800
6924000
24640000
31460000
40380000
19980000
8883000
5323000
9175000
2344000
2407000
6171000
5330000
11960000
4147000
2180000
16200000
5325000
2594000
5247000
9981000
6477000
1981000
709100
6019000
10940000
2981000
2059000
308100
135400
37690
31590
31340
31100
30860
30620
30390
5525000
4499000
8535000
31070000
13470000
7210000
1456000
347000
44380
28250
28050
19610000
8039000
4473000
16620000
4901000
5767000
1126000
467700
60110
35680
35360
35050
34750
34450
34160
33870
33590
33310
33030
32760
32500
32240
31980
31730
31480
31230
30990
30750
30520
30290
30060
29840
29620
29400
29190
28970
28770
28560
2599000
646800
329700
49780
32710
32450
32190
31930
31680
31430
31190
6956000
1691000
835400
81070
35460
35150
34840
34540
34250
33960
33670
33390
33110
32840
32580
32310
32060
31800
31550
31300
31060
30820
30590
30360
30130
29900
29680
29460
29250
29040
28830
28620
28420
28220
28020
27830
27640
27450
27260
27080
26900
26720
5521000
1345000
666300
67980
31800
31550
31300
31060
24710000
39570000
10930000
4087000
260200
39700
39310
38930
38550
3526000
17700000
13070000
5469000
22980000
14550000
4729000
1248000
110500
50020
13280000
3215000
1579000
137600
50360
49730
49120
1789000
49040000
11870000
5674000
370300
51690
51030
14640000
3541000
1737000
147300
51170
50520
49890
49280
3668000
916100
468700
74010
5676000
18100000
14100000
4271000
11740000
2626000
1268000
125600
56190
55410
54650
53920
53200
52500
51820
51160
50510
49880
49270
48670
48080
47510
46960
46410
45880
45360
10530000
2553000
1258000
115700
46570
46030
402100
3349000
11250000
2909000
2488000
411100
192600
59710
4682000
1160000
8844000
2059000
1008000
108100
53400
52690
52010
51340
50690
50060
49440
48830
48240
47670
47110
46560
46030
45500
44990
44490
44000
43520
43060
1473000
21230000
7803000
3090000
487800
67020
49360
48760
48170
47600
47040
46490
45960
45440
44930
44430
43940
43460
43000
42540
42090
41660
24720000
26460000
7802000
2578000
181500
46660
46120
45590
6047000
2149000
901300
165100
9764000
2645000
1238000
146000
52190
49780
49170
48580
47990
47420
46870
46330
45800
45280
44770
44280
43790
43320
42850
42400
41960
41520
41100
40680
40270
39870
12650000
3054000
1495000
120900
2013000
509800
265300
49850
36590
36260
35930
35620
35300
34990
34690
34390
34100
33810
33530
33250
32980
32710
32440
32180
31930
31680
31430
709100
3491000
8506000
4494000
1471000
340800
248500
78340
52910
3114000
766200
384900
48700
28320
28120
27930
27730
27540
27350
5942000
10720000
2931000
1141000
92150
31220
30980
30750
30510
30280
30050
29830
29610
29390
29180
28970
28760
28560
28350
288700
17610000
4251000
2301000
576200
1336000
815100
280600
92450
34930
31700
31450
31210
30970
30730
30500
30270
30040
29820
29600
29380
29170
13440000
3236000
1578000
116100
28140
27950
27750
27560
27370
27190
27010
26820
26650
26470
26300
26130
25960
25790
25630
25460
25300
25140
24990
24830
24680
24530
24380
24230
24090
23940
23800
23660
23520
23390
372100
106500
63270
25140
22720
22600
22470
22340
22220
22100
21980
21860
21740
21620
21510
21390
21280
21170
21060
20950
20840
20730
20620
20520
20410
20310
20210
20110
20010
5521000
13280000
14330000
39450000
9831000
4197000
266700
34570
34270
33980
33690
33410
33140
32860
32600
32330
32080
31820
31570
31320
31080
30840
30610
30380
30150
29920
29700
29480
29270
29050
28850
28640
28440
28240
28040
27840
7030000
5066000
1648000
470800
58990
36680
36350
3.1e+07
7443000
4394000
429800
131000
46010
40510
40110
39710
39320
38940
38560
732200
7213000
1798000
856700
88590
42290
41850
41410
40990
40570
40170
39770
39380
38990
38620
38250
37890
10840000
30270000
11200000
4465000
697700
2796000
4569000
1289000
518100
78060
52030
10720000
38590000
14610000
5411000
837300
87700
56070
55290
54540
301300
1303000
797100
296900
112200
56980
53450
52740
52060
51390
50740
50100
11220000
2723000
1342000
124200
50420
49800
49180
48590
48000
19310000
4654000
2274000
175400
48730
48150
47570
47010
46470
45940
45410
44900
44410
43920
43440
11210000
2716000
1336000
118600
44980
4711000
1574000
4831000
1339000
9441000
2223000
1077000
110800
52130
51460
378900
4250000
1816000
709100
166300
58140
52610
51920
51260
50610
2157000
2694000
808200
314400
67230
52550
5412000
1335000
672600
310600
106100
78010
53160
51050
50410
49780
49170
48570
47990
47420
46860
1771000
460400
247200
14240000
3440000
1688000
142400
49000
48400
47820
7162000
1751000
6421000
2085000
2756000
5809000
27220000
13720000
4708000
1803000
284000
3753000
3450000
1072000
364600
64620
47490
46930
46390
45850
45330
44830
44330
43850
43370
42910
42450
42010
41570
41140
40720
40310
39910
39520
39130
38750
38380
38020
37660
37310
36970
36630
36300
68090
43330
39050
35240
34720
34430
4320000
5856000
9368000
2455000
2111000
794200
1011000
13760000
3347000
1595000
6446000
1604000
776100
79110
30890
30270
30040
29820
29600
29380
29170
28960
28750
28540
28340
28140
27950
27750
27560
27380
27190
3428000
7742000
12080000
3447000
1277000
115700
27330
25790
25630
25460
25300
25150
24990
24830
24680
24530
24380
24230
24090
23940
23800
23660
23520
23390
23250
23120
22990
3889000
947200
469100
47780
22350
22220
22100
21980
21860
21740
21620
21510
774000
201200
108100
25980
20950
20840
20730
3187000
12110000
8469000
2644000
725900
9759000
6854000
2228000
615100
60550
30830
30590
30360
30130
29910
29690
29470
29250
29040
28830
28630
28420
28220
28030
27830
27640
27450
27260
27080
26900
26720
26540
26370
26200
26030
25860
25690
25530
25370
6524000
1709000
810100
11780000
5020000
3128000
7742000
14580000
53820000
13840000
5970000
403400
38000
35380
35070
3343000
829200
420800
60310
38310
37950
37590
37240
36900
36560
36230
35910
35590
35280
34970
34670
34370
5874000
4032000
2378000
630900
7866000
33210000
25550000
7856000
2392000
16630000
16020000
5317000
19240000
11290000
3734000
961300
93280
47510
46950
46410
45880
45360
40190000
9647000
4684000
309900
46570
46030
45510
45000
44500
44010
43530
43060
4960000
31560000
8343000
3699000
302700
52140
48460
47880
47310
46760
46220
45690
45170
44670
1632000
425500
10690000
4638000
4348000
981700
366500
7716000
5786000
32070000
25020000
20490000
5308000
10340000
26450000
7150000
21030000
