1234000
1222000
1208000
1195000
1182000
1169000
1156000
1144000
1132000
1120000
1109000
1098000
1087000
1076000
1065000
1055000
1045000
1295000
1349000
1337000
1321000
1315000
1434000
1432000
1508000
2182000
2222000
2177000
2134000
2093000
2181000
2167000
2126000
2187000
2176000
2238000
3049000
3715000
3670000
3548000
3434000
3432000
3338000
3238000
3579000
3517000
3583000
3489000
3379000
3275000
3178000
3087000
3e+06
2962000
2888000
2812000
2741000
2672000
2607000
2546000
2487000
2431000
2517000
2477000
2421000
2368000
2317000
2268000
2221000
2176000
2144000
2291000
2487000
2542000
2494000
2438000
2384000
2332000
2282000
2235000
2189000
2190000
2152000
2110000
2069000
2030000
1992000
1956000
2007000
1981000
1945000
1911000
1877000
1845000
1814000
1784000
1755000
1727000
1700000
1673000
1648000
1623000
1599000
1576000
1553000
1531000
1510000
1489000
1468000
1449000
1430000
1411000
1393000
1375000
1358000
1690000
1707000
1681000
1655000
1630000
1606000
1582000
1559000
1578000
1708000
1700000
1673000
1648000
1623000
1599000
1576000
1553000
1531000
1509000
1489000
1468000
1449000
1429000
1411000
1393000
1375000
1358000
1341000
1324000
1308000
1293000
1277000
1262000
1248000
1234000
1220000
1206000
1413000
1422000
1506000
1498000
1477000
1457000
1438000
1419000
1401000
1383000
1365000
1348000
1331000
1315000
1299000
1415000
1413000
1395000
1377000
1360000
1343000
1327000
1310000
1295000
1279000
1264000
1250000
1236000
1222000
1208000
1195000
1182000
1169000
1156000
1144000
1132000
1120000
1109000
1098000
1087000
1076000
1065000
1055000
1045000
1035000
1025000
1015000
1006000
996500
987400
978400
969700
961000
952600
944300
936100
928100
920200
912400
904800
897300
889900
882700
875500
868500
861600
854800
848100
841500
835000
828600
822300
816100
810000
804000
798100
792200
786500
780800
775200
769700
764300
925400
938200
930100
922200
914400
906700
899200
891800
884500
877300
870300
863300
856500
849800
843200
836600
830200
823900
817700
811600
805500
799600
793700
787900
782300
776600
771100
765700
760300
755000
749800
744600
739500
734500
729600
724700
838200
1045000
1059000
1479000
1572000
1557000
1535000
1513000
1492000
1472000
1452000
1433000
1414000
1396000
1378000
1361000
1344000
1327000
1311000
1296000
1280000
1265000
1251000
1236000
1222000
1209000
1195000
1182000
1169000
1157000
1194000
1349000
1352000
1336000
1319000
1303000
1288000
1273000
1272000
1274000
1261000
1247000
1232000
1219000
1205000
1192000
1179000
1166000
1154000
1141000
1148000
1205000
1200000
1187000
1174000
1161000
1149000
1137000
1125000
1114000
1102000
1091000
1080000
1070000
1472000
2208000
2250000
2204000
2160000
2117000
2076000
2037000
1999000
1963000
1928000
1894000
1964000
1941000
1907000
1874000
1842000
1896000
1873000
1841000
1810000
1780000
1752000
1724000
1696000
1670000
1661000
1639000
1615000
1591000
1568000
1553000
1532000
1920000
1937000
1902000
1869000
1870000
1842000
1811000
1781000
1895000
1903000
1873000
1841000
1810000
1780000
1751000
1723000
1705000
1718000
1696000
1670000
1644000
1620000
1596000
1573000
1685000
1675000
1650000
1625000
1601000
1577000
1582000
2031000
2051000
2111000
2456000
2448000
2393000
2341000
2291000
2243000
2198000
2154000
2111000
2071000
2032000
1994000
1958000
1923000
1889000
1857000
1825000
1795000
1765000
1737000
1709000
1683000
1657000
1632000
1622000
1600000
1576000
1554000
1532000
2484000
2547000
2488000
2703000
4098000
4185000
4035000
3888000
3752000
3800000
4056000
3953000
3811000
3680000
3557000
3443000
3336000
3235000
3140000
3050000
2967000
3757000
3985000
3874000
4296000
4223000
4065000
3916000
3777000
3649000
4031000
3946000
3806000
3675000
3552000
3438000
3331000
3231000
3136000
3047000
2963000
3333000
3288000
3190000
3098000
3011000
2929000
2851000
2777000
2707000
2640000
2577000
2517000
2555000
2508000
2450000
2396000
2343000
2293000
2246000
2200000
2156000
2113000
2073000
2033000
1996000
1959000
1924000
1891000
1858000
1827000
1796000
1767000
1738000
1711000
1684000
1658000
1633000
1609000
1585000
1562000
1540000
1518000
1497000
1477000
1457000
1437000
1418000
1400000
1382000
1365000
1348000
1331000
1315000
1299000
1283000
1268000
1254000
1239000
1225000
1212000
1198000
1185000
1172000
1160000
1147000
1135000
1123000
1112000
1101000
1224000
1227000
1213000
1200000
1187000
1174000
1161000
1149000
1137000
1125000
1113000
1102000
1091000
1080000
1069000
1059000
1049000
1039000
1029000
1019000
1010000
1e+06
991000
982000
973200
964500
956000
947600
939400
931300
923400
915600
907900
900300
892900
885600
878400
871300
864400
857500
850800
844200
837600
831200
824900
818600
812500
806400
800500
794600
788800
783100
777500
771900
766500
761100
755800
750500
745400
740300
735300
730300
725400
720600
715800
711100
706500
701900
697400
692900
688500
684200
679900
675700
720000
732800
729300
724400
719600
714800
710100
705500
701000
696500
692000
687600
683300
679000
674800
670600
666500
696600
714700
712200
707600
709500
705700
701200
696600
692200
687800
683500
679200
674900
670800
666600
662600
658500
654600
650600
646700
642900
639100
635400
631700
628000
624400
620800
633900
632200
628600
625000
621400
617800
614300
610900
607400
604100
600700
597400
594100
590900
587700
611000
610800
607400
604000
600600
597300
594100
590800
587600
584500
581300
578200
681000
793800
800900
795000
789200
783500
777900
850000
853000
846300
839800
833300
937200
1344000
1383000
1366000
1349000
1332000
1316000
1300000
1327000
1781000
1893000
1870000
1838000
1807000
1778000
1749000
1721000
1694000
1668000
1642000
1618000
1594000
1571000
1637000
1694000
2138000
2153000
2111000
2071000
2495000
2554000
2502000
2445000
2391000
2339000
2289000
2241000
2196000
2152000
2109000
2069000
2030000
2052000
2085000
2230000
2381000
2357000
2307000
2259000
2212000
2168000
2624000
2623000
2561000
2935000
3135000
3330000
3640000
3567000
3452000
3536000
3446000
3339000
3238000
3143000
3053000
2969000
2889000
2813000
2974000
2923000
2845000
2772000
2702000
2636000
2572000
2512000
2455000
2400000
2348000
2297000
2249000
2203000
2159000
2149000
2111000
2070000
2065000
2030000
1992000
1956000
1921000
1888000
1855000
1924000
1913000
2675000
2707000
2641000
2577000
2517000
2459000
2443000
2427000
2377000
2326000
2331000
2288000
2240000
2194000
2151000
2108000
2068000
2029000
1991000
1955000
1920000
1887000
1854000
1823000
1793000
1763000
1735000
1707000
1696000
1672000
1646000
1622000
1598000
1575000
1588000
1573000
1551000
1529000
1507000
1487000
1466000
1447000
1428000
1409000
1391000
1373000
1412000
1492000
1483000
1462000
1526000
1515000
1494000
1473000
1454000
1434000
1415000
1397000
1379000
1362000
1345000
1328000
1312000
1297000
1281000
1266000
1252000
1237000
1223000
1209000
1196000
1183000
1202000
1367000
1372000
1355000
1338000
1321000
1305000
1290000
1275000
1260000
1245000
1231000
1217000
1204000
1190000
1177000
1165000
1152000
1140000
1128000
1117000
1105000
1094000
1083000
1072000
1062000
1051000
1041000
1031000
1022000
1012000
1003000
993500
984500
975600
966900
958300
949900
941700
933500
925500
917700
910000
902400
894900
887600
880400
873300
866300
859400
852600
846000
839400
833000
826600
820300
814200
808100
802100
796200
790400
784700
779000
773500
768000
762600
757200
752000
746800
741700
736600
731700
726800
721900
717100
712400
707800
703200
698600
694200
689700
685400
681100
676800
672600
668500
664400
660300
656300
652400
648500
644600
640800
637000
633300
629600
626000
622400
618800
615300
611900
608400
605000
601700
598300
595100
591800
588600
651100
655300
651400
647500
643600
648600
645800
642000
638200
634500
630800
627200
623500
620000
616500
613000
609500
606100
602700
599400
677100
682900
678600
674400
670200
666100
662000
658000
654000
650100
646200
642400
640600
1297000
1363000
1346000
1329000
1313000
1297000
1282000
1267000
1252000
1238000
1224000
1210000
1197000
1184000
1171000
1158000
1146000
1134000
1122000
1111000
1099000
1088000
1078000
1067000
1057000
1046000
1036000
1026000
1017000
1007000
998000
988900
979900
971100
962500
954000
945700
937500
929400
921500
913700
906100
898600
891200
883900
876700
869700
862800
855900
849200
842600
836100
829700
823400
817200
811100
805000
799100
793200
787500
781800
776200
770700
765200
759800
754600
749300
744200
739100
734100
729200
724300
719500
714700
710000
705400
755300
789800
788100
782400
983900
1001000
991500
1015000
1148000
1506000
1532000
1511000
1595000
1585000
1562000
1540000
1787000
1791000
1762000
1734000
1706000
1680000
1654000
1629000
1605000
1606000
1851000
1853000
2067000
2680000
3959000
4315000
5429000
5316000
5063000
4832000
4622000
4429000
4253000
4089000
3938000
3798000
3668000
3546000
3435000
4613000
4578000
4389000
4216000
4055000
3907000
3769000
3641000
3636000
3531000
3419000
4030000
4019000
4318000
4204000
4044000
3897000
3759000
3631000
3512000
3400000
3296000
3511000
3711000
3656000
3542000
4266000
4427000
4277000
4112000
3960000
3818000
3686000
3563000
3501000
3396000
3292000
3194000
3101000
3015000
3595000
3560000
3445000
3337000
3237000
3142000
3052000
2968000
2888000
2812000
2740000
2673000
3104000
3187000
3109000
3021000
2938000
2860000
2786000
2832000
2846000
2781000
2711000
2644000
2580000
2520000
2462000
2407000
2354000
2304000
2256000
2793000
2794000
2723000
2656000
2592000
2531000
2472000
2417000
2620000
2590000
2529000
2471000
2415000
2362000
2311000
2263000
2583000
3753000
3771000
3642000
3522000
3410000
3306000
4e+06
4523000
4409000
4234000
4072000
3922000
3783000
3654000
3533000
3420000
3314000
3215000
3121000
3033000
2949000
2870000
2795000
2724000
2657000
2593000
2532000
2473000
2418000
2365000
2314000
2265000
2218000
2173000
2130000
2089000
2049000
2011000
2039000
2023000
2022000
1990000
2760000
3027000
2973000
2893000
2817000
2745000
2676000
2611000
2550000
2491000
2434000
2380000
2329000
2279000
2232000
2187000
2143000
2101000
2061000
2022000
1985000
1949000
1914000
1881000
2386000
3148000
4396000
4735000
4617000
4491000
4574000
4417000
4241000
4079000
4032000
4294000
4177000
4021000
4306000
4192000
4034000
3887000
3995000
3916000
3781000
3652000
3532000
3588000
3492000
3382000
3278000
3181000
3089000
3002000
2921000
2843000
2770000
2700000
2634000
2913000
2974000
3096000
4108000
4248000
4105000
3952000
3811000
3680000
3558000
3731000
4656000
4779000
4599000
5215000
5070000
4880000
4671000
4475000
4294000
4128000
3974000
3831000
3699000
3575000
3459000
3351000
3249000
3153000
3063000
2978000
2898000
2821000
2749000
2680000
2615000
2553000
2494000
2437000
2383000
2331000
2282000
2234000
2189000
2145000
2103000
2063000
2024000
1987000
1972000
1939000
1905000
1872000
1840000
1809000
1779000
1750000
1722000
1695000
1669000
1776000
1764000
1736000
1708000
1681000
1656000
1631000
1606000
1583000
1560000
1538000
1516000
1495000
1475000
1455000
1435000
1417000
1398000
1380000
1363000
1346000
1329000
1313000
1297000
1282000
1267000
1252000
1238000
1224000
1210000
1197000
1184000
1171000
1158000
1146000
1134000
1122000
1111000
1099000
1088000
1078000
1067000
1119000
1115000
1104000
1093000
1082000
1071000
1061000
1050000
1383000
2072000
2114000
2073000
2034000
1997000
1960000
1925000
1891000
1939000
2322000
2563000
2575000
3215000
3556000
3484000
3374000
3271000
3175000
3583000
3529000
3416000
3311000
3211000
3118000
3030000
3014000
5128000
5157000
4918000
4701000
4502000
4321000
4898000
4774000
4569000
4381000
4208000
4048000
3900000
3763000
3792000
3682000
3559000
3445000
3563000
4200000
4594000
4463000
4822000
4679000
4482000
4301000
4134000
3980000
3837000
3704000
3579000
3463000
3355000
3253000
3157000
3067000
2981000
2901000
2824000
2752000
2683000
2618000
2555000
2496000
2743000
2713000
2646000
2582000
2521000
2464000
2419000
2460000
2721000
2691000
2665000
2605000
2544000
2485000
2562000
2520000
2705000
2668000
2604000
2542000
2483000
2427000
2374000
2322000
2273000
2226000
2181000
2138000
2096000
2056000
2018000
1980000
1945000
1910000
1877000
1845000
1814000
1784000
1755000
1752000
2190000
2274000
2235000
2190000
2146000
2104000
2064000
2025000
1988000
1952000
1917000
1883000
1851000
1820000
1789000
1760000
1732000
1705000
1678000
1652000
1628000
2112000
2696000
2700000
2633000
2570000
2510000
2453000
2398000
2509000
2493000
2439000
2385000
2607000
2588000
2528000
2470000
2415000
2362000
2311000
2262000
2216000
2171000
2128000
2087000
2047000
2009000
1972000
1937000
1902000
1869000
1838000
1807000
1777000
1748000
1720000
1693000
1667000
1642000
1818000
1813000
1783000
1754000
1741000
1715000
1689000
1663000
1637000
1613000
1589000
1566000
1544000
1522000
1501000
1480000
1460000
1441000
1422000
1403000
1385000
1368000
1351000
1334000
1318000
1302000
1286000
1271000
1256000
1298000
1299000
1285000
1270000
1255000
1241000
1227000
1213000
1200000
1186000
1173000
1161000
1149000
1136000
1125000
1113000
1116000
1199000
1318000
1317000
1301000
1285000
1270000
1255000
1241000
1227000
1213000
1200000
1187000
1174000
1161000
1149000
1137000
1125000
1113000
1102000
1091000
1301000
1312000
1297000
1281000
1266000
1252000
1237000
1223000
1210000
1196000
1183000
1170000
1158000
1146000
1134000
1122000
1110000
1099000
1088000
1077000
1066000
1205000
1210000
1197000
1184000
1171000
1158000
1146000
1134000
1122000
1111000
1099000
1088000
1077000
1067000
1056000
1046000
1036000
1026000
1017000
1007000
997900
988800
979800
971000
962400
953900
945600
937400
929300
921400
913600
906000
898500
891100
883800
876600
869600
862700
855800
849100
842500
836000
829600
823300
817100
811000
804900
799000
793200
787400
781700
776100
770600
765100
759800
754500
749300
744100
739000
734000
729100
724200
719400
750600
861600
983300
1483000
1524000
1503000
1482000
1462000
1442000
1423000
1405000
1387000
1369000
1352000
1335000
1319000
1303000
1288000
1272000
1258000
1243000
1229000
1215000
1202000
1188000
1176000
1163000
1150000
1138000
1127000
1115000
1104000
1092000
1081000
1071000
1060000
1128000
1175000
1168000
1156000
1143000
1132000
1120000
1582000
1617000
1610000
1588000
1565000
1543000
1521000
1500000
1479000
1459000
1440000
1421000
1415000
1517000
1511000
1490000
1470000
1450000
1431000
1412000
1394000
1376000
1359000
1342000
1325000
1309000
1294000
1278000
1263000
1414000
1943000
2053000
2034000
1998000
2025000
2088000
2060000
2022000
1984000
1948000
2163000
3242000
3463000
3377000
3274000
3177000
3085000
2999000
2917000
2849000
2817000
2765000
2697000
2631000
2568000
2508000
2451000
2396000
2344000
2294000
2246000
2498000
2478000
2422000
2369000
2318000
2269000
2222000
2177000
2134000
2604000
2605000
2544000
2485000
2429000
2375000
2324000
2274000
2227000
2182000
2139000
2097000
2057000
2018000
1981000
2208000
2196000
2152000
2110000
2070000
2145000
2128000
2193000
2168000
2352000
2330000
2281000
2233000
2188000
2144000
2111000
2174000
2163000
2123000
2082000
2042000
2004000
1968000
1932000
1898000
1911000
1932000
1904000
1871000
1839000
1809000
1891000
1872000
1840000
1815000
1785000
1756000
1728000
1701000
1674000
1649000
1624000
1600000
1576000
1554000
1532000
1541000
1523000
1502000
1740000
1744000
1717000
1690000
1664000
1638000
1614000
1722000
1711000
1796000
1796000
1808000
1870000
2493000
2695000
2651000
2587000
2526000
2468000
2413000
2360000
2309000
2261000
2214000
2169000
2127000
2085000
2046000
2008000
1971000
1935000
1901000
1868000
1836000
1806000
1776000
1747000
1719000
1692000
1666000
1641000
1616000
1592000
1569000
1547000
1525000
1504000
1483000
1463000
1443000
1424000
1406000
1388000
1370000
1353000
1336000
1320000
1304000
1313000
1300000
1285000
1270000
1255000
1301000
1293000
1278000
1275000
1261000
1247000
1232000
1219000
1205000
1192000
1179000
1166000
1154000
1141000
1129000
1118000
1106000
1095000
1084000
1073000
1063000
1052000
1042000
1032000
1034000
1115000
1233000
1234000
1220000
1206000
1193000
1180000
1167000
1155000
1143000
1131000
1119000
1107000
1096000
1085000
1074000
1064000
1054000
1043000
1033000
1024000
1014000
1005000
995400
986300
977400
968600
960000
951600
943300
935100
927100
919300
911500
903900
896400
889000
881800
874700
867700
860800
854000
847300
840700
834200
860400
980100
1038000
1034000
1025000
1062000
1094000
1087000
1076000
1066000
1055000
1045000
1035000
1025000
1016000
1006000
997000
987900
978900
970200
961500
953100
944800
936600
928500
920600
912900
905200
897700
890400
883100
875900
868900
862000
855200
848500
841900
835400
829000
877900
879400
872500
990700
1023000
1021000
1106000
1278000
2278000
2365000
2316000
2267000
2220000
2175000
2132000
2177000
2144000
2103000
2062000
2023000
1986000
1950000
1916000
1882000
1850000
1819000
1788000
1759000
1731000
1704000
1677000
1651000
1736000
1778000
1780000
1754000
1887000
2680000
3296000
3272000
3181000
3713000
4173000
4080000
4800000
5089000
4905000
4688000
4490000
4308000
4141000
3986000
3843000
3714000
5696000
5662000
5374000
5115000
4880000
4666000
4470000
4289000
4123000
3970000
3827000
3696000
3785000
5199000
5174000
4937000
4718000
4518000
4334000
4164000
4008000
3863000
3728000
3602000
3485000
3375000
3335000
3243000
3547000
3571000
3575000
3473000
3364000
3559000
3645000
4997000
6013000
6698000
6409000
6678000
8347000
8010000
