311600
89570
61440
65490
33370
33330
38040
21620
19330
11140
11030
11030
11030
11030
11020
11020
13340000
5017000
2645000
2682000
1714000
6484000
2769000
5049000
22110000
6234000
4389000
4343000
1937000
5306000
3136000
1459000
3811000
1497000
3353000
18690000
15550000
6341000
5296000
3457000
4040000
2853000
1886000
8141000
2253000
4057000
2148000
1052000
1075000
845700
463000
452800
1249000
385800
204800
219100
97660
97540
115300
53270
44640
3581000
945500
611600
659800
278400
278100
333900
139000
1153000
4851000
6343000
4092000
2228000
1636000
1146000
964500
784800
479300
216900
1767000
458900
299000
322000
140100
139900
166600
2637000
730500
444300
478200
204200
204000
244100
104100
84590
14730
13760
13760
13750
13750
13750
13750
13750
13750
13750
13750
13750
13740
13740
13740
13740
13740
13740
20040000
5246000
3372000
3643000
1502000
1500000
1814000
719800
3956000
5742000
1846000
1439000
1142000
625100
677700
568300
278400
149300
16260
14420
14420
65460
294400
92640
68380
66520
38020
38790
40170
25220
21800
14510
14410
14410
14410
14410
1997000
13680000
3783000
6423000
3549000
1784000
1865000
1552000
818300
724400
155300
121100
16360
14900
14900
14900
8677000
2278000
1468000
1585000
658800
657900
793500
320400
254500
18440
15140
15140
15140
15140
15140
15140
15140
15130
15130
15130
15130
15130
15130
15130
15120
15120
15120
15120
15120
15120
15120
15110
240900
3542000
959000
637600
660300
289600
292800
334700
143600
111100
16530
15210
15210
15210
15210
15210
15200
15200
15200
1677000
3892000
1193000
893700
762600
394400
420100
383200
182600
111100
16650
15340
15340
15340
15340
2200000
15730000
4338000
2951000
2922000
1303000
1336000
3283000
1088000
741800
353000
151700
151500
180200
80220
66300
16430
15740
15730
15730
15730
15730
980800
267900
177600
190600
87460
87350
102500
49750
42410
16110
15740
15740
15740
15740
1404000
16080000
16410000
6052000
24830000
10890000
6114000
6341000
3571000
2514000
2305000
921300
643700
85910
17440
16590
16590
16580
16580
16580
16580
16580
16580
16570
16570
16570
16570
16570
16570
16560
16560
9486000
10020000
3572000
2995000
2085000
1279000
1426000
1027000
1730000
1265000
408600
353700
236700
158900
177400
123900
75200
37340
17070
16790
1837000
3862000
1202000
911700
762600
402300
430400
383700
185900
110600
18120
16840
16840
16840
19500000
27470000
9126000
7297000
5516000
3124000
3427000
2713000
1344000
642600
25870
17370
3425000
907800
588900
634900
270600
3034000
1046000
601100
612500
224100
222500
265800
114800
93810
708600
246700
145900
150700
77580
370600
161000
14120000
3756000
2393000
2580000
2177000
1353000
1469000
709400
5146000
2041000
1085000
1021000
524500
417400
489800
246600
488900
1465000
422000
300300
284500
141000
145800
149500
5178000
1389000
874200
942600
397000
396500
1625000
15830000
4358000
5623000
13320000
4251000
3398000
3404000
1521000
1416000
995400
438100
287300
21820
18130
18130
18130
18120
18120
18120
18120
18120
18110
18110
18110
18110
18110
18100
3556000
942600
611500
659300
281100
29540000
7981000
5050000
11650000
28730000
10650000
8192000
6178000
3305000
5620000
8938000
3131000
2242000
1296000
665200
713000
630300
301800
174500
21220
19100
17540000
8417000
3956000
12060000
4512000
3075000
3427000
1655000
1275000
9463000
2580000
1696000
1584000
656300
655200
789300
321500
256300
22890
19640
11980000
3144000
2025000
2187000
908500
907200
1094000
441200
350300
24340
19790
19790
4868000
1287000
832900
898400
380100
379600
455500
190700
153800
21690
19840
19840
19840
19830
19830
19830
19830
19830
19820
19820
19820
19820
19810
19810
19810
19810
19800
19800
19800
9354000
2459000
1585000
1711000
713500
712500
858700
348800
277800
23470
19920
19920
19910
19910
19910
19910
19900
19900
19900
19900
19890
19890
19890
19890
19890
19880
19880
8578000
9742000
3411000
2826000
2012000
1211000
1345000
994300
520400
230200
22950
20100
20100
336000
102600
73070
77330
43560
43530
48470
31220
28810
20200
20080
20080
20070
20070
20070
20070
20060
20060
20060
20060
20050
20050
20050
20050
20040
20040
20040
20040
20040
20030
20030
20030
20030
20020
20020
20020
20020
20010
20010
20010
20010
20000
20000
20000
20000
19990
19990
19990
19990
19990
19980
19980
19980
19980
19970
19970
19970
19970
19960
19960
19960
19960
16590000
5289000
3045000
3180000
1422000
1320000
1579000
688500
511200
52430
20560
20200
20200
20200
20190
20190
20190
8429000
3749000
1831000
1801000
1712000
964300
1022000
597300
365300
124400
91830
48140
42130
20630
20320
20320
20320
20320
20310
20310
20310
1268000
346200
229500
246300
113000
1590000
3315000
1043000
791400
637300
337800
360600
323700
159700
98180
21420
20350
20350
20350
20350
20340
4254000
1127000
730400
787500
335000
334500
400800
169600
137400
22000
20380
20380
11010000
11140000
4019000
3395000
2332000
1449000
1620000
6976000
2137000
1230000
1080000
453700
7919000
23530000
7199000
5121000
4427000
2179000
2269000
2191000
2974000
19070000
7706000
4082000
3864000
1982000
1728000
1900000
946600
611300
101500
22460
21450
21450
21450
3813000
3530000
15720000
4893000
3175000
3099000
13690000
5984000
3894000
3018000
1575000
1027000
1210000
572600
404600
65260
23150
22220
22160
2157000
2419000
5751000
6475000
2668000
1997000
1553000
988000
930000
13320000
3637000
2276000
11730000
7824000
8419000
11330000
4456000
3344000
6059000
2454000
1904000
1502000
631600
451300
324700
140200
114900
5197000
1374000
890400
960200
407300
406700
487700
205200
165800
24850
22880
22870
22870
22870
22860
1713000
464500
306300
1355000
416400
320300
360600
158600
145700
115700
3573000
1243000
21930000
6256000
3896000
4153000
1938000
1748000
3393000
1945000
1049000
412600
1745000
569200
452300
410900
198700
155500
156000
75120
63910
23720
23160
23160
23150
23150
23150
23140
23140
23140
3808000
1012000
657900
709000
673600
593400
1823000
723100
446200
329800
191700
162100
169800
86500
64550
26890
23230
23190
6314000
5390000
2051000
1788000
4675000
1684000
1454000
1216000
589200
389100
340200
147100
120400
24720
23380
23380
23380
23370
23370
23370
23360
23360
23360
23350
23350
23350
8978000
10510000
3654000
3012000
2165000
1293000
1433000
1071000
558100
252100
26680
23580
23580
23570
23570
23570
23560
23560
23560
23550
23550
170100
61840
48120
50090
34430
34410
36700
701700
203400
136400
145500
73530
73460
83990
47230
42110
23760
23500
23500
23500
23490
23490
23490
23490
23480
23480
23480
23470
5406000
1430000
926200
998800
423500
422900
507200
213200
172300
25580
23530
23530
4552000
1207000
783000
844100
360100
359600
430500
183100
148700
25300
23580
23570
23570
23570
23560
23560
23560
23550
23550
23550
23540
1944000
2498000
861200
4076000
1405000
878500
953900
519300
396600
382000
143300
116900
24920
23630
23630
23630
23620
23620
23620
23610
23610
23610
23600
23600
23600
1206000
9975000
2741000
1855000
1859000
827900
2376000
1332000
652800
567900
141100
137300
161200
77650
66010
24310
23720
23720
23720
23710
4734000
8913000
2815000
2162000
1762000
942500
1015000
878100
423900
237300
26790
23870
23870
3734000
43840000
11840000
7882000
8064000
3484000
3537000
4005000
1637000
1210000
40480
24190
24190
24180
24180
24180
24170
24170
24170
24160
24160
24160
24150
24150
24150
24140
24140
24140
24130
24130
24130
24120
24120
24120
24110
24110
24110
24100
24100
24090
24090
24090
24080
24080
24080
24070
24070
24070
24060
24060
24060
24050
24050
24050
24040
24040
24040
24030
24030
24030
24020
24020
24020
24010
24010
24010
24000
24000
23990
23990
23990
4240000
1126000
731100
788000
337300
336900
8495000
4810000
2157000
1915000
15470000
4571000
3351000
5110000
9708000
19820000
7371000
4855000
8214000
3089000
2699000
2569000
11120000
3396000
2078000
1979000
880000
767400
922200
376600
300700
1143000
9797000
2689000
9544000
19980000
29900000
16160000
25670000
11460000
7530000
6773000
4490000
2946000
2298000
737400
468800
31300
25220
25220
25220
20740000
5437000
3499000
3778000
1564000
1562000
1886000
755100
2713000
586000
380100
12550000
4065000
9078000
4279000
2250000
2247000
1666000
1012000
985700
284800
210100
6277000
6419000
2934000
2117000
1.5e+07
7705000
4097000
3712000
2010000
1425000
1500000
791600
1833000
464200
248100
264700
123600
123400
13190000
3480000
2249000
2389000
994800
993400
1198000
707700
444100
67830
65870
42080
11850000
5308000
2582000
2536000
1298000
1063000
1248000
4052000
2917000
1080000
912900
568500
397600
450900
289300
176200
70990
26190
25580
16330000
4286000
2760000
2980000
1237000
1236000
1491000
600300
8002000
1998000
1288000
1389000
584900
584100
701900
290800
11680000
26300000
8028000
6003000
5095000
2605000
2781000
16640000
13240000
5232000
3999000
2594000
1697000
1917000
1277000
711500
263000
29100
25910
25910
25900
25900
25900
25890
25890
844000
239600
163100
174100
86670
86580
99380
54690
48460
26160
25850
1240000
343100
229500
8318000
2648000
2653000
1949000
22280000
11540000
5771000
5149000
2867000
2040000
2351000
2860000
1785000
594800
417300
249300
188600
214000
134100
90820
42230
26190
25970
25970
25960
25960
25960
3765000
16900000
21470000
28220000
16290000
9768000
8317000
9177000
5262000
4065000
2529000
3177000
7117000
2332000
1561000
8382000
2465000
1832000
1912000
5240000
2425000
1545000
1168000
649300
4171000
1451000
864800
851700
323700
306500
365300
159300
130600
27780
26340
4327000
9053000
4856000
6587000
21850000
9245000
5625000
5123000
2723000
2237000
2083000
6271000
17230000
7539000
4208000
14060000
4745000
4181000
3823000
1819000
1426000
1088000
440900
370000
52090
43490
26890
26660
26650
26650
26640
26640
26640
26630
26630
26620
26620
26610
26610
26610
26600
26600
26590
26590
26590
26580
1429000
393100
261800
8021000
5312000
2254000
2085000
1224000
874500
957100
583200
351800
116800
27800
26590
7948000
2096000
1355000
1462000
615300
614400
738400
305700
245500
29610
26590
26590
26580
26580
26570
26570
26570
26560
26560
26550
26550
26550
26540
26540
26530
26530
26520
26520
26520
26510
26510
26500
26500
26500
26490
26490
26480
26480
26470
26470
26470
26460
8197000
2161000
1397000
1507000
633600
632700
760600
314400
17990000
28300000
9177000
7204000
5628000
3099000
3374000
2776000
1350000
3478000
12650000
9739000
5132000
18700000
12750000
5997000
5524000
3430000
2255000
11470000
3622000
2247000
1915000
728400
724900
872200
1811000
34750000
9181000
6007000
6312000
2668000
2687000
13510000
3976000
2708000
1918000
797300
796100
958400
392300
3070000
751300
489400
526600
4338000
13030000
10670000
4572000
11040000
4341000
3001000
3059000
1701000
1136000
879900
290400
231600
30050
27240
27230
27230
27230
27220
27220
27210
27210
27200
27200
27190
27190
8812000
2322000
1500000
1619000
680000
679000
1350000
2874000
8352000
2454000
2678000
1826000
958400
978700
4279000
1317000
6762000
2217000
1292000
1346000
771000
583600
649500
235500
189500
29490
27250
27240
27240
27240
27230
27230
27220
27220
27210
27210
27200
27200
27200
2862000
15420000
6287000
3509000
3221000
1681000
1515000
1589000
797600
502200
86850
28000
27260
27250
27250
27240
27240
27230
27230
27230
27220
27220
20250000
19740000
7188000
6111000
4144000
2600000
2915000
2036000
6911000
2493000
1149000
1172000
7554000
2552000
1822000
1586000
767800
580400
673000
294200
228700
36290
27490
27400
27400
27390
27390
27390
27380
27380
27370
27370
27360
27360
27350
27350
27350
27340
16740000
4393000
2830000
3055000
2139000
1494000
1675000
773700
553700
98260
105500
58030
51410
27720
27380
27380
27370
27370
27360
27360
27350
27350
27350
27340
2465000
664200
436100
788900
2403000
5111000
2233000
1358000
1130000
614800
580800
530300
277800
162800
41430
27500
27320
27320
27320
27310
27310
6480000
6735000
8350000
3588000
2411000
1954000
1420000
1146000
915300
377500
193100
29610
27350
27350
27350
27340
27340
27330
27330
27320
6068000
15940000
4785000
3525000
3073000
1541000
1634000
1528000
699300
425700
32850
27390
27390
27390
27380
27380
27370
27370
27360
27360
27350
156100
16550000
4358000
2816000
3025000
1262000
1263000
1514000
612000
483100
33670
27400
27400
27390
27390
27380
27380
27370
27370
27370
27360
27360
27350
27350
27340
27340
27330
27330
27330
27320
27320
27310
27310
27300
27300
996100
283400
339600
242300
124800
126400
125600
72740
67540
32970
31380
27310
27250
27240
27240
27240
27230
27230
27220
27220
27210
27210
27200
27200
27200
27190
27190
2006000
2943000
6646000
10870000
11480000
29600000
10120000
6917000
6372000
3477000
3016000
2763000
1116000
714800
36840
27430
27420
27420
27410
27410
27400
27400
27400
27390
27390
27380
27380
27370
27370
27360
27360
27350
27350
27350
27340
27340
27330
27330
10590000
5434000
2490000
2385000
1292000
1008000
1173000
22560000
6141000
4430000
4170000
1765000
1772000
2046000
848100
691500
58660
45390
27710
1033000
5373000
1524000
1062000
1023000
479800
495000
519600
234300
168300
29380
27450
27440
27440
27430
27430
27420
8103000
21540000
8908000
5690000
4635000
4577000
5779000
3336000
2016000
1342000
472600
8006000
27460000
11400000
6576000
5711000
3069000
2824000
2803000
1426000
1250000
1152000
676300
343600
280800
187500
157400
149500
101800
65160
37480
27850
8244000
2175000
1406000
1517000
638300
637400
766000
317300
254800
13960000
3666000
2363000
2551000
1063000
1061000
1279000
518500
412600
33070
27770
27770
27760
27760
27750
8754000
2308000
1491000
1609000
676200
4221000
2078000
4049000
1941000
7196000
2538000
1684000
1560000
890500
627900
1063000
3351000
1626000
752500
695800
383300
327200
353300
195800
131100
2366000
2235000
835100
716700
490200
318900
4603000
1363000
860700
1114000
414800
388400
458600
197600
165300
53740
37320
35250
27870
27760
27750
2109000
571500
376700
10680000
2867000
1905000
2077000
864600
847700
951800
6757000
1975000
5098000
2747000
2702000
4618000
20370000
10430000
5442000
4589000
2644000
2040000
2140000
1143000
688100
153500
29570
27940
27930
27930
27920
27920
27910
27910
27900
27900
27890
27890
27890
27880
27880
27870
27870
27860
27860
27850
27850
27840
27840
27830
27830
27830
27820
5814000
1540000
998200
1076000
457800
457200
547800
956600
4856000
1322000
910300
893200
414400
4702000
1573000
923000
1966000
618800
519400
600400
255700
223100
122800
64410
56510
28200
27800
27790
27790
27780
27780
27770
27770
27770
27760
27760
545800
8270000
7387000
9113000
4042000
2657000
2198000
1624000
1257000
998400
394800
203500
30210
27820
27810
27810
27800
27800
27790
27790
27780
27780
27770
27770
27770
27760
27760
27750
3322000
888400
580200
624600
272500
272200
323700
143800
118800
28980
27720
27720
6702000
1771000
1147000
1237000
523700
522900
627400
5766000
9914000
6272000
3236000
2464000
4962000
4313000
2300000
1707000
992900
519900
482700
331500
193000
86270
28580
27790
27780
27780
27770
27770
27760
27760
913300
259100
176300
188200
93540
93440
107300
58930
52190
28060
27710
27710
27700
27700
27700
3175000
10420000
3177000
2234000
10380000
4778000
3111000
8369000
11770000
39380000
12890000
8471000
7813000
3903000
3655000
3667000
4642000
1822000
570400
590200
258500
258200
306800
137300
113700
29190
28010
28010
28000
28000
27990
27990
27980
6897000
3835000
2547000
1830000
6574000
24200000
19540000
8370000
6880000
15730000
14140000
7123000
17860000
11590000
5201000
4738000
2979000
1916000
1739000
915000
546200
170400
28970000
7589000
4881000
5272000
2179000
2176000
2629000
1048000
828200
39540
28540
28530
4058000
22330000
6647000
4424000
4243000
1977000
1996000
2109000
923800
631100
47530
28790
28630
28630
1664000
455900
7739000
3841000
3734000
2264000
1336000
6551000
5246000
23310000
19500000
16520000
8832000
12150000
23030000
9385000
19180000
