228100
227900
227700
227500
227200
227000
226700
226400
226000
225700
225400
225000
224700
224300
223900
223600
223200
236700
248700
253800
256200
258600
269600
277700
286400
330000
360800
374300
383000
390500
407000
419400
425600
435100
443900
456800
516800
596300
638900
657800
671600
693500
712600
722100
755800
780100
804300
822400
833000
841200
844800
847600
847800
850000
850800
849900
848900
845900
843100
839600
835300
830700
839800
845100
843900
841300
838100
836100
833300
829500
827200
844600
879300
906800
918500
922200
925800
929700
931000
929400
926500
929800
932200
931900
929700
926000
922300
918000
924200
926600
923800
919900
915800
912700
908500
903600
898400
893200
888300
883500
878700
873300
868000
862800
857400
852000
846700
841500
836300
831200
826100
821100
816200
811300
806600
869500
913500
925600
930500
933600
942100
946200
945600
952400
982000
1002000
1008000
1012000
1012000
1013000
1012000
1008000
1002000
997200
992800
988500
983700
977400
971200
965100
958400
951700
945100
938600
932100
925800
919500
913300
907200
901200
895200
889500
938200
971700
1e+06
1017000
1023000
1031000
1034000
1036000
1034000
1031000
1029000
1027000
1026000
1021000
1016000
1044000
1061000
1062000
1060000
1056000
1055000
1053000
1047000
1041000
1035000
1030000
1025000
1020000
1013000
1007000
1e+06
992900
985700
978600
971600
964700
957900
951200
944600
938000
931600
925200
919000
912800
906700
900700
894800
888900
883100
877400
871800
866200
860700
855300
849900
844700
839400
834300
829200
824200
819200
814300
809400
804600
799900
795200
790600
788900
786400
782600
778600
774600
770800
766900
762900
758800
754700
750800
746900
743000
739100
735200
785000
819800
829500
833300
835700
842400
846300
846300
844100
842100
841400
840800
840300
836300
832400
828800
824300
819300
814500
809600
804900
800100
795500
790800
786200
781700
777200
772800
768500
764100
759900
755600
751500
747300
743200
739200
780900
865000
912300
1041000
1146000
1195000
1226000
1246000
1268000
1283000
1290000
1293000
1296000
1300000
1300000
1301000
1294000
1285000
1276000
1266000
1254000
1243000
1231000
1220000
1209000
1199000
1188000
1178000
1168000
1158000
1173000
1227000
1255000
1260000
1259000
1259000
1261000
1259000
1257000
1257000
1255000
1251000
1247000
1241000
1233000
1225000
1216000
1206000
1196000
1186000
1183000
1197000
1202000
1198000
1192000
1185000
1180000
1173000
1165000
1157000
1149000
1141000
1134000
1126000
1232000
1486000
1633000
1680000
1704000
1732000
1767000
1783000
1781000
1774000
1770000
1772000
1800000
1814000
1804000
1791000
1777000
1784000
1782000
1767000
1749000
1732000
1717000
1701000
1684000
1665000
1652000
1638000
1622000
1606000
1588000
1573000
1558000
1652000
1712000
1721000
1718000
1721000
1731000
1729000
1718000
1743000
1763000
1766000
1761000
1754000
1744000
1732000
1718000
1703000
1697000
1688000
1675000
1660000
1643000
1627000
1611000
1631000
1640000
1631000
1619000
1606000
1596000
1592000
1709000
1784000
1825000
1941000
2012000
2045000
2055000
2055000
2058000
2052000
2042000
2030000
2018000
2001000
1985000
1968000
1944000
1919000
1895000
1869000
1844000
1819000
1795000
1771000
1748000
1726000
1704000
1693000
1680000
1662000
1644000
1626000
1874000
2042000
2083000
2167000
2571000
2867000
2963000
2991000
3005000
3087000
3224000
3283000
3281000
3255000
3241000
3234000
3210000
3156000
3101000
3050000
2998000
3178000
3346000
3378000
3495000
3561000
3572000
3555000
3514000
3476000
3562000
3604000
3579000
3541000
3491000
3451000
3405000
3340000
3270000
3203000
3142000
3219000
3255000
3218000
3169000
3118000
3079000
3032000
2977000
2920000
2866000
2817000
2771000
2764000
2739000
2697000
2654000
2609000
2568000
2525000
2482000
2439000
2398000
2359000
2322000
2285000
2248000
2212000
2177000
2143000
2109000
2077000
2045000
2015000
1985000
1956000
1928000
1901000
1875000
1849000
1824000
1800000
1787000
1772000
1752000
1731000
1711000
1692000
1673000
1653000
1634000
1615000
1597000
1579000
1562000
1544000
1527000
1510000
1494000
1477000
1461000
1446000
1431000
1416000
1401000
1387000
1372000
1359000
1345000
1353000
1404000
1432000
1434000
1430000
1426000
1426000
1421000
1411000
1401000
1391000
1383000
1374000
1365000
1353000
1341000
1330000
1317000
1305000
1292000
1280000
1268000
1256000
1245000
1233000
1222000
1211000
1201000
1190000
1180000
1169000
1159000
1150000
1140000
1130000
1121000
1112000
1103000
1094000
1085000
1077000
1068000
1060000
1052000
1043000
1035000
1028000
1020000
1012000
1005000
997400
990200
983000
975900
968900
962100
955300
948600
942000
935500
929100
922800
916600
910400
904400
898400
892500
886700
880900
875200
869600
864100
858600
853200
847900
880400
906400
913700
914900
914700
917500
918100
916000
912300
908500
905800
903300
900900
896100
891100
886400
881100
894400
909000
913000
911800
912100
913000
912100
909100
905100
901100
897500
894000
890400
885700
880800
876000
870900
865400
860000
854700
849400
844100
838900
833700
828600
823600
818600
824000
826500
824300
821000
817500
814900
811600
807700
803500
799400
795500
791700
788000
783700
779400
786400
790100
788600
785900
782900
780900
778200
774700
770900
767200
763800
760500
795900
855400
886800
897400
902800
910200
918100
947200
965100
969400
972100
975000
1017000
1168000
1264000
1296000
1312000
1327000
1350000
1362000
1375000
1515000
1634000
1683000
1706000
1721000
1738000
1747000
1744000
1733000
1721000
1713000
1706000
1698000
1682000
1692000
1715000
1846000
1924000
1939000
1942000
2065000
2173000
2207000
2210000
2204000
2209000
2211000
2201000
2186000
2163000
2143000
2125000
2105000
2094000
2096000
2134000
2192000
2212000
2205000
2191000
2178000
2165000
2279000
2349000
2354000
2460000
2586000
2715000
2865000
2932000
2949000
2999000
3027000
3027000
3009000
2978000
2950000
2923000
2887000
2847000
2868000
2864000
2830000
2789000
2743000
2704000
2662000
2616000
2570000
2525000
2484000
2444000
2406000
2365000
2325000
2299000
2269000
2234000
2209000
2183000
2153000
2122000
2092000
2063000
2034000
2036000
2033000
2237000
2369000
2393000
2396000
2391000
2401000
2408000
2405000
2387000
2366000
2365000
2358000
2345000
2316000
2285000
2258000
2226000
2193000
2161000
2129000
2097000
2067000
2037000
2007000
1978000
1950000
1922000
1895000
1881000
1865000
1842000
1820000
1797000
1778000
1768000
1756000
1738000
1719000
1700000
1683000
1665000
1646000
1627000
1609000
1591000
1574000
1582000
1610000
1619000
1612000
1627000
1636000
1634000
1625000
1613000
1603000
1592000
1580000
1568000
1554000
1540000
1526000
1512000
1496000
1480000
1465000
1449000
1434000
1419000
1404000
1390000
1376000
1387000
1447000
1479000
1483000
1479000
1476000
1477000
1472000
1462000
1451000
1441000
1432000
1424000
1415000
1402000
1389000
1377000
1363000
1350000
1336000
1323000
1311000
1298000
1286000
1274000
1262000
1250000
1239000
1227000
1216000
1206000
1195000
1185000
1174000
1164000
1154000
1145000
1135000
1126000
1116000
1107000
1098000
1089000
1081000
1072000
1064000
1055000
1047000
1039000
1031000
1024000
1016000
1008000
1001000
993600
986400
979300
972200
965300
958500
951800
948500
944400
938800
932900
927000
921500
915800
909900
904100
898300
892600
887100
881600
876000
870500
865000
859600
854200
848800
843500
838300
833200
828100
823100
825900
826600
823700
820000
816100
813000
809300
805200
800900
796700
792700
788700
784800
780500
776200
772000
767700
763400
759100
754900
750700
746600
742500
767300
784000
787400
787600
787000
792600
795200
794100
791700
789300
787900
786300
784600
780900
777300
773900
770100
766000
761800
762300
789800
807200
810900
811400
811500
813700
813700
811600
808600
805800
803700
801800
804000
1014000
1162000
1210000
1234000
1253000
1288000
1309000
1315000
1314000
1313000
1318000
1323000
1328000
1320000
1312000
1305000
1294000
1282000
1270000
1258000
1246000
1235000
1224000
1213000
1202000
1191000
1181000
1171000
1161000
1151000
1141000
1132000
1122000
1113000
1104000
1095000
1086000
1078000
1069000
1061000
1053000
1045000
1037000
1029000
1021000
1013000
1006000
998500
991200
984000
976900
969900
963100
956300
949600
943000
936500
930100
923700
917500
911300
905200
899300
893300
887500
881700
876000
870400
864900
859400
854000
848700
843400
838200
833000
828000
851300
877500
887400
889300
955100
1004000
1021000
1039000
1092000
1236000
1327000
1360000
1408000
1445000
1474000
1490000
1571000
1624000
1641000
1651000
1656000
1664000
1661000
1653000
1643000
1637000
1703000
1745000
1817000
2019000
2445000
2778000
3189000
3428000
3517000
3581000
3612000
3634000
3624000
3593000
3563000
3535000
3504000
3457000
3409000
3666000
3815000
3805000
3755000
3698000
3670000
3624000
3557000
3514000
3465000
3415000
3551000
3640000
3731000
3759000
3726000
3692000
3643000
3593000
3531000
3464000
3401000
3428000
3507000
3519000
3486000
3656000
3814000
3845000
3812000
3760000
3725000
3684000
3628000
3580000
3523000
3463000
3406000
3350000
3284000
3400000
3459000
3427000
3374000
3318000
3281000
3233000
3174000
3111000
3052000
2999000
2950000
3049000
3123000
3118000
3084000
3042000
3011000
2975000
2965000
2959000
2930000
2893000
2856000
2822000
2780000
2734000
2688000
2640000
2594000
2550000
2684000
2762000
2755000
2730000
2701000
2687000
2662000
2627000
2665000
2680000
2664000
2640000
2615000
2586000
2553000
2518000
2593000
2962000
3174000
3213000
3214000
3210000
3228000
3435000
3693000
3786000
3785000
3771000
3773000
3767000
3716000
3651000
3585000
3520000
3461000
3404000
3337000
3264000
3195000
3126000
3056000
2987000
2922000
2859000
2800000
2742000
2687000
2634000
2584000
2535000
2488000
2442000
2399000
2357000
2316000
2324000
2323000
2310000
2289000
2506000
2719000
2791000
2799000
2791000
2801000
2802000
2782000
2756000
2726000
2699000
2675000
2650000
2612000
2570000
2530000
2488000
2443000
2400000
2359000
2319000
2279000
2242000
2217000
2358000
2662000
3157000
3511000
3648000
3721000
3836000
3919000
3930000
3899000
3886000
3981000
4030000
4013000
4089000
4107000
4071000
4011000
4004000
3986000
3926000
3853000
3776000
3757000
3718000
3652000
3582000
3503000
3434000
3366000
3296000
3222000
3150000
3084000
3034000
3086000
3126000
3166000
3467000
3682000
3735000
3726000
3701000
3692000
3664000
3699000
3976000
4173000
4213000
4409000
4524000
4539000
4505000
4438000
4374000
4296000
4217000
4136000
4054000
3966000
3879000
3797000
3701000
3607000
3518000
3429000
3343000
3261000
3183000
3109000
3038000
2971000
2906000
2844000
2785000
2728000
2674000
2621000
2571000
2523000
2476000
2431000
2388000
2364000
2367000
2355000
2326000
2294000
2264000
2236000
2206000
2175000
2143000
2113000
2084000
2108000
2116000
2099000
2076000
2053000
2034000
2012000
1987000
1961000
1936000
1913000
1890000
1868000
1844000
1820000
1797000
1774000
1751000
1729000
1707000
1686000
1665000
1645000
1625000
1606000
1587000
1568000
1550000
1533000
1516000
1499000
1482000
1466000
1451000
1435000
1420000
1405000
1391000
1377000
1363000
1349000
1336000
1353000
1362000
1357000
1348000
1339000
1333000
1325000
1315000
1419000
1693000
1853000
1903000
1928000
1954000
1988000
2002000
1997000
2010000
2138000
2293000
2380000
2600000
2825000
2934000
2970000
2974000
2981000
3114000
3188000
3187000
3168000
3145000
3132000
3110000
3089000
3617000
3952000
4007000
3996000
3973000
3989000
4160000
4230000
4185000
4123000
4075000
4046000
4005000
3919000
3874000
3823000
3749000
3671000
3659000
3819000
4008000
4055000
4157000
4199000
4183000
4147000
4086000
4023000
3952000
3881000
3811000
3742000
3668000
3590000
3516000
3434000
3352000
3273000
3196000
3121000
3050000
2982000
2916000
2855000
2890000
2898000
2862000
2819000
2774000
2739000
2703000
2689000
2753000
2777000
2770000
2750000
2725000
2700000
2707000
2698000
2736000
2749000
2729000
2706000
2678000
2649000
2615000
2577000
2536000
2497000
2461000
2424000
2388000
2349000
2310000
2273000
2236000
2199000
2164000
2130000
2097000
2064000
2033000
2016000
2136000
2229000
2248000
2241000
2230000
2230000
2221000
2201000
2176000
2152000
2132000
2113000
2094000
2067000
2040000
2014000
1986000
1957000
1929000
1902000
1876000
2013000
2262000
2385000
2413000
2419000
2433000
2451000
2446000
2477000
2493000
2488000
2480000
2549000
2591000
2582000
2560000
2533000
2508000
2480000
2447000
2413000
2377000
2344000
2312000
2280000
2244000
2209000
2176000
2142000
2108000
2076000
2044000
2014000
1984000
1955000
1927000
1900000
1874000
1938000
1976000
1972000
1958000
1948000
1944000
1932000
1914000
1893000
1873000
1856000
1839000
1822000
1800000
1779000
1758000
1737000
1715000
1694000
1673000
1652000
1632000
1613000
1594000
1575000
1557000
1539000
1522000
1508000
1523000
1530000
1524000
1513000
1501000
1492000
1481000
1469000
1455000
1441000
1429000
1417000
1405000
1392000
1378000
1365000
1368000
1397000
1450000
1474000
1477000
1475000
1474000
1473000
1467000
1458000
1447000
1438000
1430000
1422000
1411000
1399000
1386000
1373000
1360000
1346000
1334000
1413000
1466000
1475000
1474000
1471000
1475000
1474000
1466000
1455000
1445000
1438000
1430000
1423000
1410000
1398000
1386000
1372000
1359000
1345000
1332000
1319000
1375000
1411000
1415000
1412000
1406000
1407000
1403000
1395000
1385000
1374000
1366000
1358000
1351000
1339000
1327000
1316000
1304000
1291000
1279000
1267000
1256000
1244000
1233000
1222000
1211000
1200000
1189000
1179000
1169000
1159000
1149000
1139000
1130000
1121000
1111000
1102000
1093000
1085000
1076000
1068000
1059000
1051000
1043000
1035000
1027000
1020000
1012000
1004000
997000
989800
982600
975500
968600
961700
954900
948300
941700
935200
928800
922500
916300
910100
905600
924100
974400
1042000
1234000
1358000
1404000
1432000
1455000
1485000
1500000
1504000
1503000
1503000
1507000
1508000
1507000
1496000
1484000
1472000
1458000
1442000
1427000
1412000
1398000
1383000
1369000
1356000
1342000
1329000
1316000
1303000
1291000
1279000
1267000
1255000
1244000
1267000
1297000
1305000
1303000
1298000
1296000
1293000
1432000
1526000
1556000
1569000
1577000
1596000
1603000
1599000
1590000
1581000
1575000
1569000
1568000
1593000
1605000
1601000
1590000
1578000
1568000
1556000
1542000
1527000
1512000
1499000
1486000
1473000
1458000
1443000
1429000
1465000
1638000
1764000
1809000
1825000
1855000
1913000
1943000
1945000
1937000
1932000
2001000
2332000
2583000
2663000
2687000
2704000
2735000
2744000
2726000
2699000
2683000
2675000
2663000
2643000
2607000
2569000
2533000
2491000
2448000
2405000
2365000
2408000
2428000
2408000
2380000
2350000
2328000
2302000
2271000
2239000
2349000
2419000
2422000
2410000
2389000
2381000
2364000
2336000
2304000
2274000
2248000
2223000
2199000
2167000
2136000
2183000
2205000
2190000
2168000
2145000
2161000
2166000
2179000
2179000
2226000
2256000
2253000
2243000
2224000
2208000
2192000
2199000
2200000
2185000
2165000
2143000
2124000
2099000
2072000
2045000
2032000
2030000
2017000
1997000
1973000
1951000
1963000
1964000
1947000
1928000
1909000
1892000
1874000
1853000
1831000
1810000
1789000
1769000
1749000
1727000
1706000
1697000
1684000
1667000
1725000
1761000
1762000
1754000
1743000
1738000
1729000
1757000
1770000
1796000
1814000
1826000
1858000
2047000
2216000
2279000
2296000
2302000
2320000
2328000
2318000
2299000
2278000
2262000
2247000
2230000
2202000
2173000
2144000
2113000
2081000
2049000
2019000
1989000
1960000
1932000
1905000
1878000
1852000
1827000
1803000
1779000
1756000
1733000
1711000
1690000
1669000
1649000
1629000
1609000
1591000
1572000
1554000
1536000
1519000
1502000
1486000
1470000
1478000
1480000
1471000
1459000
1447000
1459000
1462000
1455000
1449000
1441000
1434000
1425000
1414000
1402000
1390000
1379000
1367000
1356000
1343000
1331000
1319000
1306000
1294000
1282000
1270000
1258000
1246000
1235000
1224000
1233000
1267000
1321000
1348000
1353000
1354000
1356000
1357000
1354000
1347000
1339000
1332000
1326000
1320000
1311000
1301000
1290000
1279000
1268000
1256000
1244000
1233000
1222000
1211000
1200000
1190000
1179000
1169000
1159000
1149000
1140000
1130000
1121000
1112000
1103000
1094000
1085000
1076000
1068000
1068000
1066000
1060000
1053000
1046000
1040000
1033000
1044000
1092000
1136000
1154000
1159000
1178000
1206000
1220000
1223000
1221000
1220000
1220000
1219000
1215000
1209000
1202000
1195000
1188000
1179000
1169000
1160000
1151000
1141000
1132000
1122000
1113000
1104000
1095000
1086000
1078000
1069000
1061000
1053000
1044000
1036000
1029000
1021000
1013000
1006000
1031000
1048000
1050000
1089000
1125000
1142000
1179000
1257000
1596000
1821000
1897000
1938000
1972000
2023000
2050000
2080000
2090000
2089000
2094000
2096000
2095000
2076000
2055000
2034000
2007000
1980000
1954000
1928000
1901000
1875000
1850000
1826000
1839000
1859000
1864000
1854000
1887000
2132000
2438000
2581000
2624000
2805000
3073000
3218000
3469000
3705000
3808000
3846000
3852000
3856000
3837000
3793000
3742000
3693000
4167000
4459000
4490000
4448000
4386000
4371000
4320000
4233000
4132000
4038000
3964000
3894000
3891000
4236000
4432000
4426000
4365000
4296000
4261000
4199000
4111000
4014000
3925000
3852000
3783000
3714000
3644000
3572000
3609000
3628000
3615000
3572000
3511000
3541000
3588000
3967000
4452000
4859000
5021000
5194000
5789000
6119000
