975000
686100
658200
647100
608900
614700
611700
586600
582000
573400
571400
569400
567400
565500
563500
561600
6664000
2857000
1928000
1729000
1340000
3647000
1857000
2910000
10860000
3590000
2956000
2561000
1580000
3279000
2137000
1357000
2398000
1447000
2359000
11090000
9670000
4576000
3799000
2700000
3288000
2559000
1889000
5508000
2201000
3440000
2151000
1597000
1627000
1443000
1227000
1190000
1694000
1181000
1103000
1081000
1012000
1020000
1012000
966800
956900
3038000
1486000
1338000
1282000
1080000
1117000
1105000
975800
1586000
3747000
4633000
3362000
2250000
1865000
1613000
1520000
1366000
1158000
1025000
1975000
1206000
1132000
1102000
1002000
1017000
1009000
2447000
1327000
1203000
1161000
1015000
1040000
1030000
936500
921700
891500
886700
881900
877100
872400
867800
863200
858700
854200
849700
845300
841000
836600
832400
828100
824000
819800
815700
11770000
3688000
2940000
2667000
1639000
1851000
1814000
1161000
3113000
4251000
2027000
1780000
1517000
1288000
1333000
1199000
1014000
956000
903500
898500
893600
995000
1068000
940700
922800
904300
887300
885400
874100
859700
852500
845500
841100
836800
832500
828300
1797000
8373000
2924000
4648000
2718000
1898000
1980000
1686000
1288000
1212000
951600
931900
889200
884400
879700
874900
5938000
2196000
1847000
1718000
1239000
1335000
1315000
1010000
972200
882200
877500
872800
868100
863500
859000
854500
850000
845600
841300
837000
832700
828500
824300
820100
816000
812000
807900
804000
8e+05
796100
792200
851900
907600
2405000
1228000
1109000
1059000
909300
933100
918200
819400
803500
773200
769600
766000
762400
758900
755400
751900
748400
745000
1578000
2532000
1315000
1185000
1066000
932500
958000
900800
799200
771400
741700
738300
735000
731700
728400
1793000
7944000
2759000
2260000
1988000
1358000
1489000
2283000
1215000
1088000
946600
860700
874400
868100
812300
802700
784200
780400
776700
773000
769400
765800
1308000
903000
862700
845900
791600
799000
794000
758400
751400
738900
735500
732200
729000
725700
1442000
7961000
8901000
3845000
13800000
6393000
4330000
4043000
2577000
2244000
2072000
1332000
1184000
991800
965600
959900
954300
948700
943300
937800
932500
927200
921900
916700
911600
906500
901500
896600
891700
886800
882000
6046000
6225000
2924000
2521000
1935000
1659000
1718000
1395000
1762000
1555000
1155000
1108000
1033000
1005000
1005000
960800
928700
910300
898900
894000
1874000
2928000
1540000
1390000
1249000
1097000
1124000
1056000
939200
906100
871500
866800
862200
857700
11180000
15410000
5976000
4915000
3655000
2748000
2946000
2294000
1519000
1261000
1055000
1048000
2853000
1512000
1383000
1333000
1157000
2652000
1561000
1348000
1294000
1121000
1143000
1133000
1040000
1024000
1362000
1110000
1060000
1044000
1003000
1160000
1037000
8427000
2941000
2410000
2226000
2105000
1810000
1742000
1280000
3641000
2083000
1627000
1501000
1251000
1248000
1243000
1090000
1213000
1750000
1202000
1144000
1105000
1036000
1044000
1026000
3687000
1677000
1476000
1404000
1145000
1193000
1792000
9298000
3248000
4128000
7906000
3267000
3036000
2705000
1764000
1791000
1544000
1224000
1158000
1065000
1058000
1051000
1044000
1038000
1031000
1025000
1018000
1012000
1006000
999400
993300
987300
981400
975500
2907000
1473000
1336000
1283000
1097000
17040000
5301000
4102000
6997000
18390000
7757000
6136000
4463000
2965000
4990000
6913000
3112000
2608000
2052000
1728000
1784000
1640000
1399000
1330000
1258000
1248000
12330000
6662000
4038000
9018000
4129000
3563000
3420000
2231000
2084000
7536000
2970000
2524000
2280000
1734000
1835000
1807000
1460000
1412000
1306000
1296000
9119000
3329000
2786000
2583000
1840000
1985000
1951000
1477000
1415000
1273000
1263000
1254000
4006000
1964000
1767000
1691000
1424000
1470000
1453000
1281000
1254000
1198000
1190000
1181000
1172000
1164000
1156000
1148000
1140000
1132000
1124000
1116000
1109000
1101000
1094000
1086000
1079000
1072000
1065000
1058000
1051000
6153000
2385000
2033000
1902000
1418000
1513000
1491000
1182000
1142000
1049000
1043000
1036000
1030000
1023000
1017000
1010000
1004000
998000
992000
986000
980000
974200
968400
962700
957000
951500
945900
5568000
6118000
2877000
2489000
1954000
1670000
1729000
1438000
1167000
1057000
984700
978800
972900
1233000
1031000
1008000
995600
965300
965100
958900
937800
930800
921100
915900
910800
905700
900700
895800
890900
886000
881200
876500
871800
867200
862600
858100
853600
849100
844700
840400
836100
831800
827600
823400
819300
815200
811100
807100
803100
799200
795300
791500
787600
783800
780100
776400
772700
769100
765500
761900
758300
754800
751400
747900
744500
741100
737800
734500
731200
727900
724700
721500
718300
715100
712000
7900000
2992000
2217000
2013000
1329000
1433000
1416000
986900
913000
786000
775800
772100
768500
764900
761300
757800
754300
4315000
2325000
1614000
1482000
1463000
1227000
1203000
979500
884000
822900
807600
784300
778500
769300
765700
762100
758500
755000
751500
748100
744700
1312000
888600
846800
829600
773200
1407000
2100000
1169000
1068000
968900
870000
888000
844500
768700
747400
724700
721500
718300
715200
712100
709000
2488000
1173000
1050000
1003000
834000
866400
858100
749900
735200
702200
699200
696300
5268000
5316000
2490000
2145000
1633000
1402000
1453000
3588000
1575000
1309000
1189000
960300
4360000
12690000
4466000
3542000
2911000
1959000
2148000
1915000
2302000
10740000
4990000
3289000
2861000
1969000
2014000
1946000
1376000
1208000
1035000
1005000
999100
993000
987000
3002000
2841000
9255000
3557000
2819000
2545000
8248000
4294000
3202000
2503000
1813000
1735000
1723000
1336000
1243000
1123000
1104000
1096000
1089000
2223000
2349000
4139000
4504000
2532000
2169000
1873000
1623000
1583000
8007000
2958000
2439000
7409000
5399000
6243000
8046000
3793000
3260000
5002000
2717000
2455000
2106000
1581000
1538000
1451000
1311000
1286000
4135000
1995000
1790000
1710000
1431000
1479000
1462000
1282000
1254000
1196000
1188000
1179000
1171000
1162000
1154000
2060000
1379000
1310000
1824000
1331000
1304000
1281000
1168000
1166000
1146000
2969000
1729000
13260000
4516000
3532000
3260000
2149000
2264000
2928000
2086000
1632000
1379000
2076000
1466000
1411000
1340000
1228000
1221000
1203000
1149000
1136000
1115000
1108000
1100000
1093000
1086000
1079000
1071000
1064000
1058000
3120000
1589000
1443000
1386000
1395000
1378000
1989000
1384000
1249000
1180000
1107000
1097000
1082000
1029000
1013000
994800
987800
981800
4391000
3841000
2151000
1928000
3420000
1924000
1820000
1561000
1242000
1202000
1158000
1041000
1023000
985800
979800
974000
968200
962500
956800
951300
945700
940300
934900
929600
924300
919100
5682000
6405000
2950000
2540000
1985000
1678000
1742000
1442000
1154000
1040000
963300
957600
952000
946500
941000
935600
930300
925000
919800
914600
909500
1069000
942800
926700
917700
897500
896000
890700
1265000
972500
938700
924600
883800
887000
881400
854000
847100
836200
832000
827700
823600
819400
815300
811300
807300
803300
799300
795500
791600
3139000
1406000
1244000
1184000
960900
1004000
993400
851000
831700
788500
784700
780900
2709000
1285000
1151000
1100000
916800
951500
942400
824700
808400
772300
768700
765100
761500
758000
754500
751000
747600
744100
740800
737400
734100
1626000
1781000
1116000
2435000
1299000
1143000
1120000
930700
901000
873300
773700
761200
734400
731100
727800
724600
721400
718200
715100
712000
708900
705800
702800
699800
696800
1225000
4730000
1821000
1542000
1395000
1039000
1759000
1237000
956100
902600
773500
783200
778100
736700
729300
715300
712200
709100
706000
703000
2722000
4339000
1912000
1650000
1383000
1130000
1183000
1051000
851100
793400
737900
734600
731300
2324000
21480000
6380000
4959000
4309000
2438000
2831000
2672000
1455000
1288000
941500
936100
930700
925500
920200
915100
910000
904900
899900
895000
890100
885300
880500
875800
871100
866500
861900
857300
852900
848400
844000
839700
835400
831100
826900
822800
818600
814500
810500
806500
802500
798600
794700
790800
787000
783300
779500
775800
772100
768500
764900
761300
757800
754300
750800
747400
744000
740600
737200
733900
730600
727400
724200
721000
717800
714600
711500
708400
705400
702300
699300
2522000
1175000
1048000
1001000
827900
861200
4120000
2650000
1645000
1461000
7249000
2707000
2301000
2769000
5257000
10770000
4427000
3280000
4820000
2443000
2391000
2084000
6441000
2606000
2110000
1854000
1359000
1418000
1397000
1091000
1052000
1556000
5938000
2335000
5927000
11010000
17880000
10510000
16640000
7697000
5764000
5138000
3703000
2958000
2499000
1644000
1512000
1333000
1322000
1311000
1301000
14210000
4667000
3777000
3449000
2230000
2474000
2424000
1649000
2900000
1677000
1575000
9163000
3849000
7203000
3876000
2775000
2760000
2320000
1939000
1838000
1447000
1401000
5259000
5331000
3236000
2637000
10650000
6176000
4113000
3522000
2462000
2321000
2270000
1744000
2396000
1609000
1507000
1476000
1386000
1392000
9569000
3465000
2891000
2665000
1888000
2039000
2003000
1677000
1488000
1328000
1314000
1288000
8390000
4501000
2991000
2712000
2001000
2004000
1999000
3581000
2919000
1934000
1786000
1564000
1504000
1508000
1376000
1296000
1247000
1221000
1212000
10630000
3672000
3023000
2783000
1893000
2070000
2033000
1466000
5580000
2329000
2036000
1925000
1525000
1599000
1577000
1321000
7756000
17350000
6246000
5096000
4126000
2893000
3149000
11580000
9385000
4690000
3861000
2891000
2562000
2627000
2074000
1693000
1497000
1396000
1385000
1373000
1361000
1350000
1339000
1328000
1317000
1906000
1453000
1402000
1377000
1311000
1313000
1302000
1257000
1243000
1224000
1215000
1922000
1386000
1329000
5421000
2529000
2640000
2119000
14380000
8207000
4912000
4140000
2820000
2661000
2668000
2963000
2240000
1659000
1544000
1424000
1402000
1396000
1321000
1283000
1253000
1238000
1228000
1219000
1210000
1201000
1192000
3110000
10810000
14380000
18860000
11360000
7450000
6400000
7030000
4679000
3780000
2761000
3289000
5923000
2937000
2484000
6643000
3014000
2768000
2561000
4691000
3011000
2474000
2108000
1797000
4118000
2344000
2003000
1893000
1608000
1637000
1617000
1464000
1436000
1384000
1372000
4162000
7039000
4463000
5559000
14990000
7227000
5220000
4432000
3019000
2935000
2679000
5238000
12120000
6258000
4299000
10180000
4476000
4429000
3779000
2536000
2427000
2185000
1763000
1704000
1556000
1539000
1519000
1505000
1491000
1477000
1464000
1451000
1438000
1426000
1413000
1401000
1389000
1377000
1366000
1354000
1343000
1332000
1321000
1311000
1300000
1290000
2168000
1505000
1435000
5930000
4481000
2720000
2462000
1928000
1817000
1818000
1534000
1377000
1279000
1236000
1227000
5543000
2349000
2047000
1933000
1520000
1597000
1576000
1311000
1274000
1193000
1184000
1175000
1167000
1159000
1151000
1142000
1134000
1127000
1119000
1111000
1104000
1096000
1089000
1082000
1075000
1068000
1061000
1054000
1047000
1040000
1034000
1027000
1021000
1014000
1008000
1002000
995900
989800
983800
977900
972100
966400
5135000
2053000
1765000
1657000
1261000
1338000
1320000
1068000
9962000
16060000
6054000
4965000
3813000
2792000
3011000
2438000
1617000
2783000
7863000
6491000
4020000
12360000
8890000
5070000
4478000
3121000
2649000
8431000
3448000
2727000
2389000
1758000
1864000
1835000
2390000
22970000
7082000
5599000
4979000
2992000
3398000
9767000
3695000
3084000
2553000
1932000
2047000
2015000
1617000
3293000
1894000
1763000
1708000
4110000
9586000
8136000
4387000
8295000
4096000
3517000
3298000
2386000
2126000
1948000
1590000
1546000
1455000
1443000
1430000
1417000
1405000
1393000
1381000
1370000
1358000
1347000
1336000
1325000
1314000
6850000
2746000
2358000
2211000
1682000
1781000
2034000
2882000
6349000
2780000
2990000
2308000
1858000
1903000
3748000
1985000
5352000
2549000
2104000
2037000
1687000
1629000
1595000
1341000
1307000
1238000
1229000
1219000
1210000
1201000
1193000
1184000
1175000
1167000
1159000
1151000
1143000
1135000
1127000
2579000
9192000
4403000
3116000
2718000
1997000
2046000
1948000
1473000
1332000
1187000
1163000
1154000
1146000
1141000
1131000
1123000
1115000
1108000
1100000
1093000
1085000
11820000
12150000
5333000
4503000
3291000
2725000
2847000
2179000
4766000
2472000
1911000
1807000
5423000
2671000
2309000
2009000
1594000
1597000
1574000
1332000
1290000
1215000
1204000
1195000
1186000
1178000
1169000
1161000
1153000
1145000
1137000
1129000
1121000
1113000
1106000
1098000
1091000
1084000
9685000
3341000
2751000
2535000
2169000
2005000
1942000
1416000
1310000
1166000
1157000
1123000
1113000
1098000
1091000
1083000
1076000
1069000
1062000
1055000
1049000
1042000
1035000
1029000
2346000
1364000
1268000
1408000
2209000
3597000
2145000
1704000
1526000
1310000
1312000
1240000
1096000
1044000
1e+06
990200
984200
978300
972500
966700
961000
4280000
4350000
5240000
2785000
2205000
1957000
1713000
1562000
1376000
1121000
1053000
996400
990300
984400
978400
972600
966800
961100
955500
949900
4099000
8978000
3447000
2876000
2400000
1783000
1911000
1697000
1244000
1137000
1010000
1003000
997400
991300
985300
979400
973500
967800
962000
956400
950800
1127000
9284000
3153000
2580000
2355000
1578000
1736000
1695000
1198000
1134000
988400
982400
976600
970700
965000
959300
953700
948200
942700
937300
931900
926600
921400
916200
911100
906000
901000
896100
891200
886300
881500
876800
872100
867500
862900
1434000
1006000
1037000
962600
899200
904300
891200
854400
846000
827700
823000
817700
813600
809600
805600
801600
797700
793800
790000
786100
782400
778600
774900
771300
767700
764100
760500
1584000
1916000
3390000
5468000
6273000
15500000
5765000
4459000
3797000
2541000
2516000
2183000
1351000
1198000
982900
977000
971100
965400
959700
954100
948500
943100
937600
932300
927000
921700
916600
911400
906400
901400
896400
891500
886700
881900
877100
872400
867800
863200
6278000
3608000
2253000
2025000
1481000
1459000
1464000
12170000
3917000
3390000
2852000
1793000
1998000
1929000
1278000
1198000
987900
979900
968600
1480000
3650000
1725000
1533000
1417000
1183000
1226000
1183000
1023000
991500
943100
937600
932300
927000
921700
916600
911400
4977000
11730000
5494000
3970000
3150000
3285000
4016000
2637000
1905000
1564000
1263000
5074000
16130000
7228000
4886000
4041000
2765000
2860000
2619000
1757000
1700000
1752000
1532000
1362000
1311000
1259000
1243000
1225000
1187000
1163000
1146000
1135000
5269000
2213000
1926000
1818000
1424000
1498000
1479000
1226000
1191000
8200000
2977000
2491000
2311000
1642000
1775000
1747000
1321000
1266000
1139000
1131000
1123000
1116000
1108000
1101000
5502000
2250000
1944000
1830000
1411000
3279000
2114000
3124000
2002000
4741000
2384000
2017000
1848000
1521000
1455000
1614000
2758000
1896000
1515000
1433000
1282000
1277000
1259000
1161000
1123000
2275000
2194000
1514000
1424000
1287000
1228000
3382000
1721000
1513000
1568000
1245000
1271000
1255000
1109000
1090000
1047000
1033000
1025000
1017000
1010000
1004000
2060000
1271000
1193000
6338000
2419000
2084000
1948000
1396000
1486000
1446000
4369000
1946000
3645000
2341000
2405000
3359000
11480000
6368000
4009000
3328000
2383000
2281000
2192000
1597000
1374000
1193000
1148000
1140000
1132000
1124000
1117000
1109000
1102000
1094000
1087000
1080000
1073000
1066000
1059000
1052000
1045000
1038000
1032000
1025000
1019000
1013000
1006000
1e+06
994100
988100
982200
976300
970500
3985000
1754000
1543000
1464000
1176000
1230000
1215000
1429000
3363000
1620000
1451000
1354000
1146000
3365000
1721000
1432000
1886000
1245000
1247000
1221000
1037000
1028000
984300
947300
938500
924200
919000
913900
908800
903700
898800
893800
889000
884200
879400
874700
1228000
5037000
4594000
5553000
2908000
2251000
2006000
1723000
1530000
1329000
1051000
981100
922800
917600
912400
907400
902300
897400
892500
887600
882800
878100
873400
868700
864100
859500
855000
850600
2549000
1289000
1169000
1123000
959400
988800
979400
874500
859000
826200
822000
817900
3841000
1608000
1399000
1321000
1034000
1090000
1077000
3392000
5686000
3985000
2465000
2017000
3327000
3042000
2026000
1642000
1290000
1141000
1125000
1017000
939400
899300
877000
872300
867700
863100
858600
854100
849600
845200
1287000
954900
920500
905500
859700
864500
859100
828600
821600
810100
806100
802100
798200
794300
790500
2104000
5387000
2221000
1852000
5758000
3132000
2460000
4885000
6645000
21690000
7685000
5684000
4772000
3023000
3177000
2832000
3224000
1850000
1423000
1374000
1220000
1244000
1232000
1131000
1114000
1080000
1073000
1066000
1059000
1052000
1045000
1039000
1032000
4540000
2958000
2391000
1919000
4313000
14110000
12080000
5893000
4817000
10430000
9890000
5597000
12100000
8157000
4737000
4282000
3038000
2542000
2417000
1850000
1603000
1440000
19430000
6103000
4864000
4409000
2708000
3052000
2985000
1904000
1771000
1455000
1442000
1429000
3958000
15390000
5630000
4469000
3876000
2662000
2881000
2683000
1864000
1706000
1467000
1450000
1437000
1424000
2450000
1672000
6252000
3762000
3815000
2752000
2195000
5507000
4630000
16020000
13540000
12030000
7009000
9090000
16660000
7703000
14500000
