691700
689800
687400
684700
682100
679500
676800
674300
671700
669100
666600
664100
661600
659200
656700
654300
677800
719900
748300
760800
764600
776100
796000
814400
915400
992500
1043000
1061000
1064000
1075000
1087000
1091000
1101000
1111000
1125000
1243000
1414000
1516000
1564000
1574000
1582000
1580000
1573000
1620000
1651000
1686000
1700000
1697000
1686000
1672000
1657000
1641000
1634000
1625000
1613000
1600000
1586000
1571000
1558000
1544000
1531000
1544000
1549000
1547000
1538000
1526000
1513000
1500000
1488000
1479000
1508000
1563000
1612000
1634000
1635000
1626000
1613000
1598000
1584000
1570000
1567000
1560000
1551000
1539000
1526000
1513000
1500000
1508000
1508000
1504000
1494000
1483000
1470000
1458000
1446000
1435000
1423000
1412000
1400000
1389000
1379000
1368000
1357000
1347000
1337000
1327000
1317000
1307000
1297000
1288000
1278000
1269000
1260000
1251000
1357000
1410000
1446000
1452000
1447000
1437000
1426000
1415000
1420000
1458000
1477000
1483000
1477000
1467000
1456000
1444000
1433000
1421000
1410000
1398000
1387000
1377000
1366000
1355000
1345000
1335000
1325000
1315000
1305000
1296000
1286000
1277000
1268000
1259000
1250000
1241000
1232000
1302000
1343000
1399000
1419000
1425000
1419000
1410000
1400000
1389000
1378000
1367000
1357000
1346000
1336000
1326000
1368000
1383000
1391000
1387000
1379000
1369000
1358000
1348000
1338000
1328000
1318000
1308000
1298000
1289000
1280000
1270000
1261000
1252000
1244000
1235000
1226000
1218000
1209000
1201000
1193000
1185000
1177000
1169000
1162000
1154000
1146000
1139000
1132000
1124000
1117000
1110000
1103000
1097000
1090000
1083000
1076000
1070000
1063000
1057000
1051000
1045000
1038000
1032000
1026000
1020000
1014000
1009000
1005000
1002000
997800
992800
987500
982000
976600
971200
965900
960700
955500
950300
945200
940200
935200
985300
1033000
1061000
1070000
1069000
1064000
1059000
1053000
1047000
1041000
1035000
1029000
1023000
1017000
1012000
1006000
1e+06
994400
988900
983300
977900
972500
967200
961900
956700
951500
946400
941400
936400
931400
926500
921700
916900
912100
907400
902800
945100
1030000
1105000
1264000
1380000
1447000
1469000
1469000
1461000
1450000
1438000
1427000
1415000
1404000
1393000
1382000
1371000
1361000
1350000
1340000
1330000
1320000
1310000
1300000
1291000
1281000
1272000
1263000
1254000
1245000
1261000
1331000
1361000
1377000
1376000
1369000
1359000
1349000
1345000
1343000
1338000
1330000
1321000
1312000
1302000
1293000
1283000
1274000
1265000
1256000
1252000
1270000
1279000
1281000
1275000
1268000
1259000
1250000
1242000
1233000
1224000
1216000
1208000
1199000
1315000
1558000
1732000
1823000
1846000
1841000
1826000
1808000
1790000
1772000
1755000
1737000
1745000
1750000
1745000
1732000
1717000
1721000
1723000
1716000
1703000
1688000
1672000
1657000
1641000
1626000
1616000
1605000
1593000
1580000
1566000
1555000
1543000
1637000
1707000
1740000
1743000
1740000
1732000
1719000
1704000
1724000
1744000
1749000
1741000
1727000
1711000
1695000
1679000
1665000
1662000
1656000
1646000
1632000
1618000
1603000
1589000
1613000
1627000
1629000
1620000
1608000
1594000
1588000
1697000
1784000
1846000
1995000
2041000
2060000
2050000
2031000
2009000
1987000
1965000
1943000
1922000
1901000
1881000
1861000
1841000
1822000
1803000
1785000
1767000
1750000
1732000
1716000
1699000
1683000
1667000
1661000
1653000
1643000
1629000
1615000
1888000
2035000
2127000
2231000
2611000
2833000
2936000
2939000
2906000
2904000
3014000
3013000
2994000
2951000
2905000
2858000
2813000
2768000
2725000
2684000
2643000
2875000
3062000
3110000
3307000
3315000
3300000
3250000
3195000
3138000
3286000
3272000
3250000
3199000
3145000
3090000
3037000
2985000
2935000
2887000
2840000
2975000
3e+06
2996000
2959000
2914000
2868000
2822000
2777000
2734000
2692000
2651000
2612000
2616000
2605000
2581000
2548000
2513000
2478000
2444000
2410000
2377000
2346000
2315000
2285000
2255000
2227000
2199000
2172000
2145000
2119000
2094000
2069000
2045000
2022000
1999000
1976000
1954000
1933000
1912000
1891000
1871000
1860000
1849000
1834000
1817000
1799000
1781000
1763000
1746000
1729000
1712000
1695000
1679000
1663000
1648000
1632000
1617000
1603000
1588000
1574000
1560000
1546000
1533000
1520000
1507000
1494000
1481000
1469000
1480000
1540000
1576000
1590000
1586000
1576000
1563000
1549000
1536000
1523000
1509000
1497000
1484000
1472000
1459000
1447000
1436000
1424000
1413000
1401000
1390000
1379000
1369000
1358000
1348000
1338000
1327000
1318000
1308000
1298000
1289000
1279000
1270000
1261000
1252000
1243000
1234000
1226000
1217000
1209000
1201000
1193000
1185000
1177000
1169000
1161000
1154000
1146000
1139000
1131000
1124000
1117000
1110000
1103000
1096000
1089000
1083000
1076000
1070000
1063000
1057000
1050000
1044000
1038000
1032000
1026000
1020000
1014000
1008000
1003000
997000
991400
985900
980400
975000
1004000
1036000
1055000
1061000
1059000
1054000
1048000
1042000
1036000
1030000
1024000
1018000
1012000
1006000
1001000
995100
989500
1001000
1019000
1030000
1032000
1032000
1029000
1025000
1020000
1014000
1008000
1003000
997000
991400
985900
980400
975000
969600
964300
959100
953900
948800
943700
938700
933700
928800
923900
919100
924500
928200
928900
926500
922500
918000
913400
908700
904100
899500
894900
890400
885900
881500
877100
884500
889100
890700
888900
885500
881400
877100
872800
868500
864300
860100
855900
891300
949600
996600
1020000
1026000
1025000
1020000
1037000
1055000
1063000
1063000
1058000
1081000
1221000
1327000
1389000
1408000
1407000
1399000
1389000
1393000
1525000
1627000
1691000
1708000
1703000
1691000
1676000
1660000
1645000
1630000
1615000
1600000
1586000
1571000
1583000
1608000
1728000
1822000
1863000
1867000
1999000
2063000
2092000
2088000
2071000
2049000
2026000
2003000
1980000
1958000
1937000
1916000
1895000
1889000
1897000
1960000
2037000
2057000
2057000
2041000
2020000
1998000
2152000
2186000
2206000
2327000
2425000
2535000
2665000
2722000
2724000
2743000
2739000
2714000
2679000
2640000
2601000
2563000
2527000
2491000
2526000
2530000
2517000
2489000
2456000
2423000
2390000
2358000
2327000
2296000
2267000
2238000
2210000
2182000
2155000
2144000
2124000
2103000
2093000
2074000
2053000
2031000
2008000
1985000
1963000
1988000
1982000
2263000
2351000
2407000
2402000
2379000
2350000
2335000
2323000
2302000
2277000
2270000
2250000
2227000
2201000
2174000
2148000
2122000
2097000
2072000
2048000
2024000
2001000
1979000
1957000
1935000
1914000
1894000
1873000
1864000
1856000
1842000
1825000
1807000
1790000
1783000
1776000
1765000
1749000
1733000
1716000
1700000
1684000
1668000
1652000
1637000
1622000
1632000
1666000
1686000
1687000
1703000
1711000
1707000
1696000
1681000
1665000
1650000
1635000
1620000
1605000
1590000
1576000
1562000
1548000
1535000
1522000
1509000
1496000
1483000
1471000
1459000
1447000
1464000
1531000
1571000
1588000
1585000
1575000
1562000
1548000
1535000
1522000
1509000
1496000
1483000
1471000
1459000
1447000
1435000
1423000
1412000
1401000
1390000
1379000
1368000
1358000
1347000
1337000
1327000
1317000
1307000
1298000
1288000
1279000
1270000
1260000
1252000
1243000
1234000
1225000
1217000
1209000
1200000
1192000
1184000
1176000
1169000
1161000
1153000
1146000
1138000
1131000
1124000
1117000
1110000
1103000
1096000
1089000
1082000
1076000
1069000
1063000
1056000
1053000
1049000
1044000
1039000
1033000
1027000
1021000
1015000
1009000
1004000
997900
992300
986700
981200
975800
970400
965100
959900
954700
949500
944400
939400
934400
929500
932000
933400
932500
929300
925100
920500
915800
911100
906400
901800
897200
892700
888200
883700
879300
875000
870600
866400
862100
857900
853800
849700
845600
872100
890400
902000
904300
902400
902600
901300
898800
895200
891000
886700
882300
877900
873500
869200
865000
860800
856600
852400
853100
881600
902000
914000
916500
914500
910700
906400
901800
897300
892800
888300
883800
883500
1061000
1215000
1326000
1367000
1376000
1371000
1363000
1353000
1343000
1333000
1323000
1313000
1303000
1293000
1284000
1275000
1266000
1257000
1248000
1239000
1230000
1222000
1213000
1205000
1197000
1189000
1181000
1173000
1165000
1157000
1150000
1142000
1135000
1128000
1121000
1114000
1107000
1100000
1093000
1086000
1080000
1073000
1066000
1060000
1054000
1047000
1041000
1035000
1029000
1023000
1017000
1011000
1006000
999900
994300
988700
983200
977700
972300
967000
961700
956500
951400
946200
941200
936200
931300
926400
921500
916700
912000
907300
902700
898100
893500
889000
911400
938600
957400
964300
1018000
1070000
1099000
1115000
1152000
1292000
1375000
1422000
1463000
1478000
1481000
1474000
1537000
1574000
1591000
1589000
1578000
1566000
1552000
1539000
1525000
1520000
1581000
1621000
1695000
1901000
2325000
2590000
3061000
3185000
3230000
3198000
3149000
3096000
3043000
2991000
2941000
2892000
2845000
2800000
2756000
3111000
3196000
3237000
3205000
3157000
3103000
3050000
2997000
2994000
2953000
2912000
3127000
3163000
3327000
3323000
3298000
3245000
3189000
3133000
3078000
3025000
2974000
3056000
3148000
3156000
3130000
3410000
3507000
3530000
3492000
3434000
3370000
3307000
3246000
3212000
3159000
3108000
3055000
3003000
2952000
3191000
3203000
3203000
3159000
3108000
3055000
3003000
2953000
2904000
2857000
2811000
2766000
2905000
3003000
3015000
2990000
2947000
2900000
2853000
2845000
2851000
2836000
2804000
2764000
2722000
2680000
2640000
2601000
2563000
2526000
2490000
2656000
2747000
2775000
2756000
2721000
2681000
2641000
2602000
2654000
2673000
2664000
2635000
2599000
2561000
2525000
2489000
2588000
3086000
3244000
3318000
3293000
3244000
3188000
3462000
3686000
3756000
3740000
3679000
3608000
3537000
3467000
3400000
3335000
3273000
3213000
3155000
3099000
3045000
2993000
2943000
2894000
2847000
2802000
2758000
2715000
2674000
2634000
2595000
2557000
2520000
2484000
2450000
2416000
2383000
2351000
2381000
2386000
2389000
2372000
2617000
2860000
2961000
2974000
2943000
2899000
2853000
2807000
2770000
2732000
2692000
2653000
2613000
2575000
2538000
2502000
2467000
2432000
2399000
2367000
2335000
2305000
2275000
2260000
2452000
2797000
3459000
3764000
3896000
3905000
3939000
3903000
3841000
3765000
3729000
3813000
3801000
3756000
3847000
3835000
3791000
3721000
3743000
3717000
3667000
3601000
3530000
3538000
3493000
3441000
3378000
3315000
3254000
3195000
3138000
3082000
3029000
2978000
2943000
3078000
3122000
3208000
3638000
3791000
3842000
3801000
3732000
3657000
3583000
3632000
3967000
4133000
4171000
4382000
4427000
4402000
4322000
4226000
4129000
4034000
3943000
3856000
3773000
3693000
3617000
3543000
3473000
3406000
3341000
3278000
3218000
3160000
3104000
3050000
2998000
2947000
2899000
2851000
2806000
2762000
2719000
2677000
2637000
2598000
2560000
2523000
2488000
2472000
2492000
2487000
2468000
2439000
2407000
2375000
2343000
2312000
2282000
2253000
2224000
2272000
2275000
2267000
2245000
2219000
2192000
2165000
2139000
2113000
2088000
2064000
2040000
2016000
1993000
1971000
1949000
1928000
1907000
1886000
1866000
1847000
1828000
1809000
1790000
1772000
1755000
1737000
1720000
1704000
1687000
1671000
1656000
1640000
1625000
1610000
1596000
1581000
1567000
1553000
1540000
1526000
1513000
1537000
1548000
1550000
1542000
1531000
1518000
1505000
1493000
1607000
1936000
2109000
2201000
2215000
2201000
2178000
2152000
2126000
2137000
2285000
2417000
2493000
2705000
2963000
3034000
3040000
3003000
2957000
3118000
3114000
3101000
3056000
3007000
2958000
2909000
2880000
3626000
3809000
3918000
3881000
3813000
3736000
3905000
3927000
3901000
3832000
3754000
3676000
3601000
3528000
3523000
3474000
3420000
3357000
3393000
3637000
3840000
3895000
4044000
4056000
4013000
3936000
3853000
3771000
3691000
3615000
3542000
3472000
3404000
3339000
3277000
3216000
3158000
3103000
3049000
2996000
2946000
2897000
2850000
2805000
2874000
2900000
2891000
2857000
2814000
2771000
2732000
2726000
2808000
2850000
2858000
2836000
2800000
2758000
2761000
2751000
2804000
2825000
2811000
2777000
2736000
2695000
2654000
2615000
2576000
2539000
2503000
2468000
2434000
2400000
2368000
2336000
2306000
2276000
2247000
2218000
2191000
2164000
2137000
2131000
2310000
2397000
2440000
2434000
2410000
2380000
2349000
2318000
2288000
2259000
2230000
2202000
2175000
2148000
2122000
2097000
2072000
2048000
2024000
2001000
1979000
2197000
2450000
2594000
2643000
2634000
2604000
2568000
2531000
2557000
2564000
2552000
2525000
2585000
2608000
2603000
2577000
2543000
2507000
2472000
2438000
2405000
2372000
2341000
2310000
2280000
2251000
2222000
2194000
2167000
2141000
2115000
2090000
2065000
2041000
2018000
1995000
1973000
1951000
2067000
2086000
2097000
2082000
2070000
2050000
2029000
2007000
1984000
1962000
1941000
1919000
1899000
1878000
1859000
1839000
1820000
1801000
1783000
1765000
1748000
1731000
1714000
1697000
1681000
1665000
1649000
1634000
1622000
1640000
1654000
1656000
1647000
1635000
1620000
1606000
1591000
1577000
1563000
1549000
1536000
1522000
1509000
1496000
1484000
1490000
1526000
1588000
1624000
1635000
1630000
1618000
1604000
1590000
1576000
1562000
1548000
1535000
1521000
1508000
1496000
1483000
1471000
1458000
1446000
1435000
1527000
1583000
1613000
1615000
1607000
1594000
1580000
1566000
1552000
1539000
1526000
1512000
1500000
1487000
1474000
1462000
1450000
1438000
1427000
1415000
1404000
1473000
1509000
1528000
1527000
1518000
1507000
1494000
1482000
1469000
1457000
1445000
1433000
1422000
1411000
1399000
1388000
1377000
1367000
1356000
1346000
1336000
1326000
1316000
1306000
1296000
1287000
1278000
1268000
1259000
1250000
1242000
1233000
1224000
1216000
1207000
1199000
1191000
1183000
1175000
1167000
1160000
1152000
1145000
1137000
1130000
1123000
1116000
1109000
1102000
1095000
1088000
1082000
1075000
1068000
1062000
1056000
1049000
1043000
1037000
1031000
1025000
1019000
1014000
1030000
1079000
1152000
1382000
1507000
1584000
1604000
1602000
1592000
1578000
1565000
1551000
1538000
1524000
1511000
1498000
1486000
1473000
1461000
1449000
1437000
1425000
1414000
1403000
1392000
1381000
1370000
1359000
1349000
1339000
1329000
1319000
1309000
1299000
1290000
1280000
1316000
1345000
1360000
1362000
1357000
1348000
1338000
1487000
1570000
1628000
1642000
1639000
1627000
1613000
1599000
1585000
1570000
1557000
1543000
1534000
1561000
1575000
1578000
1570000
1558000
1545000
1532000
1519000
1506000
1493000
1481000
1468000
1456000
1444000
1432000
1421000
1466000
1629000
1768000
1848000
1870000
1880000
1902000
1911000
1905000
1889000
1871000
1925000
2288000
2471000
2580000
2595000
2576000
2543000
2508000
2473000
2442000
2423000
2402000
2376000
2347000
2317000
2287000
2257000
2229000
2201000
2174000
2147000
2228000
2243000
2245000
2226000
2201000
2175000
2148000
2122000
2097000
2256000
2301000
2323000
2310000
2285000
2257000
2229000
2201000
2174000
2148000
2122000
2096000
2072000
2048000
2024000
2110000
2120000
2123000
2106000
2084000
2107000
2103000
2132000
2129000
2201000
2212000
2209000
2189000
2165000
2139000
2117000
2134000
2132000
2120000
2100000
2077000
2053000
2030000
2006000
1984000
1985000
1990000
1979000
1964000
1944000
1924000
1945000
1945000
1937000
1922000
1905000
1885000
1866000
1846000
1827000
1808000
1790000
1772000
1754000
1737000
1720000
1714000
1707000
1695000
1754000
1804000
1822000
1817000
1803000
1786000
1768000
1789000
1808000
1837000
1859000
1871000
1890000
2143000
2277000
2351000
2360000
2343000
2316000
2287000
2258000
2230000
2202000
2175000
2148000
2122000
2097000
2072000
2048000
2024000
2001000
1979000
1957000
1935000
1914000
1894000
1873000
1854000
1834000
1815000
1797000
1779000
1761000
1743000
1726000
1710000
1693000
1677000
1661000
1646000
1630000
1615000
1601000
1586000
1572000
1558000
1544000
1531000
1545000
1550000
1547000
1538000
1526000
1537000
1540000
1537000
1532000
1524000
1513000
1501000
1489000
1476000
1464000
1452000
1440000
1428000
1417000
1406000
1394000
1383000
1373000
1362000
1352000
1341000
1331000
1321000
1311000
1328000
1367000
1431000
1464000
1476000
1473000
1464000
1453000
1441000
1430000
1418000
1407000
1396000
1385000
1374000
1363000
1353000
1342000
1332000
1322000
1312000
1303000
1293000
1284000
1274000
1265000
1256000
1247000
1239000
1230000
1221000
1213000
1205000
1197000
1189000
1181000
1173000
1165000
1157000
1156000
1156000
1153000
1147000
1140000
1133000
1126000
1133000
1175000
1234000
1268000
1279000
1299000
1316000
1321000
1320000
1313000
1304000
1295000
1286000
1276000
1267000
1258000
1249000
1241000
1232000
1223000
1215000
1207000
1198000
1190000
1182000
1174000
1167000
1159000
1151000
1144000
1136000
1129000
1122000
1115000
1108000
1101000
1094000
1087000
1081000
1100000
1125000
1136000
1168000
1210000
1235000
1276000
1359000
1670000
1883000
2008000
2041000
2037000
2019000
1998000
2011000
1999000
1985000
1966000
1945000
1924000
1903000
1883000
1863000
1843000
1824000
1805000
1787000
1769000
1752000
1734000
1717000
1735000
1763000
1782000
1784000
1814000
2106000
2378000
2529000
2580000
2726000
2958000
3023000
3328000
3471000
3505000
3476000
3419000
3357000
3295000
3234000
3176000
3119000
3746000
3889000
3962000
3915000
3842000
3762000
3684000
3608000
3535000
3465000
3398000
3333000
3359000
3829000
3971000
4014000
3960000
3883000
3801000
3721000
3643000
3569000
3498000
3429000
3363000
3300000
3270000
3218000
3344000
3365000
3394000
3358000
3309000
3381000
3421000
3908000
4398000
4921000
4961000
5157000
5758000
5824000
6276000
