528100
527000
525800
524300
522700
521000
519200
517400
515700
513900
512200
510400
508700
507000
505300
503600
658100
615200
620700
611300
618800
683500
657800
701400
1061000
909000
935800
907100
915400
989800
952800
944500
989800
974300
1025000
1471000
1640000
1496000
1480000
1455000
1524000
1478000
1451000
1682000
1559000
1666000
1591000
1590000
1573000
1554000
1537000
1518000
1538000
1508000
1496000
1479000
1466000
1452000
1437000
1423000
1410000
1520000
1452000
1448000
1426000
1417000
1406000
1390000
1375000
1389000
1532000
1629000
1615000
1575000
1559000
1547000
1533000
1513000
1493000
1477000
1515000
1478000
1468000
1450000
1438000
1426000
1411000
1488000
1434000
1428000
1408000
1398000
1387000
1372000
1358000
1346000
1334000
1322000
1311000
1299000
1288000
1277000
1266000
1256000
1246000
1235000
1225000
1215000
1206000
1196000
1187000
1177000
1168000
1159000
1784000
1476000
1507000
1445000
1450000
1448000
1417000
1394000
1475000
1597000
1513000
1506000
1482000
1476000
1463000
1443000
1426000
1412000
1399000
1386000
1373000
1361000
1349000
1337000
1325000
1313000
1302000
1291000
1280000
1269000
1259000
1248000
1238000
1228000
1218000
1208000
1211000
1665000
1435000
1595000
1485000
1495000
1480000
1457000
1438000
1420000
1404000
1391000
1378000
1366000
1353000
1341000
1600000
1466000
1473000
1440000
1435000
1427000
1406000
1389000
1376000
1363000
1351000
1339000
1327000
1316000
1304000
1293000
1282000
1271000
1260000
1250000
1240000
1230000
1220000
1210000
1200000
1191000
1181000
1172000
1163000
1154000
1145000
1137000
1128000
1176000
1145000
1142000
1130000
1124000
1117000
1107000
1099000
1090000
1083000
1075000
1067000
1060000
1052000
1045000
1038000
1031000
1024000
1017000
1080000
1047000
1046000
1036000
1031000
1026000
1018000
1010000
1003000
996600
990100
983600
977200
970900
976600
1302000
1167000
1188000
1160000
1164000
1164000
1179000
1151000
1143000
1132000
1125000
1117000
1108000
1099000
1091000
1083000
1076000
1068000
1060000
1053000
1046000
1038000
1031000
1024000
1017000
1011000
1004000
997200
990700
984200
977800
971500
965300
959100
953100
947100
1237000
1537000
1358000
1996000
1810000
1816000
1766000
1745000
1736000
1703000
1672000
1650000
1632000
1614000
1597000
1580000
1564000
1548000
1532000
1517000
1501000
1487000
1472000
1458000
1444000
1430000
1417000
1403000
1390000
1378000
1607000
1738000
1638000
1626000
1601000
1598000
1581000
1555000
1567000
1561000
1538000
1523000
1507000
1494000
1479000
1464000
1449000
1435000
1422000
1408000
1444000
1522000
1463000
1454000
1434000
1425000
1413000
1396000
1381000
1368000
1356000
1344000
1332000
1320000
1953000
2804000
2285000
2290000
2191000
2207000
2180000
2108000
2059000
2027000
2e+06
1974000
2127000
2013000
1999000
1958000
1938000
2064000
1961000
1942000
1905000
1885000
1864000
1837000
1812000
1790000
1804000
1768000
1748000
1725000
1706000
1697000
1674000
2318000
1979000
2e+06
1924000
1977000
1935000
1895000
1856000
2084000
1974000
1944000
1900000
1880000
1861000
1832000
1804000
1798000
1841000
1783000
1765000
1739000
1721000
1702000
1681000
1844000
1749000
1745000
1713000
1701000
1686000
1699000
2409000
2031000
2206000
2571000
2329000
2333000
2243000
2216000
2187000
2139000
2101000
2070000
2042000
2015000
1988000
1962000
1937000
1912000
1888000
1864000
1842000
1819000
1797000
1776000
1755000
1735000
1715000
1774000
1726000
1714000
1691000
1676000
3123000
2407000
2475000
2663000
4432000
3577000
3537000
3308000
3290000
3498000
3715000
3402000
3335000
3235000
3185000
3120000
3040000
2971000
2912000
2856000
2803000
4149000
3708000
3575000
4095000
3742000
3727000
3558000
3465000
3392000
3992000
3578000
3545000
3415000
3360000
3300000
3211000
3133000
3066000
3004000
2945000
3784000
3275000
3267000
3128000
3089000
3042000
2955000
2884000
2826000
2774000
2723000
2675000
2911000
2725000
2696000
2627000
2590000
2551000
2500000
2455000
2414000
2376000
2339000
2303000
2268000
2234000
2202000
2170000
2139000
2109000
2079000
2051000
2023000
1996000
1970000
1945000
1920000
1896000
1872000
1849000
1826000
2125000
1940000
1935000
1884000
1870000
1851000
1819000
1792000
1770000
1749000
1729000
1709000
1690000
1671000
1653000
1635000
1617000
1600000
1583000
1567000
1551000
1535000
1519000
1504000
1489000
1475000
1460000
1663000
1805000
1708000
1697000
1672000
1667000
1650000
1624000
1602000
1585000
1568000
1552000
1536000
1521000
1505000
1490000
1476000
1461000
1447000
1434000
1420000
1407000
1394000
1381000
1368000
1356000
1344000
1332000
1320000
1309000
1298000
1286000
1276000
1265000
1254000
1244000
1234000
1224000
1214000
1204000
1195000
1185000
1176000
1167000
1158000
1149000
1140000
1132000
1123000
1115000
1107000
1099000
1091000
1083000
1075000
1068000
1060000
1053000
1045000
1038000
1031000
1024000
1017000
1010000
1004000
996900
990300
983800
977500
971200
964900
958800
952700
946700
940800
1201000
1114000
1125000
1105000
1106000
1106000
1094000
1082000
1073000
1066000
1058000
1051000
1043000
1036000
1029000
1022000
1015000
1137000
1114000
1109000
1097000
1107000
1099000
1091000
1080000
1072000
1065000
1057000
1050000
1042000
1035000
1028000
1021000
1014000
1008000
1001000
994200
987700
981300
974900
968700
962500
956400
973200
1013000
987700
984900
976200
972500
967200
959500
952600
946500
940600
934700
929000
923300
917700
912100
978100
943400
943700
933500
930200
926200
918900
912300
906600
901200
895800
890500
1094000
1168000
1122000
1117000
1109000
1112000
1104000
1224000
1160000
1162000
1146000
1142000
1370000
1933000
1638000
1653000
1596000
1605000
1596000
1558000
1596000
2306000
2088000
2044000
1975000
1963000
1955000
1911000
1871000
1843000
1821000
1799000
1777000
1757000
1736000
1876000
1917000
2604000
2198000
2212000
2127000
2767000
2517000
2471000
2379000
2355000
2334000
2283000
2237000
2201000
2169000
2138000
2108000
2079000
2157000
2177000
2372000
2458000
2339000
2303000
2259000
2234000
2197000
2826000
2487000
2499000
2956000
3066000
3276000
3529000
3196000
3153000
3326000
3126000
3070000
2963000
2903000
2851000
2789000
2734000
2684000
3014000
2776000
2751000
2672000
2635000
2596000
2541000
2492000
2450000
2411000
2373000
2336000
2300000
2265000
2231000
2273000
2206000
2180000
2197000
2144000
2119000
2084000
2056000
2029000
2e+06
2155000
2054000
3139000
2595000
2643000
2526000
2515000
2493000
2488000
2448000
2393000
2355000
2395000
2328000
2298000
2256000
2224000
2193000
2160000
2128000
2098000
2069000
2041000
2013000
1987000
1961000
1935000
1911000
1887000
1863000
1982000
1887000
1873000
1838000
1828000
1815000
1857000
1801000
1780000
1754000
1735000
1716000
1694000
1674000
1655000
1637000
1619000
1602000
1747000
1792000
1738000
1721000
1837000
1766000
1756000
1722000
1705000
1688000
1666000
1646000
1627000
1610000
1593000
1576000
1560000
1544000
1528000
1513000
1498000
1483000
1469000
1454000
1440000
1427000
1634000
1791000
1685000
1676000
1649000
1646000
1629000
1603000
1581000
1564000
1548000
1532000
1517000
1502000
1487000
1472000
1458000
1444000
1430000
1417000
1404000
1391000
1378000
1365000
1353000
1341000
1329000
1317000
1306000
1295000
1284000
1273000
1262000
1252000
1241000
1231000
1221000
1211000
1202000
1192000
1183000
1174000
1165000
1156000
1147000
1138000
1130000
1121000
1113000
1149000
1126000
1122000
1112000
1105000
1099000
1090000
1082000
1074000
1066000
1059000
1051000
1104000
1076000
1074000
1063000
1058000
1053000
1044000
1036000
1029000
1022000
1015000
1008000
1002000
995100
988600
982100
975700
969500
963300
957100
951100
945100
967200
950100
1013000
979100
979600
970200
965700
960800
953200
946300
940200
934400
928700
923000
917300
911800
906300
900900
895500
890300
885000
879900
874700
869700
864900
1046000
963900
973500
955700
956100
978800
958700
952200
944200
939200
934000
927700
921700
916000
910500
905000
899600
894200
889000
944100
1062000
1002000
1005000
992000
992300
988000
977500
969000
962300
956200
950200
944200
985500
2126000
1623000
1698000
1606000
1629000
1636000
1590000
1556000
1537000
1521000
1506000
1491000
1476000
1462000
1448000
1434000
1421000
1407000
1394000
1381000
1369000
1357000
1344000
1333000
1321000
1309000
1298000
1287000
1276000
1265000
1255000
1244000
1234000
1224000
1214000
1205000
1195000
1186000
1176000
1167000
1158000
1149000
1141000
1132000
1124000
1115000
1107000
1099000
1091000
1083000
1075000
1068000
1060000
1053000
1046000
1038000
1031000
1024000
1017000
1011000
1004000
997200
990600
984100
977700
971400
965200
959100
953000
947000
982400
960000
957600
949100
944600
939800
1088000
1071000
1060000
1049000
1403000
1246000
1263000
1291000
1512000
1915000
1690000
1691000
1781000
1731000
1728000
1685000
2092000
1872000
1877000
1821000
1811000
1798000
1765000
1737000
1716000
1731000
2142000
1908000
2313000
2886000
4203000
3772000
4849000
4105000
4127000
3950000
3840000
3732000
3599000
3494000
3410000
3334000
3261000
3191000
3125000
4688000
3851000
3880000
3670000
3633000
3580000
3454000
3352000
3439000
3287000
3229000
4114000
3645000
4141000
3742000
3717000
3613000
3521000
3435000
3341000
3260000
3188000
3605000
3680000
3510000
3400000
4392000
4088000
3960000
3791000
3708000
3648000
3540000
3436000
3444000
3325000
3259000
3183000
3119000
3057000
4015000
3449000
3444000
3291000
3250000
3200000
3105000
3025000
2962000
2904000
2849000
2796000
3660000
3309000
3218000
3088000
3037000
2996000
2913000
3083000
3023000
2917000
2849000
2792000
2748000
2693000
2637000
2589000
2544000
2502000
2461000
3418000
2898000
2916000
2787000
2767000
2735000
2659000
2597000
2991000
2738000
2722000
2642000
2610000
2573000
2518000
2470000
3042000
4571000
3643000
3647000
3440000
3429000
3370000
4341000
4372000
4072000
3945000
3840000
3789000
3683000
3563000
3467000
3386000
3311000
3239000
3170000
3105000
3041000
2981000
2922000
2866000
2813000
2761000
2711000
2662000
2616000
2571000
2528000
2486000
2445000
2406000
2368000
2331000
2295000
2261000
2594000
2417000
2454000
2369000
3711000
3423000
3252000
3107000
3050000
3026000
2936000
2908000
2856000
2783000
2730000
2679000
2634000
2587000
2541000
2498000
2456000
2417000
2378000
2341000
2305000
2270000
2236000
2340000
3091000
4014000
5025000
4769000
4475000
4394000
4623000
4306000
4149000
3964000
4008000
4316000
4014000
3935000
4366000
4043000
3992000
3842000
4093000
3906000
3804000
3685000
3603000
3804000
3586000
3518000
3417000
3349000
3281000
3204000
3132000
3067000
3006000
2946000
3104000
3566000
3366000
3555000
4779000
4266000
4171000
3970000
3894000
3822000
3690000
3981000
5164000
4692000
4488000
5525000
4783000
4815000
4497000
4372000
4253000
4100000
3971000
3862000
3763000
3670000
3582000
3498000
3418000
3341000
3268000
3198000
3131000
3067000
3005000
2946000
2889000
2834000
2782000
2731000
2682000
2635000
2589000
2545000
2503000
2461000
2422000
2383000
2346000
2613000
2605000
2520000
2473000
2433000
2406000
2365000
2320000
2281000
2246000
2213000
2181000
2495000
2304000
2296000
2237000
2215000
2190000
2149000
2114000
2083000
2055000
2027000
2e+06
1974000
1948000
1923000
1899000
1875000
1852000
1829000
1807000
1786000
1765000
1744000
1724000
1705000
1686000
1667000
1649000
1631000
1613000
1596000
1579000
1563000
1547000
1531000
1516000
1500000
1486000
1471000
1457000
1443000
1429000
1631000
1524000
1526000
1497000
1489000
1479000
1459000
1442000
1996000
2957000
2395000
2409000
2299000
2313000
2287000
2210000
2157000
2263000
2775000
2782000
2708000
3771000
3663000
3439000
3301000
3209000
3169000
3822000
3356000
3324000
3194000
3149000
3097000
3014000
3054000
5868000
4380000
4465000
4129000
4110000
4053000
4829000
4218000
4167000
3987000
3913000
3832000
3711000
3606000
3734000
3551000
3486000
3392000
3647000
4355000
4437000
4125000
4762000
4278000
4245000
4057000
3944000
3845000
3726000
3623000
3534000
3453000
3375000
3300000
3229000
3160000
3095000
3032000
2972000
2914000
2858000
2805000
2753000
2703000
3281000
2909000
2894000
2788000
2754000
2714000
2669000
2726000
3172000
2858000
2909000
2778000
2750000
2700000
2848000
2693000
3083000
2802000
2785000
2704000
2662000
2619000
2561000
2511000
2468000
2428000
2389000
2352000
2316000
2280000
2246000
2213000
2181000
2150000
2119000
2090000
2061000
2033000
2006000
2091000
2760000
2489000
2455000
2374000
2355000
2334000
2279000
2230000
2194000
2162000
2131000
2101000
2072000
2044000
2016000
1990000
1964000
1938000
1914000
1890000
1866000
2821000
3125000
2795000
2735000
2661000
2659000
2603000
2523000
2730000
2603000
2571000
2514000
2842000
2666000
2641000
2570000
2538000
2504000
2455000
2410000
2371000
2334000
2298000
2263000
2230000
2197000
2165000
2134000
2105000
2075000
2047000
2020000
1993000
1967000
1941000
1916000
1892000
1869000
2564000
2187000
2205000
2118000
2147000
2111000
2064000
2022000
1994000
1968000
1942000
1916000
1892000
1868000
1845000
1823000
1801000
1780000
1759000
1739000
1719000
1699000
1680000
1662000
1655000
1633000
1616000
1599000
1649000
1742000
1691000
1675000
1652000
1640000
1625000
1604000
1585000
1568000
1552000
1536000
1520000
1505000
1490000
1476000
1461000
1598000
1678000
1796000
1709000
1703000
1682000
1671000
1651000
1627000
1606000
1589000
1572000
1556000
1540000
1524000
1509000
1494000
1479000
1465000
1451000
1548000
1953000
1754000
1767000
1722000
1721000
1710000
1679000
1654000
1634000
1617000
1600000
1583000
1566000
1550000
1534000
1519000
1504000
1489000
1474000
1460000
1446000
1884000
1683000
1703000
1657000
1654000
1647000
1619000
1595000
1577000
1561000
1545000
1529000
1514000
1499000
1484000
1469000
1455000
1441000
1428000
1414000
1401000
1388000
1375000
1363000
1351000
1339000
1327000
1315000
1304000
1293000
1282000
1271000
1260000
1250000
1239000
1229000
1219000
1209000
1200000
1190000
1181000
1172000
1163000
1154000
1145000
1136000
1128000
1120000
1111000
1103000
1095000
1087000
1079000
1072000
1064000
1057000
1049000
1042000
1035000
1028000
1021000
1023000
1058000
1141000
1336000
1471000
2194000
1824000
1861000
1793000
1796000
1782000
1737000
1704000
1682000
1664000
1645000
1628000
1610000
1593000
1576000
1560000
1544000
1528000
1513000
1498000
1483000
1469000
1454000
1440000
1427000
1413000
1400000
1387000
1375000
1362000
1350000
1338000
1326000
1583000
1533000
1503000
1476000
1465000
1459000
1440000
2193000
1836000
1909000
1818000
1823000
1815000
1775000
1744000
1720000
1700000
1681000
1663000
1670000
1798000
1724000
1718000
1691000
1679000
1664000
1643000
1623000
1605000
1588000
1572000
1555000
1539000
1524000
1508000
1494000
1730000
2476000
2191000
2165000
2080000
2177000
2256000
2139000
2094000
2052000
2030000
2390000
3663000
3217000
3104000
2964000
2938000
2908000
2811000
2727000
2685000
2678000
2632000
2583000
2539000
2498000
2458000
2418000
2378000
2341000
2305000
2270000
2649000
2430000
2425000
2358000
2336000
2309000
2263000
2224000
2190000
2862000
2515000
2530000
2441000
2425000
2402000
2347000
2300000
2263000
2229000
2197000
2165000
2134000
2104000
2075000
2476000
2245000
2243000
2179000
2161000
2317000
2208000
2330000
2222000
2523000
2336000
2325000
2267000
2239000
2210000
2186000
2296000
2223000
2187000
2148000
2120000
2094000
2061000
2030000
2002000
2078000
2083000
2024000
1994000
1965000
1943000
2125000
1993000
1979000
1948000
1923000
1903000
1872000
1846000
1823000
1801000
1779000
1759000
1738000
1718000
1699000
1736000
1696000
1682000
2094000
1871000
1881000
1825000
1815000
1801000
1768000
2026000
1859000
2059000
1935000
1990000
2069000
2909000
2663000
2582000
2490000
2464000
2444000
2382000
2325000
2283000
2248000
2215000
2183000
2152000
2121000
2092000
2063000
2035000
2008000
1981000
1955000
1930000
1906000
1882000
1858000
1836000
1814000
1792000
1771000
1750000
1730000
1710000
1691000
1672000
1654000
1636000
1618000
1601000
1687000
1629000
1620000
1597000
1584000
1570000
1551000
1538000
1662000
1588000
1584000
1559000
1548000
1654000
1586000
1577000
1580000
1557000
1546000
1526000
1510000
1495000
1480000
1465000
1451000
1437000
1423000
1410000
1397000
1384000
1372000
1359000
1347000
1335000
1323000
1312000
1300000
1500000
1554000
1684000
1582000
1578000
1558000
1547000
1528000
1505000
1487000
1472000
1458000
1444000
1430000
1416000
1403000
1390000
1378000
1365000
1353000
1341000
1329000
1317000
1306000
1295000
1284000
1273000
1290000
1266000
1258000
1245000
1236000
1226000
1215000
1205000
1195000
1186000
1177000
1168000
1307000
1224000
1224000
1202000
1197000
1190000
1176000
1313000
1491000
1467000
1415000
1394000
1483000
1494000
1451000
1429000
1411000
1402000
1388000
1372000
1358000
1346000
1334000
1322000
1311000
1299000
1288000
1277000
1267000
1256000
1246000
1235000
1225000
1215000
1206000
1196000
1187000
1177000
1168000
1159000
1150000
1142000
1133000
1125000
1116000
1124000
1380000
1252000
1259000
1494000
1417000
1413000
1547000
1738000
3265000
2500000
2558000
2410000
2424000
2409000
2323000
2408000
2302000
2278000
2234000
2206000
2177000
2142000
2110000
2080000
2052000
2024000
1997000
1971000
1945000
1920000
1896000
1872000
2146000
2077000
2062000
1997000
2257000
3233000
3661000
3179000
3111000
3910000
4082000
3746000
4551000
4494000
4261000
4109000
3967000
3889000
3776000
3655000
3557000
3473000
6156000
4712000
4774000
4429000
4386000
4314000
4119000
3965000
3854000
3757000
3664000
3576000
3797000
5636000
4602000
4577000
4306000
4251000
4167000
3995000
3856000
3752000
3659000
3572000
3488000
3408000
3448000
3319000
3846000
3608000
3670000
3486000
3426000
3784000
3718000
5543000
5894000
6215000
5511000
6081000
7678000
6544000
8270000
