322600
305500
287500
271200
256700
243700
232000
221300
211600
202800
194600
187100
180100
173700
167700
162100
21690000
6527000
1048000
216600
813500
9948000
1858000
6632000
38660000
6791000
904700
164400
159000
6057000
1733000
371500
4728000
1739000
4849000
33330000
25060000
4149000
553700
170700
3058000
671200
221700
13110000
2413000
5317000
1018000
260100
158700
153700
149000
144500
1621000
401100
170300
137400
133600
130000
126600
123400
120400
5717000
1102000
239200
126200
123000
120000
117100
114300
921800
8330000
10520000
4985000
870400
210300
144700
140500
136600
132800
129300
2233000
499200
173100
128400
125100
122000
119000
4143000
827200
206500
124400
121300
118400
115600
112900
110300
107900
105600
103300
101200
99140
97170
95280
93450
91700
90020
88390
86820
85310
83850
82440
81070
79750
78470
28960000
5111000
666000
97120
95230
93410
91660
89980
3430000
9169000
1659000
287400
118100
115300
112600
110100
107700
105300
103100
101000
98940
96980
95090
93280
91540
89850
88230
86670
85160
83710
82300
80940
79630
78350
77120
75920
74770
21650000
3839000
7356000
1289000
476100
2048000
568800
156700
1667000
4385000
2136000
396400
113100
85720
84240
8317000
1531000
264500
101000
98950
96990
95100
93290
91540
89860
88240
86680
85170
83710
82310
80950
79630
78360
77120
75930
74770
73650
72560
71500
70470
69470
68500
67560
66640
65750
64880
64030
63210
1030000
238300
89720
69870
68880
67930
67000
66100
65220
64360
63530
62720
61930
61160
60400
59670
58950
58250
57570
2370000
474400
120000
73810
72710
71650
70620
69620
68640
67690
66770
65880
65000
64150
63320
24640000
4352000
570100
86150
84660
83220
668100
187400
96580
83710
82300
80940
79630
78350
77120
75930
74770
73640
72550
71500
70470
69470
68500
67560
66640
65750
64880
64030
63200
62400
61620
60850
60110
59380
58670
57980
21940000
24180000
4351000
37710000
12620000
1883000
217700
96670
94800
93000
91260
89590
87980
86430
84930
83480
82080
80730
79420
78150
76920
75740
74580
73470
72380
71330
70300
69310
68340
67410
7686000
13560000
2368000
348200
107500
105200
102900
100800
1163000
1219000
293500
128300
107800
105400
103200
101100
99040
97070
95180
93370
1770000
5469000
1031000
217000
114900
112200
109700
107300
105000
102800
100700
98630
96680
94810
32520000
43730000
7359000
872100
123000
119900
117100
114300
111700
109200
106800
104500
4990000
965200
212800
114400
111800
4168000
826900
201700
119300
116500
113700
111200
108700
106300
893200
306500
133400
106400
103000
469100
165500
23550000
4185000
576100
113300
1535000
364500
144000
113500
7460000
2402000
448600
148000
125200
122000
119100
116200
509900
2042000
453400
158300
119000
116200
113500
110900
8027000
1497000
277900
119700
116800
114100
1558000
26280000
4659000
5036000
17280000
3080000
470500
144700
140500
136600
132900
129300
126000
122800
119800
116900
114200
111600
109100
106700
104400
102200
100100
98140
96210
94350
92570
90850
2460000
512800
148100
99690
97700
49040000
8609000
1074000
10190000
44390000
9035000
1207000
165800
136100
4699000
10180000
1847000
331200
145300
141100
137200
133400
129800
126500
123300
120200
27590000
11020000
1745000
14070000
3052000
508600
155700
141500
137500
13700000
2499000
408100
137800
134000
130400
127000
123800
120700
117800
115000
16670000
3001000
450700
122600
119600
116800
114000
111400
108900
106600
104300
102100
5276000
1013000
216800
112800
110200
107800
105500
103200
101100
99050
97090
95200
93380
91630
89950
88320
86760
85250
83790
82380
81020
79700
78420
77190
75990
74830
73700
72610
71550
4687000
891500
182700
90720
89070
87480
85940
84460
83030
81640
80310
79010
77760
76540
75360
74220
73120
72040
71000
69990
69000
68040
67110
66210
65320
64470
63630
6808000
13260000
2322000
343000
105300
103100
101000
98940
96980
95090
93280
91530
89850
88230
86670
85160
83710
82300
80940
79620
78350
77120
75920
74760
73640
72550
71490
70460
69470
68500
67550
66640
65740
64870
64030
63200
62400
61610
60850
60110
59380
58670
57980
57300
56640
55990
55360
54740
54140
53550
52970
52410
51850
51310
50780
50260
49750
49260
48770
48290
47820
47360
46900
46460
46030
45600
45180
44770
44370
43970
43580
43200
42820
42450
42090
16800000
4039000
594100
102200
80230
78940
77680
76470
75300
74160
73050
71980
70940
69930
68940
67990
67060
7908000
3483000
609100
142300
898400
243100
119100
101400
99310
97340
95440
93610
91850
90160
88530
86960
85440
83970
82560
81190
79860
78580
77340
76140
74980
73850
521200
3916000
756300
169800
94390
92600
90880
89230
87630
86090
84600
83160
81770
80430
79130
77870
4599000
880300
185600
95280
93460
91710
90020
88390
86830
85310
83850
82440
16840000
16520000
2793000
384300
116400
113700
111100
9278000
1715000
302600
119900
117000
12250000
37400000
6812000
888600
143900
133700
130200
126800
2989000
30680000
9622000
1474000
233900
147000
142600
138600
134700
131100
127700
124400
121300
118400
115600
5470000
4925000
25100000
4425000
622300
143000
20550000
5790000
919200
192000
148200
142500
138200
134300
130700
127300
124100
121000
118100
2844000
3333000
8684000
8960000
1831000
341300
155600
146400
142200
21160000
3796000
557600
15970000
10140000
9568000
12590000
2224000
383800
5569000
1107000
271300
159900
154800
150100
145600
141300
137300
8230000
1549000
300500
137700
133900
130300
126900
123700
120600
117700
115000
112300
109800
107400
105100
1704000
388700
141400
1430000
343700
139000
110600
108200
105800
103600
5051000
1319000
35160000
6195000
816600
128200
124900
121800
1639000
1519000
356200
150300
2173000
488000
171000
127600
124300
121200
118300
115500
112800
110300
107800
105500
103300
101100
99090
97120
95230
93410
2699000
556800
155600
102500
144000
348600
1940000
569700
169000
109400
104300
102200
100100
98060
96130
94270
92490
90780
6076000
6895000
1239000
236100
5370000
1044000
234500
128200
124900
121800
118800
116000
113300
110800
108300
106000
103700
101500
99480
97500
95590
93760
91990
90300
88660
87080
7878000
14590000
2554000
379400
118900
116100
113400
110800
108300
106000
103700
101600
99510
97530
95620
93790
92020
90320
88690
87110
85590
84120
82690
81320
79990
78710
77460
76260
75090
73960
72860
71790
70750
69750
68770
67820
66890
65990
65120
64270
63430
62620
61840
61070
60320
59580
58870
58170
57490
56830
56170
55540
54920
54310
53720
53140
52570
52010
51470
50930
50410
2155000
430900
108700
66750
65860
64980
64130
63310
543200
145200
70390
60200
59470
58760
58060
57390
56720
56080
55440
54820
54220
53630
53050
52480
3756000
716000
148400
74870
73740
72650
71590
70560
69560
68580
67640
66720
65820
64950
64100
63280
62470
61680
60920
60170
59440
58730
58040
13240000
2369000
342500
82560
81190
1367000
312000
113900
87240
85710
84240
82810
81440
80110
78820
77570
76360
75190
74050
2607000
12590000
2251000
345500
106500
104200
102100
99980
97980
96050
94200
92420
90710
2225000
70080000
12240000
1485000
115400
112800
110200
107800
105500
103200
101100
99050
97080
95190
93380
91630
89940
88320
86760
85240
83790
82380
81010
79700
78420
77180
75990
74830
73700
72610
71550
70520
69520
68550
67600
66690
65790
64920
64070
63250
62440
61660
60890
60150
59420
58710
58010
57340
56670
56030
55400
54780
54170
53580
53000
52440
51890
51340
50810
50290
49780
49280
48790
48310
47840
47380
46930
46490
46050
45620
45200
440300
117100
56400
48230
47760
47300
11420000
5383000
896400
161300
23130000
4110000
563500
2876000
13080000
28890000
5194000
700400
6670000
1282000
274900
142700
16280000
2949000
462100
141100
137100
133400
129800
126500
123300
1490000
15580000
2807000
12830000
28540000
43440000
15460000
28360000
4855000
684500
167500
161900
156700
151800
147200
142900
138800
134900
131300
127900
32970000
5838000
779900
131400
128000
124700
121600
118600
2962000
620300
181100
19490000
4482000
11240000
1999000
353100
141900
137800
134100
130500
127100
123800
9347000
9107000
2464000
441400
21990000
8859000
1443000
254200
152900
148200
143800
139700
1612000
396200
166400
133800
130200
126800
20520000
3677000
534700
130700
127300
124100
121000
118100
115300
112600
110100
107700
17880000
6276000
1015000
191900
128400
125100
122000
4343000
3113000
613000
181900
134100
130600
127100
123900
120800
117900
115100
112500
24360000
4334000
599900
120800
117900
115100
112500
109900
10630000
1949000
328400
119000
116200
113500
110900
108400
16190000
40570000
6989000
874000
131000
127500
124300
22230000
17280000
2890000
404800
139500
135600
131900
128500
125200
122000
119100
116200
113500
110900
108500
106100
103900
101700
99620
97630
95720
93890
92120
90410
88770
87190
85670
84190
82770
81400
80060
78780
8459000
2056000
1698000
353600
34320000
13870000
2165000
290000
133200
129600
126300
472000
905200
257900
137700
120600
117700
114900
112300
109800
107300
105000
102800
100700
98670
96720
94850
2434000
25880000
31380000
38510000
14200000
4211000
3212000
8366000
1538000
1458000
6267000
4828000
12010000
2747000
449000
9353000
1718000
697200
5661000
10950000
6174000
1036000
395200
6897000
12120000
2112000
1057000
222800
105800
89380
87780
86230
84740
83300
81900
80560
8950000
4359000
6629000
31440000
9068000
1362000
323500
161000
140500
134600
7861000
26070000
8459000
1318000
17030000
3080000
3126000
612600
201900
145700
141400
137400
133700
130100
126700
123500
120400
117500
114800
112100
109600
107200
104900
102700
100600
98570
96620
94750
92950
91220
89550
87940
86380
84890
83440
82040
80690
79380
4779000
5345000
976400
202300
112900
110300
107900
105500
103300
101200
99120
97150
9216000
1695000
290900
109600
107200
104900
102700
100600
98560
96610
94740
92940
91210
89540
87930
86380
84880
83430
82040
80690
79380
78110
76890
75700
74550
73430
72350
71290
70270
69280
68320
67380
66460
65580
64710
63870
63050
62250
61470
60710
59970
59240
7986000
1458000
239900
83230
81840
80490
79190
77930
27740000
42910000
7259000
863000
113900
111300
108800
106400
104200
3812000
19660000
13090000
3585000
24870000
14620000
2416000
363000
157300
152300
15120000
2755000
446400
147900
143500
139400
135500
2038000
55670000
9769000
1230000
141900
137900
134100
16540000
2990000
461500
135600
131900
128400
125100
122000
3968000
798600
205100
126400
6238000
20010000
14060000
2353000
12130000
2203000
388300
152400
147800
143400
139300
135500
131800
128300
125000
121900
118900
116100
113400
110800
108400
106000
103800
101600
99540
97550
12210000
2215000
350100
109900
107500
105200
539700
3456000
12190000
2193000
1625000
355500
157800
129600
5125000
1005000
9401000
1737000
323200
139300
135400
131700
128300
125000
121900
118900
116100
113400
110800
108300
106000
103700
101600
99510
97530
95620
93790
92020
90320
2275000
23770000
6921000
1059000
182500
126000
122900
119800
117000
114200
111600
109100
106700
104500
102300
100200
98160
96230
94370
92580
90860
89210
29290000
28160000
4686000
574200
120000
117200
114400
111800
7299000
2067000
389700
139300
10920000
2306000
398800
137900
128700
125400
122200
119200
116400
113700
111100
108600
106300
104000
101800
99750
97750
95840
93990
92220
90520
88870
87290
85760
84280
82850
18780000
3346000
469000
100100
896500
240700
116700
99060
97090
95200
93380
91640
89950
88330
86760
85250
83790
82380
81020
79700
78420
77190
75990
74830
73710
72610
71550
70530
1533000
6322000
1716000
318500
115400
102600
100500
98450
2011000
427100
130500
91110
89450
87840
86290
84800
83350
4319000
8313000
10650000
1868000
312000
129100
125700
122600
119600
116700
114000
111400
108900
106500
104200
102100
99980
97980
96050
94200
2162000
23250000
4116000
567400
117200
114500
111900
109400
107000
104700
102500
100400
98350
96410
94550
92750
91030
89370
87760
86220
84720
83280
19580000
3485000
485000
100400
98360
96420
94550
92760
91030
89370
87770
86220
84730
83290
81900
80550
79250
77980
76760
75580
74430
73320
72240
71190
70170
69180
68220
67280
66370
65490
64620
63780
62960
62170
61390
60630
59890
59170
58460
57780
57100
56450
55810
55180
54570
53970
53380
52810
52240
51690
51160
50630
50110
49610
49110
48630
48150
47680
47220
46770
46330
45900
1456000
7996000
14580000
14440000
42560000
7335000
923400
131900
128500
125200
122000
119000
116200
113500
110900
108500
106100
103900
101700
99620
97630
95720
93880
92110
90410
88770
87190
85660
84190
82770
81390
80060
78770
77530
76320
75150
74010
10590000
5518000
942300
182300
109400
107000
104700
35160000
6204000
1616000
261700
135100
116500
113800
111200
108700
106400
104100
101900
952900
7862000
1458000
269600
117500
114800
112100
109600
107200
104900
102700
100600
98560
96610
94740
92940
91210
12040000
33350000
9310000
1776000
279000
3028000
4889000
945300
232400
144800
140600
12090000
43080000
12690000
1870000
262700
155600
150700
146200
141900
491300
1445000
830300
244800
145100
132200
128700
125400
122300
119300
116400
113700
12560000
2287000
369100
121700
118700
115900
113200
110700
108200
21790000
3885000
546300
117800
115000
112400
109800
107400
105100
102900
100800
98730
96780
94900
93090
12650000
2287000
355300
106700
104400
5026000
1377000
4701000
1138000
10100000
1857000
335100
138000
134200
130600
498500
4602000
1705000
365100
153200
133800
130300
126900
123700
120600
2605000
2790000
572600
178500
131300
127800
6094000
1172000
251900
386400
174400
132100
123900
120900
117900
115200
112500
110000
107500
105200
103000
2159000
468000
150700
15960000
2874000
433400
119500
116600
113900
111300
8442000
1570000
6286000
1882000
2348000
4938000
30770000
12150000
1967000
1881000
434400
2765000
1469000
347500
158400
137300
133600
130000
126600
123400
120400
117500
114700
112100
109600
107200
104900
102700
100500
98520
96580
94710
92910
91180
89510
87900
86350
84850
83410
82010
80660
79350
78090
1309000
299300
109800
84270
82850
81470
80140
78850
6236000
1160000
343000
112800
350700
14270000
2544000
361600
4651000
874400
169600
78600
77360
76150
74990
73860
72760
71700
70660
69660
68680
67740
66810
65920
65040
64190
63360
62550
61770
6480000
8688000
11180000
1945000
311200
118900
116100
113400
110800
108300
106000
103700
101600
99510
97520
95620
93780
92020
90320
88680
87100
85580
84110
82690
81320
79990
78700
77460
76250
75090
73950
72850
71790
70750
69740
68770
67820
66890
65990
3991000
766200
163700
85480
84010
82600
81230
5927000
13910000
7073000
1185000
222200
6644000
2868000
538900
160800
126000
122800
119800
117000
114200
111600
109100
106700
104400
102300
100200
98150
96220
94360
92580
90860
89200
87610
86070
84580
83140
81750
80410
79110
77860
76640
75460
74310
73200
72130
12920000
2468000
372700
12960000
4450000
1156000
8819000
15870000
59520000
10720000
1340000
153000
140100
136200
132500
4137000
834600
215900
133600
130100
126700
123500
120400
117500
114800
112100
109600
107200
104900
102700
100600
98550
7778000
4216000
1876000
380300
8704000
37190000
25880000
4374000
908900
18900000
16770000
2831000
19950000
11320000
1892000
307100
149800
145300
141100
137100
133300
129800
46300000
8154000
1043000
132700
129200
125900
122700
119700
116800
114100
111500
109000
5518000
35380000
6729000
903400
144700
130700
127300
124100
121000
118100
115300
112600
110100
107700
1856000
417600
11690000
4321000
3525000
671100
197600
8634000
5884000
35320000
25690000
18350000
3012000
10340000
29350000
5438000
21150000
