850600
846500
842100
837800
833500
829200
825000
820800
816700
812600
808600
804600
800600
796700
792800
788900
26960000
6253000
1056000
773900
1707000
11840000
1723000
8018000
42770000
4367000
748900
745500
742100
7852000
2072000
794500
6138000
2223000
6049000
37030000
25190000
2577000
709600
706500
4236000
1009000
697400
15330000
1970000
6426000
1187000
682800
679900
677100
674300
671500
3217000
888600
663300
660600
657900
655200
652600
650000
647400
8358000
1316000
639800
637200
634800
632300
629800
627400
3179000
10390000
11830000
5347000
949500
613200
610900
608600
606300
604100
601800
4466000
935100
595200
593000
590900
588800
586600
6058000
1061000
580300
578300
576200
574200
572200
570200
568200
566200
564200
1620000
652700
558400
556500
554600
552700
550800
549000
547100
545300
543500
541600
539800
538100
536300
534500
42860000
4228000
529300
527600
525900
524200
522500
520800
8491000
11320000
1399000
514200
512600
511000
509400
507800
506200
504600
503100
501500
5e+05
1910000
1178000
544100
493900
492400
490900
489400
488000
486500
485100
483600
482200
480800
479300
477900
6049000
27740000
2812000
8550000
1177000
469600
468300
466900
465600
464300
463000
461600
460300
459000
457700
456500
19590000
2126000
452600
451400
450100
448900
447700
446400
445200
444000
442800
441600
440400
439200
438000
436800
435700
434500
433300
432200
431000
429900
428800
427600
426500
425400
424300
423200
422100
421000
419900
1779000
1022000
7710000
1049000
414600
413500
412400
411400
410400
409300
408300
407300
406300
405200
404200
403200
402200
401200
400300
399300
5462000
8037000
1025000
395400
394400
393500
392500
391600
390700
389700
388800
387900
386900
386000
385100
6433000
30670000
2982000
381500
380600
379700
378800
5216000
799700
376200
375300
374500
373600
372800
371900
371100
370200
369400
368500
367700
366900
366000
4662000
739700
363600
362800
362000
361200
360400
359600
358800
358000
357200
356400
355600
354900
5093000
31270000
26400000
2394000
38360000
8034000
730800
348900
348100
347400
346600
345900
345200
344400
343700
343000
342200
341500
340800
340100
339400
338700
338000
337300
336600
335900
335200
334500
333800
333100
1211000
19620000
16300000
1579000
329800
329100
328500
327800
327100
2827000
1923000
445600
324500
323900
323200
322600
322000
321300
320700
320000
319400
4149000
7041000
875600
316900
316300
315700
315100
314500
313900
313300
312700
312100
311500
310900
37400000
45950000
4013000
308600
308000
307400
306800
306300
305700
305100
304500
304000
6875000
876900
302300
301700
301200
5568000
760200
299500
299000
298400
297900
297300
296800
296200
1651000
506300
302700
294100
293600
862800
342300
26870000
2614000
291000
290400
2386000
472500
288900
288400
9135000
2425000
406100
286400
285900
285400
284900
284400
886400
2882000
505200
282400
281900
281400
280900
280400
10040000
1132000
279000
278500
278000
277600
2518000
29540000
2815000
5634000
19140000
1882000
274300
273900
273400
273000
272500
272000
271600
271100
270700
270200
269800
269300
268900
268400
268000
267600
267100
266700
266200
265800
265400
264900
8051000
944300
263700
263300
262800
55140000
5055000
261600
12080000
48500000
6103000
410200
259600
259200
6297000
11350000
1181000
257700
257200
256800
256400
256000
255600
255200
254800
254400
34300000
10440000
883000
15830000
2271000
309700
251800
251500
251100
16790000
1695000
250000
249600
249200
248800
248500
248100
247700
247300
246900
24120000
2332000
245900
245500
245200
244800
244400
244100
243700
243300
243000
242600
10130000
1105000
241600
241200
240900
240500
240200
239800
239500
239100
238700
238400
238000
237700
237400
237000
236700
236300
236000
235600
235300
235000
234600
234300
233900
233600
233300
232900
232600
20530000
2005000
231700
231400
231100
230700
230400
230100
229800
229400
229100
228800
228500
228200
227800
227500
227200
226900
226600
226200
225900
225600
225300
225000
224700
224400
224100
17890000
15900000
1458000
223000
222700
222400
222100
221800
221500
221200
220900
220600
220300
2440000
413600
219400
219100
218800
218500
218200
217900
217700
676300
635500
249800
216500
216200
215900
215600
215400
215100
214800
214500
214200
213900
213700
213400
213100
212800
212500
212300
212000
211700
211400
211200
210900
210600
210300
210100
209800
209500
209300
209000
208700
208500
208200
207900
207700
207400
207100
206900
206600
206300
206100
205800
205600
205300
205000
204800
204500
204300
204000
203800
203500
203200
33940000
4921000
357400
202400
202200
201900
201700
201400
201200
200900
200700
200400
200200
199900
199700
199400
199200
17790000
4627000
451200
198300
1806000
338300
197600
197400
197100
196900
196600
196400
196200
195900
195700
195500
195200
195000
194800
1064000
412100
2913000
430300
193600
193400
193200
3304000
5743000
653600
192300
192100
191800
191600
191400
191200
190900
190700
190500
190300
190000
189800
189600
8792000
940700
189000
188800
188500
188300
188100
187900
187700
187500
187200
187000
21400000
17610000
1547000
186300
186100
185900
185700
11270000
1154000
185100
184900
184700
14330000
40370000
4011000
221200
183900
183700
183500
183300
3966000
33830000
8096000
619700
182400
182200
182000
181800
181600
181400
181200
181000
180800
180600
180400
7562000
5577000
27460000
2526000
179600
179400
22960000
4776000
406700
178700
197000
179900
178100
177900
177700
177600
177400
177200
177000
4390000
4015000
9712000
9438000
1223000
202900
175800
175600
175400
23780000
2237000
174900
17920000
10020000
9811000
13190000
1244000
174100
6453000
722300
173600
173400
173200
173000
172800
172700
172500
10040000
1034000
172000
171900
171700
171500
171300
171100
170900
170800
170600
170400
170200
170100
169900
3631000
472000
169400
2093000
337100
168900
168800
168600
168400
312900
6700000
1245000
38850000
3543000
167800
167600
167500
167300
2862000
1904000
298000
166700
2936000
408300
166300
166100
165900
165700
165600
165400
165200
165100
164900
164700
164600
164400
164200
164100
163900
163700
8257000
870500
163400
163300
1088000
600900
2688000
594100
181200
162400
162200
162000
161900
161700
161600
161400
161200
161100
13270000
8200000
763200
160900
6760000
737100
160500
160400
160200
160000
159900
159700
159600
159400
159300
159100
159000
158800
158600
158500
158300
158200
158000
157900
157700
157600
18320000
16570000
1453000
157600
157500
157300
157100
157000
156800
156700
156500
156400
156200
156100
155900
155800
155600
155500
155300
155200
155100
1785000
297200
154600
154500
154300
154200
154100
1964000
311900
153700
153500
153400
153200
153100
152900
152800
152600
152500
152400
152200
152100
151900
151800
151700
151500
151400
151200
151100
12620000
1240000
150900
150800
150600
150500
150400
150200
150100
149900
149800
149700
9668000
981000
149400
149300
149200
149000
148900
148800
148600
148500
148300
148200
148100
147900
147800
147700
147500
147400
147300
147100
147000
5748000
4290000
465900
6419000
694500
146500
146400
146200
146100
146000
145900
145700
145600
145500
145300
145200
145100
144900
144800
144700
144600
144400
144300
144200
144000
3152000
17830000
1666000
143900
143800
143700
3279000
417300
143300
143200
143100
143000
142800
142700
142600
142500
142300
142200
142100
142000
10370000
14930000
1355000
141900
141800
141700
141600
141400
141300
141200
141100
140900
140800
8303000
77220000
6812000
141200
141100
141000
140900
140700
140600
140500
140400
140300
140100
140000
139900
139800
139700
139500
139400
139300
139200
139100
138900
138800
138700
138600
138500
138400
138200
138100
138000
137900
137800
137700
137500
137400
137300
137200
137100
137000
136800
136700
136600
136500
136400
136300
136200
136000
135900
135800
135700
135600
135500
135400
135200
135100
135000
134900
134800
134700
134600
134500
134400
134200
134100
134000
133900
133800
133700
133600
133500
9533000
954400
133300
133200
133100
133000
14770000
6084000
541100
132900
25760000
2372000
133000
3795000
14430000
30250000
2907000
155100
7562000
782100
133100
133000
17920000
1687000
133000
132800
132700
132600
132500
132400
132300
2285000
17190000
1606000
13900000
29860000
44430000
12790000
29110000
2596000
133600
133500
133400
133300
133200
133100
133000
132900
132800
132700
132600
36890000
3344000
132900
132800
132700
132500
132400
132300
3954000
466000
132100
21550000
3278000
1.2e+07
1159000
132100
132000
131900
131800
131700
131600
131500
11330000
9496000
1958000
227000
23970000
7858000
624700
131500
131400
131300
131200
131100
2616000
348000
130800
130700
130600
130500
23250000
2150000
130600
130500
130400
130300
130200
931800
2e+05
129900
129800
129700
21040000
5785000
464200
129700
129600
129500
129400
6467000
3489000
374300
129100
129000
128900
128800
128700
128600
128500
128400
128300
29490000
2694000
128500
128400
128300
128200
128100
128000
13780000
1321000
127900
127800
127700
127600
127500
127400
20980000
42880000
3704000
128000
127900
127800
127700
25150000
17060000
1416000
128000
127900
127800
127700
127600
127500
127400
127300
127200
127100
127000
126900
126800
126700
126600
2658000
347600
126300
126200
126100
126000
125900
125800
125800
125700
125600
4016000
465200
125300
14590000
2132000
2077000
290000
37740000
12340000
905800
125600
125500
125400
125300
3792000
1440000
212000
125000
124900
124800
124700
124600
124500
124400
124300
124200
124100
124100
124000
123900
7405000
28700000
31870000
38730000
11980000
1819000
1705000
6624000
681200
124800
539500
3668000
11060000
1053000
124600
12630000
1217000
124500
124400
8106000
1798000
209600
124200
124100
7047000
728800
123900
123800
123700
123600
123500
123400
123300
123300
123200
9109000
14800000
4930000
7332000
33620000
7211000
491700
123600
123500
123400
123300
9508000
27710000
6996000
519600
18490000
1728000
1229000
220100
123400
123300
123200
123100
123000
122900
122800
122700
122700
122600
122500
122400
122300
122200
122100
122000
121900
121800
121700
121600
121600
121500
121400
121300
121200
121100
121000
5234000
567500
120800
13800000
6870000
606000
120800
120700
120600
120500
120400
120300
120200
120100
120100
15170000
1434000
120000
119900
119900
119800
119700
119600
119500
119400
119300
119200
119100
119100
119000
118900
118800
118700
118600
118500
118500
118400
118300
118200
118100
118000
117900
117900
117800
117700
117600
117500
117400
117300
117300
117200
117100
117000
116900
116800
116800
116700
15530000
1463000
116700
116600
116500
116400
116300
116200
31400000
44410000
3747000
117000
116900
116800
116800
116700
116600
5089000
21450000
12740000
2821000
26690000
13730000
1105000
117100
117000
116900
16690000
1565000
116900
116800
116800
116700
116600
2726000
59930000
5322000
117200
117100
117000
117000
18380000
1713000
117000
116900
116800
116700
116600
116600
5010000
543900
116400
116300
7363000
21370000
13600000
1137000
13120000
1253000
116500
116400
116400
116300
116200
116100
116000
115900
115900
115800
115700
115600
115500
115400
115400
115300
115200
115100
115000
115000
16080000
1509000
115000
114900
114800
114700
1141000
4388000
13400000
1243000
1742000
256800
114600
114500
6121000
639100
10400000
1013000
114400
114300
114200
114200
114100
114000
113900
113800
113800
113700
113600
113500
308100
130400
113300
113200
113100
113100
113000
112900
112800
5464000
26220000
5688000
404600
113200
113200
113100
113000
112900
112900
112800
112700
112600
112500
636500
158200
112300
112300
112200
112100
112000
111900
36300000
28500000
2316000
112800
112700
112700
112600
112500
10850000
1952000
191300
112500
12320000
1555000
145400
112500
112500
112400
112300
112200
112100
112100
112000
111900
111800
111800
111700
111600
111500
111500
111400
111300
111200
111200
111100
111000
110900
110800
31230000
2830000
111300
111200
1696000
249600
111000
111000
110900
110800
110700
110700
110600
110500
110400
110400
110300
110200
110100
110100
110000
109900
109800
109800
5681000
596600
109800
929700
3706000
7689000
1498000
175800
110000
109900
109800
109800
109700
109600
109500
109500
109400
109300
109200
109200
109100
12390000
9702000
10990000
995100
110000
109900
109800
109700
109700
109600
109500
109400
109400
109300
109200
109100
109100
109000
108900
108800
12250000
26050000
2283000
109600
109600
109500
109400
109300
109300
109200
109100
109000
109000
108900
108800
108800
108700
108600
108500
108500
108400
2110000
28910000
2610000
108900
108800
108800
108700
108600
108500
108500
108400
108300
108300
108200
108100
108000
108000
107900
107800
107800
107700
107600
107500
107500
107400
107300
107300
107200
107100
107100
107000
106900
106800
106800
106700
3052000
368900
356000
128300
106500
106400
106400
106300
106200
106200
106100
106000
106000
105900
105800
105700
105700
105600
105500
105500
105400
105300
105300
105200
105100
105100
105000
4323000
4479000
9905000
15530000
14390000
44330000
3871000
107500
107400
107300
107300
107200
107100
107000
107000
106900
106800
106800
106700
106600
106600
106500
106400
106300
106300
106200
106100
106100
106000
105900
105900
105800
105700
105700
105600
105500
105500
105400
19890000
6252000
492000
106000
106000
105900
105800
38210000
3435000
1192000
201300
106500
106400
106300
106300
106200
106100
106000
106000
1972000
8755000
847500
106200
106100
106100
106000
105900
105900
105800
105700
105700
105600
105500
105400
105400
105300
13910000
34920000
7142000
970300
150900
3468000
5113000
518500
106800
106700
106700
12990000
44970000
9568000
600800
108100
108000
108000
107900
107800
879200
1703000
809000
157300
107600
107500
107500
107400
107300
107300
107200
107100
14270000
1344000
107500
107400
107300
107300
107200
107100
107000
24330000
2224000
107500
107500
107400
107300
107200
107200
107100
107000
107000
106900
106800
106800
106700
15320000
1436000
107100
107000
106900
6087000
1197000
5215000
851800
10750000
1035000
107500
107400
107400
107300
793800
5169000
1509000
191600
107300
107200
107100
107100
107000
106900
4296000
3144000
340400
107000
106900
106800
7382000
742500
107000
601800
150100
106800
106700
106700
106600
106500
106400
106400
106300
106200
128400
3811000
429600
106100
17820000
1654000
106600
106500
106400
106400
106300
11260000
1081000
6782000
1560000
2510000
5221000
32410000
10060000
734000
108000
107900
107900
107800
107700
107700
107600
107500
107400
107400
107300
107200
107200
107100
107000
107000
106900
106800
106700
106700
106600
106500
106500
106400
106300
106300
106200
106100
106000
106000
105900
105800
105800
105700
11420000
1094000
106000
106000
105900
105800
105800
1847000
7735000
759100
105900
105900
105800
7733000
772200
106000
2039000
274800
105900
105800
105700
105600
105600
105500
105400
105400
105300
105200
105200
105100
105000
105000
104900
104800
104800
104700
2427000
13990000
9905000
11350000
1023000
106000
105900
105800
105800
105700
105600
105600
105500
1337000
213000
105300
105300
105200
105100
105100
105000
104900
104900
104800
104700
104700
104600
104500
7197000
724300
104700
104600
104500
104500
104400
104300
104300
104200
104100
104100
12820000
1215000
104500
104400
104300
104300
104200
1e+07
14920000
6599000
566100
105200
5892000
4067000
407400
105400
105300
105300
105200
105100
105100
105000
104900
104900
104800
104700
104700
104600
104500
104500
3475000
398900
104400
104400
104300
104200
104200
104100
104000
104000
103900
103800
103800
103700
103600
6962000
16910000
1723000
122100
14230000
4005000
773600
9341000
16050000
62080000
5942000
153900
107000
106900
106800
106800
5516000
579400
106800
106700
106700
106600
106500
106500
106400
106300
106300
106200
106100
106000
106000
105900
105800
12690000
4565000
1805000
229100
9344000
38990000
24180000
1979000
290800
19710000
15660000
1318000
21570000
10410000
845600
109600
109500
109400
109400
109300
109200
109100
50580000
4519000
109900
109800
109800
109700
109600
109500
109500
109400
109300
109200
7028000
37760000
4e+06
167200
110000
110000
109900
109800
109700
109700
109600
109500
109400
109400
3017000
363300
12870000
3851000
3554000
390700
109700
9399000
5630000
37320000
24310000
17160000
1441000
10810000
30550000
3046000
22100000
