277500
277000
276300
275600
274900
274200
273500
272800
272100
271400
270700
270000
269300
268600
267900
267200
3805000
1786000
980900
545000
508600
2142000
862600
1790000
8584000
2785000
1691000
824400
530600
2062000
1117000
813100
1797000
1108000
1927000
9691000
9283000
3752000
2039000
1074000
1841000
1121000
989800
5017000
2018000
3120000
1521000
1158000
980100
911700
903800
896100
1607000
1087000
990100
907300
873200
866000
858900
851900
845000
3017000
1454000
1177000
941000
852900
846000
839200
832500
1544000
3724000
4635000
3205000
1752000
1202000
971500
923100
915000
907100
899300
1982000
1196000
1053000
931600
883500
876100
868800
2409000
1297000
1098000
928400
863700
856600
849600
842800
836000
829400
822900
1099000
890700
849300
813400
796800
790700
784800
779000
773200
767500
761900
756400
751000
745600
740300
735100
12660000
4129000
2641000
1380000
927600
919400
911400
903500
3140000
4391000
2067000
1470000
1078000
962700
953900
945300
936800
928500
920300
912300
904400
1281000
1157000
988900
921600
883400
870200
863000
856000
849000
842200
835400
828800
822300
815900
809500
2364000
8816000
3210000
4385000
1897000
1324000
1076000
981500
972400
963400
954600
945900
937500
929100
920900
912900
6304000
2448000
1772000
1197000
987200
978000
968900
960000
951300
942700
934200
926000
917800
909800
902000
894300
886700
879200
871900
864700
857600
850600
843700
837000
830300
823800
817300
811000
804700
798600
792500
1157000
1023000
2924000
1395000
1106000
879600
797100
791100
785100
779300
773500
767800
762200
756700
751300
745900
740600
735400
730300
725200
2051000
3131000
1502000
1104000
834600
753200
747800
742500
737300
732100
727100
722000
717100
712200
707400
2146000
9519000
3322000
2120000
1176000
856300
849300
2200000
1223000
1048000
898800
841400
834700
828100
821600
815200
808900
802700
796500
790500
784600
778700
1963000
1106000
952100
821200
771200
765500
760000
754500
749100
743700
738500
733300
728200
723200
1935000
9691000
10060000
4077000
15310000
6546000
3538000
1959000
1294000
1221000
1207000
1193000
1179000
1166000
1153000
1141000
1128000
1116000
1104000
1093000
1082000
1070000
1060000
1049000
1039000
1028000
1018000
1008000
998800
989300
1205000
6935000
7667000
3339000
2082000
1327000
1129000
1117000
1105000
1838000
1687000
1306000
1169000
1089000
1064000
1053000
1043000
1032000
1022000
1012000
1003000
2073000
3103000
1673000
1327000
1088000
1011000
1001000
991900
982600
973400
964500
955600
947000
938500
12910000
19980000
7292000
4074000
1967000
1366000
1348000
1331000
1314000
1298000
1282000
1266000
3627000
1914000
1603000
1339000
1236000
3127000
1749000
1498000
1284000
1199000
1185000
1172000
1159000
1146000
1624000
1294000
1197000
1130000
1096000
1245000
1119000
10350000
3696000
2527000
1541000
1941000
1385000
1277000
1185000
4345000
2534000
1770000
1359000
1174000
1143000
1131000
1119000
1277000
1954000
1344000
1215000
1112000
1071000
1060000
1049000
4012000
1881000
1503000
1181000
1060000
1049000
1672000
11200000
3968000
4587000
8771000
3385000
2339000
1552000
1288000
1273000
1257000
1242000
1228000
1213000
1199000
1186000
1172000
1159000
1147000
1134000
1122000
1110000
1098000
1087000
1076000
1065000
1054000
1044000
3233000
1658000
1376000
1136000
1043000
20790000
6640000
4169000
6359000
22180000
8355000
4880000
2533000
1692000
4003000
6827000
3259000
2420000
1828000
1633000
1608000
1583000
1560000
1537000
1514000
1493000
15530000
8692000
4592000
9683000
4071000
2835000
2032000
1712000
1673000
8804000
3652000
2734000
1954000
1660000
1634000
1609000
1585000
1561000
1538000
1515000
11090000
4207000
2991000
1959000
1577000
1554000
1531000
1509000
1487000
1466000
1446000
1426000
4989000
2415000
1953000
1558000
1406000
1387000
1369000
1351000
1334000
1317000
1300000
1284000
1269000
1253000
1239000
1224000
1210000
1196000
1182000
1169000
1156000
1144000
1131000
1119000
1107000
1096000
1084000
1073000
1062000
7924000
2999000
2133000
1399000
1131000
1119000
1107000
1095000
1084000
1073000
1062000
1051000
1041000
1031000
1021000
1011000
1001000
991500
982100
973000
964000
955200
946500
938000
929700
921500
913400
5911000
6668000
2949000
1879000
1228000
1056000
1046000
1035000
1025000
1015000
1005000
995800
986400
1590000
1144000
1060000
986500
954900
946300
937800
929400
921200
1028000
1046000
946900
913900
890800
879300
872000
864800
857700
850700
843800
837100
830400
823900
817400
811100
804800
798700
792600
786700
780800
775000
769300
763700
758100
752700
747300
742000
736800
731600
726500
721500
716600
711700
706900
702200
697500
692800
688300
683800
679300
675000
670600
666400
662100
658000
653900
649800
645800
641800
637900
634100
630200
9164000
3562000
2137000
1173000
796800
772300
766700
761100
755600
750200
744800
739600
734400
729200
724200
719200
714300
5504000
2892000
1702000
1091000
1275000
912900
850400
796700
773900
768300
762700
757100
751700
746300
741000
735800
730700
725600
720600
891000
792300
1342000
889500
801300
732800
705900
1373000
2236000
1187000
945300
774200
719200
714300
709400
704600
699900
695300
690700
686200
681700
677300
672900
2520000
1198000
965600
767400
694100
689500
685000
680500
676100
671800
667500
663300
6e+06
6606000
2773000
1656000
986300
815000
808700
3953000
1695000
1297000
959700
835700
4850000
14460000
5179000
3087000
1596000
1104000
1086000
1075000
2139000
13220000
6414000
3515000
1989000
1341000
1258000
1243000
1228000
1214000
1200000
1186000
1173000
1160000
1147000
3814000
3610000
11790000
4301000
2792000
1686000
9587000
4607000
2888000
1883000
1463000
1404000
1384000
1366000
1348000
1331000
1314000
1297000
1281000
2794000
2948000
5197000
5540000
2836000
1959000
1480000
1337000
1316000
9880000
3739000
2657000
8172000
6269000
6733000
8427000
3694000
2549000
4428000
2364000
2017000
1721000
1600000
1576000
1552000
1529000
1507000
5087000
2500000
2034000
1635000
1480000
1459000
1439000
1420000
1401000
1382000
1364000
1346000
1329000
1312000
1296000
2558000
1629000
1455000
2018000
1446000
1343000
1253000
1213000
1199000
1236000
3602000
2041000
15980000
5395000
3481000
1944000
1389000
1371000
2348000
2177000
1639000
1448000
2362000
1592000
1448000
1325000
1271000
1256000
1241000
1226000
1212000
1198000
1184000
1171000
1158000
1145000
1133000
1121000
1109000
1097000
3856000
1864000
1509000
1206000
1356000
1260000
1866000
1362000
1198000
1100000
1056000
1043000
1033000
1023000
1013000
1003000
993600
984200
4725000
4147000
2178000
1515000
3243000
1658000
1387000
1156000
1067000
1057000
1046000
1036000
1025000
1016000
1006000
996100
986700
977500
968400
959500
950800
942200
933800
925500
917400
909400
6111000
7085000
3081000
1944000
1248000
1062000
1051000
1041000
1031000
1021000
1011000
1001000
991400
982100
973000
964000
955200
946500
938000
929700
921500
1371000
1037000
972100
916400
891700
884100
876700
1387000
1010000
938900
877500
851300
844400
837600
831000
824400
818000
811600
805400
799200
793100
787200
781300
775500
769800
764100
758600
753100
4332000
1762000
1310000
927600
788100
782200
776400
770600
765000
759400
754000
748600
3489000
1518000
1171000
876800
768800
763200
757700
752200
746800
741500
736300
731200
726100
721100
716100
711300
706500
701700
697100
692400
687900
1904000
1891000
1123000
2593000
1231000
982000
797400
728700
723700
718700
713800
709000
704200
699500
694800
690200
685700
681200
676800
672500
668200
664000
659800
655600
651500
1306000
5191000
1994000
1380000
893300
726100
1549000
952200
844500
752700
716900
712000
707200
702400
697800
693100
688600
684100
679600
675200
3054000
5278000
2169000
1426000
918800
766900
761300
755800
750400
745000
739800
734600
729400
3028000
26270000
8158000
4809000
2094000
1154000
1141000
1129000
1117000
1105000
1093000
1082000
1071000
1060000
1049000
1039000
1029000
1019000
1009000
999100
989600
980300
971200
962300
953500
944900
936400
928100
919900
911900
904000
896200
888600
881100
873700
866500
859400
852400
845500
838700
832000
825400
819000
812600
806300
800200
794100
788100
782200
776400
770700
765000
759500
754000
748600
743300
738000
732900
727800
722700
717800
712900
708100
703300
698600
694000
689400
684900
680400
676000
671700
2775000
1270000
1005000
780100
697200
692500
4537000
3136000
1684000
1106000
8242000
2877000
1949000
2223000
5232000
11880000
4437000
2694000
4257000
1904000
1545000
1243000
7720000
2989000
2156000
1449000
1190000
1176000
1163000
1150000
1138000
1922000
7590000
3004000
7231000
13600000
23080000
12460000
18910000
6749000
3986000
2426000
1906000
1871000
1838000
1806000
1776000
1746000
1717000
1689000
1662000
18240000
6320000
4223000
2445000
1795000
1764000
1735000
1706000
3304000
2115000
1887000
11180000
4887000
8686000
3694000
2571000
1949000
1717000
1689000
1662000
1636000
1611000
6117000
6456000
3734000
2472000
12550000
7282000
4036000
2555000
1852000
1725000
1697000
1670000
2562000
1883000
1745000
1624000
1567000
1543000
11190000
4250000
3025000
1985000
1600000
1575000
1552000
1820000
1591000
1533000
1482000
1450000
9538000
5148000
3112000
2064000
1591000
1516000
1495000
3816000
3165000
2114000
1720000
1503000
1444000
1424000
1405000
1386000
1368000
1351000
1333000
12580000
4516000
3099000
1896000
1456000
1436000
1417000
1398000
6432000
2809000
2165000
1616000
1409000
1390000
1372000
1354000
9051000
21190000
7571000
4539000
2368000
1682000
1656000
12780000
11580000
5282000
3230000
2067000
1782000
1752000
1723000
1695000
1668000
1641000
1616000
1591000
1567000
1544000
1521000
1500000
1478000
2380000
1702000
1568000
1452000
1399000
1380000
1362000
1345000
1328000
1311000
1295000
2694000
1667000
1476000
6666000
3047000
2869000
1757000
16520000
9040000
4680000
2649000
1704000
1554000
1531000
2855000
2243000
1793000
1585000
1476000
1442000
1422000
1403000
1384000
1366000
1348000
1331000
1314000
1298000
1282000
1267000
3940000
12430000
16930000
23070000
12500000
6285000
3937000
5254000
2833000
2344000
2162000
3505000
7196000
3429000
2608000
7769000
3422000
2671000
2033000
5468000
3250000
2438000
1964000
1750000
4893000
2579000
2154000
1791000
1646000
1620000
1595000
1571000
1548000
1525000
1503000
4789000
7903000
4884000
5689000
17780000
8277000
4645000
2691000
1896000
1792000
1762000
6063000
15290000
7961000
4434000
11160000
4374000
3715000
2422000
2006000
1917000
1864000
1831000
1799000
1769000
1739000
1711000
1683000
1656000
1630000
1605000
1581000
1557000
1534000
1512000
1490000
1469000
1449000
1429000
1410000
1391000
1373000
1355000
1337000
1320000
1304000
3144000
1802000
1556000
6414000
4766000
2651000
1847000
1425000
1331000
1315000
1298000
1282000
1267000
1252000
1237000
6780000
2792000
2087000
1488000
1265000
1250000
1235000
1221000
1207000
1193000
1179000
1166000
1153000
1141000
1128000
1116000
1104000
1093000
1082000
1070000
1060000
1049000
1039000
1028000
1018000
1008000
998800
989400
980100
971000
962000
953200
944600
936200
927800
919700
911600
903800
896000
888400
880900
873500
5320000
2135000
1576000
1101000
926700
918500
910500
902600
10750000
18850000
6784000
3854000
1881000
1301000
1285000
1269000
1254000
3080000
9492000
7716000
4345000
13300000
9628000
4560000
2769000
1829000
1622000
8671000
3585000
2680000
1911000
1622000
1597000
1573000
2515000
29480000
9490000
5905000
2921000
1855000
1823000
10220000
4153000
3070000
2150000
1804000
1773000
1744000
1715000
3850000
2274000
1978000
1724000
4501000
11670000
10060000
4708000
8930000
3684000
2703000
2040000
1784000
1754000
1725000
1697000
1670000
1644000
1618000
1593000
1569000
1546000
1523000
1501000
1480000
1459000
1439000
1420000
1400000
1382000
7276000
3040000
2289000
1650000
1411000
1392000
1764000
3030000
6647000
2972000
2794000
1776000
1503000
1419000
3619000
2002000
5534000
2550000
1974000
1554000
1392000
1374000
1356000
1339000
1322000
1305000
1289000
1273000
1258000
1243000
1297000
1234000
1211000
1190000
1174000
1161000
1148000
1136000
1124000
3111000
11210000
5396000
3075000
1824000
1319000
1256000
1241000
1227000
1212000
1199000
1185000
1172000
1159000
1340000
1188000
1152000
1120000
1101000
1089000
1078000
1067000
14090000
14160000
5813000
3262000
1773000
1404000
1385000
1367000
5372000
2835000
2068000
1584000
5956000
2806000
2116000
1600000
1395000
1372000
1354000
1337000
1320000
1303000
1287000
1271000
1256000
1241000
1227000
1212000
1198000
1185000
1171000
1158000
1146000
1133000
1121000
1109000
1098000
1086000
12370000
4280000
2862000
1661000
1842000
1387000
1296000
1218000
1181000
1168000
1155000
1142000
1130000
1118000
1106000
1095000
1083000
1072000
1061000
1050000
1040000
1030000
1020000
1010000
2683000
1475000
1258000
1319000
2147000
3531000
2035000
1469000
1162000
1046000
1027000
1017000
1008000
998000
988500
979200
970200
961200
952500
943900
935400
4566000
4523000
5628000
2505000
1672000
1211000
1074000
1063000
1053000
1042000
1032000
1022000
1012000
1002000
992500
983200
974000
965000
956200
947500
4535000
10530000
3952000
2501000
1457000
1126000
1114000
1102000
1091000
1079000
1068000
1057000
1047000
1036000
1026000
1016000
1007000
996900
987500
978200
969200
1550000
10720000
3777000
2513000
1473000
1104000
1092000
1081000
1070000
1059000
1048000
1038000
1028000
1018000
1008000
998200
988700
979400
970300
961400
952600
944000
935600
927300
919100
911100
903200
895500
887900
880400
873000
865800
858700
851700
844800
1721000
1085000
1044000
889700
840600
826000
816800
810500
804200
798100
792000
786100
780200
774400
768700
763100
757600
752100
746800
741500
736300
731100
726000
721000
716100
711200
706400
1718000
2127000
4068000
6132000
6390000
17410000
5834000
3422000
1719000
1158000
1145000
1133000
1121000
1109000
1097000
1086000
1075000
1064000
1053000
1042000
1032000
1022000
1012000
1002000
992900
983600
974400
965400
956600
947900
939400
931000
922800
914700
906700
898900
891300
883700
6743000
3900000
2206000
1416000
1047000
987600
978400
14170000
4721000
3494000
1792000
1235000
1177000
1149000
1136000
1124000
1112000
1100000
1089000
1645000
4291000
2022000
1572000
1218000
1092000
1081000
1070000
1059000
1048000
1038000
1028000
1018000
1008000
998200
988700
979500
5183000
14390000
6720000
3803000
2009000
2658000
3464000
1964000
1583000
1326000
1242000
6170000
20680000
9351000
4979000
2599000
1669000
1562000
1539000
1517000
1795000
2156000
1895000
1612000
1491000
1426000
1399000
1380000
1362000
1345000
1327000
1311000
6700000
2823000
2136000
1552000
1333000
1316000
1300000
1284000
1268000
10390000
3849000
2699000
1722000
1364000
1347000
1329000
1313000
1296000
1280000
1265000
1250000
1235000
1221000
1206000
6996000
2832000
2096000
1471000
1240000
3558000
2097000
3608000
2028000
5667000
2496000
1886000
1436000
1268000
1253000
1505000
3252000
2184000
1630000
1354000
1228000
1200000
1186000
1173000
1160000
2777000
2640000
1678000
1364000
1181000
1130000
3954000
1911000
1545000
1427000
1171000
1136000
1104000
1085000
1074000
1063000
1052000
1042000
1032000
1021000
1015000
2133000
1318000
1169000
6914000
2669000
1930000
1303000
1073000
1062000
1052000
4842000
2118000
4108000
2270000
2474000
3426000
13770000
7648000
3914000
2222000
1466000
1344000
1327000
1310000
1294000
1278000
1263000
1248000
1233000
1218000
1204000
1191000
1177000
1164000
1151000
1139000
1126000
1114000
1103000
1091000
1080000
1069000
1058000
1047000
1037000
1027000
1017000
1007000
997200
987800
978500
969500
960500
4385000
1931000
1497000
1129000
991700
982400
973300
1489000
3388000
1689000
1343000
1075000
981400
3294000
1631000
1335000
1670000
1156000
1075000
1004000
972900
963900
955100
946500
938000
929600
921400
913400
905500
897700
890000
882500
875100
867900
860700
853700
1539000
5168000
4753000
5492000
2420000
1586000
1144000
1015000
1005000
995700
986300
977100
968100
1311000
1051000
999300
954000
932500
924300
916200
908200
900400
892700
885100
877700
870400
863200
856100
2995000
1456000
1182000
950100
863000
856000
849000
842200
835500
828800
822300
815900
4670000
1905000
1419000
1007000
856400
849500
842600
3848000
5901000
4127000
2135000
1374000
2803000
2533000
1555000
1231000
1045000
996500
987000
977800
968700
959800
951100
942500
934100
925800
917700
909700
901800
894100
1892000
1167000
1035000
921800
877000
869700
862500
855500
848500
841700
835000
828400
821800
815400
809100
2876000
6263000
2580000
1707000
5366000
2945000
1960000
4117000
7236000
27740000
9233000
5311000
2459000
1492000
1464000
1443000
3531000
2008000
1728000
1488000
1391000
1373000
1355000
1338000
1321000
1304000
1288000
1272000
1257000
1242000
1228000
1213000
1199000
6021000
3859000
2855000
1778000
4981000
17710000
15210000
6468000
3615000
10970000
10740000
4886000
13160000
8932000
4513000
2917000
2081000
1896000
1862000
1829000
1798000
1767000
26390000
8672000
5558000
2924000
1966000
1929000
1894000
1860000
1828000
1796000
1766000
1736000
5068000
19880000
7395000
4632000
2618000
1906000
1861000
1828000
1796000
1766000
1736000
1708000
1680000
1654000
2759000
1929000
7269000
4353000
4196000
2429000
1899000
5690000
4893000
19870000
16740000
14330000
6114000
8553000
18820000
7296000
16100000
