249500
248200
246600
244800
242800
240900
238900
237000
235100
233300
231400
229600
227900
226100
224400
222700
1971000
1174000
760500
708300
692400
1905000
976500
1880000
11850000
4562000
3215000
2973000
2238000
3494000
2343000
1939000
3219000
2403000
3275000
15810000
15560000
7540000
5950000
4736000
4543000
3052000
2605000
7475000
3904000
4996000
3528000
2847000
2466000
2155000
1944000
1803000
2163000
1767000
1627000
1544000
1446000
1362000
1296000
1240000
1189000
2451000
1575000
1386000
1333000
1218000
1125000
1071000
1033000
1169000
2915000
4068000
3244000
2256000
1956000
1677000
1446000
1322000
1256000
1203000
1650000
1289000
1192000
1148000
1082000
1027000
987000
1941000
1267000
1125000
1086000
1001000
933000
894800
868200
843100
819400
797100
775900
755900
736800
718700
701500
685100
669400
654500
640200
626500
613400
600800
588800
577200
566100
555400
5613000
2297000
1707000
1641000
1324000
1094000
1007000
973300
1674000
3171000
1768000
1504000
1411000
1231000
1107000
1048000
1012000
977500
945800
916100
888200
861900
837200
813900
791800
770900
751100
732300
714400
697400
681200
665700
650900
636800
623300
610300
597900
4228000
1848000
2989000
1932000
1524000
1336000
1174000
1076000
1023000
988100
955700
925300
896800
870100
844900
3071000
1593000
1316000
1270000
1114000
996000
942100
912600
884900
858900
834300
811200
789200
768500
748800
730100
712400
695400
679300
663900
649200
635100
621700
608800
596400
584500
573100
562100
551600
541400
531600
522200
513000
504200
495700
487500
479600
471900
464400
457200
450200
443400
436800
430400
424200
418200
412400
406700
401100
395700
390500
385400
380400
375500
370800
366200
361700
357300
353100
348900
344800
340800
336900
333100
329400
325700
322200
3197000
1326000
1e+06
971700
800400
677000
634100
620700
607800
595500
583600
572300
561300
550800
540700
530900
521500
512400
503600
495100
486900
479000
471300
463900
456700
449700
442900
436300
430000
423800
417800
411900
406200
400700
395300
390100
2991000
5888000
2598000
14300000
7366000
4539000
3917000
3002000
2290000
1968000
1828000
1718000
1621000
1534000
1457000
1387000
1323000
1265000
1212000
1163000
1119000
1077000
1039000
1003000
969400
938200
908900
881400
855600
831200
2115000
4293000
2147000
1762000
1626000
1362000
1186000
1112000
1347000
1403000
1159000
1092000
1040000
982200
938200
906400
879100
853400
829100
806200
1096000
1939000
1201000
1060000
1013000
918400
850800
816700
794500
773500
753600
734700
716700
699500
8740000
19930000
7797000
5620000
4812000
3346000
2427000
2091000
1947000
1822000
1713000
1616000
3112000
2007000
1751000
1665000
1506000
2612000
1735000
1536000
1467000
1342000
1242000
1179000
1133000
1091000
1280000
1113000
1041000
1004000
959600
1002000
919800
6931000
2954000
2220000
2115000
2195000
1587000
1409000
1347000
3287000
2265000
1746000
1634000
1461000
1308000
1221000
1169000
1242000
1628000
1251000
1156000
1109000
1041000
986400
949400
2751000
1534000
1298000
1251000
1115000
1011000
1352000
8438000
3517000
4003000
8938000
4348000
3234000
2891000
2362000
1984000
1802000
1695000
1601000
1516000
1440000
1372000
1310000
1253000
1201000
1153000
1109000
1068000
1030000
995100
962200
931400
902600
875500
1160000
940600
883900
859500
820700
17100000
6101000
4100000
7598000
26720000
10550000
6833000
5971000
4175000
4721000
6842000
3950000
3287000
2953000
2487000
2157000
1971000
1844000
1732000
1633000
1545000
11120000
7044000
4251000
9436000
5168000
3658000
3187000
2647000
2240000
6831000
3558000
2860000
2673000
2263000
1948000
1781000
1677000
1584000
1501000
1427000
6045000
2925000
2315000
2194000
1846000
1584000
1459000
1388000
1325000
1267000
1214000
1165000
2181000
1461000
1302000
1253000
1154000
1074000
1026000
991400
958800
928200
899600
872700
847300
823400
800900
779500
759300
740100
721800
704400
687900
672100
657000
642600
628800
615600
603000
590800
579200
610600
572900
557900
547600
535500
524500
514900
506000
497400
489100
481100
473400
465900
458600
451600
444800
438100
431700
425500
419400
413500
407800
402200
396800
391500
386400
381400
796800
2196000
1057000
861600
818100
698300
618200
589400
577800
566600
555900
545600
535600
526000
516800
507800
499200
490900
482800
475000
467500
460100
453100
446200
439500
433100
426800
420700
414800
409000
403400
397900
392600
387500
382400
377500
372800
368100
363600
359100
354800
350600
346500
342400
338500
334700
330900
327200
323600
320100
316700
313300
310000
306800
303700
300600
297500
294600
291600
288800
286000
283300
280600
277900
275300
272800
270300
267800
265400
263100
260700
258500
256200
254000
251800
1366000
830800
581300
549700
482400
424200
400400
393100
388000
382900
378000
373200
368500
364000
359600
355200
351000
1040000
896300
615200
571500
643200
516700
478000
467200
453900
442700
435000
428700
422500
416500
410700
405100
399600
394200
389000
384000
379000
374200
369500
364900
360500
356100
351900
697400
470800
429000
422800
399300
381400
373200
368500
364000
359500
355200
351000
346800
342800
338900
759300
485300
435700
429300
401800
381200
372200
367600
363100
358600
354300
350100
2377000
3575000
1708000
1400000
1252000
1013000
872200
2768000
1487000
1244000
1202000
1064000
3856000
14960000
6021000
4274000
3839000
2832000
2143000
1873000
2704000
14340000
7651000
4870000
4297000
3333000
2547000
2177000
2006000
1874000
1758000
1656000
1566000
1485000
1412000
2880000
3066000
10830000
4781000
3550000
3210000
10630000
5630000
3862000
3502000
2850000
2314000
2043000
1899000
1780000
1676000
1583000
1500000
1426000
2136000
2438000
4140000
4728000
2924000
2431000
2137000
1814000
1608000
8573000
3849000
2932000
8728000
7159000
7464000
9494000
5365000
4131000
5551000
3561000
2882000
2613000
2319000
2081000
1921000
1800000
1693000
3993000
2369000
2013000
1909000
1692000
1522000
1424000
1357000
1296000
1240000
1189000
1143000
1099000
1059000
1022000
1374000
1089000
1014000
1350000
1057000
972000
937800
890600
851200
823600
1790000
1224000
11660000
4572000
3223000
3001000
2287000
1776000
2078000
2069000
1676000
1555000
2077000
1572000
1421000
1356000
1268000
1194000
1141000
1098000
1058000
1021000
985900
953600
923400
895100
868400
843300
819700
797300
1107000
875700
819900
798600
761700
765000
1098000
867000
787700
763100
724300
691700
671000
655700
641300
627600
614500
601900
1423000
1907000
1135000
999800
1930000
1182000
1003000
964400
886800
826100
794000
773000
753100
734200
716200
699100
682800
667300
652400
638200
624600
611600
599100
587100
575600
564500
1361000
3330000
1606000
1305000
1221000
1028000
898400
848000
824000
801400
780000
759800
740500
722300
704900
688300
672500
657400
643000
629200
616000
603300
591100
579500
568200
557500
547100
537100
527400
518100
509100
500500
492100
484000
476200
468600
461200
454100
447200
440500
434000
427700
421600
415600
409800
404200
398700
393400
388200
383200
378300
373500
368800
364200
359800
355400
351200
347100
343000
339100
335200
331500
327800
324200
320700
317200
313800
310500
307300
304100
301000
298000
295000
292100
289200
286400
283700
281000
278300
275700
273200
270700
268200
265800
263400
450900
323700
3e+05
296300
283100
273300
268900
266500
264100
261800
259500
257200
255000
252800
250700
248600
246500
244400
242400
240500
238500
236600
234700
1214000
580500
471200
462800
405500
494500
398100
380000
375200
364000
354900
349400
345300
341300
337400
333600
329900
326200
322600
450600
1710000
822100
668800
647600
561500
501300
479900
472200
464700
457500
450500
443700
605900
22600000
7529000
4819000
4476000
3056000
2059000
1720000
1623000
1536000
1458000
1388000
1324000
1266000
1213000
1164000
1119000
1078000
1039000
1003000
969900
938700
909400
881900
856000
831600
808600
786800
766200
746700
728100
710400
693600
677500
662200
647600
633600
620200
607300
595000
583200
571800
560900
550400
540300
530500
521100
512000
503300
494800
486600
478700
471000
463600
456400
449400
442700
436100
429700
423500
417500
411700
406000
400500
395100
389900
384800
379800
375000
370300
365700
361200
356800
352600
348400
344300
340400
1459000
1237000
784800
716800
4915000
2062000
1537000
2204000
4736000
12060000
5228000
3873000
5953000
3475000
2617000
2346000
8e+06
3888000
3033000
2834000
2355000
1991000
1809000
1702000
1606000
1991000
6550000
3190000
6938000
15950000
29400000
16050000
24710000
12220000
7912000
5951000
4212000
3197000
2738000
2493000
2289000
2117000
1970000
1842000
1730000
14790000
5872000
4168000
3869000
2938000
2259000
1977000
1848000
2689000
1977000
1777000
8316000
4267000
7109000
4232000
3239000
2765000
2302000
2001000
1835000
1724000
1626000
4299000
4926000
3210000
2626000
10750000
6744000
4232000
3719000
3035000
2424000
2103000
1942000
2288000
1878000
1727000
1634000
1526000
1434000
7845000
3533000
2704000
2553000
2087000
1739000
1582000
1499000
1425000
1358000
1297000
1241000
6196000
3906000
2626000
2396000
2024000
1691000
1520000
2705000
2553000
1855000
1693000
1550000
1396000
1295000
1233000
1183000
1136000
1093000
1054000
7712000
3286000
2465000
2341000
1889000
1554000
1414000
1348000
4175000
2249000
1862000
1776000
1550000
1376000
1288000
1233000
5442000
19160000
7425000
5261000
4661000
3335000
2450000
11070000
10930000
5766000
4744000
3928000
3002000
2464000
2215000
2054000
1915000
1794000
1688000
1594000
1511000
1435000
1367000
1305000
1249000
1197000
1150000
1106000
1065000
1028000
992700
959900
929300
900600
873600
848200
824300
801700
780300
1885000
1255000
1373000
1119000
11200000
7282000
4105000
3568000
2843000
2161000
1828000
1692000
1780000
1577000
1480000
1409000
1335000
1270000
1215000
1166000
1121000
1080000
1041000
1005000
971400
940000
910600
1094000
7757000
13720000
23320000
13800000
8785000
7302000
7510000
4385000
3416000
3031000
3634000
6345000
3624000
3010000
6788000
3737000
2944000
2702000
4592000
3141000
2478000
2287000
2032000
4141000
2382000
1994000
1874000
1650000
1479000
1385000
1321000
1263000
1211000
1162000
1373000
4415000
3197000
3993000
15030000
7714000
4947000
4296000
3290000
2512000
2156000
4729000
13540000
7679000
5030000
11860000
5894000
4517000
3792000
3062000
2546000
2260000
2083000
1937000
1814000
1706000
1610000
1524000
1448000
1378000
1316000
1258000
1206000
1158000
1113000
1072000
1034000
998500
965400
934400
905400
878100
852500
828300
805400
783800
763400
744000
725500
864700
1584000
1013000
903100
871100
800700
748700
722100
704700
688200
672400
657300
2072000
1137000
963100
936500
839300
766000
732900
715000
698000
681700
666200
651400
637300
623700
610700
598300
586300
574800
563800
553200
542900
533100
523600
514400
505600
497000
488700
480800
473000
465500
458300
451300
444400
437800
431400
425200
419100
413200
407500
402000
396500
391300
1250000
683400
581900
569900
515100
474900
458900
451900
5253000
15410000
5980000
4311000
3806000
2733000
2038000
1784000
1679000
2834000
8629000
7837000
5046000
15250000
11830000
6492000
5240000
4168000
3155000
8829000
4450000
3499000
3227000
2676000
2257000
2036000
2533000
30820000
10580000
6801000
6163000
4158000
2762000
8925000
4344000
3379000
3132000
2578000
2159000
1948000
1823000
2962000
2063000
1831000
1735000
3482000
8797000
8338000
4670000
8735000
4866000
3577000
3093000
2580000
2217000
2014000
1880000
1764000
1661000
1570000
1489000
1416000
1350000
1289000
1234000
1184000
1137000
1095000
1055000
1018000
983500
3774000
1911000
1557000
1496000
1297000
1146000
1188000
1933000
4372000
2268000
2308000
1891000
1581000
1394000
2613000
1688000
4097000
2338000
1908000
1772000
1546000
1382000
1295000
1239000
1189000
1142000
1098000
1058000
1021000
986600
954300
924000
895600
869000
843800
820100
797700
776600
756500
1081000
6352000
3618000
2362000
2150000
1766000
1440000
1291000
1227000
1177000
1132000
1089000
1050000
1013000
979000
947200
917400
889400
863100
838300
814900
792800
7890000
11800000
5259000
4102000
3494000
2591000
2048000
1835000
3854000
2641000
2143000
2002000
5318000
2946000
2348000
2204000
1907000
1672000
1545000
1465000
1394000
1330000
1271000
1218000
1169000
1124000
1082000
1043000
1007000
973100
941600
912200
884500
858500
833900
810800
788900
768200
3867000
1833000
1461000
1409000
1419000
1125000
1035000
1e+06
957000
919100
889000
862700
838000
814600
792500
771600
751700
732900
715000
698000
681700
666200
651400
637200
623700
610700
598200
586300
574800
1594000
1034000
830600
797600
726000
665900
637000
622300
609300
596900
585000
573600
562600
552000
541800
532000
931400
1934000
2841000
1532000
1286000
1167000
991000
884800
842000
818400
796100
775000
755000
736000
717900
700700
684400
668700
653800
639500
625900
4969000
2119000
1608000
1548000
1272000
1070000
991300
958700
928100
899500
872600
847300
823400
800800
779400
759200
740000
721700
704400
687800
672000
3839000
1759000
1383000
1335000
1130000
978500
916900
888900
862700
837900
814500
792400
771500
751700
732900
715000
697900
681700
666200
651400
637200
623600
610700
598200
586300
574800
563700
553100
542900
533000
523500
514400
505500
497000
488700
480700
473000
465500
458300
451200
444400
437800
431400
425100
419100
413200
407500
401900
396500
391300
386100
381100
376300
371500
366900
362400
358000
353700
349500
345400
341400
337500
333700
1172000
2534000
3530000
15490000
6003000
4167000
3717000
2698000
2016000
1760000
1658000
1568000
1487000
1414000
1348000
1287000
1233000
1182000
1136000
1093000
1054000
1017000
982400
950300
920300
892100
865700
840700
817200
795000
773900
754000
735000
717000
699900
683500
2230000
2067000
1321000
1194000
1078000
945900
871800
10980000
4250000
3324000
2967000
2269000
1782000
1574000
1483000
1408000
1342000
1282000
1228000
1399000
3219000
1856000
1583000
1506000
1337000
1209000
1142000
1099000
1059000
1022000
986900
954600
924300
895900
869200
844100
3403000
12180000
6389000
4298000
3660000
3855000
4088000
2651000
2314000
2119000
1878000
5643000
23100000
11240000
6877000
5863000
4222000
2980000
2447000
2229000
2169000
2392000
2145000
1885000
1758000
1638000
1528000
1443000
1372000
1310000
1253000
1201000
4473000
2277000
1850000
1768000
1524000
1338000
1248000
1197000
1149000
7370000
3228000
2451000
2327000
1896000
1575000
1437000
1369000
1307000
1250000
1199000
1151000
1107000
1066000
1029000
4097000
2047000
1658000
1590000
1370000
2446000
1700000
2662000
1872000
4418000
2453000
1984000
1841000
1598000
1421000
1428000
2505000
1898000
1564000
1471000
1346000
1236000
1167000
1120000
1078000
1627000
1781000
1312000
1209000
1136000
1047000
2372000
1435000
1247000
1270000
1114000
1020000
972400
937800
906200
878200
852600
828400
805500
783900
763500
1117000
859200
8e+05
4010000
1886000
1487000
1431000
1218000
1060000
992600
2816000
1583000
2817000
2010000
2083000
2872000
12820000
7880000
4735000
4088000
3215000
2459000
2090000
1924000
1802000
1695000
1601000
1516000
1440000
1372000
1309000
1253000
1201000
1153000
1109000
1068000
1030000
995000
962100
931400
902500
875400
849900
825900
803200
781700
761400
742000
723700
706200
689600
673700
658600
644100
630300
617000
604300
592100
580400
569100
558300
1271000
793900
703600
687800
636400
1405000
859700
757100
910400
739800
675900
652900
630000
610600
596500
584600
573200
562200
551600
541400
531600
522200
513100
504300
495800
487500
479600
471900
464400
1027000
1861000
2821000
1503000
1248000
1128000
954500
850000
808900
787100
766500
746900
728300
710600
693800
677700
662400
647800
633800
620400
607500
595200
583300
572000
561000
550500
540400
530600
521200
512100
503400
494900
486700
478800
471100
463700
456500
449500
442700
621300
494100
467100
459500
442900
429600
421600
1135000
2635000
2141000
1356000
1194000
1931000
1941000
1282000
1157000
1074000
969900
904500
870300
845100
821300
798800
777600
757400
738300
720200
702900
686400
670700
655700
641300
627600
614400
601800
589700
578100
567000
556200
545900
535900
526300
517000
508100
499500
491100
1896000
1006000
819900
3255000
2138000
1511000
3276000
5812000
32220000
11450000
7332000
6416000
4234000
2771000
2257000
3487000
2438000
2146000
2014000
1825000
1672000
1567000
1486000
1413000
1347000
1287000
1232000
1182000
1136000
1093000
1053000
1016000
2611000
2243000
1870000
1551000
3646000
16160000
15300000
7464000
5948000
13100000
12460000
6407000
15260000
11380000
6539000
5241000
4180000
3237000
2706000
2434000
2240000
2075000
24620000
8874000
5888000
5384000
3796000
2668000
2238000
2074000
1933000
1810000
1702000
1606000
3223000
16370000
6682000
4668000
4222000
3140000
2370000
2055000
1914000
1793000
1687000
1594000
1510000
1435000
1860000
1484000
4689000
3219000
3182000
2405000
2027000
4356000
3865000
1.8e+07
17030000
15490000
8820000
11240000
21750000
9451000
17540000
