999600
994600
989100
983600
978200
972900
967700
962400
957300
952200
947200
942200
937200
932300
927500
922700
11440000
3692000
1157000
979000
1361000
6198000
1596000
4413000
20910000
3388000
1139000
1132000
1125000
4316000
1839000
1169000
3657000
1909000
3656000
18660000
1.4e+07
2576000
1331000
1321000
2950000
1504000
1306000
8505000
2173000
4037000
1659000
1339000
1329000
1319000
1309000
1300000
2093000
1380000
1279000
1270000
1261000
1252000
1243000
1235000
1226000
4264000
1584000
1226000
1218000
1209000
1201000
1193000
1185000
1482000
5707000
6610000
3596000
1445000
1230000
1221000
1213000
1205000
1197000
1189000
2276000
1308000
1174000
1166000
1159000
1151000
1144000
3454000
1413000
1140000
1133000
1126000
1118000
1112000
1105000
1098000
1091000
1085000
1078000
1072000
1065000
1059000
1053000
1046000
1040000
1034000
1028000
1022000
1017000
1011000
1005000
999600
994100
988600
13400000
2490000
1056000
1050000
1044000
1038000
1032000
1026000
2472000
5958000
1599000
1045000
1039000
1033000
1027000
1021000
1015000
1010000
1004000
998500
992900
987400
982000
976700
971400
966100
960900
955800
950700
945700
940700
935800
930900
926100
921300
916600
911900
10010000
2007000
4675000
1402000
968600
963300
958200
953100
948000
943000
938100
933200
928300
923500
918800
6164000
1546000
937000
932100
927300
922500
917800
913100
908500
903900
899300
894800
890400
886000
881600
877300
873000
868700
864500
860400
856300
852200
848100
844100
840200
836200
832400
828500
824700
820900
817100
813400
809700
806100
802500
798900
795300
791800
788300
784900
781400
778000
774700
771300
768000
764700
761500
758300
755100
751900
748700
745600
742500
739500
736400
733400
730400
727400
724500
721600
718700
715800
712900
710100
707300
704500
701800
9117000
1727000
756200
753000
749800
746700
743600
740500
737500
734400
731400
728500
725500
722600
719700
716800
713900
711100
708300
705500
702700
7e+05
697200
694500
691800
689200
686500
683900
681300
678700
676200
673600
671100
668600
666100
663600
7225000
10090000
1758000
15550000
4182000
1069000
879500
875200
870900
866700
862500
858400
854300
850200
846200
842200
838300
834400
830500
826600
822800
819100
815300
811600
808000
804300
800700
797200
793600
790100
2709000
6294000
1445000
835800
831900
828100
824300
820500
1279000
1379000
875900
813700
810100
806400
802800
799200
795600
792100
788600
785200
1478000
3221000
1070000
796100
792600
789100
785700
782200
778800
775400
772100
768800
765500
762200
14670000
21540000
3182000
983000
977600
972300
967100
961900
956700
951600
946600
941600
3780000
1277000
944700
939700
934800
3355000
1219000
935300
930500
925600
920900
916200
911500
906900
1319000
983600
901300
892900
888500
1087000
904900
12760000
2320000
948100
943100
1865000
1046000
934100
929300
5071000
2066000
1019000
939700
934800
929900
925100
920400
1197000
2146000
1054000
910700
906100
901500
897000
892500
4860000
1369000
907900
903300
898800
894300
1607000
14330000
2511000
3489000
9949000
2032000
1028000
1022000
1016000
1010000
1005000
999200
993600
988100
982700
977300
972000
966700
961500
956400
951300
946300
941300
936400
931500
926700
921900
917100
1478000
976300
906700
902100
897600
26270000
3975000
1051000
6582000
24490000
4671000
1331000
1229000
1220000
3727000
6504000
1830000
1248000
1240000
1231000
1223000
1215000
1206000
1198000
1190000
1182000
15130000
6297000
1691000
8992000
2538000
1370000
1324000
1314000
1305000
8713000
2197000
1335000
1325000
1315000
1305000
1296000
1287000
1277000
1268000
1259000
8993000
2197000
1298000
1289000
1280000
1271000
1262000
1253000
1244000
1236000
1227000
1219000
3324000
1462000
1211000
1203000
1195000
1187000
1179000
1171000
1164000
1156000
1149000
1142000
1134000
1127000
1120000
1113000
1106000
1099000
1093000
1086000
1079000
1073000
1067000
1060000
1054000
1048000
1042000
1036000
1030000
1024000
1018000
1012000
1007000
1001000
995300
989800
984400
979000
973600
968400
963100
958000
952900
947800
942800
937900
933000
928200
923400
918600
913900
909300
904700
900100
895600
891100
886700
6974000
1621000
916200
911600
906900
902400
897800
893400
888900
884500
880200
875800
871600
867400
863200
859000
854900
850800
846800
842800
838900
835000
831100
827200
823400
819700
815900
812200
808500
804900
801300
797700
794200
790700
787200
783700
780300
776900
773600
770200
766900
763700
760400
757200
754000
750800
747700
744600
741500
738500
735400
732400
729400
726500
723500
720600
717700
714800
712000
709200
706400
703600
700800
698100
695400
692700
690000
687400
684800
682100
679600
677000
674400
671900
4039000
1734000
767900
689800
687100
684500
681900
679300
676700
674200
671700
669200
666700
664200
661700
659300
656900
2868000
1993000
795200
669500
1054000
711700
664700
662300
659800
657400
655000
652600
650200
647900
645500
643200
640900
638600
636400
634100
631900
629600
627400
625200
623100
620900
618800
1812000
759700
620000
617800
615700
613600
611500
609400
607300
605300
603200
601200
599200
597200
595200
2383000
808800
601000
599000
597000
595000
593000
591100
589100
587200
585300
583400
7162000
7151000
1324000
657500
655100
652700
650400
4600000
1127000
670000
667500
665000
5811000
15720000
2620000
820300
798600
795100
791600
788100
2124000
14280000
4384000
1127000
896900
892400
888000
883600
879300
875000
870700
866500
862300
858200
854100
3162000
2893000
13170000
2345000
950000
944900
11720000
3480000
1150000
1002000
996400
990900
985500
980100
974700
969400
964200
959000
953900
2515000
2778000
5523000
5492000
1611000
1016000
993400
988000
982500
12050000
2320000
1040000
9440000
5993000
5794000
7431000
1840000
1165000
4112000
1512000
1165000
1158000
1150000
1143000
1136000
1129000
1121000
5440000
1637000
1133000
1126000
1119000
1112000
1105000
1098000
1091000
1085000
1078000
1072000
1065000
1059000
1053000
1862000
1140000
1040000
1908000
1135000
1028000
1022000
1017000
1011000
1005000
3849000
1586000
19390000
3244000
1127000
1120000
1113000
1106000
1960000
1923000
1181000
1091000
2333000
1230000
1080000
1074000
1067000
1061000
1055000
1049000
1043000
1037000
1031000
1025000
1019000
1013000
1007000
1002000
996100
990600
1563000
1050000
978200
972800
967600
1009000
2168000
1202000
967500
950600
945500
940600
935600
930800
926000
921200
916500
911800
3094000
4498000
1316000
927600
3882000
1277000
931600
926700
922000
917200
912600
907900
903300
898800
894300
889900
885400
881100
876800
872500
868300
864100
859900
855800
851700
847700
2174000
6986000
1582000
890800
886300
882000
877600
873400
869100
864900
860700
856600
852500
848500
844500
840500
836600
832700
828800
825000
821200
817500
813800
810100
806400
802800
799200
795700
792100
788600
785200
781700
778300
775000
771600
768300
765000
761800
758500
755300
752200
749000
745900
742800
739700
736700
733700
730700
727700
724700
721800
718900
716000
713200
710400
707500
704800
702000
699300
696500
693800
691100
688500
685900
683200
680600
678100
675500
673000
670400
667900
665400
663000
660500
658100
655700
653300
650900
648600
646200
643900
641600
639300
637000
634800
632500
630300
628100
625900
623700
621500
619400
617200
615100
613000
610900
608800
606800
604700
602700
600700
598700
596700
594700
592700
590800
588800
586900
4887000
1107000
610200
608200
606100
1182000
672100
603600
601500
599500
597500
595500
593600
591600
589700
587700
585800
583900
582000
658200
5394000
1163000
608600
606600
604500
602500
600500
598500
596500
594500
592500
590600
741900
29110000
4061000
780900
777500
774100
770800
767500
764200
761000
757700
754500
751400
748200
745100
742000
739000
735900
732900
729900
726900
724000
721100
718200
715300
712500
709600
706800
704100
701300
698600
695800
693100
690500
687800
685200
682600
680000
677400
674800
672300
669800
667300
664800
662400
659900
657500
655100
652700
650300
648000
645600
643300
641000
638700
636400
634200
632000
629700
627500
625300
623100
621000
618800
616700
614600
612500
610400
608300
606300
604200
602200
600200
598200
596200
594200
592200
3772000
2740000
821500
616400
10280000
1788000
673700
2019000
6114000
12240000
2144000
803000
3595000
1131000
804700
801100
7500000
1620000
846700
842700
838700
834800
831000
827100
823300
1468000
7228000
1600000
6684000
15310000
22660000
7788000
15270000
2819000
1247000
1238000
1229000
1221000
1213000
1205000
1197000
1189000
1181000
1173000
1165000
18870000
3318000
1274000
1265000
1257000
1248000
1239000
1231000
2938000
1425000
1219000
11520000
3088000
7036000
1977000
1315000
1306000
1296000
1287000
1278000
1269000
1260000
6192000
5902000
2303000
1366000
14260000
6083000
1756000
1375000
1365000
1354000
1344000
1334000
2135000
1415000
1312000
1302000
1293000
1284000
12950000
2692000
1341000
1331000
1321000
1311000
1302000
1292000
1283000
1274000
1265000
1256000
10600000
4239000
1534000
1312000
1303000
1293000
1284000
3528000
2899000
1443000
1278000
1269000
1260000
1251000
1243000
1234000
1226000
1217000
1209000
13710000
2730000
1284000
1275000
1266000
1257000
1248000
1240000
6700000
1896000
1259000
1250000
1242000
1233000
1225000
1216000
9287000
25030000
4033000
1396000
1386000
1375000
1364000
15330000
11910000
2493000
1460000
1448000
1436000
1425000
1413000
1402000
1391000
1381000
1370000
1360000
1349000
1339000
1329000
1320000
1310000
1300000
1291000
1282000
1273000
1264000
1255000
1246000
1237000
1229000
1220000
1212000
1204000
1196000
1188000
3209000
1780000
2136000
1287000
20310000
7820000
1830000
1325000
1315000
1306000
1296000
1287000
1342000
1276000
1260000
1251000
1243000
1234000
1225000
1217000
1209000
1201000
1193000
1185000
1177000
1169000
1162000
1154000
14610000
18310000
24260000
9143000
2653000
2446000
5410000
1925000
1472000
1460000
3164000
8040000
2209000
1461000
8432000
2283000
1467000
1455000
5628000
2526000
1516000
1436000
1425000
4631000
1791000
1410000
1399000
1388000
1377000
1367000
1357000
1346000
1336000
1326000
1317000
8459000
3910000
5272000
21410000
6274000
1777000
1473000
1460000
1449000
1437000
6685000
18160000
6115000
1850000
12580000
2851000
2133000
1621000
1542000
1529000
1516000
1503000
1491000
1478000
1466000
1454000
1443000
1431000
1420000
1409000
1397000
1387000
1376000
1365000
1355000
1345000
1335000
1325000
1315000
1306000
1296000
1287000
1278000
1268000
1260000
1251000
1242000
1233000
1225000
2260000
1337000
1209000
1201000
1193000
1185000
1177000
1169000
1162000
1154000
1147000
5316000
1644000
1157000
1149000
1142000
1135000
1127000
1120000
1113000
1106000
1100000
1093000
1086000
1080000
1073000
1067000
1061000
1054000
1048000
1042000
1036000
1030000
1024000
1018000
1012000
1007000
1001000
995600
990100
984600
979200
973900
968600
963400
958200
953100
948100
943100
938100
933200
928400
923600
4122000
1302000
929100
924300
919500
914800
910200
905600
15570000
22750000
3435000
1120000
1113000
1107000
1100000
1093000
1086000
3328000
11440000
7532000
2642000
14160000
8226000
1952000
1315000
1306000
1296000
9666000
2306000
1333000
1323000
1313000
1304000
1294000
2420000
35770000
5444000
1481000
1468000
1456000
1445000
12300000
2737000
1474000
1462000
1450000
1439000
1427000
1416000
4214000
1733000
1399000
1388000
5499000
14280000
9916000
2293000
9290000
2407000
1495000
1483000
1470000
1458000
1446000
1435000
1423000
1412000
1401000
1390000
1379000
1369000
1358000
1348000
1338000
1328000
1318000
1309000
1299000
1290000
7514000
2041000
1316000
1306000
1297000
1287000
1513000
3335000
7769000
2043000
2115000
1404000
1303000
1293000
4125000
1625000
6265000
1895000
1314000
1305000
1295000
1286000
1277000
1268000
1259000
1250000
1241000
1233000
1224000
1216000
1208000
1200000
1192000
1184000
1176000
1168000
1161000
1153000
1146000
1953000
13680000
4318000
1424000
1225000
1217000
1209000
1200000
1192000
1185000
1177000
1169000
1161000
1154000
1147000
1139000
1132000
1125000
1118000
1111000
1104000
1097000
15580000
15160000
2699000
1277000
1268000
1259000
1251000
1242000
4818000
2125000
1302000
1241000
7084000
2136000
1287000
1257000
1248000
1239000
1231000
1222000
1214000
1206000
1198000
1190000
1182000
1174000
1166000
1159000
1151000
1144000
1137000
1130000
1122000
1115000
1108000
1102000
1095000
1088000
7610000
1873000
1116000
1109000
1580000
1154000
1092000
1086000
1079000
1073000
1066000
1060000
1054000
1048000
1041000
1035000
1029000
1024000
1018000
1012000
1006000
1001000
995100
989600
984200
978800
973400
968200
963000
3547000
1650000
1011000
961400
956200
951200
946100
941100
936200
931300
926500
921700
917000
912300
907700
903100
1581000
5051000
6426000
1529000
944600
939600
934700
929800
925000
920300
915600
910900
906300
901700
897200
892700
888300
883900
879500
875200
871000
10090000
1988000
922800
918100
913400
908800
904200
899600
895100
890700
886200
881900
877500
873300
869000
864800
860600
856500
852400
848400
844400
6696000
1558000
881300
876900
872700
868400
864200
860100
856000
851900
847800
843800
839900
836000
832100
828200
824400
820600
816900
813200
809500
805800
802200
798600
795100
791600
788100
784600
781200
777800
774400
771100
767800
764500
761300
758000
754800
751700
748500
745400
742300
739200
736200
733200
730200
727200
724300
721300
718500
715600
712700
709900
707100
704300
701600
698800
696100
693400
690700
688100
685400
682800
680200
2997000
6670000
6487000
19360000
2965000
890600
886200
881800
877500
873200
869000
864800
860600
856500
852400
848400
844400
840400
836500
832600
828700
824900
821100
817300
813600
809900
806300
802700
799100
795500
792000
788500
785100
781600
778200
774900
3873000
2907000
1006000
800500
796900
793400
789900
16700000
2729000
1323000
943900
890500
886100
881700
877400
873100
868800
864600
860500
1226000
4274000
1269000
877300
873000
868700
864500
860400
856300
852200
848100
844100
840200
836300
832400
828500
824700
5950000
16960000
4831000
1468000
997200
2668000
3562000
1254000
973300
968000
962800
7366000
23070000
6462000
1485000
1148000
1141000
1133000
1126000
1119000
1273000
1902000
1484000
1134000
1094000
1087000
1081000
1074000
1068000
1062000
1055000
1049000
7738000
1854000
1078000
1071000
1065000
1059000
1052000
1046000
1040000
12510000
2429000
1103000
1097000
1090000
1083000
1077000
1070000
1064000
1058000
1052000
1045000
1039000
1033000
1027000
7715000
1832000
1056000
1050000
1044000
3932000
1673000
3654000
1509000
6409000
1700000
1080000
1073000
1067000
1061000
1278000
3620000
1845000
1115000
1052000
1046000
1040000
1034000
1028000
1022000
2317000
2528000
1179000
1017000
1012000
1006000
4247000
1390000
1011000
1156000
1018000
994900
989400
983900
978500
973200
968000
962700
957600
952500
947400
2020000
1068000
939300
9416000
1959000
978500
973100
967900
962700
957500
5195000
1463000
4365000
1819000
2219000
3621000
16890000
6540000
1540000
1114000
1107000
1100000
1094000
1087000
1081000
1074000
1068000
1061000
1055000
1049000
1043000
1037000
1031000
1025000
1019000
1013000
1007000
1002000
996200
990700
985200
979800
974500
969200
964000
958800
953700
948700
943600
938700
933800
928900
924100
919400
914700
910000
905400
900900
896300
891900
887400
1926000
1008000
883800
879500
875200
2871000
1114000
880400
1266000
920000
871100
866800
862700
858500
854400
850300
846300
842300
838400
834500
830600
826800
823000
819200
815500
811800
808100
804500
800900
1540000
4309000
5393000
1336000
853100
849000
845000
841100
837100
833200
829400
825500
821700
818000
814300
810600
806900
803300
799700
796100
792600
789100
785600
782200
778800
775400
772100
768800
765500
762200
759000
755800
752600
749400
746300
743200
740100
737100
734100
731100
728100
725100
722200
719300
716400
713600
2554000
6423000
3490000
1015000
770400
2665000
2372000
944600
783200
779700
776400
773000
769700
766400
763100
759900
756700
753500
750300
747200
744100
741000
737900
734900
731900
728900
726000
723000
720100
717200
714400
711500
708700
705900
703100
700400
697600
694900
692300
3650000
1129000
715300
6258000
2441000
1042000
4425000
7111000
29090000
4447000
1028000
991400
985900
980500
975200
3124000
1226000
973300
968100
962900
957700
952600
947500
942600
937600
932700
927900
923100
918300
913700
909000
904400
4207000
3007000
1835000
1005000
5602000
20090000
13420000
2335000
1218000
10770000
9153000
2020000
11860000
6744000
1815000
1320000
1311000
1301000
1292000
1283000
1273000
1264000
29210000
4642000
1416000
1405000
1394000
1383000
1372000
1362000
1352000
1341000
1331000
1322000
4346000
23300000
4356000
1493000
1434000
1422000
1411000
1400000
1389000
1378000
1368000
1357000
1347000
1337000
2360000
1445000
8134000
3478000
3152000
1553000
1355000
6461000
4705000
23890000
16830000
12330000
2684000
8157000
20260000
4020000
15060000
