655800
651700
646800
641100
635100
628900
622400
616000
609600
603400
597300
591400
585500
579800
574200
568700
563200
738200
801600
840700
852300
866100
982500
1002000
1096000
1835000
1977000
2098000
2099000
2097000
2240000
2231000
2195000
2253000
2236000
2325000
3472000
4679000
4854000
4837000
4662000
4663000
4477000
4227000
4582000
4404000
4505000
4299000
4116000
3919000
3707000
3510000
3314000
3188000
3033000
2894000
2761000
2640000
2530000
2425000
2328000
2239000
2302000
2250000
2201000
2135000
2072000
2014000
1951000
1890000
1844000
1976000
2192000
2307000
2315000
2287000
2247000
2198000
2135000
2064000
1994000
1975000
1922000
1872000
1818000
1767000
1720000
1672000
1709000
1681000
1654000
1616000
1580000
1546000
1509000
1472000
1436000
1402000
1369000
1338000
1308000
1280000
1252000
1226000
1201000
1177000
1154000
1132000
1111000
1090000
1070000
1051000
1033000
1015000
997900
1340000
1395000
1448000
1445000
1442000
1439000
1415000
1385000
1400000
1534000
1544000
1546000
1524000
1504000
1481000
1450000
1416000
1383000
1351000
1321000
1292000
1264000
1237000
1212000
1187000
1164000
1141000
1120000
1099000
1079000
1059000
1041000
1023000
1005000
988300
972000
956300
1181000
1215000
1359000
1377000
1393000
1393000
1377000
1358000
1330000
1302000
1273000
1246000
1221000
1196000
1172000
1300000
1308000
1316000
1301000
1286000
1272000
1249000
1224000
1199000
1176000
1153000
1130000
1109000
1089000
1069000
1050000
1032000
1014000
996700
980100
964100
948600
933600
919100
905000
891300
878100
865200
852700
840600
828800
817400
806200
795400
784800
774500
764500
754800
745300
736000
726900
718100
709500
701100
692900
684900
677000
669400
661900
654600
647400
640400
633600
626900
620300
613900
607600
601400
595400
589400
583600
577900
572300
566900
561500
556200
551100
717700
750700
782200
787800
792500
797300
791600
782600
772400
762400
752700
743300
734000
725000
716300
707700
699300
691200
683200
675400
667800
660300
653000
645900
639000
632100
625500
618900
612500
606200
600100
594100
588200
582400
576700
571200
702700
964300
1037000
1741000
1979000
2122000
2153000
2150000
2142000
2093000
2029000
1962000
1898000
1838000
1782000
1730000
1680000
1633000
1589000
1547000
1507000
1469000
1434000
1399000
1367000
1336000
1306000
1278000
1251000
1225000
1283000
1491000
1526000
1546000
1533000
1520000
1504000
1473000
1458000
1447000
1422000
1395000
1366000
1338000
1311000
1283000
1256000
1230000
1205000
1180000
1181000
1243000
1242000
1238000
1222000
1206000
1190000
1168000
1146000
1125000
1103000
1083000
1064000
1045000
1557000
2879000
3138000
3301000
3270000
3243000
3193000
3063000
2919000
2778000
2651000
2534000
2579000
2506000
2439000
2355000
2277000
2321000
2265000
2209000
2139000
2074000
2013000
1949000
1887000
1828000
1793000
1746000
1701000
1655000
1612000
1579000
1541000
2015000
2069000
2119000
2092000
2106000
2088000
2041000
1980000
2099000
2103000
2082000
2034000
1984000
1938000
1883000
1827000
1782000
1777000
1738000
1700000
1657000
1616000
1577000
1537000
1650000
1642000
1633000
1603000
1574000
1546000
1541000
2091000
2162000
2357000
2900000
2973000
3020000
2947000
2869000
2786000
2675000
2561000
2453000
2353000
2262000
2177000
2098000
2026000
1958000
1894000
1835000
1779000
1726000
1677000
1630000
1586000
1544000
1505000
1492000
1461000
1432000
1400000
1369000
2589000
2762000
2922000
3289000
5978000
6286000
6340000
5991000
5680000
5690000
5904000
5577000
5242000
4876000
4566000
4285000
4002000
3743000
3511000
3307000
3127000
4086000
4424000
4448000
5099000
5026000
4941000
4689000
4424000
4181000
4555000
4378000
4219000
3988000
3785000
3607000
3411000
3224000
3052000
2899000
2760000
3140000
3099000
3062000
2955000
2856000
2767000
2655000
2543000
2436000
2338000
2247000
2164000
2192000
2138000
2088000
2026000
1967000
1913000
1855000
1799000
1745000
1695000
1647000
1602000
1559000
1519000
1481000
1444000
1410000
1377000
1345000
1315000
1286000
1259000
1232000
1207000
1183000
1160000
1137000
1116000
1095000
1075000
1056000
1037000
1019000
1002000
985200
969000
953300
938200
923500
909300
895500
882100
869200
856600
844300
832400
820900
809600
798700
788000
777700
767600
757700
748200
738800
729700
739600
856600
878100
896000
895400
894400
892400
882700
870800
858200
845900
833900
822300
811100
800100
789400
779000
768900
759000
749400
740000
730900
721900
713200
704700
696500
688400
680400
672700
665100
657800
650500
643500
636500
629800
623100
616700
610300
604100
598000
592000
586100
580400
574800
569300
563800
558500
553300
548200
543200
538200
533400
528600
524000
519400
514900
510400
506100
501800
497600
493400
489400
485400
481400
477500
473700
470000
466300
462600
459100
455500
452100
448600
445300
442000
500100
521000
533600
537000
538500
540000
537800
533800
529100
524400
519800
515300
510900
506500
502200
498000
493900
526400
547300
555100
557400
563200
564200
562900
558900
554400
549800
544900
540000
535200
530400
525700
521100
516500
512000
507700
503400
499100
495000
490900
486800
482900
479000
475100
490700
491500
492100
489800
487500
485300
481900
478200
474400
470600
466900
463300
459700
456100
452600
474500
476900
479200
477700
476100
474600
471500
468000
464400
460800
457200
453700
553500
689100
733500
761600
771500
780900
783900
870800
881500
890800
886100
881200
1017000
1676000
1821000
1930000
1939000
1944000
1943000
1900000
1914000
2739000
3005000
3104000
3069000
3010000
2954000
2851000
2729000
2607000
2495000
2392000
2297000
2210000
2129000
2189000
2251000
3023000
3096000
3146000
3076000
3850000
3993000
3983000
3835000
3679000
3543000
3370000
3194000
3026000
2875000
2738000
2614000
2501000
2479000
2483000
2667000
2890000
2896000
2858000
2780000
2701000
2612000
3224000
3225000
3223000
3780000
4131000
4583000
5162000
5080000
4947000
5e+06
4780000
4556000
4267000
4001000
3765000
3540000
3336000
3152000
3275000
3169000
3073000
2945000
2828000
2722000
2608000
2498000
2394000
2300000
2212000
2131000
2056000
1986000
1920000
1894000
1843000
1795000
1777000
1736000
1697000
1653000
1611000
1571000
1531000
1587000
1577000
2458000
2576000
2683000
2653000
2617000
2584000
2545000
2495000
2412000
2330000
2308000
2242000
2178000
2107000
2039000
1975000
1912000
1852000
1795000
1742000
1692000
1644000
1599000
1557000
1516000
1478000
1442000
1407000
1399000
1373000
1347000
1319000
1293000
1269000
1276000
1260000
1243000
1221000
1199000
1179000
1157000
1135000
1113000
1093000
1073000
1054000
1094000
1173000
1184000
1186000
1256000
1262000
1264000
1247000
1229000
1211000
1189000
1166000
1144000
1122000
1101000
1081000
1061000
1043000
1024000
1007000
990100
973800
958000
942700
927900
913500
947500
1115000
1146000
1169000
1166000
1163000
1157000
1140000
1120000
1099000
1079000
1059000
1041000
1023000
1005000
988300
972100
956300
941100
926300
912000
898100
884700
871600
858900
846600
834700
823100
811800
800800
790100
779600
769500
759600
750000
740600
731400
722500
713800
705300
697000
688900
680900
673200
665600
658200
651000
643900
637000
630200
623600
617100
610700
604500
598400
592400
586500
580800
575100
569600
564200
558900
553600
548500
543500
538500
533700
528900
524300
519700
515100
510700
506300
502100
497800
493700
489600
485600
481700
477800
474000
470200
466500
462900
459300
460900
458600
456300
453300
450300
447300
444100
440900
437600
434400
431300
428100
425100
422100
419100
416100
413200
410400
407600
404800
402000
399300
396700
455200
466800
477800
479700
481300
491200
490900
489400
486200
483000
479800
476200
472500
468800
465100
461500
457900
454400
451000
452500
524600
539300
552700
555000
556800
558400
555400
550900
545800
540800
535900
531100
532300
1438000
1618000
1785000
1812000
1835000
1859000
1827000
1780000
1727000
1678000
1631000
1587000
1545000
1505000
1468000
1432000
1398000
1365000
1334000
1305000
1276000
1249000
1223000
1198000
1174000
1152000
1129000
1108000
1088000
1068000
1049000
1031000
1013000
995900
979400
963400
947900
932900
918400
904400
890700
877500
864700
852200
840100
828300
816800
805700
794900
784300
774100
764100
754300
744800
735600
726500
717700
709100
700700
692500
684500
676700
669000
661600
654200
647100
640100
633300
626600
620000
613600
607300
601100
595100
589200
583400
646700
691600
708500
714900
963500
1017000
1063000
1111000
1316000
1951000
2086000
2175000
2357000
2378000
2387000
2329000
2741000
2749000
2744000
2666000
2591000
2523000
2431000
2338000
2247000
2202000
2559000
2562000
2982000
4222000
7583000
8568000
11880000
1.1e+07
10350000
9351000
8431000
7624000
6747000
6006000
5398000
4912000
4511000
4174000
3886000
5403000
5335000
5286000
4991000
4739000
4528000
4240000
3959000
3831000
3622000
3438000
4097000
4091000
4598000
4480000
4365000
4186000
3977000
3777000
3558000
3354000
3168000
3337000
3541000
3530000
3440000
4322000
4600000
4600000
4431000
4230000
4053000
3837000
3612000
3457000
3274000
3111000
2957000
2818000
2692000
3278000
3269000
3260000
3150000
3049000
2959000
2834000
2708000
2586000
2476000
2374000
2281000
2703000
2822000
2840000
2782000
2710000
2644000
2554000
2575000
2570000
2508000
2434000
2354000
2280000
2204000
2126000
2052000
1982000
1917000
1856000
2401000
2448000
2490000
2442000
2396000
2355000
2280000
2199000
2391000
2362000
2335000
2270000
2209000
2153000
2084000
2014000
2339000
3928000
4116000
4233000
4108000
4e+06
3887000
4772000
5541000
5499000
5313000
5029000
4790000
4523000
4220000
3934000
3678000
3454000
3257000
3082000
2925000
2784000
2656000
2539000
2432000
2334000
2244000
2161000
2084000
2012000
1945000
1882000
1823000
1768000
1716000
1667000
1621000
1578000
1536000
1590000
1583000
1598000
1574000
2412000
2824000
2966000
2970000
2926000
2886000
2799000
2686000
2580000
2473000
2374000
2282000
2197000
2118000
2044000
1975000
1910000
1850000
1793000
1740000
1689000
1642000
1597000
1567000
2101000
3149000
5432000
6318000
6469000
6360000
6486000
6211000
5828000
5366000
5087000
5274000
4999000
4739000
5002000
4794000
4610000
4333000
4380000
4232000
4038000
3814000
3606000
3615000
3459000
3313000
3151000
3004000
2873000
2742000
2619000
2506000
2402000
2307000
2233000
2498000
2581000
2780000
4107000
4442000
4536000
4406000
4248000
4098000
3881000
3987000
5161000
5394000
5333000
6227000
6041000
5933000
5550000
5186000
4857000
4506000
4186000
3898000
3647000
3427000
3233000
3061000
2906000
2766000
2640000
2525000
2419000
2322000
2233000
2150000
2074000
2003000
1936000
1874000
1816000
1761000
1710000
1661000
1615000
1572000
1531000
1492000
1455000
1420000
1454000
1436000
1418000
1391000
1365000
1340000
1312000
1284000
1256000
1230000
1205000
1301000
1301000
1302000
1284000
1268000
1252000
1229000
1205000
1181000
1157000
1135000
1114000
1093000
1073000
1054000
1035000
1018000
1e+06
983600
967500
951900
936800
922200
908000
894200
880900
868000
855400
843200
831300
819800
808600
797700
787100
776700
766600
756800
747300
738000
728900
720000
711300
761300
765800
770000
765500
760900
756400
748500
739700
1044000
1925000
2125000
2267000
2279000
2290000
2285000
2224000
2149000
2174000
2680000
3085000
3218000
4386000
5093000
5177000
5053000
4819000
4607000
5150000
4941000
4742000
4451000
4199000
3982000
3744000
3602000
7093000
7072000
7089000
6594000
6204000
5898000
6500000
6109000
5765000
5329000
4963000
4657000
4330000
4030000
3939000
3727000
3542000
3352000
3422000
4155000
4734000
4731000
5311000
5169000
5039000
4772000
4488000
4227000
3953000
3701000
3475000
3275000
3098000
2939000
2797000
2667000
2550000
2442000
2343000
2253000
2169000
2091000
2018000
1951000
2170000
2160000
2151000
2100000
2052000
2008000
1959000
1985000
2237000
2246000
2281000
2240000
2200000
2152000
2219000
2176000
2378000
2356000
2335000
2280000
2220000
2161000
2091000
2021000
1953000
1890000
1831000
1775000
1723000
1674000
1627000
1583000
1542000
1502000
1465000
1429000
1395000
1363000
1332000
1329000
1753000
1889000
1955000
1952000
1937000
1922000
1880000
1827000
1773000
1720000
1671000
1625000
1581000
1540000
1500000
1463000
1427000
1393000
1361000
1330000
1301000
1808000
2599000
2775000
2861000
2834000
2810000
2758000
2657000
2754000
2706000
2642000
2552000
2804000
2789000
2753000
2665000
2579000
2501000
2408000
2315000
2227000
2145000
2068000
1998000
1931000
1870000
1812000
1757000
1706000
1658000
1612000
1569000
1528000
1489000
1452000
1417000
1384000
1352000
1562000
1579000
1595000
1575000
1572000
1556000
1527000
1492000
1456000
1423000
1389000
1357000
1327000
1298000
1270000
1243000
1217000
1192000
1169000
1146000
1124000
1103000
1083000
1063000
1044000
1026000
1009000
991800
975400
1028000
1036000
1036000
1027000
1016000
1006000
991900
976300
960500
945100
930200
915800
901800
888300
875100
862300
875800
956600
1090000
1122000
1140000
1140000
1137000
1129000
1112000
1093000
1073000
1054000
1035000
1017000
1e+06
983400
967200
951600
936600
921900
907800
1153000
1193000
1231000
1229000
1227000
1225000
1207000
1185000
1162000
1139000
1118000
1097000
1077000
1057000
1039000
1021000
1003000
986700
970500
954800
939600
1112000
1137000
1160000
1154000
1149000
1143000
1127000
1107000
1087000
1067000
1048000
1030000
1012000
995200
978700
962700
947300
932300
917800
903800
890100
876900
864100
851600
839500
827800
816400
805200
794400
783900
773600
763600
753900
744400
735200
726100
717300
708700
700400
692200
684200
676300
668700
661200
653900
646800
639800
633000
626300
619700
613300
607000
600900
594800
588900
583100
577400
571900
566400
561000
555800
550600
545500
588800
707000
866500
1633000
1798000
1935000
1958000
1970000
1973000
1930000
1874000
1816000
1761000
1710000
1661000
1615000
1572000
1531000
1492000
1455000
1420000
1386000
1354000
1324000
1295000
1267000
1240000
1215000
1190000
1166000
1144000
1122000
1101000
1081000
1061000
1043000
1130000
1194000
1210000
1209000
1200000
1191000
1175000
1817000
1917000
2037000
2033000
2028000
2020000
1973000
1917000
1856000
1800000
1746000
1695000
1665000
1784000
1774000
1762000
1727000
1694000
1661000
1620000
1578000
1536000
1497000
1460000
1424000
1391000
1359000
1328000
1299000
1472000
2262000
2535000
2674000
2676000
2758000
2891000
2850000
2773000
2671000
2575000
2855000
4885000
5422000
5527000
5327000
5106000
4905000
4605000
4284000
3998000
3796000
3598000
3405000
3226000
3063000
2916000
2779000
2653000
2536000
2430000
2332000
2598000
2572000
2548000
2474000
2404000
2341000
2260000
2179000
2100000
2637000
2667000
2694000
2630000
2569000
2514000
2427000
2335000
2245000
2161000
2084000
2012000
1945000
1882000
1823000
2054000
2052000
2050000
2007000
1966000
2051000
2032000
2114000
2090000
2321000
2319000
2308000
2256000
2199000
2144000
2085000
2130000
2107000
2067000
2013000
1959000
1908000
1853000
1797000
1744000
1743000
1755000
1728000
1695000
1657000
1620000
1698000
1680000
1662000
1632000
1600000
1569000
1532000
1494000
1458000
1423000
1389000
1357000
1326000
1297000
1269000
1273000
1253000
1235000
1472000
1500000
1527000
1513000
1498000
1484000
1455000
1563000
1557000
1672000
1684000
1727000
1814000
2663000
3053000
3176000
3162000
3105000
3048000
2944000
2816000
2687000
2568000
2459000
2359000
2266000
2181000
2103000
2029000
1961000
1897000
1838000
1782000
1729000
1679000
1633000
1588000
1546000
1507000
1469000
1433000
1399000
1366000
1335000
1306000
1277000
1250000
1224000
1199000
1175000
1152000
1130000
1109000
1089000
1069000
1050000
1031000
1014000
1044000
1037000
1030000
1017000
1004000
1050000
1047000
1043000
1043000
1032000
1023000
1008000
992700
977400
961800
946500
931500
917100
903000
889400
876200
863400
851000
838900
827200
815800
804700
793900
783300
804500
884600
1020000
1054000
1075000
1077000
1076000
1070000
1055000
1038000
1020000
1003000
985800
969600
953900
938700
924000
909800
896000
882600
869600
857000
844800
832800
821300
810000
799100
788400
778000
767900
758100
748500
739100
730000
721100
712400
704000
695700
687600
680600
673100
665700
658400
651200
644200
637300
674400
798400
882300
915200
929300
987200
1041000
1054000
1052000
1043000
1033000
1020000
1004000
988000
971800
956000
940800
926000
911700
897900
884400
871400
858700
846400
834500
822800
811500
800600
789900
779400
769300
759400
749800
740400
731300
722300
713600
705100
696800
764300
774600
783100
919300
976100
1013000
1135000
1391000
3368000
3690000
3928000
3868000
3806000
3742000
3568000
3531000
3364000
3215000
3060000
2920000
2793000
2669000
2552000
2444000
2346000
2255000
2170000
2092000
2020000
1952000
1889000
1830000
1922000
1970000
1990000
1963000
2137000
3429000
4724000
4926000
4928000
5947000
6903000
6795000
8196000
8536000
8176000
7593000
6938000
6394000
5843000
5314000
4851000
4460000
7369000
7204000
7106000
6575000
6152000
5818000
5348000
4901000
4502000
4166000
3879000
3630000
3636000
5374000
5429000
5419000
5139000
4897000
4683000
4381000
4082000
3807000
3567000
3357000
3171000
3005000
2918000
2793000
3075000
3112000
3188000
3112000
3026000
3237000
3341000
5125000
6782000
8249000
8026000
8568000
11280000
10600000
