497900
494400
490200
486000
481900
477800
473800
469900
466000
462200
458500
454800
451200
447600
444100
440700
437300
657400
727400
731000
722700
723100
853100
866300
961600
1921000
2036000
1990000
1922000
1858000
2004000
1995000
1937000
2038000
2030000
2139000
3777000
5435000
5275000
4851000
4454000
4348000
4072000
3797000
4477000
4310000
4398000
4142000
3861000
3608000
3386000
3190000
3016000
2946000
2813000
2680000
2557000
2444000
2342000
2247000
2160000
2080000
2230000
2186000
2110000
2033000
1962000
1896000
1834000
1775000
1750000
1981000
2320000
2444000
2377000
2284000
2194000
2111000
2034000
1963000
1896000
1913000
1864000
1806000
1750000
1697000
1647000
1600000
1684000
1659000
1615000
1570000
1527000
1487000
1448000
1412000
1377000
1345000
1313000
1283000
1255000
1227000
1201000
1176000
1152000
1129000
1107000
1085000
1065000
1045000
1026000
1008000
990100
973100
956600
1583000
1659000
1629000
1583000
1539000
1498000
1459000
1422000
1484000
1719000
1718000
1674000
1626000
1580000
1537000
1496000
1457000
1420000
1385000
1352000
1320000
1290000
1261000
1233000
1207000
1182000
1157000
1134000
1112000
1090000
1070000
1050000
1030000
1012000
994200
977000
960300
1396000
1446000
1612000
1603000
1564000
1521000
1481000
1443000
1407000
1373000
1340000
1309000
1279000
1251000
1223000
1483000
1498000
1467000
1429000
1394000
1360000
1328000
1297000
1268000
1240000
1214000
1188000
1163000
1140000
1117000
1096000
1075000
1055000
1035000
1017000
998500
981200
964400
948200
932600
917400
902700
888500
874800
861400
848500
835900
823800
817400
806800
795600
784500
773800
763300
753200
743300
733600
724200
715100
706200
697400
689000
680700
672600
664700
657000
649400
669900
667300
660300
652700
645200
638000
630800
623900
617100
610400
603900
597600
591300
585200
579200
902900
949900
943300
927800
912800
898300
892800
880500
867200
854100
841400
829000
817100
805400
794100
783100
772400
762000
751900
742000
732400
723000
713900
705000
696300
687900
679600
671500
663700
656000
648500
641100
633900
626900
620000
613300
903400
1385000
1441000
2652000
2955000
2876000
2740000
2611000
2494000
2387000
2289000
2199000
2115000
2038000
1967000
1900000
1837000
1779000
1724000
1673000
1624000
1579000
1536000
1495000
1456000
1419000
1384000
1351000
1319000
1289000
1472000
1855000
1872000
1822000
1765000
1711000
1660000
1613000
1606000
1602000
1565000
1524000
1484000
1445000
1409000
1375000
1342000
1311000
1281000
1252000
1271000
1384000
1377000
1348000
1317000
1286000
1258000
1230000
1204000
1179000
1155000
1131000
1109000
1088000
1949000
4158000
4269000
4017000
3743000
3505000
3295000
3110000
2944000
2796000
2662000
2540000
2676000
2599000
2490000
2384000
2286000
2382000
2319000
2232000
2146000
2066000
1993000
1924000
1860000
1800000
1777000
1731000
1680000
1631000
1585000
1555000
1516000
2276000
2335000
2263000
2175000
2160000
2092000
2018000
1948000
2164000
2182000
2116000
2041000
1969000
1902000
1839000
1781000
1742000
1762000
1721000
1672000
1624000
1578000
1535000
1494000
1691000
1685000
1642000
1596000
1552000
1510000
1517000
2391000
2461000
2590000
3380000
3351000
3183000
3010000
2855000
2715000
2588000
2473000
2368000
2272000
2183000
2101000
2024000
1954000
1888000
1826000
1769000
1714000
1664000
1616000
1570000
1528000
1487000
1449000
1479000
1454000
1419000
1384000
1351000
3305000
3476000
3324000
3778000
8025000
7960000
7075000
6251000
5599000
5525000
6023000
5603000
5102000
4664000
4297000
3984000
3714000
3479000
3273000
3090000
2927000
4571000
5096000
4811000
5681000
5427000
4978000
4562000
4210000
3910000
4656000
4477000
4166000
3871000
3617000
3394000
3197000
3022000
2866000
2725000
2598000
3333000
3301000
3138000
2970000
2819000
2683000
2559000
2447000
2344000
2249000
2162000
2081000
2210000
2164000
2089000
2013000
1943000
1878000
1817000
1760000
1707000
1656000
1609000
1564000
1521000
1481000
1443000
1407000
1373000
1340000
1309000
1279000
1251000
1224000
1197000
1173000
1149000
1126000
1104000
1082000
1062000
1118000
1110000
1091000
1070000
1050000
1031000
1012000
994600
977400
960800
944700
929200
914100
899500
885400
871800
858500
845700
833200
821100
809300
797900
786800
776000
765500
755300
745300
829600
1049000
1073000
1059000
1039000
1020000
1002000
984800
967900
951600
935800
920500
905800
891500
877600
864200
851200
838500
826300
814400
802800
791600
780600
770000
759700
749600
739800
730200
720900
711900
703000
694400
686000
677700
669700
661900
654200
646800
639500
632300
625300
618500
611800
605300
598900
592600
586500
580500
574600
568800
563200
557600
552200
546800
541600
536500
531500
526500
521700
516900
512200
507600
503100
498700
494400
490100
485900
481800
477700
473700
469800
465900
462100
458400
454700
613300
655200
655600
648600
641300
634100
627100
620200
613500
606900
600500
594200
588000
581900
576000
570200
564500
648400
688800
688800
681300
685700
679900
672100
664200
656500
649000
641600
634500
627400
620500
613800
607200
600800
594500
588300
582300
576300
570500
564800
559300
553800
548400
545300
587900
590800
586000
580000
574100
568300
562700
557200
551700
546400
541200
536100
531000
526100
521300
567800
571700
567400
561800
556300
550900
545500
540300
535200
530200
525300
520500
706200
944200
973200
962600
946500
930800
915700
1071000
1082000
1067000
1047000
1028000
1263000
2459000
2594000
2514000
2406000
2306000
2215000
2130000
2173000
3664000
4030000
3854000
3610000
3388000
3192000
3018000
2862000
2721000
2594000
2479000
2373000
2276000
2187000
2333000
2460000
3717000
3729000
3529000
3316000
4523000
4619000
4332000
4019000
3745000
3506000
3297000
3111000
2945000
2797000
2663000
2541000
2430000
2461000
2515000
2821000
3158000
3088000
2938000
2791000
2657000
2536000
3548000
3540000
3358000
4210000
4682000
5124000
5864000
5501000
5022000
5071000
4727000
4363000
4041000
3764000
3523000
3311000
3124000
2957000
3255000
3157000
2999000
2845000
2706000
2581000
2466000
2362000
2266000
2177000
2096000
2020000
1949000
1884000
1822000
1826000
1779000
1726000
1725000
1683000
1635000
1589000
1545000
1504000
1464000
1575000
1572000
2923000
3030000
2910000
2765000
2634000
2515000
2484000
2450000
2360000
2266000
2271000
2200000
2119000
2042000
1970000
1903000
1840000
1782000
1727000
1675000
1627000
1581000
1537000
1496000
1458000
1421000
1386000
1352000
1388000
1367000
1337000
1306000
1276000
1255000
1279000
1264000
1239000
1212000
1187000
1162000
1139000
1116000
1095000
1074000
1054000
1034000
1135000
1270000
1270000
1246000
1348000
1341000
1313000
1283000
1255000
1227000
1201000
1176000
1152000
1129000
1107000
1085000
1065000
1045000
1026000
1008000
990200
973100
956600
940700
925200
910300
1025000
1317000
1344000
1320000
1290000
1261000
1233000
1207000
1182000
1157000
1134000
1112000
1090000
1069000
1050000
1030000
1012000
994100
976900
960300
944200
928700
913600
899100
885000
871300
858100
845300
832800
820700
809000
797600
786500
775700
765200
755000
745000
735300
725900
716700
707700
699000
690500
682100
674000
666100
658300
650800
643400
636100
629100
622100
615400
608800
602300
596000
589700
583700
577700
571900
566200
584100
582600
577300
571500
565800
560200
554700
549300
544000
538900
533800
528800
523900
519100
514400
509800
505200
500800
496400
492100
487800
483700
479600
475600
509400
511900
508300
503800
499400
495000
490700
486500
482400
478300
474300
470400
466500
462700
459000
455300
451600
448100
444600
441100
437700
434300
431000
550300
567900
565700
560100
554600
566400
564000
558900
553400
548100
542800
537700
532600
527600
522800
518000
513300
508700
504200
525000
659800
678000
673700
665800
658100
650500
643100
635900
628800
621900
615200
608500
626700
2355000
2574000
2506000
2398000
2299000
2208000
2124000
2046000
1974000
1907000
1844000
1785000
1730000
1678000
1630000
1584000
1540000
1499000
1460000
1423000
1388000
1355000
1323000
1292000
1263000
1236000
1209000
1184000
1159000
1136000
1113000
1092000
1071000
1051000
1032000
1013000
995500
978300
961600
945500
929900
914800
900300
886100
872500
859200
846300
833800
821700
809900
798500
787400
776500
766000
755800
745800
736100
726700
717400
708500
699700
691100
682800
674700
666700
659000
651400
644000
636700
629600
622700
615900
609300
602800
596500
590300
736600
815200
819000
809000
1223000
1276000
1260000
1305000
1623000
2668000
2754000
2654000
2857000
2777000
2654000
2533000
3244000
3216000
3062000
2901000
2757000
2627000
2508000
2400000
2301000
2275000
2900000
2888000
3460000
5454000
10830000
11490000
15540000
12900000
10420000
8654000
7425000
6513000
5806000
5242000
4780000
4394000
4067000
3786000
3543000
6061000
5939000
5424000
4930000
4520000
4174000
3879000
3623000
3602000
3419000
3225000
4333000
4339000
4927000
4679000
4333000
4015000
3742000
3503000
3294000
3109000
2943000
3312000
3690000
3623000
3424000
4782000
5128000
4812000
4434000
4101000
3816000
3568000
3351000
3254000
3091000
2931000
2783000
2651000
2530000
3505000
3496000
3317000
3129000
2962000
2812000
2676000
2553000
2441000
2339000
2244000
2158000
2874000
3063000
2959000
2814000
2678000
2555000
2443000
2538000
2578000
2491000
2387000
2289000
2199000
2116000
2038000
1967000
1900000
1838000
1779000
2681000
2734000
2632000
2513000
2404000
2305000
2213000
2129000
2489000
2464000
2372000
2275000
2186000
2104000
2027000
1956000
2532000
5102000
5140000
4765000
4382000
4056000
3777000
5277000
6526000
6123000
5537000
5022000
4597000
4240000
3935000
3672000
3443000
3240000
3061000
2901000
2756000
2626000
2508000
2400000
2301000
2209000
2125000
2047000
1975000
1908000
1845000
1786000
1731000
1679000
1630000
1584000
1541000
1499000
1460000
1653000
1668000
1680000
1641000
3002000
3593000
3502000
3306000
3119000
2953000
2804000
2678000
2597000
2489000
2384000
2286000
2196000
2113000
2036000
1964000
1898000
1835000
1777000
1723000
1671000
1623000
1577000
1600000
2502000
4208000
7782000
8582000
7797000
7012000
6895000
6237000
5607000
5080000
4879000
5368000
5049000
4643000
5178000
4895000
4516000
4171000
4351000
4184000
3912000
3654000
3427000
3537000
3382000
3195000
3021000
2865000
2724000
2597000
2481000
2375000
2278000
2188000
2189000
2664000
2804000
3033000
5109000
5427000
5059000
4638000
4274000
3965000
3698000
3999000
5973000
6218000
5714000
6985000
6511000
5946000
5372000
4890000
4487000
4146000
3855000
3602000
3381000
3186000
3012000
2857000
2717000
2590000
2475000
2370000
2273000
2184000
2102000
2026000
1955000
1889000
1827000
1769000
1715000
1664000
1616000
1571000
1528000
1488000
1449000
1413000
1378000
1449000
1566000
1552000
1514000
1474000
1436000
1401000
1367000
1334000
1303000
1274000
1246000
1440000
1446000
1416000
1381000
1348000
1316000
1286000
1257000
1230000
1204000
1178000
1154000
1131000
1109000
1087000
1067000
1047000
1028000
1010000
991800
974700
958200
942200
926700
911700
897300
883200
869600
856400
843700
831200
819200
807500
796100
785100
774300
763800
753700
743800
734100
724700
715500
825900
836300
827400
815500
803900
792600
781700
771000
1279000
2745000
2885000
2780000
2648000
2527000
2417000
2317000
2224000
2308000
3177000
3795000
3795000
5559000
6494000
6049000
5468000
4966000
4551000
5491000
5225000
4802000
4412000
4083000
3800000
3554000
3470000
9202000
8837000
7715000
6732000
5978000
5381000
6573000
6166000
5578000
5056000
4626000
4264000
3956000
3690000
3730000
3544000
3338000
3147000
3342000
4525000
5357000
5084000
5768000
5415000
4953000
4540000
4191000
3893000
3636000
3411000
3212000
3036000
2878000
2736000
2608000
2491000
2384000
2286000
2196000
2113000
2036000
1965000
1898000
1836000
2223000
2221000
2148000
2069000
1995000
1926000
1880000
1951000
2361000
2352000
2330000
2248000
2163000
2082000
2209000
2162000
2468000
2435000
2343000
2249000
2162000
2081000
2006000
1937000
1872000
1811000
1755000
1701000
1651000
1604000
1559000
1517000
1477000
1440000
1404000
1369000
1337000
1306000
1276000
1305000
1979000
2158000
2118000
2044000
1972000
1905000
1842000
1784000
1728000
1677000
1628000
1582000
1539000
1498000
1459000
1422000
1387000
1354000
1322000
1291000
1262000
2110000
3359000
3404000
3238000
3059000
2899000
2755000
2624000
2863000
2832000
2712000
2587000
3014000
2978000
2845000
2707000
2581000
2466000
2362000
2266000
2177000
2096000
2020000
1949000
1884000
1822000
1765000
1711000
1660000
1613000
1568000
1525000
1485000
1447000
1410000
1376000
1343000
1312000
1777000
1815000
1771000
1717000
1697000
1653000
1606000
1561000
1519000
1479000
1441000
1405000
1371000
1338000
1307000
1278000
1249000
1222000
1196000
1171000
1147000
1124000
1102000
1081000
1061000
1041000
1023000
1004000
1012000
1130000
1147000
1131000
1109000
1087000
1067000
1047000
1028000
1009000
991700
974600
958100
942100
926600
911700
897200
964000
1112000
1329000
1342000
1316000
1286000
1257000
1230000
1204000
1179000
1154000
1131000
1109000
1088000
1067000
1047000
1028000
1010000
991900
974800
981900
1477000
1534000
1507000
1467000
1430000
1395000
1361000
1329000
1298000
1269000
1241000
1214000
1188000
1164000
1140000
1118000
1096000
1075000
1055000
1036000
1017000
1409000
1451000
1426000
1390000
1357000
1325000
1294000
1265000
1237000
1211000
1185000
1161000
1137000
1115000
1093000
1073000
1053000
1033000
1015000
996700
979400
962700
946600
931000
915900
901200
887100
873400
860100
847200
834700
822500
810700
799300
788100
777300
766700
756500
746500
736800
727300
718100
709100
700300
691700
683400
675200
667300
659500
651900
644500
637200
630100
623200
616400
609800
603300
596900
590700
584600
578600
572800
582800
682300
890700
1145000
2468000
2606000
2525000
2415000
2315000
2222000
2137000
2059000
1985000
1917000
1854000
1794000
1739000
1686000
1637000
1591000
1547000
1505000
1466000
1429000
1393000
1360000
1328000
1297000
1268000
1240000
1213000
1188000
1163000
1140000
1117000
1095000
1074000
1278000
1392000
1384000
1353000
1321000
1291000
1262000
2366000
2476000
2446000
2351000
2257000
2169000
2088000
2013000
1943000
1878000
1817000
1760000
1739000
1958000
1942000
1884000
1823000
1765000
1712000
1661000
1613000
1568000
1525000
1485000
1447000
1411000
1376000
1343000
1312000
1606000
2890000
3204000
3130000
2974000
2988000
3104000
2988000
2842000
2704000
2578000
3061000
6397000
6968000
6373000
5714000
5167000
4718000
4342000
4023000
3774000
3629000
3455000
3260000
3080000
2917000
2771000
2640000
2520000
2411000
2311000
2219000
2684000
2663000
2556000
2444000
2341000
2247000
2160000
2079000
2005000
2881000
2913000
2794000
2660000
2538000
2428000
2326000
2233000
2147000
2068000
1994000
1925000
1861000
1801000
1745000
2139000
2143000
2077000
2002000
1933000
2061000
2043000
2158000
2122000
2456000
2428000
2337000
2243000
2157000
2077000
2019000
2125000
2114000
2048000
1977000
1909000
1846000
1787000
1732000
1680000
1714000
1757000
1720000
1671000
1623000
1577000
1716000
1699000
1655000
1616000
1573000
1530000
1490000
1451000
1415000
1380000
1347000
1315000
1285000
1257000
1229000
1256000
1239000
1214000
1591000
1622000
1587000
1544000
1502000
1463000
1426000
1623000
1621000
1773000
1780000
1805000
1916000
3244000
3752000
3630000
3418000
3219000
3041000
2883000
2741000
2612000
2495000
2388000
2290000
2199000
2116000
2039000
1967000
1900000
1838000
1779000
1725000
1673000
1625000
1579000
1536000
1495000
1456000
1419000
1384000
1351000
1319000
1289000
1260000
1233000
1206000
1181000
1157000
1133000
1121000
1101000
1080000
1060000
1040000
1021000
1003000
985500
1090000
1092000
1075000
1055000
1036000
1120000
1117000
1098000
1099000
1082000
1062000
1043000
1024000
1006000
987900
970900
954500
938600
923300
908400
894000
880100
866600
853500
840800
828500
816500
804900
793600
887800
1037000
1255000
1271000
1249000
1221000
1196000
1171000
1147000
1124000
1102000
1081000
1061000
1041000
1022000
1004000
986400
969400
953100
937200
921900
907100
892800
878900
865400
852400
839700
827400
815500
803900
792600
781600
771000
760600
750500
740700
731100
721800
712700
755300
755000
746400
736700
727200
718000
709000
786600
1006000
1129000
1131000
1111000
1186000
1252000
1240000
1216000
1190000
1165000
1142000
1119000
1097000
1076000
1056000
1037000
1018000
1e+06
982600
965800
949500
933800
918600
903900
889700
875900
862500
849600
837000
824800
812900
801400
790200
779300
768700
758400
748300
738600
915200
938600
929000
1164000
1242000
1242000
1427000
1853000
5445000
5636000
5208000
4753000
4371000
4048000
3770000
3806000
3612000
3398000
3201000
3026000
2869000
2728000
2600000
2484000
2378000
2281000
2191000
2108000
2032000
1960000
1894000
1832000
2044000
2141000
2142000
2076000
2345000
4449000
6405000
6131000
5574000
7006000
8251000
7504000
9443000
9788000
8557000
7393000
6488000
5787000
5226000
4767000
4383000
4058000
8862000
8463000
7424000
6512000
5806000
5241000
4779000
4394000
4067000
3786000
3542000
3328000
3486000
6279000
6225000
5671000
5134000
4690000
4319000
4003000
3731000
3494000
3286000
3101000
2937000
2789000
2757000
2646000
3129000
3213000
3251000
3107000
2946000
3267000
3436000
6158000
8582000
10160000
8982000
9188000
13190000
11480000
