1095000
1072000
1047000
1021000
997600
974800
953000
932200
912300
893200
874900
857300
840500
824300
808700
793700
24400000
7898000
1829000
806800
1497000
10780000
2510000
7477000
39230000
7559000
1543000
649200
639500
6839000
2386000
875300
5482000
2397000
5599000
33830000
25790000
4803000
1012000
549300
3695000
1104000
603500
13690000
2889000
6e+06
1437000
620700
492500
487000
481500
476200
2224000
781800
502300
455900
451100
446400
441800
437300
432900
6588000
1534000
565900
416200
412200
408200
404400
400600
1483000
9209000
11340000
5732000
1227000
461000
376100
372800
369600
366500
363400
2860000
807800
413500
351500
348600
345800
343100
4924000
1164000
443400
332400
329900
327400
324900
322500
320100
317700
315400
313100
310800
308600
306400
304200
302100
3e+05
297900
295800
293800
291800
289900
287900
286000
284100
282300
30140000
5659000
982900
275000
273300
271600
269900
268200
4429000
10150000
2007000
477600
260100
258500
257000
255400
253900
252400
251000
249500
248100
246700
245200
243900
242500
241100
239800
238500
237100
235800
234600
233300
232000
230800
229600
228300
227100
22900000
4311000
7933000
1515000
390900
220200
219000
217900
216800
215700
214700
213600
212500
211500
210500
12820000
2481000
505700
206400
205400
204500
203500
202500
201600
200700
199700
198800
197900
197000
196100
195200
194300
193400
192600
191700
190900
190000
189200
188400
187600
186700
185900
185100
184300
183600
182800
182000
181200
1840000
478700
218200
178200
177500
176800
176100
175300
174600
173900
173200
172500
171800
171200
170500
169800
169100
168500
167800
3769000
815600
251100
165200
164600
164000
163400
162700
162100
161500
160900
160300
159700
159100
158600
26080000
4828000
769800
156300
155700
155100
1061000
317300
174900
152900
152400
151800
151300
150800
150300
149700
149200
148700
148200
147700
147200
146700
146200
145700
145200
144700
144200
143700
143300
142800
142300
141800
141400
140900
140500
140000
23580000
25490000
4500000
34910000
10260000
1658000
230100
136500
136000
135600
135200
134700
134300
133900
133500
133100
132700
132300
131900
131500
131100
130700
130300
129900
129500
129100
128700
128300
127900
127600
10050000
14830000
2689000
431600
125700
125300
125000
124600
1579000
1632000
382400
152700
122800
122500
122100
121800
121500
121100
120800
120400
2341000
6293000
1212000
255600
118800
118500
118100
117800
117500
117200
116800
116500
116200
115900
33130000
44380000
7800000
1021000
114400
114100
113800
113500
113200
112900
112600
112300
5699000
1118000
243500
111100
110800
4787000
953000
220600
109700
109400
109200
108900
108600
108300
1185000
385700
148100
109200
107000
609000
197000
24140000
4434000
673700
105400
1913000
430700
147400
104400
8062000
2771000
514100
132600
103100
102900
102700
102400
642800
2500000
529000
155800
101200
101000
100700
100500
8648000
1640000
301900
99570
99340
99120
1930000
26700000
4876000
5550000
17590000
3208000
490700
97330
97110
96890
96670
96460
96240
96030
95810
95600
95390
95180
94970
94760
94550
94350
94140
93930
93730
93530
93320
93120
3179000
648800
165500
92330
92130
49440000
8984000
1259000
10720000
44680000
9593000
1381000
127500
90390
5090000
10550000
1931000
315700
89450
89270
89080
88900
88720
88540
88350
88170
27950000
11650000
1926000
14330000
3223000
527800
101000
86760
86580
14010000
2595000
415300
85890
85720
85550
85380
85210
85050
84880
84710
17180000
3166000
488600
84050
83890
83730
83560
83400
83240
83080
82920
82760
6006000
1150000
222300
82130
81970
81820
81660
81510
81360
81200
81050
80900
80750
80600
80450
80300
80150
80000
79850
79700
79550
79410
79260
79120
78970
78830
78680
78540
78400
6015000
1148000
218300
77830
77690
77550
77410
77270
77140
77000
76860
76720
76590
76450
76320
76180
76050
75910
75780
75650
75520
75380
75250
75120
74990
74860
74730
8330000
14390000
2581000
377500
74090
73970
73840
73710
73590
73460
73340
73210
73090
72970
72840
72720
72600
72470
72350
72230
72110
71990
71870
71750
71630
71510
71390
71280
71160
71040
70930
70810
70690
70580
70460
70350
70230
70120
70000
69890
69780
69660
69550
69440
69330
69220
69110
69000
68890
68780
68670
68560
68450
68340
68230
68120
68020
67910
67800
67700
67590
67480
67380
67270
67170
67060
66960
66860
66750
66650
66550
66440
66340
66240
66140
19140000
5109000
806300
103700
65640
65540
65440
65340
65250
65150
65050
64950
64850
64760
64660
64560
64470
9295000
4351000
755200
126100
1153000
260200
89560
63710
63620
63520
63430
63340
63250
63150
63060
62970
62880
62780
62690
62600
62510
62420
62330
62240
62150
62060
828600
4989000
942800
174900
61620
61530
61450
61360
61270
61190
61100
61010
60930
60840
60750
60670
5681000
1073000
193300
60330
60250
60170
60080
60000
59910
59830
59750
59670
17760000
17380000
3024000
393500
59270
59190
59110
9840000
1821000
290200
58790
58710
12730000
37690000
7113000
963800
67450
58250
58180
58100
3379000
30890000
10120000
1591000
165000
57650
57570
57490
57420
57340
57260
57190
57110
57040
56960
6019000
5442000
25350000
4551000
633100
56530
20710000
6144000
970900
112200
58320
56490
56080
55950
55880
55810
55740
55660
55590
3292000
3787000
9075000
9310000
1915000
287000
61730
55040
54970
21320000
3887000
557600
16160000
10500000
9894000
12820000
2250000
317400
5727000
1076000
188300
54110
54040
53980
53910
53840
53770
8548000
1584000
254500
53510
53450
53380
53310
53250
53180
53120
53050
52990
52920
52860
52790
2113000
423900
101300
1753000
359000
92630
52350
52280
52220
52160
5707000
1539000
35420000
6397000
883100
51800
51740
51680
1935000
1777000
345800
84220
2485000
489900
108800
51200
51140
51080
51020
50960
50900
50840
50780
50720
50660
50600
50540
50480
50420
50370
3379000
650000
128900
50140
113400
390300
2412000
668900
139700
54460
49750
49690
49630
49580
49520
49460
49410
49350
6933000
7658000
1359000
199700
5827000
1090000
185600
48950
48890
48840
48780
48730
48670
48620
48560
48510
48450
48400
48340
48290
48240
48180
48130
48070
48020
47970
8818000
15330000
2725000
371900
47740
47690
47640
47590
47530
47480
47430
47380
47330
47270
47220
47170
47120
47070
47020
46960
46910
46860
46810
46760
46710
46660
46610
46560
46510
46460
46410
46360
46310
46260
46210
46160
46110
46060
46010
45960
45910
45870
45820
45770
45720
45670
45620
45580
45530
45480
45430
45380
45340
45290
45240
45190
45150
45100
45050
45000
44960
3525000
671900
127100
44790
44740
44690
44650
44600
44560
44510
44460
44420
44370
44330
44280
44240
44190
44150
44100
44060
44010
43970
43920
43880
5482000
1024000
172400
43720
43680
43630
43590
43550
43500
43460
43420
43370
43330
43280
43240
43200
43150
43110
43070
43030
42980
42940
42900
14790000
2700000
391600
42760
42720
1899000
377100
86490
42560
42520
42480
42440
42390
42350
42310
42270
42230
42190
42140
3551000
13500000
2435000
345200
41990
41950
41910
41870
41830
41790
41750
41710
41670
2843000
70260000
12670000
1690000
41520
41480
41440
41400
41370
41330
41290
41250
41210
41170
41130
41090
41050
41010
40970
40930
40890
40860
40820
40780
40740
40700
40660
40620
40590
40550
40510
40470
40430
40400
40360
40320
40280
40250
40210
40170
40130
40100
40060
40020
39980
39950
39910
39870
39840
39800
39760
39730
39690
39650
39620
39580
39540
39510
39470
39440
39400
39360
39330
39290
39260
39220
39190
39150
39110
39080
39040
912900
196400
59610
38910
38870
38840
13380000
6744000
1129000
140500
23680000
4299000
597700
3348000
13530000
29130000
5383000
711300
6884000
1271000
200300
38530
16420000
2991000
425900
38440
38410
38370
38340
38310
38270
1732000
15910000
2883000
13090000
28670000
43530000
15880000
28470000
4925000
653800
38190
38160
38120
38090
38060
38020
37990
37960
37920
37890
33090000
5994000
819500
37810
37780
37740
37710
37680
3379000
639700
116600
19750000
4763000
11540000
2016000
293600
37490
37460
37430
37400
37360
37330
9719000
9503000
2665000
401300
22050000
9196000
1494000
160100
37190
37150
37120
37090
1793000
353400
78520
36970
36940
36910
20760000
3772000
527000
36830
36800
36770
36740
36710
36680
36640
36610
36580
18340000
6860000
1105000
119900
36490
36460
36430
4777000
3474000
614000
97430
36310
36270
36240
36210
36180
36150
36120
36090
24710000
4483000
619600
36030
36000
35970
35940
35910
11130000
2035000
298200
35830
35800
35770
35740
35710
16670000
40850000
7244000
930000
35670
35650
35620
22480000
17650000
3012000
356600
35570
35550
35520
35490
35460
35430
35400
35370
35340
35310
35280
35250
35230
35200
35170
35140
35110
35080
35050
35030
35000
34970
34940
34910
34880
34860
34830
34800
9510000
2426000
2119000
363900
34580000
14480000
2332000
229200
34680
34650
34630
525300
1039000
211200
56180
34490
34460
34440
34410
34380
34350
34330
34300
34270
34250
34220
34190
3026000
26360000
31800000
38800000
14690000
3121000
1753000
6161000
1122000
172700
34180
2934000
10330000
1864000
265300
10940000
1999000
292000
34070
6705000
2128000
352400
55090
33980
5391000
999200
160600
33900
33870
33850
33820
33790
33770
33740
33710
2870000
13330000
5700000
7266000
31610000
9522000
1449000
125200
33720
33690
33670
8231000
26200000
8838000
1367000
17050000
3083000
1329000
195000
54830
33630
33610
33580
33550
33530
33500
33480
33450
33420
33400
33370
33350
33320
33300
33270
33240
33220
33190
33170
33140
33120
33090
33070
33040
33020
32990
32960
32940
32910
5931000
6185000
1089000
153200
32880
32850
32830
32800
32780
32750
32730
32700
9860000
1803000
265100
32670
32640
32620
32590
32570
32540
32520
32490
32470
32440
32420
32400
32370
32350
32320
32300
32270
32250
32230
32200
32180
32150
32130
32110
32080
32060
32030
32010
31990
31960
31940
31920
31890
31870
31850
31820
31800
31770
31750
9467000
1732000
254900
31730
31710
31680
31660
31640
28500000
43500000
7613000
938300
31740
31710
31690
31670
31640
4355000
20030000
13490000
3860000
24880000
14820000
2475000
277000
31870
31850
15140000
2754000
389100
31850
31820
31800
31780
2219000
55440000
9997000
1333000
31800
31780
31760
16670000
3029000
425200
31760
31740
31710
31690
31670
4343000
808500
133600
31630
6571000
20180000
14320000
2411000
12210000
2180000
313700
31770
31750
31730
31700
31680
31660
31630
31610
31590
31560
31540
31520
31490
31470
31450
31430
31400
31380
31360
12780000
2328000
332700
31350
31330
31310
614500
3968000
12610000
2262000
1808000
300800
66700
31310
5440000
1006000
9601000
1733000
254600
31320
31300
31270
31250
31230
31210
31180
31160
31140
31120
31090
31070
31050
31030
31000
30980
30960
30940
30910
30890
2829000
24240000
7473000
1151000
104400
30980
30950
30930
30910
30890
30860
30840
30820
30800
30780
30750
30730
30710
30690
30670
30650
30620
29820000
28730000
4940000
582600
30760
30730
30710
30690
7761000
2281000
368000
50970
11180000
2398000
358800
39160
30690
30670
30640
30620
30600
30580
30560
30540
30510
30490
30470
30450
30430
30410
30390
30360
30340
30320
30300
30280
30260
30240
19550000
3548000
492000
30280
1095000
222200
55420
30210
30190
30170
30150
30120
30100
30080
30060
30040
30020
30000
29980
29960
29940
29920
29890
29870
29850
29830
29810
29790
2214000
7306000
2038000
321700
46770
29810
29780
29760
29740
29720
29700
29680
29660
29640
29620
29600
29580
5762000
9113000
11140000
1936000
254900
29740
29720
29700
29680
29660
29640
29620
29600
29580
29560
29540
29520
29500
29480
29460
2702000
23660000
4264000
577000
29540
29520
29500
29480
29460
29440
29420
29400
29380
29360
29340
29320
29300
29280
29260
29240
29220
29200
20310000
3683000
508800
29260
29240
29220
29200
29180
29160
29140
29120
29100
29080
29060
29040
29020
29000
28980
28960
28940
28920
28900
28880
28860
28850
28830
28810
28790
28770
28750
28730
28710
28690
28670
28650
28630
28620
28600
28580
28560
28540
28520
28500
28480
28460
28450
28430
28410
28390
28370
28350
28330
28310
28300
28280
28260
28240
28220
28200
28190
28170
28150
2580000
9547000
15540000
15060000
42680000
7547000
976900
28560
28540
28530
28510
28490
28470
28450
28430
28410
28390
28370
28360
28340
28320
28300
28280
28260
28240
28230
28210
28190
28170
28150
28130
28120
28100
28080
28060
28040
28020
11600000
6316000
1059000
127500
28120
28100
28090
35330000
6390000
1887000
212800
52390
28150
28130
28120
28100
28080
28060
28040
1167000
8356000
1519000
220200
28080
28060
28050
28030
28010
27990
27970
27960
27940
27920
27900
27880
27870
12630000
33670000
9877000
1953000
207000
3231000
5086000
911500
134200
28160
28140
12160000
42890000
13010000
1957000
155300
28400
28380
28360
28340
450000
1558000
840300
160000
41060
28270
28250
28230
28210
28190
28170
28160
12880000
2344000
332100
28210
28190
28170
28150
28140
28120
22030000
3994000
548600
28200
28180
28160
28140
28120
28110
28090
28070
28050
28030
28020
28000
13200000
2401000
339500
28050
28040
5517000
1557000
5067000
1196000
10260000
1849000
266300
28180
28160
28140
511000
4873000
1814000
306000
49840
28130
28110
28090
28070
28050
2922000
3091000
554400
88150
28050
28030
6338000
1165000
177300
361000
88040
35890
28000
27980
27970
27950
27930
27910
27890
27880
27860
2576000
486900
88090
16250000
2951000
411500
27910
27890
27870
27860
8840000
1616000
6585000
2e+06
2541000
5118000
30620000
12310000
1959000
189500
28250
28240
28220
28200
28180
28160
28140
28120
28110
28090
28070
28050
28030
28020
28000
27980
27960
27940
27920
27910
27890
27870
27850
27830
27820
27800
27780
27760
27740
27730
27710
27690
27670
2016000
385900
74670
27630
27620
27600
27580
27560
6815000
1251000
188100
27590
27580
5562000
1025000
158500
1211000
240800
55550
27550
27540
27520
27500
27480
27470
27450
27430
27410
27400
27380
27360
27340
27330
27310
27290
27280
27260
8201000
9686000
11750000
2034000
265400
27520
27510
27490
27470
27450
27440
27420
27400
27380
27370
27350
27330
27320
27300
27280
27260
27250
27230
27210
27200
27180
27160
27140
27130
27110
27090
27080
27060
27040
27020
27010
26990
26970
26960
5174000
954500
148700
26970
26950
26930
26920
6771000
14500000
7593000
1245000
145800
4833000
4181000
733300
104900
27180
27160
27150
27130
27110
27090
27080
27060
27040
27030
27010
26990
26980
26960
26940
26930
26910
26890
26870
26860
26840
26820
26810
26790
26770
26760
26740
26720
26710
26690
13940000
2726000
390500
13440000
4980000
1216000
8911000
15920000
59170000
11030000
1452000
39360
27260
27240
27230
4382000
811900
130200
27220
27210
27190
27170
27150
27140
27120
27100
27090
27070
27050
27040
27020
27000
8287000
4712000
2135000
343500
8872000
37040000
25980000
4410000
664300
18330000
16290000
2796000
20300000
11560000
1930000
215600
27900
27880
27870
27850
27830
27810
46120000
8333000
1118000
27900
27890
27870
27850
27830
27810
27800
27780
27760
5962000
35450000
6980000
952300
42620
27920
27900
27880
27860
27840
27830
27810
27790
27770
2197000
418600
1.2e+07
4674000
3818000
638100
100200
8723000
6074000
35130000
25710000
18440000
3029000
10290000
29100000
5519000
2.1e+07
