1361000
1352000
1341000
1330000
1319000
1308000
1297000
1287000
1277000
1267000
1257000
1247000
1237000
1228000
1219000
1210000
3148000
1968000
1547000
1451000
1506000
2341000
1670000
2223000
5631000
2666000
2068000
1930000
1907000
2620000
2143000
1969000
2439000
2140000
2475000
6108000
6049000
3309000
2735000
2606000
3065000
2662000
2551000
4528000
3020000
3482000
2810000
2655000
2590000
2549000
2509000
2470000
2967000
2541000
2429000
2377000
2343000
2309000
2276000
2244000
2213000
3249000
2458000
2278000
2216000
2186000
2157000
2128000
2100000
2571000
3107000
3625000
3079000
2459000
2315000
2267000
2235000
2204000
2174000
2145000
2702000
2264000
2156000
2111000
2084000
2057000
2031000
2609000
2158000
2049000
2006000
1982000
1957000
1934000
1911000
1888000
1866000
1845000
2601000
2025000
1894000
1851000
1829000
1809000
1789000
1769000
1750000
1731000
1712000
1694000
1677000
1659000
1642000
1626000
6323000
2936000
2254000
2091000
2064000
2038000
2012000
1987000
3214000
3273000
2397000
2200000
2143000
2115000
2088000
2061000
2050000
2014000
1987000
1962000
1938000
2562000
2133000
1982000
1932000
1908000
1885000
1863000
1842000
1821000
1801000
1781000
1761000
1742000
1922000
1760000
2590000
4495000
2530000
2931000
2264000
2126000
2076000
2049000
2023000
1998000
2096000
1985000
1945000
1918000
1895000
1873000
4299000
2544000
2179000
2081000
2055000
2029000
2003000
1979000
1955000
1931000
1908000
1886000
1864000
1842000
1821000
1801000
1781000
1761000
1742000
1724000
1705000
1687000
1670000
1653000
1678000
1631000
1668000
1608000
1599000
1570000
1553000
2099000
1721000
2285000
1742000
1626000
1590000
1574000
1559000
1544000
1529000
1515000
1501000
1487000
1473000
1460000
1613000
1485000
1449000
1431000
1419000
2121000
2290000
1673000
1540000
1506000
1492000
1478000
1465000
1451000
1438000
1426000
1413000
1402000
1389000
1377000
2057000
4321000
2209000
1782000
1684000
1666000
1649000
2657000
1898000
1736000
1688000
1670000
1653000
1636000
1620000
1604000
1588000
1572000
1557000
1542000
1527000
1513000
2776000
1829000
1631000
1578000
1563000
1548000
1533000
1519000
1504000
1490000
1477000
1463000
1450000
1437000
2366000
4593000
4567000
2516000
6627000
3876000
2768000
2513000
2457000
2420000
2384000
2349000
2315000
2282000
2250000
2219000
2189000
2159000
2131000
2103000
2076000
2049000
2023000
1998000
1973000
1949000
1926000
1903000
1881000
1859000
2705000
3903000
4015000
2601000
2302000
2226000
2195000
2165000
2137000
2526000
2338000
2160000
2102000
2071000
2045000
2019000
1994000
1970000
1946000
1923000
1900000
2495000
2644000
2102000
1975000
1934000
1911000
1889000
1867000
1845000
1824000
1869000
1802000
1773000
1752000
5326000
8237000
3747000
2829000
2626000
2584000
2543000
2503000
2464000
2427000
2391000
2356000
3341000
2562000
2383000
2319000
2286000
2968000
2416000
2283000
2230000
2200000
2170000
2141000
2113000
2085000
2225000
2090000
2035000
2004000
1979000
2013000
1948000
4462000
2643000
2264000
2162000
2357000
2172000
2114000
2080000
2910000
2412000
2175000
2105000
2075000
2048000
2022000
1997000
2031000
2209000
2005000
1946000
1915000
1893000
1871000
1849000
2830000
2094000
1932000
1881000
1859000
1838000
2080000
4653000
2623000
2721000
4483000
2773000
2411000
2312000
2279000
2247000
2216000
2186000
2157000
2128000
2100000
2073000
2047000
2021000
1996000
1971000
1947000
1924000
1901000
1879000
1857000
1836000
1815000
1795000
3023000
2109000
1913000
1856000
1872000
7958000
3526000
2632000
4072000
9318000
4660000
3482000
3199000
3130000
4068000
4761000
3541000
3248000
3144000
3083000
3025000
2969000
2914000
2862000
2812000
2763000
8151000
5330000
3741000
6053000
4139000
3593000
3422000
3347000
3278000
6219000
4004000
3511000
3353000
3284000
3218000
3154000
3093000
3035000
2978000
2924000
7054000
4042000
3399000
3213000
3150000
3112000
3037000
2978000
2923000
2870000
3360000
2925000
4331000
3174000
2909000
2815000
2766000
2719000
3074000
2742000
2642000
2588000
2547000
2507000
2468000
2431000
2394000
2359000
2325000
2292000
2259000
2228000
2197000
2168000
2139000
2111000
2083000
2056000
2030000
2005000
1980000
5076000
2829000
2365000
2244000
2213000
2183000
2153000
2125000
2097000
2070000
2043000
2018000
1993000
1968000
1944000
1921000
1898000
1911000
1864000
1838000
2195000
1903000
1830000
1798000
1779000
1759000
1740000
3992000
3705000
2407000
2127000
2062000
2036000
2010000
1985000
1961000
1937000
1914000
1892000
2452000
2370000
2014000
1925000
1892000
1870000
1849000
1828000
1807000
1787000
2397000
1961000
1827000
1784000
1763000
2013000
1800000
1744000
1717000
1699000
1681000
1664000
1647000
1630000
1614000
1598000
1582000
1567000
1551000
1537000
1522000
1508000
1494000
1480000
1466000
1453000
1440000
1427000
1415000
1402000
1593000
1439000
1400000
1382000
1370000
1358000
1347000
1336000
1325000
1314000
1303000
1293000
1283000
1272000
1262000
1253000
1243000
1233000
1224000
1215000
1206000
1197000
1188000
4155000
2195000
1645000
1521000
1502000
1488000
1474000
1461000
1448000
1435000
1422000
1410000
1397000
1385000
1374000
1362000
1704000
2990000
2097000
1653000
1554000
1779000
1583000
1533000
1512000
1498000
1484000
1470000
1457000
1444000
1431000
1418000
1406000
1394000
1382000
1370000
1878000
1512000
1597000
1447000
1411000
1393000
1382000
1723000
1804000
1507000
1438000
1416000
1403000
1391000
1379000
1367000
1356000
1386000
1346000
1329000
1317000
1306000
1296000
2032000
1495000
1381000
1349000
1338000
1327000
1316000
1305000
1295000
1284000
1274000
1264000
2771000
3108000
1863000
1606000
1550000
1535000
1521000
2637000
1796000
1620000
1572000
1556000
2944000
5651000
2801000
2185000
2045000
2018000
1993000
1969000
2337000
5712000
3693000
2632000
2392000
2337000
2304000
2271000
2239000
2208000
2178000
2149000
2121000
2093000
2066000
2900000
2726000
5654000
3083000
2555000
2419000
5541000
3576000
2828000
2641000
2597000
2549000
2508000
2469000
2432000
2396000
2360000
2326000
2293000
3007000
2910000
3696000
3809000
2769000
2497000
2420000
2383000
2348000
5636000
3187000
2675000
4998000
4333000
4353000
4887000
3428000
3101000
3884000
3199000
3019000
2939000
2886000
2835000
2883000
2765000
2705000
4100000
3020000
2771000
2683000
2639000
2596000
2555000
2515000
2476000
2438000
2402000
2366000
2332000
2298000
2266000
2911000
2392000
2265000
2424000
2248000
2189000
2154000
2125000
2098000
2206000
2723000
2279000
6967000
3420000
2698000
2517000
2478000
2441000
2987000
2738000
2465000
2382000
2779000
2425000
2329000
2283000
2251000
2220000
2190000
2160000
2131000
2103000
2076000
2050000
2024000
1999000
1974000
1950000
1927000
1904000
3196000
2240000
2033000
1971000
2208000
2034000
2194000
2006000
1933000
1900000
1878000
1856000
1835000
1814000
1794000
1774000
1754000
1736000
3667000
2925000
2151000
1977000
2662000
2122000
1997000
1952000
1929000
1906000
1884000
1862000
1840000
1820000
1799000
1779000
1760000
1741000
1722000
1704000
1686000
1668000
1651000
1634000
1618000
1602000
3950000
3677000
2288000
1994000
1929000
1906000
1884000
1862000
1841000
1820000
1799000
1779000
1760000
1741000
1722000
1704000
1686000
1668000
1856000
1691000
1645000
2076000
1730000
1649000
1619000
1603000
1587000
1572000
2098000
1688000
1596000
1564000
1549000
1534000
1520000
1506000
1492000
1478000
1465000
1451000
1438000
1426000
1413000
1401000
1389000
1377000
1365000
1354000
1342000
2929000
1780000
1545000
1486000
1472000
1459000
1446000
1433000
1420000
1503000
1424000
1406000
2239000
1623000
1492000
1455000
1442000
1447000
1422000
1407000
1512000
1417000
1389000
1374000
1363000
1351000
1340000
1329000
1318000
1307000
1297000
1286000
1276000
2096000
1740000
1446000
1805000
1488000
1418000
1403000
1384000
1371000
1359000
1348000
1337000
1326000
1315000
1304000
1341000
1297000
1280000
1269000
1259000
1594000
1339000
1314000
1271000
1257000
1532000
2464000
1608000
1432000
1387000
1468000
1655000
1446000
1395000
1376000
1364000
1353000
1342000
1331000
1320000
1309000
1298000
1288000
1278000
1345000
2302000
2624000
1711000
1521000
1477000
1464000
1450000
1437000
1425000
1412000
1400000
1388000
1376000
2428000
9494000
3690000
2532000
2273000
2241000
2210000
2180000
2151000
2122000
2095000
2068000
2041000
2016000
1991000
1966000
1943000
1919000
1897000
1874000
1853000
1832000
1811000
1791000
1771000
1752000
1733000
1714000
1696000
1678000
1661000
1644000
1627000
1611000
1595000
1579000
1564000
1549000
1534000
1520000
1505000
1491000
1478000
1464000
1451000
1470000
1435000
1418000
1405000
1393000
1381000
1369000
1357000
1346000
1335000
1324000
1313000
1302000
1292000
1282000
1271000
1261000
1252000
1242000
1232000
1223000
1214000
1205000
1196000
1200000
1357000
1997000
1411000
1288000
1256000
1246000
1237000
2217000
1813000
1450000
1369000
3422000
1922000
1618000
1919000
2999000
4766000
2540000
2064000
2683000
2143000
2018000
1972000
3701000
2441000
2172000
2095000
2068000
2041000
2016000
1991000
1966000
2222000
3653000
2424000
3643000
6537000
9281000
5852000
9271000
4882000
3981000
3733000
3648000
3567000
3489000
3414000
3343000
3274000
3208000
3145000
3084000
9458000
4780000
3799000
3553000
3462000
3386000
3315000
3248000
3771000
3295000
3152000
6319000
4138000
5588000
3887000
3512000
3378000
3309000
3241000
3177000
3115000
3055000
4757000
4640000
3661000
3277000
7065000
5304000
3878000
3531000
3423000
3351000
3283000
3216000
3683000
3249000
3115000
3041000
2984000
2929000
6339000
3839000
3299000
3137000
3077000
3019000
2963000
3426000
3006000
2882000
2817000
2768000
5840000
4108000
3237000
3016000
2946000
2892000
2841000
4021000
3490000
2986000
2844000
2784000
2749000
2694000
2647000
2604000
2562000
2522000
2483000
7158000
3727000
3015000
2828000
2779000
2731000
2686000
2641000
4856000
3190000
2826000
2714000
2669000
2625000
2583000
2717000
5907000
9831000
4720000
3656000
3398000
3327000
3467000
7580000
7255000
4472000
3850000
3679000
3596000
3517000
3441000
3368000
3299000
3232000
3168000
3106000
3047000
3795000
3244000
3024000
2936000
3569000
3027000
2880000
2810000
2761000
2715000
2669000
2626000
2583000
2542000
2502000
3982000
2843000
2588000
4843000
3219000
3036000
2718000
8032000
5396000
3705000
3311000
3209000
3146000
3086000
4176000
3447000
3131000
3021000
2961000
2907000
2855000
2805000
2757000
3036000
2757000
2666000
2912000
2654000
2571000
2540000
3705000
6719000
8189000
11380000
7165000
4903000
4515000
5370000
4328000
4043000
4313000
4612000
6045000
4346000
3938000
6522000
4456000
3975000
3904000
5494000
4314000
3837000
3672000
3788000
5118000
3876000
3569000
3448000
3375000
3305000
3238000
3174000
3112000
3053000
2995000
5157000
5521000
4265000
4642000
1e+07
5962000
4341000
3942000
3824000
3735000
3649000
5615000
9276000
6012000
4478000
7688000
4991000
4653000
4240000
4094000
3984000
3886000
3794000
3706000
3622000
3541000
3464000
3391000
3320000
3253000
3188000
3126000
3066000
3008000
2952000
2899000
2847000
2797000
2749000
2703000
2658000
2615000
2573000
2532000
2493000
2454000
4456000
2940000
2611000
4528000
3814000
2924000
2710000
2643000
2600000
2558000
2518000
2479000
2441000
2405000
2369000
5313000
3113000
2651000
2523000
2484000
2446000
2410000
2374000
2339000
2305000
2273000
2320000
2234000
2193000
2161000
2133000
2105000
2077000
2051000
2025000
2e+06
1975000
1951000
1928000
1905000
2121000
2006000
1896000
1856000
1833000
1812000
1792000
1772000
1753000
1734000
1716000
1697000
1680000
1662000
1645000
1629000
1612000
3468000
2097000
1814000
1740000
1722000
1704000
1686000
1668000
4793000
7524000
3463000
2634000
2451000
2414000
2379000
2344000
2310000
3049000
5396000
4630000
3301000
6501000
5315000
3613000
3224000
3117000
3057000
5378000
3645000
3255000
3125000
3065000
3007000
2952000
3329000
13150000
5712000
4183000
3796000
3708000
3624000
7186000
4459000
3855000
3662000
3580000
3502000
3426000
3354000
4025000
3441000
3274000
3188000
4180000
6774000
6415000
4171000
6217000
4216000
3768000
3610000
3531000
3454000
3381000
3311000
3244000
3179000
3117000
3058000
3e+06
2945000
2892000
2840000
2791000
2743000
2697000
2652000
3008000
2678000
4881000
3171000
2801000
2689000
2644000
2602000
2842000
3192000
4507000
3058000
2973000
2707000
2631000
2582000
3435000
2748000
4046000
2921000
2672000
2587000
2546000
2506000
2467000
2430000
2393000
2358000
2324000
2291000
2258000
2227000
2465000
2248000
2182000
2145000
2117000
2089000
2062000
2036000
2011000
2752000
5178000
3385000
2558000
2368000
2320000
2286000
2254000
2223000
2193000
2163000
2134000
2106000
2409000
2280000
2117000
2063000
2033000
2007000
1983000
1958000
1935000
6572000
6782000
3512000
2829000
2679000
2635000
2592000
2551000
4643000
3197000
2757000
2632000
4390000
3104000
2766000
2661000
2616000
2574000
2533000
2493000
2455000
2418000
2382000
2347000
2313000
2280000
2248000
2217000
2187000
2158000
2129000
2101000
2074000
2047000
2022000
1996000
1972000
1948000
6223000
3120000
2487000
2329000
2687000
2368000
2279000
2236000
2205000
2175000
2146000
2118000
2090000
2063000
2037000
2012000
2212000
2028000
1973000
1942000
1919000
1896000
1874000
1853000
3015000
2150000
1962000
2207000
2333000
2750000
2221000
2028000
1972000
1946000
1923000
1900000
1878000
1856000
1835000
1814000
1794000
2313000
1906000
1811000
1775000
3375000
3061000
3220000
2309000
2117000
2061000
2035000
2010000
1985000
1960000
1937000
1914000
1891000
1869000
1848000
1827000
1806000
1786000
1766000
1747000
3599000
4705000
2684000
2262000
2162000
2133000
2105000
2078000
2052000
2026000
2e+06
1976000
1952000
1928000
1905000
1883000
1861000
1840000
1819000
1799000
1779000
2605000
4819000
2668000
2224000
2115000
2087000
2061000
2034000
2009000
1984000
1960000
1936000
1913000
1891000
1869000
1847000
1826000
1806000
1785000
1766000
1747000
1728000
2584000
1935000
1793000
1749000
1730000
1711000
1693000
1676000
1658000
1641000
1625000
1608000
1592000
2388000
1783000
1677000
1618000
1598000
1582000
1566000
1551000
1536000
1522000
1507000
1493000
1480000
1466000
1453000
1440000
1427000
1415000
1402000
1390000
1378000
1814000
1489000
1416000
1391000
1379000
1367000
1725000
1732000
2264000
3120000
3230000
6468000
3051000
2366000
2207000
2177000
2148000
2120000
2092000
2065000
2039000
2013000
1988000
1964000
1940000
1917000
1894000
1872000
1851000
1830000
1809000
1789000
1769000
1750000
1731000
1712000
1694000
1677000
1659000
1642000
1626000
1609000
1594000
1578000
4255000
2747000
2022000
1859000
1824000
1804000
1784000
5627000
2865000
2417000
2197000
2152000
2121000
2093000
2066000
2040000
2014000
1989000
1965000
2277000
2891000
2201000
2045000
1995000
1970000
1946000
1923000
1900000
1878000
1856000
1843000
1816000
1795000
1775000
1756000
1737000
3202000
5640000
3514000
2582000
2307000
2679000
3014000
2425000
2284000
2232000
2201000
3784000
8821000
4906000
3339000
2987000
2910000
2858000
2807000
2759000
2939000
2957000
2802000
2659000
2598000
2554000
2514000
2475000
2438000
2401000
2366000
2331000
4519000
2865000
2512000
2410000
2375000
2340000
2306000
2274000
2242000
5715000
3141000
2607000
2466000
2429000
2393000
2357000
2323000
2398000
2287000
2240000
2206000
2176000
2147000
2118000
4012000
2616000
2318000
2231000
2201000
2843000
2403000
2824000
2384000
3684000
2590000
2353000
2279000
2247000
2216000
2300000
2707000
2401000
2228000
2170000
2139000
2111000
2083000
2056000
2030000
2653000
2446000
2137000
2054000
2021000
1995000
2871000
2210000
2060000
2099000
2011000
1974000
1947000
1924000
1901000
1879000
1957000
1864000
1829000
1806000
1916000
2185000
1872000
1795000
3658000
2285000
1998000
1920000
1898000
1875000
1854000
3307000
2236000
2696000
2232000
2288000
2568000
6064000
4207000
2836000
2533000
2463000
2426000
2606000
2413000
2348000
2308000
2275000
2243000
2212000
2182000
2153000
2124000
2096000
2069000
2043000
2053000
2003000
1973000
1948000
1925000
1902000
1880000
1858000
1837000
1816000
2236000
1900000
1818000
1785000
1766000
1746000
1728000
2152000
3200000
2124000
1896000
1835000
1814000
1794000
1898000
2154000
2627000
1999000
1860000
1817000
1797000
2872000
2067000
1893000
2206000
1923000
1851000
1820000
1799000
1779000
1760000
1741000
1722000
1704000
1686000
1668000
1651000
1634000
1618000
1602000
1649000
1588000
1563000
1546000
2251000
3108000
2864000
3071000
2111000
1912000
1859000
1838000
1817000
1797000
1777000
1757000
1738000
2694000
1974000
1818000
1770000
1750000
1732000
1713000
1695000
1677000
1660000
1643000
1626000
1610000
1594000
1578000
2865000
1903000
1701000
1646000
1630000
1613000
1597000
1581000
1566000
1551000
1536000
1522000
3483000
2029000
1732000
1657000
1640000
1623000
1607000
2983000
3381000
2688000
2038000
1899000
2635000
2419000
2035000
1940000
1907000
1884000
1862000
1841000
1820000
1800000
1780000
1760000
1741000
1723000
1704000
1686000
1669000
1652000
2689000
1909000
1742000
1693000
1676000
1658000
1641000
1625000
1609000
1593000
1577000
1562000
1547000
1532000
1517000
2946000
3527000
2135000
1826000
3199000
2420000
2046000
2861000
3685000
10760000
4593000
3274000
2967000
2911000
2859000
2838000
3783000
3005000
2814000
2737000
2691000
2646000
2603000
2562000
2521000
2482000
2444000
2408000
2372000
2337000
2304000
2271000
2438000
4525000
3323000
2807000
2482000
3782000
8166000
7234000
4121000
3473000
6779000
6970000
4384000
8064000
6526000
4601000
4133000
3981000
3884000
3792000
3704000
3620000
3540000
13690000
6240000
4686000
4272000
4161000
4055000
3954000
3858000
3767000
3680000
3597000
3714000
5019000
11100000
5658000
4384000
4048000
3944000
3849000
3758000
3672000
3589000
3510000
3435000
3362000
3293000
3856000
3350000
5071000
4066000
3947000
3439000
3295000
4573000
4258000
10540000
9398000
8342000
5307000
6771000
11680000
6605000
10990000
