1203000
1190000
1177000
1164000
1151000
1139000
1127000
1115000
1103000
1092000
1081000
1070000
1059000
1049000
1039000
1029000
23180000
5996000
1257000
990100
1803000
12100000
1852000
8253000
43180000
4285000
929400
921400
913400
7716000
2165000
948300
6292000
2342000
6223000
37370000
25230000
2574000
841100
834500
4323000
1102000
815200
15460000
1981000
6566000
1255000
785100
779400
773700
768100
762600
2427000
886000
746500
741300
736200
731100
726100
721200
716300
7148000
1224000
702100
697500
692900
688500
684000
679700
1223000
10320000
11880000
5350000
967900
654500
650500
646600
642700
638800
635000
2887000
808800
623800
620200
616600
613000
609500
5524000
997900
599200
595800
592500
589200
586000
582800
579600
576500
573300
570300
567200
564200
561200
558300
555400
552500
549600
546800
544000
541200
538500
535800
533100
530400
527800
25500000
2530000
520100
517500
515000
512600
510100
507700
3312000
10900000
1318000
498200
495800
493500
491200
489000
486800
484500
482300
480200
478000
475900
473700
471600
469600
467500
465500
463400
461400
459400
457400
455500
453500
451600
449700
447800
445900
18600000
1901000
8373000
1076000
436800
435000
433200
431500
429700
428000
426300
424600
422900
421200
419600
11040000
1270000
414700
413100
411500
409900
408300
406700
405200
403700
402100
400600
399100
397600
396100
394700
393200
391800
390300
388900
387500
386100
384700
383300
381900
380600
379200
377900
376500
375200
373900
372600
371300
370000
368700
367400
366200
364900
363700
362400
361200
360000
358700
357500
356300
355200
354000
352800
351600
350500
349300
348200
347100
345900
344800
343700
342600
341500
340400
339300
338200
337200
336100
335000
334000
332900
331900
21300000
2015000
328800
327800
326800
325800
324800
323800
322800
321900
320900
319900
319000
318000
317100
316100
315200
314300
313300
312400
311500
310600
309700
308800
307900
307000
306100
305300
304400
303500
302700
301800
300900
300100
299300
298400
16120000
25110000
2188000
38450000
7755000
646700
292700
291900
291100
290300
289500
288700
287900
287100
286400
285600
284800
284100
283300
282600
281800
281100
280300
279600
278900
278100
277400
276700
276000
275300
4279000
14990000
1430000
272500
271800
271100
270400
269700
1465000
1752000
379200
267000
266300
265700
265000
264300
263700
263000
262400
261700
2054000
6837000
776900
259200
258600
257900
257300
256700
256100
255500
254900
254200
253600
253000
36750000
45880000
3683000
250700
250100
249500
248900
248300
247700
247200
246600
246000
6285000
730300
244300
243800
243200
5411000
657500
241600
241000
240500
239900
239400
238900
238300
1362000
421000
244200
236200
235700
788400
279100
26990000
2385000
233100
232600
2203000
390000
231100
230600
9076000
2314000
339500
228600
228100
227600
227200
226700
826300
2836000
431200
224800
224300
223800
223400
222900
9601000
975800
221500
221000
220600
220100
2162000
29640000
2571000
5592000
19170000
1706000
217000
216600
216100
215700
215300
214800
214400
214000
213500
213100
212700
212300
211800
211400
211000
210600
210200
209800
209300
208900
208500
208100
974200
268900
206900
206500
206100
55060000
4614000
204900
12010000
48700000
5763000
343100
203000
202600
5530000
11280000
1057000
201100
200700
200400
2e+05
199600
199200
198900
198500
198100
29460000
9836000
782700
15880000
2122000
249400
195600
195300
194900
15150000
1396000
193800
193500
193100
192800
192400
192100
191700
191400
191100
16210000
1478000
190100
189700
189400
189000
188700
188400
188000
187700
187400
187000
4260000
513800
186100
185700
185400
185100
184800
184500
184100
183800
183500
183200
182900
182600
182300
181900
181600
181300
181000
180700
180400
180100
179800
179500
179200
178900
178600
178300
178000
177700
177400
177100
176800
176500
176200
175900
175600
175400
175100
174800
174500
174200
173900
173600
173400
173100
172800
172500
172200
172000
171700
171400
171100
170900
170600
170300
170000
11650000
1092000
169200
169000
168700
168400
168200
167900
167600
167400
167100
166800
166600
166300
166100
165800
165600
165300
165000
164800
164500
164300
164000
163800
163500
163300
163000
162800
162500
162300
162000
161800
161500
161300
161000
160800
160600
160300
160100
159800
159600
159400
159100
158900
158600
158400
158200
157900
157700
157500
157200
157000
156800
156500
156300
156100
155900
155600
155400
155200
155000
154700
154500
154300
154100
153800
153600
153400
153200
153000
152700
152500
152300
152100
5976000
2402000
294700
151300
151000
150800
150600
150400
150200
150000
149800
149600
149400
149100
148900
148700
148500
5295000
3472000
381900
147700
1172000
229700
147100
146900
146700
146500
146300
146100
145900
145700
145500
145300
145100
144900
144700
144500
144300
144100
144000
143800
143600
143400
143200
2744000
351900
142600
142400
142200
142000
141900
141700
141500
141300
141100
140900
140700
140500
140400
4973000
528500
139800
139700
139500
139300
139100
138900
138700
138600
138400
138200
18920000
17320000
1397000
137700
137500
137300
137100
10850000
997600
136700
136500
136300
14100000
40570000
3724000
170200
135600
135400
135300
135100
3764000
34050000
7872000
539300
134400
134200
134100
133900
133700
133600
133400
133200
133100
132900
132700
6349000
5415000
27610000
2310000
132100
131900
23060000
4599000
342500
131400
131200
131000
130900
130700
130600
130400
130200
130100
129900
3408000
3886000
9702000
9386000
1124000
154100
128900
128800
128600
23630000
2018000
128300
17980000
9929000
9786000
13190000
1120000
127600
6399000
631400
127200
127000
126900
126700
126600
126400
126300
9270000
861000
125900
125700
125600
125400
125300
125100
125000
124800
124700
124500
124400
124200
124100
1753000
254800
123700
1973000
272100
123300
123100
123000
122800
122700
6134000
1126000
39230000
3263000
122200
122000
121900
121700
1901000
1805000
245200
121200
2763000
333300
120800
120700
120500
120400
120300
120100
120000
119800
119700
119600
119400
119300
119200
119000
118900
118800
847700
177100
118400
118300
118100
154700
2680000
542600
135200
117500
117400
117200
117100
117000
116800
116700
116600
116500
4325000
7527000
684600
116000
6377000
619000
115600
115500
115400
115300
115100
115000
114900
114800
114700
114500
114400
114300
114200
114000
113900
113800
113700
113600
113400
113300
2370000
15510000
1336000
112900
112800
112700
112500
112400
112300
112200
112100
112000
111800
111700
111600
111500
111400
111300
111100
111000
110900
110800
110700
110600
110400
110300
110200
110100
110000
109900
109800
109700
109500
109400
109300
109200
109100
109000
108900
108800
108600
108500
108400
108300
108200
108100
108000
107900
107800
107700
107600
107400
107300
107200
107100
107000
106900
106800
106700
106600
106500
106400
106300
106200
106100
105900
105800
105700
105600
105500
105400
105300
105200
105100
105000
104900
104800
104700
104600
104500
104400
104300
104200
104100
104000
103900
103800
103700
103600
103500
103400
103300
103200
103100
103000
102900
102800
102700
102600
102500
102400
102300
102200
102100
102000
101900
101800
101700
11040000
980700
101500
101400
101300
1551000
217700
101100
101000
100900
100800
100700
100600
100500
100400
100300
100200
100100
1e+05
99950
13810000
1202000
99830
99730
99640
99550
99450
99360
99270
99170
99080
98990
142100
77500000
6320000
98940
98850
98760
98670
98580
98490
98400
98310
98220
98120
98030
97940
97850
97760
97670
97590
97500
97410
97320
97230
97140
97050
96960
96880
96790
96700
96610
96520
96440
96350
96260
96180
96090
96000
95920
95830
95740
95660
95570
95490
95400
95320
95230
95150
95060
94980
94890
94810
94720
94640
94560
94470
94390
94300
94220
94140
94050
93970
93890
93810
93720
93640
93560
93480
93390
93310
93230
93150
93070
92990
92910
92830
92740
92660
7351000
5378000
470600
92560
26140000
2186000
92620
3679000
14450000
30670000
2711000
113100
7569000
693800
92760
92670
18090000
1539000
92700
92620
92540
92460
92380
92300
92220
1798000
17330000
1466000
13930000
30260000
44900000
12570000
29540000
2402000
93120
93040
92960
92880
92800
92720
92640
92560
92480
92400
92320
36090000
2986000
92420
92340
92260
92180
92100
92020
3652000
378100
91850
21760000
3116000
12030000
1043000
91980
91900
91830
91750
91670
91590
91510
10330000
9355000
1871000
180000
24300000
7718000
548400
91650
91570
91490
91420
91340
1740000
223700
91130
91050
90980
90900
22580000
1898000
90980
90900
90820
90740
90670
90590
90510
90440
90360
90280
19250000
5484000
400200
90350
90270
90200
90120
4697000
3284000
317000
89950
89870
89800
89720
89650
89570
89500
89420
89350
25780000
2155000
89460
89390
89310
89240
89160
89090
11350000
994000
89060
88990
88910
88840
88770
88690
16670000
43160000
3444000
89090
89010
88940
88860
24430000
16880000
1282000
89170
89090
89020
88950
88870
88800
88720
88650
88580
88500
88430
88360
88280
88210
88140
88060
87990
87920
87850
87770
87700
87630
87560
87490
87410
87340
87270
87200
87130
2751000
1049000
2046000
239600
3.8e+07
12120000
809700
87210
87140
87070
87000
86930
86860
86790
86720
86650
86580
86510
86440
86370
86300
86230
86160
86090
86020
85950
85880
85810
27570000
32050000
39160000
11800000
1731000
1671000
6617000
601900
86660
86590
2898000
11010000
946100
86540
11720000
1021000
86530
86460
7028000
1627000
165400
86320
86250
5373000
511200
86130
86060
85990
85920
85850
85780
85720
85650
85580
85510
13440000
4775000
7316000
34080000
7014000
426900
85910
85840
85770
85700
8847000
27940000
6832000
452800
18570000
1572000
1027000
161700
86020
85950
85880
85810
85750
85680
85610
85540
85470
85400
85330
85270
85200
85130
85060
84990
84930
84860
84790
84720
84660
84590
84520
84450
84390
84320
84250
84190
84120
84050
83990
83920
83860
83790
83720
83660
83590
83530
83460
83400
83330
83270
8249000
739600
83210
83140
83080
83010
82950
82880
82820
82750
82690
82630
82560
82500
82430
82370
82310
82240
82180
82120
82050
81990
81930
81860
81800
81740
81680
81610
81550
81490
81430
81360
81300
81240
81180
81120
81060
80990
80930
80870
80810
80750
5928000
550700
80660
80600
80540
80480
80410
80350
31190000
44830000
3477000
81050
80990
80920
80860
80800
80740
4749000
21490000
12630000
2727000
26810000
13590000
996000
81480
81410
81350
16590000
1408000
81430
81370
81310
81240
81180
2434000
61010000
4964000
81510
81450
81390
81320
18240000
1541000
81430
81370
81310
81240
81180
81120
4766000
457600
81010
80950
7237000
21410000
13510000
1026000
13150000
1132000
81370
81300
81240
81180
81120
81060
81000
80930
80870
80810
80750
80690
80630
80570
80510
80450
80380
80320
80260
80200
12880000
1109000
80230
80170
80100
80040
540700
4360000
13460000
1128000
1746000
213900
79930
79870
5992000
555000
10440000
913000
79830
79770
79710
79650
79590
79530
79470
79420
79360
79300
79240
79180
79120
79060
79000
78940
78890
78830
78770
78710
78650
1483000
26120000
5622000
356900
78840
78790
78730
78670
78610
78550
78500
78440
78380
78320
78260
78210
78150
78090
78040
77980
77920
77860
29770000
2.8e+07
2131000
78490
78430
78380
78320
78260
7352000
1618000
155000
78160
12260000
1455000
110200
78130
78070
78010
77950
77900
77840
77780
77730
77670
77610
77560
77500
77440
77390
77330
77280
77220
77160
77110
77050
77000
76940
76890
11870000
1025000
76900
76840
1037000
154000
76690
76640
76580
76530
76470
76420
76360
76310
76250
76200
76140
76090
76040
75980
75930
75870
75820
75770
75710
75660
75600
75550
75500
4271000
1211000
139600
75360
75310
75250
75200
75150
75090
75040
74990
74930
74880
74830
74780
74720
886800
9025000
11280000
918000
74760
74710
74660
74600
74550
74500
74450
74400
74340
74290
74240
74190
74140
74090
74030
73980
73930
19410000
1628000
74060
74010
73960
73910
73860
73810
73750
73700
73650
73600
73550
73500
73450
73400
73350
73300
73250
73200
73150
13550000
1156000
73190
73140
73090
73040
72990
72940
72890
72840
72790
72740
72690
72640
72590
72540
72500
72450
72400
72350
72300
72250
72200
72150
72100
72050
72010
71960
71910
71860
71810
71760
71710
71670
71620
71570
71520
71470
71430
71380
71330
71280
71240
71190
71140
71090
71050
71000
70950
70900
70860
70810
70760
70720
70670
70620
70570
70530
70480
70440
70390
70340
70300
4277000
15630000
14880000
45260000
3616000
71050
71000
70960
70910
70860
70820
70770
70720
70680
70630
70580
70530
70490
70440
70400
70350
70300
70260
70210
70160
70120
70070
70030
69980
69930
69890
69840
69800
69750
69700
69660
7364000
5311000
443900
69690
69650
69600
69550
38550000
3163000
1196000
160400
69910
69870
69820
69780
69730
69690
69640
69590
964800
9100000
789700
69610
69560
69520
69470
69430
69380
69340
69290
69250
69200
69160
69110
69070
69020
13620000
35440000
7139000
925300
110600
3590000
5318000
468800
69650
69600
69560
13380000
45830000
9640000
550800
70230
70190
70140
70090
70050
370100
1701000
787700
117200
69880
69840
69790
69750
69700
69650
69610
69560
13940000
1185000
69650
69600
69560
69510
69470
69420
69380
23880000
1983000
69610
69560
69520
69470
69430
69380
69340
69290
69250
69200
69160
69110
69070
13840000
1176000
69170
69130
69080
6020000
1119000
5416000
8e+05
11160000
958500
69270
69220
69180
69130
498500
5342000
1461000
147100
69100
69050
69010
68960
68920
68870
2607000
3030000
290600
68890
68840
68800
6706000
602300
68820
357300
91940
68700
68660
68610
68570
68520
68480
68440
68390
68350
68300
2089000
230700
68270
17600000
1478000
68460
68420
68380
68330
68290
8627000
756300
7039000
1504000
2510000
5372000
32910000
10210000
674900
69180
69140
69090
69050
69000
68960
68910
68870
68830
68780
68740
68690
68650
68600
68560
68520
68470
68430
68380
68340
68300
68250
68210
68160
68120
68080
68030
67990
67950
67900
67860
67820
67770
67730
67690
67650
67600
67560
67520
67470
67430
67390
1030000
144700
67310
67260
67220
5068000
469300
67290
1005000
142700
67210
67170
67130
67080
67040
67000
66960
66920
66870
66830
66790
66750
66710
66660
66620
66580
66540
66500
66460
237800
8983000
11700000
944500
66840
66800
66760
66720
66680
66630
66590
66550
66510
66470
66430
66390
66340
66300
66260
66220
66180
66140
66100
66060
66020
65970
65930
65890
65850
65810
65770
65730
65690
65650
65610
65570
65530
65490
65450
65410
65370
65330
65290
65250
65210
65170
3149000
14650000
6527000
492500
65750
4815000
3926000
345600
65970
65920
65880
65840
65800
65760
65720
65680
65640
65600
65560
65520
65480
65440
65400
65360
65320
65280
65240
65200
65160
65120
65080
65040
65000
64960
64920
64880
64840
64800
64760
5833000
732700
81320
14550000
3914000
719500
9569000
16330000
63110000
5574000
110200
66710
66670
66630
66580
4265000
404200
66650
66610
66570
66530
66490
66450
66400
66360
66320
66280
66240
66200
66160
66120
66070
6775000
3987000
1752000
180000
9605000
39410000
24290000
1825000
251100
20030000
15830000
1207000
21890000
10520000
767400
68540
68500
68460
68410
68370
68320
68280
50280000
4105000
68840
68800
68750
68710
68660
68620
68580
68530
68490
68440
6236000
38070000
3741000
121900
69010
68960
68920
68870
68830
68780
68740
68690
68650
68610
2066000
229100
13120000
3822000
3618000
336700
68850
9606000
5757000
37700000
24380000
17290000
1316000
11020000
30820000
2850000
22360000
