116600
116500
116400
116200
116100
115900
115700
115500
115400
115200
115000
114800
114600
114400
114300
114100
11440000
4309000
2973000
1839000
1438000
6160000
2033000
4711000
22150000
6313000
5574000
3150000
2001000
5591000
2286000
1498000
3250000
1570000
3804000
19890000
16310000
7527000
5173000
3119000
4588000
2553000
1526000
7930000
2098000
4810000
1869000
1356000
1246000
701300
649000
304100
1149000
398000
373300
285800
235500
261500
213300
196100
171800
3468000
992000
902500
583100
399800
496100
320600
258500
611500
5037000
6626000
4475000
2419000
1615000
1260000
1044000
724500
399900
226600
1428000
487200
452900
331300
261300
297700
230700
2691000
791900
724400
483600
345300
417800
285400
238500
172200
171800
171400
171000
170600
170200
169800
169400
169000
168600
168200
167800
167400
167000
166600
166200
165800
165500
165100
15380000
3952000
3540000
2068000
1223000
1669000
860100
575200
2038000
5675000
1840000
1523000
931100
705800
754100
451100
306900
172800
172400
172000
171500
171100
170700
170300
169900
169500
169100
168700
168300
167900
167500
167100
166700
166400
166000
165600
165200
11230000
2921000
6566000
2532000
1811000
1754000
946700
855000
351400
277300
172200
171800
171400
171000
170600
6357000
1711000
1543000
944000
600300
781400
452300
336200
171700
171300
170900
170500
170100
169700
169300
168900
168500
168100
167700
167300
166900
166500
166100
165700
165300
165000
164600
164200
163800
163500
163100
162700
162300
162000
161600
161200
160900
160500
160200
159800
159500
159100
158700
158400
158000
157700
157400
157000
156700
156300
156000
155600
255100
179800
176800
166800
160900
163500
157900
155700
152700
152400
152100
151700
151400
151100
150800
13190000
3398000
3045000
1783000
1059000
1441000
760600
506600
159900
158300
157300
157300
156300
155700
155000
154700
154300
154000
153700
153300
153000
152700
152400
152000
151700
151400
151100
150800
150400
150100
149800
149500
149200
148900
148600
148300
10940000
14500000
5447000
23900000
9468000
6967000
4759000
2627000
2582000
1284000
797400
230600
172500
172100
171700
171300
170800
170400
170000
169600
169200
168800
168400
168000
167600
167200
166900
166500
166100
165700
4088000
8271000
2811000
2239000
1331000
1050000
1050000
597500
1060000
1032000
496500
409700
303900
286000
268500
218500
186600
168000
167600
167200
1230000
3617000
1195000
1006000
638500
492500
529100
339600
251400
166500
166100
165700
165400
165000
19160000
27380000
9976000
7529000
4297000
3606000
3256000
1705000
780100
183100
182600
182200
3220000
938100
855600
561100
392000
3051000
959200
832500
502600
359500
434500
297500
249000
180300
756000
369200
318400
261000
224100
513700
277000
14080000
3655000
3264000
1934000
2139000
1797000
1028000
673500
4639000
2053000
1371000
909000
573100
663600
450000
331400
499700
1527000
565200
501600
361800
299600
320600
247100
4898000
1347000
1220000
766800
506500
643400
1381000
15830000
4205000
6360000
12390000
4316000
4195000
2290000
1525000
1258000
699400
449300
194900
194300
193800
193300
192800
192200
191700
191200
190700
190200
189700
189200
188700
188200
187700
187200
1274000
457000
427200
321500
260700
30130000
7659000
6831000
9875000
29720000
11780000
8268000
4840000
2697000
5795000
7834000
2914000
1797000
1088000
859700
878000
532800
357100
209600
209000
208400
16380000
7993000
4730000
11430000
4214000
4005000
2437000
1437000
1164000
8768000
2480000
2031000
1234000
781300
1019000
586200
433300
216700
216100
215400
9623000
2556000
2301000
1390000
866800
1142000
641500
464900
214600
214000
213400
212700
2918000
885600
811900
549500
398800
477600
333300
282100
209700
209100
208500
207900
207300
206700
206100
205500
204900
204300
203700
203100
202600
202000
201400
200900
200300
199700
199200
198600
198100
590500
294900
283700
245200
222800
233800
212400
204500
193600
193100
192600
192000
191500
191000
190500
190000
189500
189000
188500
188000
187500
187000
186500
186000
185600
185100
184600
2565000
7855000
2475000
2053000
1236000
912300
993000
572000
376000
187700
187200
186700
186200
185800
185300
184800
184300
183900
183400
182900
182400
182000
181500
181100
180600
180200
179700
179200
178800
178400
177900
177500
177000
176600
176200
175700
175300
174900
174400
174000
173600
173200
172800
172300
171900
171500
171100
170700
170300
169900
169500
169100
168700
168300
167900
167500
167100
166700
166300
165900
165600
165200
164800
164400
164000
163700
163300
162900
162600
162200
161800
161500
161100
160700
160400
7765000
2941000
2069000
1308000
800100
973600
595300
405500
186800
162900
162500
162200
161800
161400
161100
160700
160400
4100000
2589000
1395000
973900
1171000
788200
606000
401100
238300
215800
185900
175100
160000
159600
159300
158900
158600
158200
157900
157500
157200
156800
156500
156100
155800
155500
155100
2447000
725400
663100
440900
313300
380200
258100
214900
153700
153400
153100
152700
152400
152100
151800
2920000
840600
765500
497200
343200
424100
276700
224600
150800
150500
150200
149900
9651000
10320000
4201000
3070000
1788000
1633000
1357000
6131000
1703000
1350000
830600
532400
7663000
22680000
7176000
5643000
3263000
2306000
2526000
1310000
2550000
18220000
7463000
4929000
3057000
1892000
2171000
1276000
764900
250900
184000
183500
183000
182500
182100
3378000
3358000
15660000
4639000
3847000
2436000
13560000
6074000
3886000
2359000
1190000
1469000
868800
574300
230800
195600
195100
194500
194000
1906000
2358000
5631000
6180000
2766000
2041000
1330000
1091000
882700
13010000
3425000
2972000
11200000
7719000
9280000
10630000
4403000
3479000
5471000
2388000
1912000
1046000
616900
538000
363900
302300
215000
5081000
1426000
1293000
821800
551100
693200
434000
342400
212600
212000
211400
210700
210100
209500
208900
1190000
452200
425100
1260000
506200
509300
366600
296100
296800
246800
3288000
1225000
22250000
5945000
5173000
3186000
1848000
2401000
2148000
1784000
616100
501400
1704000
689700
624400
436300
321900
340000
268700
243200
207300
206700
206100
205500
205000
204400
203800
203200
202600
202100
1364000
490500
458500
345500
280500
435200
1556000
682700
523400
389900
311700
336000
268800
235400
199000
195600
195100
194600
3201000
4463000
1738000
1351000
3999000
1522000
1380000
830700
509500
508100
339900
280400
196100
195600
195100
194500
194000
193500
193000
192400
191900
191400
190900
190400
189900
189400
3415000
8774000
2842000
2320000
1387000
1049000
1106000
631500
399900
193000
192500
191900
191400
190900
190400
189900
189400
188900
188400
187900
187400
186900
186400
186000
185500
185000
184500
184000
183600
183100
182600
182200
181700
181200
180800
180300
179900
179400
179000
178500
178100
177600
177200
176800
176300
175900
175500
175000
174600
174200
173800
173300
172900
172500
172100
171700
171300
170900
170500
170100
169600
299300
201200
197300
184300
176700
180200
172900
170000
166200
165800
165400
165100
164700
164300
163900
163500
163200
162800
162400
162100
161700
161300
161000
160600
1555000
507200
469200
333800
256100
296600
222200
195800
158400
158100
157700
157400
157000
156700
156300
156000
155700
155300
155000
154600
154300
154000
153700
7354000
1946000
1751000
1054000
654000
1753000
703300
544300
266900
217300
243000
195500
178500
154600
154300
153900
153600
153300
153000
1102000
7482000
2129000
1845000
1106000
739600
896900
501900
343800
155200
154900
154600
154200
990200
42410000
10800000
9583000
5464000
3154000
4343000
2092000
1282000
166200
165900
165500
165100
164700
164300
164000
163600
163200
162800
162500
162100
161700
161400
161000
160700
160300
159900
159600
159200
158900
158500
158200
157800
157500
157100
156800
156400
156100
155800
155400
155100
154700
154400
154100
153700
153400
153100
152800
152400
152100
151800
151500
151200
150800
150500
150200
149900
149600
149300
148900
148600
148300
148000
147700
147400
147100
146800
146500
146200
145900
145600
145300
145000
144700
144400
144200
143900
6047000
3904000
2025000
1391000
13850000
4126000
3528000
3865000
8709000
18860000
6481000
4937000
6564000
2969000
2893000
1538000
9908000
2807000
2357000
1408000
804400
1070000
588000
418100
177300
1080000
9016000
2522000
9225000
18520000
29490000
15890000
24930000
10010000
7696000
5653000
3217000
2578000
1045000
626900
212900
212300
211700
211000
210400
20140000
5170000
4630000
2700000
1593000
2177000
1117000
743200
2044000
669100
619100
12210000
3920000
9617000
3517000
2591000
2227000
1262000
1196000
527600
389000
217200
5843000
6175000
3157000
2069000
14560000
7564000
4675000
2976000
1674000
1759000
1130000
716100
1212000
448400
423200
334800
283800
309700
12660000
3329000
2969000
1768000
1079000
1442000
782500
549900
220300
219600
218900
218300
10950000
4920000
3104000
2009000
1216000
1417000
905900
3183000
2350000
1150000
860200
577400
573100
477100
352000
256000
217300
216600
216000
14660000
3810000
3419000
2020000
1217000
1640000
871800
601000
6573000
1799000
1626000
1010000
656900
842600
504300
384700
9734000
25940000
8138000
6584000
3793000
2775000
2953000
15030000
12470000
5274000
3743000
2193000
2129000
1653000
960700
447300
227200
226500
225700
225000
224300
223600
222900
222200
221500
220900
220200
219500
218800
218200
217500
216800
216200
215500
214900
214200
213600
213000
212300
4017000
1538000
2114000
1011000
21800000
10870000
6379000
4144000
2341000
2658000
1656000
1001000
722500
312000
301300
264600
243200
253500
233100
225400
214900
214300
213600
213000
212400
211700
211100
982800
15850000
20530000
28350000
15830000
9701000
7533000
8496000
4884000
3012000
1555000
2374000
7009000
2265000
1853000
7663000
2441000
2349000
1364000
4812000
2409000
1543000
1020000
571500
3744000
1230000
1042000
627100
440600
530400
365600
307200
224600
223900
223200
919100
8096000
4235000
6309000
21370000
8951000
6374000
3916000
2490000
2465000
1414000
5779000
16590000
7627000
4823000
13360000
4654000
4951000
2725000
1587000
1390000
741700
563400
259600
248700
233600
232800
232000
231300
230500
229800
229100
228300
227600
226900
226200
225500
224700
224000
223300
222600
222000
221300
220600
219900
219200
218600
217900
217200
921900
3318000
1101000
953000
630000
487700
535500
366200
292100
213900
213200
212600
5323000
1484000
1345000
850000
565800
715100
442900
346800
210500
209900
209300
208700
208100
207500
206900
206300
205700
205100
204500
203900
203400
202800
202200
201600
201100
200500
2e+05
199400
198800
198300
197700
197200
196700
196100
195600
195100
194500
194000
193500
192900
192400
191900
4458000
1254000
1138000
724600
487400
612100
385000
304700
16970000
27630000
9701000
7447000
4264000
3464000
3254000
1704000
823000
2602000
12230000
9402000
5389000
17980000
12050000
6767000
4647000
2668000
2291000
10650000
3164000
2410000
1361000
853900
1121000
635200
1680000
35100000
9093000
8038000
4622000
2737000
3685000
11940000
3663000
2471000
1490000
927800
1224000
685300
495300
2793000
864500
794300
545200
4324000
12990000
10640000
4973000
10700000
4051000
3618000
2415000
1340000
1125000
561200
423700
229000
228200
227500
226800
226100
225400
224600
223900
223200
222500
221900
221200
220500
219800
7561000
2046000
1847000
1135000
727300
941900
834100
2684000
7964000
2518000
2941000
1501000
1131000
1135000
3835000
1283000
6627000
2049000
1696000
1240000
756500
862600
476700
370100
219100
218400
217800
217100
216400
215800
215100
214500
213900
213200
212600
212000
211300
210700
210100
1397000
14720000
5765000
3947000
2457000
1533000
1789000
1062000
670900
260300
213200
212500
211900
211300
210600
210000
209400
208800
208200
207600
207000
206400
17340000
18510000
7500000
5461000
3150000
2873000
2374000
1307000
4811000
1752000
1273000
850600
7208000
2520000
1978000
1224000
714700
884700
537200
401600
221100
215000
214400
213800
213100
212500
211900
211200
210600
210000
209400
208800
208200
207600
207000
206400
205800
205200
9530000
2526000
2273000
1370000
1398000
1261000
749900
522000
243700
259200
229600
218800
203700
203100
202500
202000
201400
200800
200300
199700
199200
198600
198100
197500
197000
196400
195900
195300
222300
4060000
1566000
1155000
768300
515300
604100
409900
315000
204600
193300
192800
192300
191700
191200
190700
190200
2190000
5196000
7079000
2766000
2075000
1368000
1098000
976800
556200
336500
194800
194300
193700
193200
192700
192200
191700
191200
190600
190100
189600
13290000
3449000
3095000
1826000
1099000
1483000
786400
540900
192900
192400
191900
191400
190800
190300
189800
189300
188800
188300
187800
187400
186900
9920000
2610000
2346000
1404000
863100
1148000
630600
448000
189300
188800
188300
187800
187300
186800
186300
185900
185400
184900
184400
183900
183500
183000
182500
182100
181600
181200
180700
180200
179800
179300
178900
178400
178000
177600
177100
176700
176200
175800
175400
175000
174500
174100
173700
173300
172800
172400
172000
171600
171200
170800
170400
170000
169600
169200
168800
168400
168000
167600
167200
166800
166400
166000
165600
5065000
9106000
10070000
27970000
8917000
7322000
4606000
2987000
3043000
1446000
818200
187400
186900
186400
185900
185400
184900
184500
184000
183500
183000
182600
182100
181600
181200
180700
180300
179800
179400
178900
178500
178000
177600
177100
176700
176300
5406000
3854000
1928000
1357000
836900
858000
649500
21240000
5422000
5373000
2924000
1753000
2307000
1169000
796000
212600
201300
185500
185000
745400
4888000
1445000
1267000
793800
556500
660200
406800
306100
184500
184100
183600
183100
182700
182200
181700
181300
7165000
20480000
8556000
5994000
3546000
4302000
5507000
2488000
1603000
708700
556900
7521000
26960000
11080000
7351000
4472000
3e+06
3186000
1824000
1009000
490600
1081000
763100
491800
392400
322500
318500
279500
242000
213900
205200
204600
7681000
2065000
1862000
1138000
722800
941500
543700
403300
204400
13260000
3453000
3099000
1835000
1110000
1492000
797900
553100
206200
205600
205000
204400
203800
203200
202700
7736000
2078000
1873000
1144000
725000
4024000
1617000
3883000
1497000
6999000
2375000
1893000
1319000
763900
868800
731300
3117000
1452000
965000
676200
483500
519700
386800
301700
220000
1693000
2012000
892800
709500
487400
450800
3903000
1178000
1017000
812200
489300
586400
383900
308600
220400
210700
207000
201800
201300
200700
200100
1473000
516300
481400
9836000
2646000
2427000
1441000
891000
1135000
630500
5201000
1384000
4844000
2157000
2696000
4176000
19550000
9972000
5811000
3767000
2288000
2410000
1496000
874600
323400
215000
214400
213700
213100
212500
211900
211200
210600
210000
209400
208800
208200
207500
206900
206400
205800
205200
204600
204000
203400
202800
202300
201700
201100
200600
2e+05
199400
198900
198300
197800
197300
196700
196200
195600
195100
194600
3172000
935300
854400
565700
4e+05
3374000
1048000
913300
1142000
539900
608300
397600
310500
250600
218900
207400
191300
190800
190300
189800
189300
188800
188300
187800
187300
186800
186300
185900
185400
2987000
5510000
7602000
2968000
2212000
1491000
1164000
1031000
570000
341200
191000
190500
190000
189500
189000
188500
188000
187500
187000
186500
186100
185600
185100
184600
184100
183700
183200
182700
182300
181800
181300
180900
180400
180000
179500
179100
178600
178200
177700
1182000
427200
399600
301900
245700
274800
220900
3605000
8442000
5615000
2954000
1971000
4013000
3777000
1935000
1250000
673900
572200
486500
338200
233200
183400
182900
182500
182000
181500
181100
180600
180200
179700
179300
178800
178400
177900
177500
177000
176600
176200
175700
175300
174900
174500
174000
173600
173200
172800
6018000
1737000
1497000
8436000
3897000
3016000
6714000
10490000
38860000
12030000
9597000
5685000
3666000
4133000
2014000
3490000
794300
722400
493800
362600
431100
305400
260800
197800
197200
196700
196100
195600
195100
194500
194000
193500
4324000
3028000
2315000
1299000
5827000
23540000
18680000
8772000
5991000
14700000
13960000
6868000
16590000
10160000
5756000
4090000
2319000
1966000
1254000
767800
353700
224000
28950000
7370000
6591000
3809000
2213000
3055000
1527000
989200
226300
225500
224800
224100
3719000
22440000
6696000
5488000
3217000
2096000
2514000
1325000
811500
237200
226200
225500
224800
224100
1372000
509000
7718000
3650000
4113000
2026000
1369000
6598000
4879000
23760000
18840000
17350000
8400000
11760000
23050000
8854000
19240000
