1856000
1841000
1823000
1804000
1783000
1761000
1740000
1720000
1700000
1680000
1661000
1643000
1624000
1606000
1589000
1572000
2100000
1980000
1903000
1886000
1886000
2176000
1983000
2172000
3345000
2754000
2668000
2632000
2566000
2705000
2586000
2530000
2660000
2583000
2684000
4104000
4411000
3832000
3724000
3623000
3654000
3453000
3357000
3997000
3604000
3775000
3577000
3476000
3381000
3293000
3213000
3141000
3172000
3062000
2995000
2935000
2876000
2817000
2763000
2711000
2661000
2831000
2704000
2653000
2610000
2563000
2514000
2469000
2428000
2430000
2675000
2842000
2789000
2697000
2651000
2597000
2540000
2491000
2448000
2407000
2459000
2383000
2343000
2308000
2271000
2234000
2199000
2328000
2225000
2188000
2157000
2124000
2089000
2058000
2029000
2001000
1974000
1948000
1922000
1897000
1873000
1849000
1826000
1803000
1781000
1760000
1739000
1718000
1698000
1679000
1660000
1641000
1623000
1605000
2418000
2058000
2012000
1997000
1962000
1916000
1883000
1859000
1992000
2212000
2032000
1993000
1965000
1930000
1894000
1866000
1842000
1819000
1797000
1775000
1754000
1733000
1712000
1693000
1673000
1654000
1636000
1617000
1600000
1582000
1565000
1549000
1533000
1517000
1501000
1486000
1471000
1964000
1759000
1887000
1825000
1799000
1771000
1744000
1720000
1699000
1679000
1660000
1642000
1623000
1605000
1588000
1854000
1735000
1712000
1698000
1678000
1653000
1631000
1613000
1596000
1578000
1562000
1545000
1529000
1513000
1497000
1482000
1467000
1453000
1438000
1424000
1411000
1397000
1384000
1371000
1358000
1346000
1333000
1321000
1310000
1298000
1286000
1275000
1264000
1313000
1276000
1263000
1252000
1241000
1229000
1218000
1208000
1198000
1188000
1179000
1169000
1160000
1151000
1142000
1133000
1124000
1116000
1107000
1159000
1132000
1124000
1117000
1109000
1099000
1091000
1083000
1075000
1067000
1059000
1052000
1044000
1037000
1029000
1409000
1266000
1254000
1252000
1240000
1222000
1235000
1213000
1202000
1192000
1182000
1172000
1162000
1153000
1144000
1135000
1127000
1118000
1109000
1101000
1093000
1085000
1077000
1069000
1061000
1054000
1046000
1039000
1031000
1024000
1017000
1010000
1003000
996100
989400
982800
1291000
1622000
1423000
2102000
1952000
1870000
1847000
1818000
1780000
1750000
1728000
1708000
1688000
1668000
1650000
1631000
1613000
1596000
1578000
1561000
1545000
1529000
1513000
1497000
1482000
1467000
1453000
1438000
1424000
1411000
1634000
1802000
1677000
1658000
1643000
1617000
1591000
1571000
1587000
1585000
1558000
1541000
1526000
1509000
1493000
1477000
1462000
1448000
1434000
1420000
1457000
1547000
1481000
1464000
1451000
1434000
1417000
1402000
1388000
1375000
1362000
1350000
1338000
1325000
2026000
2932000
2378000
2321000
2294000
2228000
2157000
2112000
2082000
2053000
2024000
1997000
2166000
2049000
2014000
1988000
1958000
2090000
1986000
1954000
1929000
1901000
1872000
1847000
1823000
1801000
1802000
1775000
1753000
1733000
1713000
1703000
1680000
2325000
2028000
1985000
1968000
1998000
1927000
1892000
1868000
2121000
2007000
1949000
1923000
1894000
1861000
1833000
1810000
1799000
1823000
1785000
1764000
1744000
1724000
1702000
1682000
1848000
1765000
1743000
1727000
1706000
1683000
1701000
2419000
2081000
2203000
2688000
2389000
2318000
2278000
2231000
2181000
2142000
2111000
2081000
2052000
2023000
1996000
1969000
1942000
1917000
1892000
1868000
1844000
1821000
1799000
1777000
1755000
1735000
1714000
1770000
1724000
1704000
1686000
1667000
3180000
2506000
2428000
2780000
4595000
3688000
3500000
3438000
3327000
3470000
3767000
3452000
3360000
3287000
3200000
3115000
3044000
2981000
2921000
2864000
2808000
4237000
3846000
3560000
4242000
3844000
3674000
3568000
3471000
3371000
4045000
3634000
3527000
3453000
3364000
3269000
3189000
3120000
3055000
2992000
2931000
3826000
3317000
3210000
3148000
3067000
2978000
2907000
2850000
2795000
2742000
2692000
2643000
2816000
2687000
2637000
2595000
2548000
2500000
2455000
2414000
2375000
2337000
2300000
2264000
2230000
2196000
2163000
2132000
2101000
2071000
2042000
2014000
1986000
1960000
1934000
1908000
1884000
1860000
1836000
1813000
1791000
1980000
1872000
1844000
1824000
1799000
1772000
1749000
1728000
1708000
1688000
1669000
1650000
1631000
1613000
1596000
1579000
1562000
1545000
1529000
1513000
1498000
1482000
1468000
1453000
1439000
1425000
1411000
1603000
1782000
1657000
1637000
1623000
1598000
1572000
1553000
1537000
1521000
1505000
1490000
1474000
1460000
1445000
1431000
1417000
1404000
1390000
1377000
1364000
1352000
1339000
1327000
1315000
1303000
1292000
1281000
1270000
1259000
1248000
1237000
1227000
1217000
1207000
1197000
1187000
1177000
1168000
1159000
1150000
1141000
1132000
1123000
1115000
1106000
1098000
1090000
1082000
1074000
1066000
1058000
1051000
1043000
1036000
1028000
1021000
1014000
1007000
1e+06
993500
986800
980200
973700
967300
960900
954600
948400
942300
936300
930400
924500
918700
912900
907300
1167000
1087000
1071000
1069000
1061000
1048000
1037000
1030000
1023000
1015000
1008000
1002000
994800
988100
981400
974900
968400
1090000
1072000
1053000
1049000
1056000
1041000
1032000
1025000
1018000
1011000
1003000
996600
989900
983200
976700
970200
963800
957500
951300
945100
939100
933100
927200
921300
915600
909900
920700
969900
940800
934300
929400
922800
915500
909200
903500
898000
892500
887100
881800
876500
871300
866100
935800
901000
894200
890100
884000
877000
871000
865800
860700
855700
850700
845800
1069000
1156000
1084000
1080000
1075000
1061000
1048000
1164000
1116000
1108000
1104000
1095000
1239000
1941000
1624000
1591000
1584000
1556000
1520000
1496000
1553000
2218000
2086000
1978000
1959000
1927000
1883000
1847000
1822000
1800000
1778000
1757000
1736000
1715000
1695000
1806000
1834000
2582000
2202000
2147000
2121000
2797000
2516000
2414000
2382000
2337000
2281000
2236000
2201000
2169000
2137000
2106000
2076000
2047000
2133000
2163000
2373000
2479000
2331000
2282000
2242000
2196000
2154000
2862000
2517000
2458000
2990000
3013000
3247000
3588000
3225000
3122000
3349000
3116000
3018000
2952000
2888000
2824000
2766000
2714000
2665000
2907000
2756000
2704000
2661000
2613000
2561000
2514000
2471000
2430000
2390000
2351000
2314000
2278000
2242000
2208000
2252000
2186000
2152000
2181000
2123000
2089000
2059000
2030000
2e+06
1972000
2145000
2043000
3228000
2681000
2602000
2568000
2508000
2436000
2450000
2432000
2373000
2335000
2383000
2310000
2270000
2236000
2201000
2166000
2134000
2103000
2073000
2044000
2016000
1988000
1961000
1935000
1910000
1885000
1861000
1838000
1932000
1857000
1830000
1809000
1788000
1769000
1794000
1761000
1739000
1719000
1699000
1679000
1659000
1640000
1622000
1604000
1587000
1570000
1714000
1775000
1705000
1688000
1796000
1729000
1703000
1685000
1666000
1644000
1625000
1607000
1589000
1572000
1555000
1539000
1523000
1507000
1492000
1477000
1462000
1448000
1433000
1419000
1406000
1392000
1592000
1787000
1653000
1634000
1619000
1594000
1568000
1549000
1532000
1516000
1501000
1486000
1471000
1456000
1442000
1427000
1414000
1400000
1387000
1374000
1361000
1348000
1336000
1324000
1312000
1300000
1289000
1278000
1267000
1256000
1245000
1235000
1224000
1214000
1204000
1194000
1185000
1175000
1166000
1156000
1147000
1138000
1130000
1121000
1112000
1104000
1096000
1088000
1080000
1092000
1078000
1070000
1063000
1055000
1047000
1039000
1032000
1025000
1018000
1011000
1004000
1051000
1026000
1018000
1013000
1005000
997400
990200
983500
977000
970500
964100
957800
951500
945400
939300
933300
927400
921600
915800
910100
904500
898900
904600
894800
962300
928800
921900
917200
910800
903500
897200
891800
886400
881000
875700
870500
865400
860300
855300
850300
845400
840500
835700
831000
826300
821700
817100
1009000
924700
915400
912800
905300
920200
902900
897000
892000
886400
880500
875000
869800
864600
859500
854500
849600
844700
839800
889100
1026000
956100
948400
944800
936100
925900
918400
912700
907000
901400
895900
890500
927700
2074000
1617000
1588000
1593000
1567000
1525000
1497000
1482000
1467000
1453000
1438000
1424000
1410000
1397000
1384000
1371000
1358000
1346000
1333000
1321000
1309000
1298000
1286000
1275000
1264000
1253000
1243000
1232000
1222000
1212000
1202000
1192000
1182000
1173000
1163000
1154000
1145000
1136000
1128000
1119000
1110000
1102000
1094000
1086000
1078000
1070000
1062000
1054000
1047000
1039000
1032000
1025000
1018000
1011000
1004000
996900
990200
983500
977000
970500
964100
957800
951600
945400
939300
933300
927400
921600
915800
910100
930600
915000
908900
903800
898100
892000
1057000
1043000
1015000
1011000
1296000
1198000
1188000
1240000
1491000
1926000
1675000
1646000
1780000
1694000
1657000
1635000
1963000
1824000
1799000
1786000
1764000
1736000
1712000
1692000
1673000
1691000
2029000
1871000
2288000
2983000
4268000
3880000
4965000
4274000
4087000
3942000
3795000
3661000
3556000
3471000
3390000
3312000
3238000
3167000
3100000
4831000
3970000
3821000
3747000
3633000
3500000
3398000
3320000
3428000
3273000
3196000
4199000
3710000
4149000
3820000
3699000
3588000
3483000
3387000
3303000
3229000
3159000
3622000
3730000
3505000
3394000
4505000
4175000
3913000
3818000
3713000
3589000
3483000
3398000
3419000
3300000
3224000
3155000
3086000
3020000
4085000
3501000
3384000
3318000
3228000
3128000
3049000
2987000
2926000
2869000
2813000
2760000
3624000
3341000
3154000
3089000
3014000
2925000
2852000
3052000
3014000
2879000
2819000
2762000
2701000
2644000
2596000
2550000
2506000
2464000
2423000
3328000
2903000
2829000
2792000
2731000
2659000
2601000
2556000
2906000
2713000
2659000
2620000
2572000
2519000
2472000
2430000
2982000
4661000
3714000
3578000
3510000
3390000
3256000
4384000
4511000
4082000
3977000
3871000
3735000
3612000
3516000
3433000
3353000
3278000
3205000
3136000
3070000
3006000
2945000
2887000
2830000
2776000
2724000
2674000
2626000
2579000
2534000
2491000
2449000
2408000
2369000
2331000
2295000
2259000
2224000
2556000
2392000
2397000
2339000
3650000
3482000
3172000
3108000
3033000
2932000
2847000
2817000
2785000
2722000
2672000
2625000
2578000
2532000
2488000
2446000
2406000
2367000
2329000
2292000
2257000
2222000
2189000
2281000
3097000
4015000
5152000
4744000
4448000
4362000
4479000
4179000
4031000
3923000
3978000
4337000
4018000
3906000
4409000
4062000
3930000
3833000
4097000
3886000
3755000
3666000
3573000
3776000
3559000
3467000
3390000
3309000
3228000
3155000
3088000
3023000
2962000
2903000
3035000
3583000
3364000
3533000
4946000
4347000
4095000
3989000
3860000
3716000
3601000
3960000
5128000
4750000
4432000
5603000
4837000
4673000
4483000
4324000
4165000
4032000
3921000
3817000
3719000
3626000
3537000
3453000
3372000
3296000
3223000
3153000
3086000
3021000
2960000
2901000
2844000
2789000
2737000
2686000
2637000
2590000
2545000
2501000
2459000
2418000
2379000
2340000
2303000
2531000
2565000
2448000
2408000
2369000
2323000
2280000
2243000
2209000
2176000
2144000
2113000
2443000
2255000
2210000
2181000
2145000
2104000
2070000
2041000
2013000
1986000
1959000
1933000
1908000
1883000
1859000
1836000
1813000
1791000
1769000
1748000
1727000
1707000
1687000
1668000
1649000
1631000
1613000
1595000
1578000
1561000
1544000
1528000
1512000
1497000
1482000
1467000
1452000
1438000
1424000
1410000
1397000
1383000
1590000
1486000
1466000
1455000
1438000
1419000
1403000
1389000
1993000
2967000
2403000
2343000
2317000
2252000
2181000
2135000
2104000
2228000
2805000
2831000
2695000
3743000
3759000
3378000
3281000
3196000
3091000
3823000
3370000
3268000
3203000
3122000
3035000
2963000
3026000
6007000
4567000
4357000
4271000
4113000
3922000
4702000
4236000
4105000
4011000
3897000
3775000
3670000
3579000
3731000
3544000
3454000
3377000
3657000
4448000
4498000
4145000
4722000
4324000
4159000
4032000
3913000
3795000
3691000
3599000
3512000
3429000
3349000
3274000
3201000
3132000
3066000
3003000
2942000
2884000
2827000
2773000
2722000
2672000
3164000
2888000
2820000
2774000
2717000
2654000
2623000
2705000
3071000
2836000
2830000
2766000
2707000
2647000
2787000
2668000
2958000
2787000
2730000
2683000
2631000
2577000
2529000
2485000
2444000
2403000
2364000
2327000
2290000
2254000
2220000
2187000
2154000
2123000
2093000
2063000
2034000
2006000
1979000
2062000
2817000
2531000
2423000
2389000
2339000
2279000
2232000
2197000
2164000
2133000
2102000
2072000
2043000
2015000
1987000
1961000
1935000
1909000
1885000
1861000
1837000
2858000
3183000
2788000
2734000
2685000
2603000
2527000
2476000
2715000
2595000
2534000
2496000
2846000
2658000
2597000
2559000
2512000
2461000
2416000
2376000
2338000
2301000
2265000
2231000
2197000
2164000
2133000
2102000
2072000
2043000
2015000
1987000
1960000
1934000
1909000
1884000
1860000
1837000
2531000
2178000
2122000
2098000
2097000
2031000
1993000
1967000
1940000
1913000
1888000
1864000
1841000
1818000
1795000
1773000
1752000
1731000
1711000
1691000
1672000
1653000
1634000
1616000
1599000
1581000
1564000
1548000
1595000
1705000
1647000
1622000
1607000
1587000
1566000
1548000
1531000
1515000
1500000
1485000
1470000
1455000
1441000
1427000
1413000
1543000
1646000
1766000
1671000
1652000
1633000
1608000
1584000
1565000
1548000
1532000
1516000
1500000
1485000
1470000
1456000
1441000
1427000
1413000
1400000
1473000
1926000
1717000
1691000
1680000
1656000
1625000
1602000
1584000
1567000
1551000
1534000
1518000
1503000
1488000
1473000
1458000
1443000
1429000
1415000
1402000
1389000
1842000
1644000
1617000
1607000
1586000
1558000
1537000
1521000
1505000
1490000
1475000
1460000
1446000
1431000
1417000
1404000
1390000
1377000
1365000
1352000
1340000
1327000
1315000
1304000
1292000
1281000
1270000
1259000
1248000
1237000
1227000
1217000
1207000
1197000
1187000
1178000
1168000
1159000
1150000
1141000
1132000
1123000
1115000
1106000
1098000
1090000
1082000
1074000
1066000
1058000
1051000
1043000
1036000
1029000
1021000
1014000
1007000
1e+06
993600
986900
980300
973800
1012000
1107000
1239000
1423000
2180000
1825000
1790000
1776000
1741000
1698000
1669000
1650000
1632000
1614000
1596000
1579000
1562000
1545000
1529000
1513000
1498000
1483000
1468000
1453000
1439000
1425000
1411000
1398000
1384000
1371000
1359000
1346000
1334000
1322000
1310000
1298000
1287000
1547000
1511000
1451000
1438000
1422000
1400000
1382000
2091000
1818000
1814000
1801000
1777000
1741000
1713000
1693000
1673000
1654000
1636000
1618000
1626000
1777000
1695000
1674000
1659000
1639000
1617000
1597000
1580000
1563000
1547000
1530000
1515000
1499000
1484000
1469000
1454000
1716000
2434000
2205000
2117000
2086000
2157000
2212000
2093000
2057000
2028000
1995000
2392000
3692000
3306000
3074000
3017000
2933000
2829000
2750000
2696000
2663000
2661000
2615000
2561000
2518000
2475000
2432000
2391000
2352000
2315000
2279000
2244000
2665000
2441000
2391000
2359000
2317000
2269000
2230000
2196000
2163000
2909000
2552000
2491000
2461000
2413000
2355000
2309000
2273000
2238000
2204000
2171000
2139000
2108000
2078000
2049000
2490000
2253000
2205000
2177000
2139000
2293000
2189000
2315000
2220000
2532000
2343000
2292000
2256000
2216000
2174000
2155000
2287000
2213000
2162000
2131000
2098000
2063000
2032000
2003000
1976000
2057000
2072000
2e+06
1970000
1943000
1913000
2112000
1979000
1944000
1932000
1898000
1867000
1840000
1817000
1795000
1773000
1751000
1731000
1710000
1691000
1671000
1711000
1671000
1652000
2006000
1853000
1826000
1811000
1787000
1758000
1733000
1915000
1825000
1998000
1924000
1958000
2060000
2992000
2737000
2565000
2524000
2466000
2395000
2339000
2299000
2264000
2229000
2195000
2163000
2131000
2100000
2071000
2042000
2013000
1986000
1959000
1933000
1908000
1883000
1859000
1836000
1813000
1791000
1769000
1748000
1727000
1707000
1687000
1668000
1649000
1631000
1613000
1595000
1578000
1636000
1591000
1573000
1557000
1540000
1523000
1506000
1491000
1630000
1554000
1536000
1522000
1505000
1612000
1546000
1528000
1542000
1514000
1495000
1479000
1464000
1449000
1435000
1421000
1407000
1394000
1380000
1368000
1355000
1342000
1330000
1318000
1306000
1295000
1283000
1272000
1261000
1455000
1534000
1659000
1554000
1533000
1513000
1488000
1466000
1449000
1435000
1421000
1407000
1394000
1381000
1368000
1355000
1343000
1331000
1319000
1307000
1295000
1284000
1273000
1262000
1251000
1240000
1230000
1220000
1209000
1200000
1190000
1180000
1171000
1161000
1152000
1143000
1134000
1126000
1117000
1190000
1158000
1149000
1143000
1134000
1124000
1115000
1198000
1417000
1413000
1349000
1337000
1429000
1435000
1382000
1367000
1354000
1338000
1323000
1310000
1299000
1287000
1276000
1265000
1254000
1243000
1233000
1223000
1212000
1202000
1193000
1183000
1174000
1164000
1155000
1146000
1137000
1128000
1120000
1111000
1103000
1094000
1086000
1078000
1070000
1063000
1251000
1186000
1177000
1437000
1372000
1335000
1512000
1726000
3247000
2536000
2452000
2427000
2362000
2280000
2226000
2351000
2250000
2212000
2181000
2147000
2112000
2080000
2050000
2022000
1994000
1967000
1941000
1916000
1891000
1867000
1843000
1820000
2074000
2042000
2001000
1951000
2234000
3298000
3634000
3152000
3081000
4003000
4135000
3671000
4653000
4541000
4203000
4071000
3952000
3820000
3701000
3605000
3517000
3434000
6247000
4877000
4653000
4549000
4381000
4182000
4032000
3923000
3819000
3721000
3628000
3539000
3787000
5685000
4706000
4496000
4388000
4230000
4055000
3920000
3816000
3718000
3625000
3536000
3452000
3372000
3419000
3289000
3867000
3641000
3647000
3492000
3398000
3783000
3729000
5565000
6172000
6378000
5641000
6207000
7816000
6606000
8243000
