471800
473100
472600
471400
470100
468700
467300
465900
464500
463100
461700
460300
458900
457600
456200
454800
453500
511000
540000
548600
550200
551600
579900
588500
610200
750200
800800
813800
815100
812600
836300
843700
842600
861500
868400
889600
1066000
1248000
1298000
1304000
1298000
1312000
1308000
1298000
1388000
1404000
1441000
1441000
1432000
1419000
1407000
1394000
1381000
1382000
1373000
1361000
1350000
1338000
1326000
1315000
1304000
1293000
1326000
1327000
1318000
1308000
1297000
1287000
1276000
1265000
1260000
1314000
1393000
1434000
1435000
1426000
1414000
1402000
1389000
1377000
1364000
1369000
1362000
1351000
1340000
1328000
1317000
1306000
1328000
1326000
1317000
1306000
1295000
1285000
1274000
1264000
1253000
1243000
1233000
1223000
1213000
1204000
1195000
1185000
1176000
1167000
1158000
1150000
1141000
1133000
1124000
1116000
1108000
1100000
1092000
1252000
1295000
1299000
1292000
1282000
1272000
1262000
1252000
1264000
1327000
1336000
1330000
1320000
1310000
1299000
1288000
1277000
1267000
1256000
1246000
1236000
1226000
1216000
1207000
1197000
1188000
1179000
1170000
1161000
1152000
1144000
1135000
1127000
1119000
1111000
1103000
1095000
1210000
1239000
1290000
1297000
1291000
1282000
1272000
1261000
1251000
1241000
1231000
1221000
1212000
1202000
1193000
1258000
1269000
1265000
1256000
1246000
1236000
1227000
1217000
1207000
1198000
1189000
1179000
1170000
1162000
1153000
1144000
1136000
1127000
1119000
1111000
1103000
1095000
1087000
1080000
1072000
1065000
1057000
1050000
1043000
1036000
1029000
1022000
1015000
1009000
1002000
995600
989200
982900
976600
970500
964400
958300
952400
946500
940700
935000
929300
923700
918200
912700
907300
902000
896700
891500
886400
881300
876200
871300
866400
861500
856700
851900
847200
842600
838000
833400
828900
933000
963900
968500
965700
960700
955100
949300
943500
937800
932100
926500
920900
915400
910000
904600
899300
894100
888900
883800
878700
873700
868800
863900
859100
854300
849500
844900
840200
835700
831100
826700
822200
817900
813500
809200
805000
885400
1020000
1059000
1290000
1388000
1407000
1403000
1393000
1381000
1369000
1357000
1345000
1334000
1322000
1311000
1300000
1289000
1278000
1268000
1257000
1247000
1237000
1227000
1217000
1208000
1198000
1189000
1180000
1171000
1162000
1195000
1288000
1307000
1304000
1296000
1286000
1275000
1265000
1263000
1264000
1257000
1247000
1238000
1228000
1218000
1208000
1199000
1190000
1181000
1171000
1175000
1208000
1210000
1204000
1196000
1187000
1178000
1169000
1160000
1151000
1143000
1134000
1126000
1118000
1334000
1736000
1849000
1861000
1849000
1829000
1809000
1788000
1767000
1747000
1727000
1708000
1744000
1739000
1722000
1704000
1686000
1713000
1706000
1690000
1672000
1655000
1637000
1620000
1603000
1586000
1579000
1566000
1551000
1536000
1521000
1510000
1497000
1702000
1747000
1743000
1728000
1728000
1713000
1695000
1677000
1738000
1751000
1740000
1722000
1704000
1685000
1667000
1649000
1637000
1642000
1631000
1615000
1599000
1582000
1566000
1550000
1611000
1615000
1604000
1589000
1573000
1557000
1557000
1799000
1852000
1901000
2092000
2120000
2104000
2079000
2052000
2025000
1999000
1973000
1948000
1923000
1899000
1876000
1853000
1831000
1810000
1788000
1768000
1748000
1728000
1709000
1690000
1671000
1653000
1636000
1634000
1621000
1605000
1589000
1572000
2073000
2203000
2211000
2333000
3023000
3188000
3171000
3118000
3059000
3090000
3233000
3211000
3153000
3091000
3030000
2972000
2915000
2860000
2807000
2757000
2708000
3135000
3317000
3299000
3536000
3535000
3471000
3397000
3323000
3253000
3465000
3448000
3383000
3313000
3243000
3175000
3111000
3048000
2989000
2931000
2876000
3104000
3105000
3056000
2999000
2942000
2887000
2833000
2781000
2731000
2683000
2637000
2592000
2621000
2593000
2554000
2512000
2472000
2433000
2394000
2358000
2322000
2287000
2253000
2220000
2189000
2158000
2128000
2098000
2070000
2042000
2015000
1989000
1964000
1939000
1915000
1891000
1868000
1845000
1823000
1802000
1781000
1760000
1740000
1721000
1702000
1683000
1665000
1647000
1629000
1612000
1595000
1579000
1563000
1547000
1531000
1516000
1501000
1487000
1473000
1459000
1445000
1431000
1418000
1405000
1392000
1380000
1367000
1355000
1367000
1464000
1481000
1475000
1463000
1450000
1437000
1424000
1410000
1398000
1385000
1373000
1360000
1348000
1337000
1325000
1314000
1303000
1292000
1281000
1270000
1260000
1249000
1239000
1229000
1220000
1210000
1201000
1191000
1182000
1173000
1164000
1155000
1147000
1138000
1130000
1122000
1113000
1105000
1097000
1090000
1082000
1074000
1067000
1060000
1052000
1045000
1038000
1031000
1024000
1017000
1011000
1004000
997500
991100
984700
978400
972200
966100
960100
954100
948200
942400
936600
931000
925300
919800
914300
908900
903500
898300
893000
887900
882800
877700
932100
953800
956000
952500
947400
941800
936200
930500
924900
919400
913900
908500
903200
897900
892600
887500
882400
909300
927100
928500
925000
925100
921300
916300
911000
905700
900400
895100
889900
884800
879700
874700
869800
864900
860000
855200
850500
845800
841200
836600
832000
827600
823100
818700
831100
831900
828900
825000
820700
816400
812100
807800
803600
799400
795300
791200
787100
783100
779100
795800
798300
796100
792600
788700
784800
780800
776900
773000
769100
765300
761500
831100
919300
944000
947200
944300
939400
934000
979200
988900
987000
982100
976300
1040000
1285000
1360000
1373000
1368000
1358000
1346000
1335000
1348000
1597000
1703000
1717000
1707000
1690000
1673000
1655000
1637000
1620000
1603000
1586000
1570000
1554000
1539000
1574000
1612000
1854000
1905000
1899000
1881000
2100000
2166000
2158000
2134000
2106000
2078000
2050000
2023000
1997000
1971000
1946000
1921000
1897000
1908000
1929000
2012000
2107000
2112000
2091000
2065000
2038000
2012000
2252000
2288000
2270000
2468000
2602000
2729000
2912000
2910000
2867000
2916000
2884000
2835000
2784000
2735000
2687000
2640000
2595000
2552000
2640000
2625000
2587000
2545000
2504000
2464000
2425000
2387000
2350000
2314000
2280000
2246000
2214000
2182000
2152000
2143000
2119000
2091000
2084000
2061000
2035000
2008000
1982000
1957000
1932000
1971000
1967000
2398000
2486000
2475000
2443000
2407000
2370000
2358000
2347000
2318000
2284000
2283000
2258000
2226000
2195000
2164000
2134000
2104000
2076000
2048000
2021000
1995000
1969000
1944000
1920000
1896000
1873000
1850000
1828000
1825000
1808000
1788000
1768000
1748000
1730000
1734000
1723000
1706000
1687000
1669000
1651000
1633000
1616000
1599000
1583000
1567000
1551000
1581000
1636000
1637000
1625000
1663000
1660000
1646000
1629000
1612000
1596000
1579000
1563000
1547000
1532000
1517000
1502000
1487000
1473000
1459000
1445000
1432000
1418000
1405000
1393000
1380000
1368000
1395000
1507000
1527000
1521000
1509000
1495000
1481000
1467000
1453000
1439000
1426000
1413000
1400000
1387000
1375000
1362000
1350000
1339000
1327000
1316000
1304000
1293000
1283000
1272000
1261000
1251000
1241000
1231000
1221000
1212000
1202000
1193000
1183000
1174000
1165000
1157000
1148000
1140000
1131000
1123000
1115000
1107000
1099000
1091000
1083000
1076000
1068000
1061000
1053000
1046000
1039000
1032000
1025000
1018000
1012000
1005000
998600
992100
985700
979400
973200
967100
961000
955000
949100
943300
937500
931800
926200
920700
915200
909700
904400
899100
893800
888700
883600
878500
873500
868500
863700
858800
854100
849300
844700
847000
844600
840600
836200
831800
827300
822900
818500
814100
809800
805600
801400
797200
793100
789000
785000
781000
777100
773100
769300
765400
761600
757900
806500
819800
820500
817800
814000
816700
814600
810900
806900
802700
798600
794400
790400
786300
782300
778300
774400
770500
766700
767900
820400
834700
835700
833000
829100
824800
820500
816100
811800
807600
803300
799200
8e+05
1166000
1304000
1336000
1338000
1330000
1320000
1309000
1298000
1287000
1277000
1266000
1256000
1245000
1235000
1226000
1216000
1206000
1197000
1188000
1178000
1169000
1161000
1152000
1143000
1135000
1127000
1118000
1110000
1102000
1094000
1087000
1079000
1071000
1064000
1057000
1049000
1042000
1035000
1028000
1021000
1015000
1008000
1001000
995000
988600
982200
976000
969800
963700
957700
951800
945900
940100
934400
928700
923100
917600
912200
906800
901400
896200
891000
885800
880800
875700
870800
865800
861000
856200
851400
846700
842100
837500
833000
828500
824000
866000
897000
902800
900700
1020000
1055000
1060000
1076000
1155000
1364000
1422000
1428000
1477000
1480000
1471000
1458000
1587000
1611000
1605000
1591000
1576000
1560000
1544000
1529000
1514000
1513000
1643000
1666000
1785000
2104000
2732000
3014000
3563000
3625000
3569000
3494000
3418000
3343000
3271000
3203000
3137000
3073000
3013000
2954000
2898000
3480000
3554000
3503000
3431000
3357000
3285000
3216000
3149000
3149000
3099000
3040000
3366000
3405000
3588000
3560000
3489000
3413000
3339000
3268000
3199000
3133000
3070000
3191000
3321000
3312000
3255000
3656000
3796000
3749000
3668000
3584000
3502000
3423000
3348000
3309000
3245000
3179000
3114000
3052000
2992000
3331000
3349000
3295000
3229000
3164000
3099000
3038000
2978000
2921000
2866000
2813000
2763000
3026000
3106000
3073000
3019000
2962000
2906000
2852000
2876000
2885000
2845000
2796000
2746000
2698000
2651000
2606000
2562000
2520000
2479000
2439000
2775000
2817000
2785000
2740000
2693000
2647000
2602000
2558000
2684000
2677000
2639000
2596000
2553000
2511000
2470000
2431000
2633000
3335000
3451000
3413000
3348000
3278000
3210000
3609000
3953000
3941000
3859000
3767000
3677000
3591000
3508000
3429000
3353000
3281000
3212000
3146000
3082000
3021000
2962000
2906000
2851000
2799000
2749000
2700000
2653000
2608000
2564000
2521000
2480000
2441000
2402000
2365000
2329000
2294000
2260000
2306000
2300000
2296000
2269000
2753000
2986000
2993000
2950000
2898000
2844000
2793000
2743000
2702000
2657000
2612000
2568000
2525000
2484000
2445000
2406000
2369000
2333000
2298000
2263000
2230000
2198000
2167000
2149000
2476000
2981000
3761000
4073000
4072000
4023000
4079000
4004000
3907000
3810000
3781000
3937000
3888000
3800000
3969000
3921000
3832000
3740000
3803000
3762000
3681000
3596000
3513000
3544000
3486000
3412000
3338000
3267000
3199000
3133000
3070000
3009000
2951000
2895000
2855000
3036000
3091000
3177000
3796000
3957000
3906000
3819000
3728000
3639000
3555000
3654000
4212000
4349000
4276000
4643000
4600000
4507000
4385000
4263000
4147000
4037000
3932000
3833000
3739000
3649000
3564000
3482000
3404000
3330000
3259000
3190000
3125000
3062000
3002000
2944000
2888000
2834000
2783000
2733000
2685000
2638000
2593000
2550000
2508000
2468000
2428000
2390000
2353000
2318000
2353000
2333000
2302000
2268000
2236000
2203000
2172000
2142000
2112000
2083000
2055000
2133000
2130000
2107000
2080000
2052000
2025000
1999000
1973000
1948000
1923000
1900000
1876000
1854000
1831000
1810000
1789000
1768000
1748000
1728000
1709000
1690000
1671000
1653000
1636000
1618000
1601000
1585000
1569000
1553000
1537000
1522000
1507000
1492000
1478000
1464000
1450000
1436000
1423000
1410000
1397000
1384000
1372000
1417000
1420000
1411000
1399000
1387000
1374000
1362000
1350000
1574000
2038000
2156000
2163000
2142000
2115000
2087000
2059000
2032000
2057000
2291000
2468000
2504000
2878000
3120000
3124000
3075000
3018000
2960000
3188000
3186000
3134000
3074000
3014000
2955000
2899000
2884000
3989000
4183000
4129000
4032000
3931000
3833000
4153000
4127000
4033000
3932000
3834000
3740000
3650000
3565000
3578000
3516000
3440000
3365000
3430000
3810000
4083000
4050000
4271000
4219000
4117000
4011000
3908000
3810000
3717000
3628000
3544000
3463000
3386000
3312000
3242000
3174000
3110000
3047000
2988000
2930000
2875000
2822000
2770000
2721000
2880000
2873000
2830000
2781000
2732000
2684000
2645000
2664000
2832000
2829000
2814000
2771000
2724000
2677000
2719000
2692000
2807000
2793000
2751000
2704000
2658000
2612000
2568000
2526000
2485000
2445000
2406000
2369000
2333000
2298000
2264000
2231000
2199000
2167000
2137000
2108000
2079000
2051000
2024000
2021000
2304000
2396000
2388000
2359000
2325000
2291000
2257000
2224000
2192000
2161000
2131000
2102000
2073000
2046000
2019000
1992000
1967000
1942000
1917000
1894000
1870000
2185000
2585000
2653000
2633000
2595000
2553000
2512000
2471000
2539000
2536000
2503000
2464000
2596000
2598000
2565000
2525000
2484000
2445000
2406000
2369000
2333000
2298000
2264000
2230000
2198000
2167000
2137000
2107000
2079000
2051000
2024000
1997000
1972000
1946000
1922000
1898000
1875000
1852000
1996000
2014000
1998000
1975000
1962000
1940000
1917000
1893000
1870000
1847000
1825000
1804000
1783000
1762000
1742000
1723000
1703000
1685000
1666000
1648000
1631000
1614000
1597000
1580000
1564000
1548000
1533000
1518000
1503000
1544000
1550000
1540000
1526000
1512000
1497000
1483000
1468000
1454000
1441000
1427000
1414000
1401000
1389000
1376000
1364000
1375000
1434000
1523000
1536000
1528000
1515000
1501000
1487000
1472000
1458000
1445000
1431000
1418000
1405000
1392000
1380000
1367000
1355000
1343000
1332000
1320000
1479000
1515000
1513000
1502000
1489000
1475000
1461000
1447000
1433000
1420000
1407000
1394000
1382000
1369000
1357000
1345000
1334000
1322000
1311000
1300000
1289000
1400000
1423000
1419000
1408000
1396000
1384000
1372000
1360000
1348000
1336000
1324000
1313000
1302000
1291000
1280000
1269000
1259000
1249000
1239000
1229000
1219000
1209000
1200000
1191000
1181000
1172000
1163000
1155000
1146000
1138000
1129000
1121000
1113000
1105000
1097000
1089000
1081000
1074000
1066000
1059000
1052000
1045000
1038000
1031000
1024000
1017000
1010000
1004000
997100
990600
984300
978000
971800
965700
959600
953700
947800
942000
936200
930500
924900
919400
913900
948700
1032000
1128000
1445000
1540000
1554000
1547000
1534000
1520000
1505000
1490000
1476000
1462000
1448000
1435000
1421000
1408000
1395000
1383000
1370000
1358000
1346000
1335000
1323000
1312000
1301000
1290000
1279000
1268000
1258000
1248000
1238000
1228000
1218000
1208000
1199000
1250000
1289000
1292000
1285000
1275000
1265000
1255000
1521000
1593000
1610000
1602000
1588000
1572000
1557000
1541000
1526000
1511000
1496000
1481000
1475000
1535000
1539000
1529000
1516000
1501000
1487000
1472000
1458000
1445000
1431000
1418000
1405000
1392000
1380000
1367000
1355000
1443000
1749000
1868000
1887000
1875000
1891000
1929000
1921000
1900000
1878000
1856000
1971000
2526000
2737000
2748000
2714000
2670000
2625000
2581000
2538000
2502000
2485000
2458000
2422000
2385000
2349000
2313000
2279000
2245000
2213000
2181000
2151000
2290000
2298000
2273000
2242000
2210000
2179000
2149000
2119000
2090000
2350000
2389000
2369000
2337000
2303000
2269000
2236000
2204000
2173000
2142000
2113000
2084000
2056000
2029000
2002000
2134000
2144000
2124000
2097000
2069000
2110000
2105000
2144000
2135000
2242000
2244000
2219000
2189000
2159000
2129000
2105000
2139000
2137000
2113000
2086000
2058000
2031000
2005000
1979000
1953000
1959000
1972000
1956000
1933000
1910000
1886000
1933000
1927000
1907000
1888000
1866000
1844000
1822000
1801000
1780000
1759000
1739000
1720000
1701000
1682000
1664000
1667000
1655000
1638000
1782000
1806000
1795000
1778000
1758000
1738000
1719000
1785000
1786000
1840000
1846000
1855000
1894000
2250000
2420000
2431000
2405000
2371000
2336000
2301000
2267000
2233000
2201000
2170000
2140000
2110000
2081000
2053000
2026000
2e+06
1974000
1949000
1924000
1900000
1877000
1854000
1832000
1810000
1789000
1769000
1748000
1729000
1709000
1690000
1672000
1654000
1636000
1619000
1602000
1585000
1569000
1553000
1538000
1522000
1507000
1493000
1478000
1464000
1489000
1485000
1473000
1460000
1446000
1475000
1473000
1462000
1457000
1446000
1433000
1420000
1407000
1394000
1382000
1370000
1357000
1345000
1334000
1322000
1311000
1300000
1289000
1278000
1268000
1257000
1247000
1237000
1227000
1245000
1303000
1390000
1406000
1401000
1390000
1378000
1366000
1354000
1342000
1331000
1319000
1308000
1297000
1286000
1275000
1265000
1254000
1244000
1234000
1224000
1215000
1205000
1196000
1186000
1177000
1168000
1160000
1151000
1142000
1134000
1125000
1117000
1109000
1101000
1093000
1086000
1078000
1071000
1067000
1061000
1054000
1047000
1040000
1033000
1026000
1053000
1138000
1192000
1201000
1197000
1221000
1244000
1244000
1236000
1227000
1217000
1208000
1199000
1189000
1180000
1171000
1162000
1153000
1145000
1136000
1128000
1120000
1112000
1104000
1096000
1088000
1080000
1073000
1065000
1058000
1051000
1044000
1037000
1030000
1023000
1016000
1009000
1003000
996100
1043000
1054000
1051000
1128000
1162000
1168000
1223000
1337000
1885000
2055000
2079000
2064000
2041000
2015000
1989000
2013000
1999000
1976000
1952000
1927000
1903000
1880000
1857000
1835000
1813000
1792000
1771000
1751000
1731000
1712000
1693000
1674000
1727000
1760000
1767000
1754000
1829000
2261000
2650000
2713000
2693000
2970000
3241000
3247000
3620000
3822000
3786000
3706000
3621000
3537000
3457000
3380000
3307000
3237000
4223000
4359000
4285000
4177000
4068000
3962000
3862000
3766000
3675000
3588000
3506000
3427000
3476000
4251000
4344000
4262000
4154000
4045000
3941000
3841000
3746000
3656000
3570000
3489000
3410000
3336000
3306000
3244000
3425000
3458000
3469000
3410000
3339000
3453000
3514000
4293000
4948000
5422000
5352000
5539000
6468000
6421000
