703300
621900
606100
591200
586000
583200
580500
577700
575000
572300
569700
567000
564400
561800
559200
556700
20820000
8240000
3924000
1319000
1229000
9147000
2808000
7262000
33940000
9505000
4950000
1220000
525600
5731000
2417000
1365000
4832000
2381000
5296000
29280000
24580000
8557000
3321000
858900
3167000
1188000
856700
11730000
3384000
6402000
1870000
1081000
579900
482200
480300
478400
1778000
811300
648900
499400
469300
467500
465700
463900
462200
5411000
1739000
1127000
563100
453600
452000
450300
448600
930700
7897000
10370000
6439000
2437000
1009000
501400
435900
434400
432800
431300
2203000
886900
666600
463900
423800
422400
420900
4189000
1393000
926600
497300
413800
412400
411000
409700
408300
406900
405600
404200
402900
401600
400300
399000
397700
396400
395100
393800
392600
391300
390100
388800
387600
386400
385200
20420000
5566000
3092000
816900
379200
378100
376900
375800
2703000
8737000
2695000
1472000
539100
369000
367900
366800
365700
364600
363500
362400
361400
360300
359200
358200
357100
356100
355100
354000
353000
352000
351000
350000
349000
348000
347000
346000
345100
15090000
4158000
8390000
2228000
1159000
471200
338400
337500
336600
335700
334700
333800
332900
332000
331100
8796000
2519000
1474000
512000
326800
325900
325000
324200
323300
322500
321600
320800
319900
319100
318300
317500
316600
315800
315000
314200
313400
312600
311800
311000
310200
309400
308700
307900
307100
306300
305600
304800
304100
303300
302600
301800
301100
300300
299600
298900
298100
297400
296700
296000
295300
294600
293800
293100
292400
291700
291100
290400
289700
289000
288300
287600
287000
286300
285600
285000
284300
283600
283000
282300
281700
281000
280400
17500000
4735000
2609000
653200
277400
276800
276200
275600
274900
274300
273700
273100
272500
271900
271300
270700
270100
269500
268900
268300
267700
267100
266600
266000
265400
264800
264300
263700
263100
262600
262000
261400
260900
260300
259800
259200
13620000
21590000
6689000
31990000
11490000
5046000
1340000
328300
255000
254500
254000
253500
252900
252400
251900
251400
250900
250400
249800
249300
248800
248300
247800
247300
246800
246300
245800
245300
244800
244400
4082000
12170000
3590000
1805000
480200
241600
241100
240700
1190000
1539000
640400
402100
261300
237900
237400
237000
236500
236100
235600
235200
1664000
5489000
1691000
925300
339400
232500
232100
231700
231200
230800
230400
229900
229500
229100
27970000
39820000
12370000
5217000
933600
227100
226700
226300
225800
225400
225000
224600
4814000
1411000
844400
323000
222600
4127000
1232000
749700
306200
220800
220400
220000
219600
219200
1064000
506600
350300
245500
218800
629800
323300
20540000
5466000
2957000
656700
1688000
595700
413600
246000
6861000
2957000
1377000
496000
234700
212000
211600
211300
658400
2236000
764700
478000
251200
209200
208900
208500
7212000
2020000
1155000
360000
207100
206700
1663000
22690000
6122000
7234000
15670000
4355000
2179000
509000
204800
204500
204100
203800
203500
203100
202800
202400
202100
201800
201400
201100
200800
200500
200100
199800
199500
199200
198800
198500
1046000
417100
312200
215700
197000
41690000
10930000
5810000
9905000
38410000
11980000
5584000
1154000
224300
4190000
9165000
2789000
1356000
367900
194700
194400
194100
193800
193500
193200
192900
22400000
11370000
4602000
13100000
3830000
1902000
513800
202700
191600
11390000
3088000
1706000
434800
190600
190300
190000
189700
189400
189100
188900
12440000
3358000
1846000
455100
187900
187600
187400
187100
186800
186500
186200
185900
3496000
1042000
633000
257000
184700
184400
184100
183800
183600
183300
183000
182700
182500
182200
181900
181700
181400
181100
180900
180600
180300
180100
179800
179500
179300
179000
178700
178500
178200
178000
177700
177500
177200
176900
176700
176400
176200
175900
175700
175400
175200
174900
174700
174400
174200
173900
173700
173400
173200
172900
172700
172500
172200
172000
171700
171500
171300
10440000
2826000
1559000
394300
170500
170200
170000
169700
169500
169300
169000
168800
168600
168300
168100
167900
167700
167400
167200
167000
166700
166500
166300
166100
165800
165600
165400
165200
165000
164700
164500
164300
164100
163800
163600
163400
163200
163000
162800
162500
162300
162100
161900
161700
161500
161300
161000
160800
160600
160400
160200
160000
159800
159600
159400
159200
159000
158800
158500
158300
158100
157900
157700
157500
157300
157100
156900
156700
156500
156300
156100
155900
155700
155500
6637000
3166000
1377000
476700
183900
154600
154400
154200
154000
153900
153700
153500
153300
153100
152900
152700
152500
4551000
3469000
1311000
542500
983600
354500
257500
168300
151100
150900
150700
150500
150300
150100
150000
149800
149600
149400
149200
149100
148900
148700
148500
148300
148100
148000
147800
2482000
751300
463100
198000
147000
146900
146700
146500
146300
146200
146000
145800
145600
145500
145300
3826000
1097000
642900
225000
144700
144500
144400
144200
144000
143900
143700
143500
14150000
15390000
5044000
2021000
397100
143800
143600
8054000
2190000
1214000
315700
143300
10480000
32040000
9406000
4401000
821900
150700
143900
143700
2728000
25800000
10630000
4531000
1186000
224300
144100
144000
143800
143600
143500
143300
143100
143000
142800
4695000
4767000
21760000
5910000
2939000
581500
17160000
6411000
2928000
766700
184200
143500
143300
143100
143000
142800
142600
142500
142300
2501000
3235000
7913000
8523000
2950000
1191000
308200
147300
142300
17600000
4657000
2503000
13740000
9696000
10120000
12090000
3530000
1521000
4923000
1328000
763200
243200
143300
143100
143000
142800
142600
6872000
1883000
1053000
289000
142300
142100
142000
141800
141600
141500
141300
141100
141000
140800
140700
1361000
456000
305300
1485000
481000
318300
168500
139700
139500
139300
4437000
1621000
29780000
7776000
4067000
771100
140100
139900
1433000
1569000
597800
315800
2047000
626600
394100
180100
138900
138800
138600
138500
138300
138200
138000
137900
137700
137500
137400
137200
137100
136900
954300
348100
247100
154200
136300
199700
1971000
770800
423600
196400
139000
135400
135300
135100
135000
134800
134700
134500
3463000
6023000
1885000
887300
4709000
1290000
738700
231900
134600
134400
134300
134100
134000
133800
133700
133500
133400
133200
133100
133000
132800
132700
132500
132400
132200
132100
2552000
11750000
3302000
1672000
372000
132500
132400
132200
132100
132000
131800
131700
131500
131400
131300
131100
131000
130800
130700
130600
130400
130300
130100
130000
129900
129700
129600
129400
129300
129200
129000
128900
128800
128600
128500
128400
128200
128100
128000
127800
127700
127600
127400
127300
127200
127000
126900
126800
126600
126500
126400
126200
126100
126000
125900
125700
125600
125500
125300
125200
125100
125000
124800
124700
124600
124500
124300
124200
124100
124000
123800
123700
123600
123500
123300
123200
123100
123000
122800
122700
122600
122500
122300
122200
122100
122000
121900
121700
121600
121500
121400
121300
121100
121000
120900
120800
120700
120500
120400
120300
120200
120100
119900
119800
119700
119600
119500
119400
8826000
2372000
1298000
309400
119600
1225000
405500
268900
143300
119100
119000
118900
118800
118700
118600
118400
118300
118200
118100
234200
10280000
2754000
1491000
339100
118400
118300
118100
118000
117900
117800
117700
117600
449400
57510000
14990000
7878000
1368000
119700
119500
119400
119300
119200
119100
119000
118900
118700
118600
118500
118400
118300
118200
118000
117900
117800
117700
117600
117500
117400
117300
117100
117000
116900
116800
116700
116600
116500
116400
116300
116100
116000
115900
115800
115700
115600
115500
115400
115300
115200
115100
115000
114800
114700
114600
114500
114400
114300
114200
114100
114000
113900
113800
113700
113600
113500
113400
113300
113100
113000
112900
112800
112700
112600
112500
112400
112300
112200
112100
112000
111900
6366000
5137000
1840000
709400
18850000
4940000
2638000
3122000
10980000
24410000
7244000
3267000
6022000
1522000
849200
234300
13050000
3463000
1867000
398800
117000
116800
116700
116600
116500
1366000
12740000
3468000
11840000
24100000
38150000
17840000
27480000
7118000
3104000
580500
123400
123300
123200
123000
122900
122800
122700
122600
122400
26610000
6974000
3706000
700600
123600
123500
123400
123300
2712000
792700
473300
15920000
5124000
11070000
2811000
1305000
311600
124700
124600
124400
124300
124200
7578000
8168000
3513000
1321000
18060000
8836000
3584000
1069000
216000
126200
126100
126000
1346000
441300
290700
152100
125400
125300
16580000
4381000
2351000
484500
126100
126000
125800
125700
125600
125500
125300
125200
14150000
6546000
2746000
809500
187000
126100
125900
3518000
3050000
1114000
476600
170400
125700
125600
125500
125300
125200
125100
124900
19100000
5035000
2693000
539300
125800
125700
125600
125400
8367000
2257000
1241000
305200
125600
125500
125400
125200
12290000
34150000
9760000
4570000
800200
127500
127300
18050000
15510000
5334000
1974000
363300
129000
128900
128800
128600
128500
128400
128200
128100
128000
127800
127700
127600
127400
127300
127200
127000
126900
126800
126600
126500
126400
126300
126100
126000
125900
125700
125600
3017000
1415000
2033000
617700
28360000
13920000
5604000
1619000
269200
127200
127100
126900
194400
144200
135700
127900
126300
126200
126000
125900
125800
125700
125500
125400
125300
125100
125000
124900
20840000
27430000
35770000
16930000
6605000
2849000
5287000
1494000
781700
230800
2202000
8414000
2414000
1223000
8753000
2317000
1274000
314600
5194000
2152000
999700
337100
145900
4017000
1136000
656000
214800
130100
129900
129800
129600
129500
129400
129200
129100
10170000
5348000
7195000
26820000
10360000
4393000
1088000
198600
131500
131300
6500000
21920000
9511000
3852000
14740000
3756000
2677000
610100
226400
148300
133200
133100
133000
132800
132700
132500
132400
132200
132100
132000
131800
131700
131500
131400
131200
131100
131000
130800
130700
130600
130400
130300
130100
130000
129900
129700
129600
129400
129300
1441000
468500
306500
157500
128800
128600
128500
128400
128200
128100
128000
6388000
1747000
975000
264400
127900
127800
127700
127500
127400
127300
127100
127000
126900
126700
126600
126500
126300
126200
126100
126000
125800
125700
125600
125400
125300
125200
125100
124900
124800
124700
124500
124400
124300
124200
124000
123900
123800
123700
123500
123400
123300
123200
4867000
1350000
764900
226500
123000
122900
122800
122600
23070000
37360000
11330000
4860000
807400
125500
125400
125200
125100
3518000
16470000
12460000
5613000
21620000
13830000
4961000
1674000
308400
128800
12240000
3261000
1767000
393100
129300
129100
129000
1841000
45850000
12070000
6292000
1117000
130500
130400
13550000
3601000
1946000
423200
130900
130700
130600
130400
3532000
1010000
590500
204300
5319000
16870000
13340000
4531000
11190000
2795000
1428000
341300
132600
132500
132300
132200
132000
131900
131700
131600
131500
131300
131200
131000
130900
130800
130600
130500
130300
130200
9519000
2559000
1401000
335100
130500
130300
481700
3296000
10420000
2997000
2683000
648900
294100
157000
4419000
1240000
8222000
2167000
1147000
294700
130900
130800
130600
130500
130400
130200
130100
130000
129800
129700
129500
129400
129300
129100
129000
128900
128700
128600
128500
1325000
19730000
7786000
3413000
888700
184000
129300
129200
129000
128900
128800
128600
128500
128400
128200
128100
128000
127800
127700
127600
127400
127300
22570000
24920000
8076000
3187000
543100
129400
129300
129200
5519000
2216000
1037000
340200
8978000
2703000
1399000
361000
135800
129300
129200
129100
128900
128800
128700
128500
128400
128300
128100
128000
127900
127700
127600
127500
127300
127200
127100
126900
126800
126700
9782000
2625000
1433000
337400
844200
312400
223800
142300
126500
126400
126300
126100
126000
125900
125700
125600
125500
125400
125200
125100
125000
124900
124700
124600
124500
124300
124200
124100
124000
3903000
1680000
784700
284400
136400
123600
123500
123400
123300
123100
123000
122900
122800
122700
122500
122400
1327000
6872000
9553000
2986000
1292000
288700
123000
122900
122800
122700
122500
122400
122300
122200
122100
121900
121800
121700
121600
121400
121300
15160000
4013000
2157000
449900
122200
122000
121900
121800
121700
121600
121400
121300
121200
121100
121000
120800
120700
120600
120500
120400
120300
10900000
2910000
1579000
355600
120700
120600
120400
120300
120200
120100
120000
119900
119700
119600
119500
119400
119300
119200
119000
118900
118800
118700
118600
118500
118400
118200
118100
118000
117900
117800
117700
117600
117400
117300
117200
117100
117000
116900
116800
116700
116600
116400
116300
116200
116100
116000
115900
115800
115700
115600
115500
115300
115200
115100
115000
114900
114800
114700
114600
114500
114400
114300
114200
4382000
12240000
13390000
36850000
10120000
4742000
827900
117700
117600
117500
117400
117300
117200
117100
117000
116800
116700
116600
116500
116400
116300
116200
116100
116000
115900
115700
115600
115500
115400
115300
115200
115100
115000
114900
114800
114700
5996000
5029000
1788000
702100
188900
114900
114800
28630000
7492000
4798000
950800
227900
134200
116200
116000
115900
115800
115700
115600
822100
6816000
1897000
1013000
257700
115600
115500
115400
115300
115200
115100
115000
114900
114800
114600
114500
114400
10010000
28010000
11150000
4961000
1195000
2813000
4411000
1402000
662900
196000
117000
9793000
35750000
14330000
5932000
1427000
214100
119700
119500
119400
359300
1355000
891300
395900
203600
128400
118800
118700
118600
118400
118300
118200
10220000
2732000
1485000
338700
118600
118500
118400
118200
118100
17430000
4598000
2462000
496400
119200
119100
119000
118800
118700
118600
118500
118400
118300
118100
118000
10210000
2729000
1484000
338300
118400
4487000
1684000
4707000
1510000
8772000
2319000
1214000
294600
119000
118900
454400
4047000
1898000
837300
302600
134800
118500
118400
118300
118200
2071000
2675000
912900
438100
162700
117900
5015000
1385000
780300
450900
176300
148300
122500
117400
117300
117200
117100
117000
116900
116800
116600
1731000
534100
334800
12950000
3428000
1849000
396000
117100
117000
116900
6503000
1769000
6107000
2250000
2771000
4554000
25370000
12380000
4874000
1387000
239500
119600
119400
119300
119200
119100
119000
118900
118800
118600
118500
118400
118300
118200
118100
118000
117800
117700
117600
117500
117400
117300
117200
117000
116900
116800
116700
116600
116500
116400
116300
116200
116100
115900
115800
115700
115600
115500
115400
115300
115200
1941000
587300
362000
154700
114800
3958000
1109000
634700
945100
307800
215600
130700
114400
114300
114200
114000
113900
113800
113700
113600
113500
113400
113300
113200
113100
113000
112900
112800
112700
1349000
7042000
10050000
3119000
1348000
289000
113400
113300
113200
113100
113000
112900
112800
112600
112500
112400
112300
112200
112100
112000
111900
111800
111700
111600
111500
111400
111300
111200
111100
111000
110900
110800
110700
110600
110500
110400
110300
110200
110100
110000
109900
109800
109700
109600
109500
109400
3492000
11580000
7360000
2665000
889300
3856000
3711000
1292000
549400
168400
110500
110400
110300
110200
110100
110000
109900
109800
109700
109600
109500
109400
109300
109200
109100
109000
108900
108800
108700
108600
108500
108400
108300
108200
108100
108000
107900
107800
107700
5622000
1690000
894100
10970000
4934000
2423000
7770000
13450000
49970000
14110000
6682000
1169000
121400
112300
112200
3357000
951500
551100
182700
111900
111800
111700
111600
111500
111400
111300
111200
111100
111000
110900
110800
110700
5368000
4051000
2569000
853700
7385000
30580000
23900000
8174000
2973000
15060000
14260000
4768000
17740000
10830000
3917000
1327000
257100
118200
118100
117900
117800
117700
37510000
9790000
5177000
933800
119400
119300
119200
119000
118900
118800
118700
118600
4693000
29230000
8463000
4127000
796500
131300
120200
120100
120000
119900
119700
119600
119500
119400
1673000
521100
9856000
4635000
4400000
1239000
498000
7142000
5539000
29750000
23410000
19210000
5732000
9925000
24650000
7222000
19820000
