598200
594700
591000
587400
583700
580200
576600
573100
569700
566300
562900
559600
556300
553100
549800
546700
543500
719600
755100
751300
745400
746600
832600
833400
891800
1384000
1407000
1387000
1367000
1347000
1430000
1428000
1408000
1468000
1469000
1530000
2216000
2792000
2761000
2682000
2607000
2632000
2569000
2500000
2841000
2794000
2881000
2810000
2728000
2651000
2578000
2509000
2444000
2439000
2382000
2323000
2267000
2214000
2163000
2114000
2067000
2023000
2139000
2105000
2059000
2015000
1973000
1932000
1893000
1856000
1857000
2018000
2223000
2282000
2236000
2184000
2134000
2087000
2041000
1998000
1956000
1985000
1951000
1911000
1873000
1836000
1801000
1767000
1834000
1808000
1774000
1741000
1709000
1679000
1649000
1621000
1594000
1567000
1541000
1517000
1493000
1469000
1447000
1425000
1404000
1383000
1363000
1344000
1325000
1306000
1289000
1271000
1254000
1238000
1222000
1830000
1850000
1814000
1780000
1747000
1715000
1684000
1655000
1742000
1914000
1893000
1856000
1820000
1785000
1752000
1720000
1689000
1659000
1630000
1603000
1576000
1550000
1525000
1501000
1477000
1454000
1432000
1411000
1390000
1370000
1350000
1331000
1313000
1295000
1277000
1260000
1284000
1689000
1696000
1813000
1792000
1758000
1726000
1695000
1665000
1636000
1608000
1581000
1555000
1530000
1505000
1482000
1747000
1740000
1709000
1678000
1649000
1621000
1593000
1567000
1541000
1516000
1492000
1469000
1446000
1425000
1403000
1383000
1363000
1343000
1325000
1306000
1288000
1271000
1254000
1238000
1222000
1206000
1191000
1176000
1162000
1147000
1134000
1120000
1107000
1176000
1169000
1154000
1140000
1127000
1113000
1100000
1088000
1075000
1063000
1051000
1040000
1029000
1017000
1007000
996000
985600
975500
988300
1057000
1052000
1041000
1030000
1018000
1008000
996900
986500
976300
966300
956600
947000
937600
928400
953400
1300000
1313000
1295000
1278000
1261000
1244000
1269000
1256000
1240000
1224000
1208000
1193000
1178000
1163000
1149000
1135000
1122000
1109000
1096000
1083000
1071000
1063000
1052000
1040000
1029000
1018000
1007000
996400
986000
975900
965900
956100
946500
937200
928000
934400
1282000
1662000
1665000
2453000
2579000
2520000
2454000
2391000
2332000
2275000
2221000
2170000
2121000
2074000
2029000
1987000
1945000
1906000
1868000
1832000
1797000
1763000
1731000
1699000
1669000
1640000
1612000
1585000
1559000
1533000
1800000
2084000
2065000
2020000
1978000
1937000
1898000
1860000
1865000
1859000
1825000
1790000
1757000
1725000
1694000
1664000
1635000
1607000
1580000
1554000
1581000
1669000
1649000
1621000
1593000
1567000
1541000
1516000
1492000
1469000
1447000
1425000
1403000
1383000
2019000
3201000
3197000
3091000
2992000
2899000
2812000
2730000
2653000
2580000
2511000
2445000
2549000
2496000
2431000
2370000
2312000
2384000
2336000
2279000
2225000
2174000
2124000
2077000
2032000
1989000
1975000
1938000
1899000
1862000
1825000
1801000
1768000
2302000
2297000
2242000
2190000
2187000
2141000
2093000
2048000
2200000
2198000
2150000
2102000
2056000
2012000
1970000
1930000
1903000
1917000
1883000
1846000
1810000
1776000
1743000
1712000
1861000
1841000
1805000
1771000
1738000
1707000
1715000
2299000
2298000
2373000
2826000
2787000
2707000
2631000
2559000
2491000
2426000
2365000
2307000
2252000
2199000
2149000
2100000
2055000
2011000
1968000
1928000
1889000
1852000
1816000
1782000
1749000
1717000
1686000
1764000
1741000
1710000
1679000
1650000
2918000
2944000
2854000
3137000
5083000
5085000
4828000
4589000
4373000
4439000
4761000
4573000
4358000
4163000
3984000
3821000
3670000
3531000
3402000
3282000
3171000
4341000
4596000
4409000
4962000
4810000
4575000
4360000
4164000
3986000
4527000
4379000
4182000
4001000
3836000
3685000
3544000
3414000
3294000
3182000
3077000
3754000
3677000
3538000
3408000
3288000
3176000
3072000
2974000
2882000
2796000
2715000
2639000
2811000
2751000
2673000
2598000
2528000
2462000
2399000
2339000
2282000
2228000
2176000
2127000
2080000
2035000
1992000
1950000
1911000
1873000
1836000
1801000
1767000
1735000
1703000
1673000
1644000
1616000
1588000
1562000
1536000
1784000
1775000
1742000
1711000
1680000
1651000
1622000
1595000
1568000
1543000
1518000
1494000
1470000
1448000
1426000
1405000
1384000
1364000
1345000
1326000
1307000
1289000
1272000
1255000
1239000
1223000
1207000
1397000
1621000
1614000
1586000
1560000
1535000
1510000
1486000
1463000
1441000
1419000
1398000
1378000
1358000
1339000
1320000
1302000
1284000
1267000
1250000
1234000
1218000
1202000
1187000
1172000
1158000
1144000
1130000
1117000
1104000
1091000
1079000
1066000
1054000
1043000
1031000
1020000
1009000
998700
988300
978100
968000
958200
948600
939200
929900
920900
912000
903300
894700
886300
878100
870000
862100
854300
846700
839100
831800
824500
817400
810400
803500
796700
790100
783500
777100
770800
764500
758400
752400
746400
740600
734800
729200
723600
983700
1016000
1007000
996300
985900
975700
965700
956000
946400
937000
927800
918800
909900
901300
892800
884400
876200
1015000
1048000
1040000
1028000
1033000
1023000
1012000
1001000
990700
980400
970400
960500
950900
941400
932100
923000
914100
905300
896700
888300
880000
886200
879200
871100
863100
855300
871200
915000
910700
902000
893500
885100
876900
868800
860900
853200
845500
838000
830700
823400
816300
809300
869600
867700
859800
852100
844400
837000
829600
822400
815300
808400
801500
794800
980000
1165000
1166000
1152000
1138000
1125000
1111000
1234000
1230000
1214000
1198000
1183000
1357000
2057000
2084000
2040000
1996000
1955000
1915000
1877000
1914000
2689000
2830000
2760000
2681000
2607000
2536000
2469000
2406000
2346000
2288000
2234000
2182000
2133000
2085000
2197000
2272000
2968000
2942000
2852000
2768000
3426000
3464000
3348000
3232000
3124000
3023000
2929000
2840000
2756000
2677000
2603000
2532000
2466000
2504000
2539000
2735000
2931000
2874000
2789000
2708000
2632000
2560000
3202000
3158000
3055000
3572000
3816000
4060000
4466000
4309000
4118000
4214000
4055000
3885000
3730000
3586000
3453000
3330000
3215000
3108000
3332000
3246000
3137000
3035000
2940000
2850000
2766000
2686000
2612000
2541000
2474000
2410000
2350000
2292000
2238000
2255000
2209000
2158000
2152000
2108000
2062000
2018000
1975000
1934000
1895000
1991000
1972000
2928000
2926000
2838000
2754000
2675000
2601000
2597000
2574000
2509000
2443000
2452000
2395000
2336000
2279000
2225000
2173000
2124000
2077000
2032000
1989000
1948000
1909000
1871000
1834000
1799000
1765000
1733000
1701000
1788000
1765000
1733000
1701000
1681000
1659000
1675000
1653000
1625000
1598000
1571000
1545000
1520000
1496000
1473000
1450000
1428000
1407000
1556000
1666000
1647000
1619000
1706000
1686000
1656000
1628000
1600000
1573000
1547000
1522000
1498000
1475000
1452000
1430000
1409000
1388000
1368000
1348000
1329000
1311000
1293000
1275000
1258000
1242000
1441000
1690000
1682000
1653000
1624000
1597000
1570000
1544000
1519000
1495000
1472000
1449000
1427000
1406000
1385000
1365000
1346000
1327000
1308000
1291000
1273000
1256000
1240000
1224000
1208000
1193000
1178000
1163000
1156000
1143000
1129000
1116000
1103000
1090000
1078000
1066000
1054000
1042000
1031000
1020000
1009000
998100
987700
977500
967500
957700
948100
938700
929400
1005000
1001000
991000
980700
970600
960700
951100
941600
932300
923200
914300
905500
972800
969600
959800
950100
940600
931400
922300
913400
904600
896100
887600
879400
871300
863300
855500
847800
840300
832900
825600
818500
811500
822300
849600
845000
895800
892600
884200
876000
868000
860100
852300
844700
837200
829900
822700
815600
808600
801700
795000
788400
781900
775400
769100
762900
756800
750800
757300
908900
914100
905400
896800
888400
905500
899200
890700
882400
874200
866200
858400
850600
843000
835600
828300
821100
814000
807100
869400
1009000
1010000
999700
989200
979000
968900
959100
949500
940000
930800
921700
912800
964700
2212000
2271000
2217000
2166000
2117000
2071000
2026000
1983000
1942000
1903000
1865000
1829000
1794000
1760000
1728000
1697000
1667000
1638000
1610000
1583000
1557000
1531000
1507000
1483000
1460000
1438000
1416000
1395000
1375000
1355000
1336000
1317000
1299000
1282000
1264000
1248000
1231000
1216000
1200000
1185000
1170000
1156000
1142000
1128000
1115000
1102000
1089000
1077000
1065000
1053000
1041000
1030000
1019000
1008000
997300
986900
976700
966700
956900
947300
937900
928700
919700
910800
902100
893600
885200
877000
869000
861000
916100
912900
904100
895600
887200
878900
1020000
1075000
1067000
1055000
1379000
1389000
1369000
1403000
1614000
2202000
2210000
2159000
2287000
2248000
2196000
2145000
2543000
2515000
2450000
2387000
2328000
2272000
2218000
2167000
2118000
2116000
2490000
2462000
2784000
3734000
5795000
6211000
7968000
7511000
6940000
6451000
6027000
5656000
5329000
5038000
4778000
4544000
4331000
4138000
3962000
5646000
5482000
5175000
4900000
4654000
4431000
4229000
4045000
4035000
3881000
3726000
4518000
4451000
4828000
4639000
4418000
4217000
4034000
3866000
3712000
3570000
3438000
3730000
3965000
3879000
3728000
4642000
4796000
4585000
4369000
4173000
3993000
3829000
3678000
3623000
3495000
3369000
3252000
3142000
3040000
3771000
3698000
3557000
3426000
3304000
3191000
3086000
2992000
2899000
2812000
2730000
2653000
3228000
3311000
3209000
3103000
3003000
2909000
2822000
2916000
2930000
2849000
2765000
2686000
2611000
2540000
2473000
2409000
2349000
2292000
2237000
2971000
2949000
2858000
2774000
2694000
2619000
2547000
2480000
2779000
2731000
2654000
2581000
2512000
2446000
2384000
2325000
2807000
4338000
4282000
4093000
3920000
3762000
3616000
4551000
5198000
4989000
4734000
4503000
4295000
4105000
3931000
3772000
3625000
3489000
3363000
3246000
3137000
3035000
2940000
2850000
2766000
2704000
2629000
2557000
2490000
2425000
2364000
2306000
2251000
2198000
2148000
2100000
2074000
2031000
1988000
2266000
2259000
2252000
2204000
3243000
3557000
3455000
3332000
3217000
3110000
3010000
2990000
2935000
2848000
2764000
2685000
2610000
2539000
2472000
2409000
2348000
2291000
2236000
2184000
2135000
2087000
2042000
2132000
2842000
3885000
5663000
6036000
5770000
5523000
5589000
5302000
5014000
4759000
4701000
5034000
4823000
4584000
4982000
4782000
4547000
4335000
4497000
4366000
4174000
3995000
3830000
3943000
3806000
3657000
3519000
3391000
3272000
3161000
3057000
2961000
2870000
2784000
2903000
3293000
3348000
3494000
4850000
4957000
4724000
4495000
4287000
4098000
3925000
4157000
5368000
5452000
5171000
5973000
5704000
5432000
5135000
4865000
4622000
4402000
4203000
4021000
3854000
3701000
3560000
3429000
3307000
3194000
3088000
2990000
2897000
2810000
2728000
2651000
2578000
2509000
2443000
2381000
2322000
2266000
2213000
2162000
2113000
2067000
2033000
1990000
1949000
2211000
2322000
2278000
2224000
2173000
2124000
2077000
2032000
1989000
1947000
1908000
1870000
2115000
2093000
2048000
2004000
1962000
1922000
1884000
1847000
1811000
1777000
1744000
1712000
1682000
1652000
1624000
1596000
1569000
1544000
1519000
1495000
1471000
1449000
1427000
1406000
1385000
1365000
1345000
1326000
1308000
1290000
1273000
1256000
1239000
1223000
1208000
1192000
1178000
1163000
1149000
1135000
1122000
1108000
1269000
1268000
1251000
1235000
1219000
1203000
1188000
1173000
1627000
2586000
2600000
2529000
2463000
2400000
2340000
2283000
2229000
2294000
2823000
3136000
3123000
4034000
4468000
4308000
4117000
3943000
3782000
4346000
4214000
4031000
3864000
3710000
3568000
3436000
3405000
6343000
6197000
5805000
5461000
5156000
4883000
5648000
5411000
5111000
4843000
4602000
4385000
4187000
4006000
4045000
3895000
3738000
3594000
3740000
4527000
4987000
4784000
5234000
5014000
4756000
4524000
4314000
4122000
3947000
3786000
3638000
3502000
3375000
3257000
3147000
3045000
2949000
2858000
2774000
2694000
2619000
2547000
2480000
2416000
2773000
2731000
2653000
2580000
2511000
2445000
2406000
2456000
2765000
2717000
2688000
2617000
2546000
2479000
2576000
2522000
2745000
2693000
2617000
2546000
2479000
2415000
2354000
2297000
2242000
2190000
2140000
2092000
2046000
2003000
1961000
1921000
1882000
1846000
1810000
1776000
1743000
1711000
1681000
1735000
2264000
2345000
2296000
2241000
2189000
2139000
2091000
2046000
2002000
1960000
1920000
1882000
1845000
1809000
1775000
1742000
1711000
1680000
1651000
1622000
1595000
2295000
3036000
3005000
2912000
2824000
2741000
2663000
2589000
2801000
2773000
2696000
2620000
2910000
2867000
2783000
2702000
2627000
2555000
2487000
2423000
2362000
2304000
2249000
2196000
2146000
2098000
2052000
2008000
1966000
1926000
1887000
1850000
1814000
1780000
1747000
1715000
1684000
1655000
2203000
2204000
2153000
2105000
2091000
2048000
2005000
1963000
1923000
1884000
1847000
1811000
1777000
1744000
1713000
1682000
1652000
1624000
1596000
1570000
1544000
1519000
1495000
1472000
1499000
1479000
1457000
1440000
1477000
1583000
1582000
1557000
1531000
1507000
1483000
1460000
1438000
1416000
1395000
1375000
1355000
1336000
1317000
1299000
1282000
1415000
1548000
1719000
1704000
1674000
1645000
1616000
1589000
1563000
1537000
1513000
1489000
1465000
1443000
1421000
1400000
1380000
1360000
1340000
1322000
1440000
1881000
1884000
1847000
1812000
1778000
1745000
1713000
1682000
1653000
1624000
1597000
1570000
1544000
1519000
1495000
1472000
1449000
1427000
1406000
1385000
1365000
1824000
1832000
1797000
1763000
1731000
1700000
1669000
1640000
1612000
1585000
1559000
1534000
1509000
1485000
1462000
1440000
1418000
1397000
1377000
1357000
1338000
1319000
1301000
1283000
1266000
1249000
1233000
1217000
1201000
1186000
1172000
1157000
1143000
1130000
1124000
1111000
1101000
1089000
1076000
1064000
1052000
1041000
1029000
1018000
1008000
996900
986500
976300
966300
956500
947000
937600
928400
919300
910500
901800
893300
884900
876700
868600
860700
878300
913000
1011000
1189000
1378000
2215000
2238000
2186000
2136000
2089000
2043000
2e+06
1958000
1918000
1880000
1843000
1807000
1773000
1741000
1709000
1678000
1649000
1621000
1593000
1567000
1541000
1516000
1492000
1469000
1447000
1425000
1403000
1383000
1363000
1343000
1325000
1306000
1288000
1534000
1612000
1592000
1565000
1540000
1515000
1491000
2236000
2252000
2226000
2177000
2128000
2081000
2035000
1992000
1951000
1911000
1873000
1837000
1834000
1984000
1959000
1919000
1881000
1844000
1808000
1774000
1741000
1710000
1679000
1650000
1621000
1594000
1568000
1542000
1517000
1739000
2510000
2633000
2587000
2518000
2548000
2625000
2566000
2498000
2433000
2371000
2671000
4263000
4498000
4315000
4123000
3948000
3787000
3639000
3502000
3399000
3339000
3250000
3142000
3040000
2944000
2854000
2770000
2690000
2615000
2544000
2477000
2818000
2772000
2692000
2617000
2546000
2479000
2415000
2354000
2296000
2921000
2893000
2806000
2724000
2647000
2575000
2506000
2441000
2379000
2320000
2264000
2210000
2160000
2111000
2065000
2380000
2353000
2295000
2240000
2188000
2286000
2259000
2338000
2301000
2531000
2490000
2425000
2364000
2306000
2251000
2213000
2290000
2271000
2220000
2168000
2120000
2073000
2028000
1985000
1944000
1986000
2012000
1975000
1935000
1896000
1858000
1972000
1945000
1906000
1877000
1841000
1806000
1772000
1739000
1707000
1677000
1648000
1619000
1592000
1566000
1540000
1573000
1552000
1527000
1826000
1820000
1786000
1753000
1720000
1690000
1660000
1834000
1817000
1923000
1916000
1929000
2004000
2804000
3033000
2959000
2868000
2783000
2702000
2626000
2555000
2487000
2423000
2362000
2304000
2249000
2196000
2146000
2098000
2052000
2008000
1966000
1926000
1887000
1850000
1814000
1780000
1747000
1715000
1684000
1655000
1626000
1599000
1572000
1546000
1521000
1497000
1474000
1451000
1429000
1548000
1536000
1511000
1487000
1464000
1442000
1420000
1412000
1516000
1503000
1480000
1457000
1435000
1527000
1513000
1489000
1493000
1472000
1450000
1428000
1406000
1386000
1366000
1346000
1327000
1309000
1291000
1273000
1256000
1240000
1224000
1208000
1193000
1178000
1163000
1149000
1135000
1306000
1439000
1610000
1599000
1573000
1547000
1522000
1498000
1474000
1451000
1429000
1408000
1387000
1367000
1348000
1329000
1310000
1292000
1275000
1258000
1241000
1225000
1209000
1194000
1179000
1165000
1151000
1193000
1183000
1168000
1154000
1140000
1127000
1113000
1100000
1088000
1075000
1063000
1051000
1166000
1163000
1148000
1135000
1121000
1108000
1095000
1195000
1393000
1477000
1462000
1440000
1508000
1552000
1533000
1508000
1484000
1461000
1439000
1417000
1396000
1376000
1356000
1337000
1318000
1300000
1282000
1265000
1248000
1232000
1218000
1202000
1187000
1172000
1158000
1144000
1130000
1117000
1104000
1091000
1079000
1067000
1055000
1043000
1032000
1070000
1275000
1279000
1263000
1461000
1503000
1490000
1630000
1916000
3734000
3773000
3628000
3492000
3366000
3249000
3140000
3216000
3125000
3024000
2929000
2840000
2756000
2677000
2603000
2533000
2466000
2403000
2343000
2286000
2231000
2180000
2130000
2083000
2305000
2362000
2349000
2295000
2488000
3726000
4647000
4512000
4312000
5116000
5754000
5488000
6559000
6858000
6435000
6014000
5645000
5319000
5029000
4770000
4536000
4324000
7183000
6924000
6437000
6015000
5646000
5320000
5030000
4771000
4537000
4325000
4133000
3957000
4091000
5929000
5786000
5448000
5144000
4873000
4629000
4409000
4209000
4026000
3859000
3706000
3564000
3433000
3410000
3299000
3670000
3681000
3683000
3554000
3424000
3662000
3750000
5428000
6648000
7463000
7001000
7312000
9442000
8811000
