156300
156200
156100
155900
155700
155600
155400
155200
155100
154900
154700
154600
154400
154200
154100
153900
10100000
3777000
1616000
381000
497600
4493000
1230000
3473000
19810000
5058000
2418000
336600
208200
3474000
1337000
672200
2861000
1329000
3153000
18150000
14930000
4726000
1562000
326300
1929000
658300
451600
7278000
1943000
3838000
978900
590700
289700
270600
270100
269600
1092000
466500
364600
274500
268400
267900
267500
267000
266500
3381000
1015000
630400
290700
269100
268600
268200
267700
586000
4937000
6405000
3850000
1334000
531100
296400
283400
282900
282300
281800
1405000
551300
412100
289200
281000
280500
279900
2648000
848900
556300
297900
281300
280800
280200
279700
279200
278600
278100
277600
277000
276500
276000
275500
274900
274400
273900
273400
272900
272400
271900
271400
270800
270300
269800
14170000
3610000
1895000
380700
286000
285500
284900
284400
1788000
5783000
1695000
897100
326800
291500
290900
290300
289700
289200
288600
288000
287400
286900
286300
285800
285200
284600
284100
283500
283000
282400
281900
281300
280800
280300
279700
279200
278600
10580000
2754000
5577000
1345000
769700
323100
294800
294200
293700
293100
292500
291900
291300
290700
290100
6244000
1720000
985400
336200
295400
294800
294200
293600
293000
292400
291800
291200
290600
290100
289500
288900
288300
287800
287200
286600
286100
285500
284900
284400
283800
283300
282700
282200
281600
281100
280600
280000
279500
278900
278400
277900
277300
276800
276300
275800
275300
274700
274200
273700
273200
272700
272200
271700
271100
270600
270100
269600
269100
268600
268200
267700
267200
266700
266200
265700
265200
264700
264300
263800
263300
262800
262400
11780000
3032000
1611000
355800
277300
276800
276200
275700
275200
274700
274200
273600
273100
272600
272100
271600
271100
270600
270100
269600
269100
268600
268100
267600
267100
266600
266100
265600
265200
264700
264200
263700
263200
262800
262300
261800
8978000
14700000
4250000
23280000
8073000
3410000
754700
332400
314600
313900
313200
312600
311900
311200
310600
309900
309200
308600
307900
307300
306600
306000
305300
304700
304100
303400
302800
302200
301600
300900
3359000
9335000
2650000
1292000
366200
309300
308600
308000
1041000
1283000
583900
404600
311800
305700
305100
304500
303800
303200
302600
301900
1373000
4262000
1315000
740400
329000
303300
302600
302000
301400
300800
300100
299500
298900
298300
21180000
29930000
8649000
3336000
512500
345000
344200
343400
342600
341800
341000
340200
3841000
1180000
747000
364800
340300
3324000
1056000
686800
360800
339800
339000
338200
337400
336700
992100
546600
424000
345100
334000
652600
408900
15800000
4041000
2134000
451800
1488000
619900
478300
353100
5449000
2363000
1130000
475300
353600
347400
346600
345800
691400
1905000
739000
518000
353900
343100
342200
341400
5766000
1643000
973100
381300
343800
343000
1472000
17490000
4528000
5422000
11900000
3289000
1633000
447400
374200
373200
372200
371300
370400
369400
368500
367500
366600
365700
364800
363900
363000
362100
361200
360300
359400
358500
357600
356700
1091000
531700
440100
359100
353300
33870000
8400000
4263000
7426000
31860000
9346000
4158000
736600
424200
3515000
7303000
2254000
1158000
466300
423500
422300
421000
419800
418600
417400
416200
18950000
9069000
3587000
10890000
3212000
1676000
554600
444800
440900
9941000
2720000
1546000
509700
444000
442600
441300
440000
438600
437300
436000
10840000
2932000
1647000
512200
440400
439100
437800
436500
435200
433900
432600
431300
3070000
1064000
736800
448000
428900
427600
426300
425100
423900
422600
421400
420200
419000
417800
416600
415400
414200
413000
411900
410700
409500
408400
407200
406100
405000
403900
402700
401600
400500
399400
398300
397200
396200
395100
394000
393000
391900
390800
389800
388800
387700
386700
385700
384600
383600
382600
381600
380600
379600
378600
377700
376700
375700
374700
373800
372800
533100
8650000
2370000
1334000
434600
377900
376900
375900
374900
374000
373000
372100
371100
370200
369200
368300
367400
366400
365500
364600
363700
362800
361900
361000
360100
359200
358300
357400
356600
355700
354800
354000
353100
352300
351400
350600
349700
348900
348000
347200
346400
345600
344700
343900
343100
342300
341500
340700
339900
339100
338300
337500
336800
336000
335200
334400
333700
332900
332200
331400
330600
329900
329200
328400
327700
326900
326200
325500
324700
324000
323300
322600
321900
321200
320500
5903000
2693000
1219000
482200
331200
323500
322800
322100
321400
320600
319900
319200
318500
317800
317200
316500
315800
3876000
2856000
1135000
538000
941800
464400
388200
320800
315900
315300
314600
313900
313200
312600
311900
311200
310600
309900
309200
308600
307900
307300
306600
306000
305300
304700
304100
2243000
768600
528600
316700
302900
302300
301700
301000
300400
299800
299200
298600
298000
297400
296700
2988000
942700
610100
316300
297500
296900
296300
295700
295100
294500
293900
293300
10840000
11910000
3705000
1435000
373700
311600
310900
6530000
1804000
1035000
357000
314200
8416000
24970000
6964000
3089000
528100
346600
344100
343300
2451000
20280000
8174000
3330000
837900
387700
367000
366100
365200
364200
363300
362400
361500
360600
359700
4002000
4005000
17110000
4475000
2214000
488300
13650000
5090000
2298000
663600
407100
395700
394700
393600
392500
391500
390400
389400
388400
2319000
2875000
6482000
6862000
2398000
1052000
454700
400600
398300
14450000
3773000
2038000
11170000
7821000
8029000
9960000
2907000
1363000
4202000
1332000
873000
467700
441300
440000
438600
437300
436000
5925000
1753000
1075000
475400
436900
435600
434300
433000
431700
430500
429200
427900
426700
425400
424200
1437000
665500
539200
1503000
678200
544300
425900
417500
416300
415100
3925000
1559000
25870000
6472000
3331000
605800
435400
434100
1496000
1580000
769500
542300
1974000
799000
608100
439400
427800
426500
425300
424000
422800
421600
420300
419100
417900
416700
415500
414400
413200
412000
1168000
591700
497100
413600
407300
469500
1903000
894800
607400
428700
403700
401800
400700
399600
398500
397400
396300
395200
3211000
5168000
1707000
893500
4071000
1274000
823600
425600
399800
398700
397700
396600
395500
394400
393400
392300
391200
390200
389200
388100
387100
386100
385000
384000
383000
382000
2595000
9729000
2758000
1428000
451200
390500
389400
388400
387400
386300
385300
384300
383300
382300
381300
380300
379300
378300
377300
376400
375400
374400
373500
372500
371600
370600
369700
368700
367800
366900
365900
365000
364100
363200
362300
361400
360500
359600
358700
357900
357000
356100
355200
354400
353500
352600
351800
350900
350100
349300
348400
347600
346800
345900
345100
344300
343500
342700
341900
341100
340300
339500
338700
337900
337100
336400
335600
334800
334000
333300
332500
331800
331000
330200
329500
328800
328000
327300
326500
325800
325100
324400
323600
322900
322200
321500
320800
320100
319400
318700
318000
317300
316600
315900
315200
314500
313900
313200
312500
311900
311200
310500
309900
309200
308500
307900
307200
306600
7643000
2068000
1161000
361400
311100
1229000
530400
416400
315700
308800
308100
307500
306800
306200
305500
304900
304300
303600
303000
530200
8612000
2311000
1266000
364600
308100
307400
306800
306100
305500
304800
304200
303600
664900
47380000
11630000
5785000
662400
343400
342600
341800
341000
340200
339400
338600
337900
337100
336300
335500
334700
334000
333200
332500
331700
330900
330200
329400
328700
328000
327200
326500
325800
325000
324300
323600
322900
322200
321400
320700
320000
319300
318600
317900
317200
316500
315900
315200
314500
313800
313100
312500
311800
311100
310500
309800
309200
308500
307800
307200
306600
305900
305300
304600
304000
303400
302700
302100
301500
300900
300200
299600
299000
298400
297800
297200
296600
296000
295400
294800
294200
5303000
4165000
1520000
644100
15480000
3942000
2070000
2540000
9134000
19740000
5576000
2423000
4893000
1404000
857400
375500
10890000
2878000
1576000
426300
354100
353200
352400
351500
350700
1373000
10620000
2878000
9704000
19350000
32110000
14180000
23320000
5645000
2606000
562600
436600
435300
434000
432700
431400
430200
428900
427600
426400
23820000
6042000
3152000
601200
441500
440100
438800
437500
2549000
943000
681100
14470000
4558000
1e+07
2490000
1354000
503400
449600
448200
446800
445400
444100
7022000
7481000
3170000
1284000
16690000
8207000
3260000
1022000
488100
460400
459000
457500
1496000
704800
575000
460300
451800
450400
15420000
4040000
2191000
558900
456200
454800
453300
451900
450500
449100
447800
446400
13160000
5991000
2525000
829700
470500
452200
450800
3379000
2854000
1199000
668100
461600
448700
447300
445900
444600
443200
441900
440500
17460000
4525000
2422000
565800
449200
447800
446400
445100
7809000
2211000
1301000
497200
446000
444600
443200
441900
11450000
30960000
8414000
3771000
657100
466800
465300
1.7e+07
14570000
4820000
1765000
547100
476900
475400
473800
472300
470800
469200
467700
466200
464700
463300
461800
460300
458900
457400
456000
454600
453200
451800
450400
449000
447600
446200
444900
443500
442100
440800
439500
3073000
1512000
1972000
777500
25640000
12570000
4825000
1338000
501200
458400
457000
455600
559000
478000
463600
450800
448700
447300
446000
444600
443200
441900
440600
439200
437900
436600
435300
456400
18930000
24720000
32140000
14820000
5563000
2529000
5223000
1656000
997200
511500
2446000
8257000
2460000
1342000
8513000
2395000
1408000
536800
5268000
2300000
1197000
590900
483700
4162000
1360000
903800
500800
474300
472700
471200
469700
468200
466700
465200
509000
10030000
5230000
6907000
24570000
9361000
3831000
974700
504200
482900
481300
6492000
20330000
8713000
3414000
13610000
3546000
2613000
741900
574600
502200
496100
494400
492700
491100
489400
487800
486100
484500
482900
481300
479700
478100
476600
475000
473500
471900
470400
468900
467400
465900
464400
462900
461500
460000
458600
457100
455700
454300
452800
1949000
810200
624200
459700
448200
446800
445400
444100
442700
441400
440100
5862000
1741000
1070000
478400
440300
439000
437700
436300
435000
433700
432500
431200
429900
428600
427400
426100
424900
423600
422400
421200
420000
418800
417600
416400
415200
414000
412800
411700
410500
409300
408200
407100
405900
404800
403700
402600
401400
400300
399200
398100
397100
396000
4412000
1360000
862900
424300
396100
395000
393900
392800
19670000
32320000
9197000
3726000
619200
433000
431700
430500
429200
3197000
14690000
10990000
4757000
19480000
12680000
4404000
1487000
517500
463400
11750000
3168000
1774000
542500
464600
463200
461700
2063000
42560000
10660000
5328000
768800
484700
483100
12900000
3460000
1925000
570600
484900
483300
481700
480100
3689000
1247000
849500
498100
5369000
15830000
12480000
4088000
10450000
2686000
1528000
552800
490700
489000
487400
485800
484200
482500
481000
479400
477800
476200
474700
473100
471600
470100
468600
467100
465600
464100
9357000
2596000
1496000
525200
463500
462000
792300
3403000
10080000
2927000
2652000
796200
593900
468400
4466000
1420000
7976000
2178000
1279000
508500
459300
457900
456400
455000
453600
452200
450800
449400
448000
446600
445300
443900
442500
441200
439900
438500
437200
435900
434600
1463000
17700000
6680000
2915000
800300
461200
446000
444600
443300
441900
440600
439300
437900
436600
435300
434000
432700
431400
430200
428900
427600
426400
20170000
22150000
6804000
2555000
568700
452300
450900
449500
5251000
2165000
1142000
547900
8479000
2610000
1439000
534100
452700
449700
448400
447000
445600
444200
442900
441500
440200
438900
437600
436300
435000
433700
432400
431100
429800
428500
427300
426000
424800
423600
8899000
2459000
1412000
487000
1020000
569300
495100
429500
424300
423000
421800
420600
419400
418200
417000
415800
414600
413400
412200
411100
409900
408800
407600
406500
405300
404200
403100
402000
400900
3691000
1661000
896200
478500
403700
399400
398300
397300
396200
395100
394000
393000
391900
390900
389800
388800
1552000
5915000
7980000
2498000
1153000
441400
398400
397300
396200
395100
394100
393000
391900
390900
389800
388800
387800
386700
385700
384700
383700
12950000
3403000
1851000
481400
395300
394200
393100
392100
391000
390000
388900
387900
386900
385800
384800
383800
382800
381800
380800
379800
378800
9467000
2562000
1439000
448300
385700
384700
383700
382700
381700
380700
379700
378700
377700
376700
375800
374800
373800
372900
371900
371000
370000
369100
368200
367200
366300
365400
364500
363600
362600
361700
360800
360000
359100
358200
357300
356400
355600
354700
353800
353000
352100
351300
350400
349600
348700
347900
347100
346300
345400
344600
343800
343000
342200
341400
340600
339800
339000
338200
337400
336600
335900
335100
334300
4151000
10240000
10960000
30310000
7822000
3558000
565100
381600
380600
379600
378600
377600
376600
375600
374700
373700
372800
371800
370900
369900
369000
368000
367100
366200
365300
364400
363500
362500
361600
360700
359900
359000
358100
357200
356300
355500
5321000
4313000
1598000
715100
379300
359700
358800
23770000
5983000
3765000
702300
459900
385700
380100
379100
378100
377200
376200
375200
960100
5827000
1718000
997700
414000
377000
376000
375100
374100
373100
372200
371200
370300
369400
368400
367500
366600
8441000
23390000
8941000
3825000
915500
2552000
3856000
1352000
758300
421600
400500
8288000
31310000
11820000
4694000
1043000
460500
435300
434000
432700
631600
1435000
1038000
626800
476200
429700
426100
424800
423600
422400
421100
419900
8850000
2444000
1403000
483500
425200
424000
422800
421500
420300
15660000
4080000
2197000
534800
430300
429100
427800
426600
425300
424100
422800
421600
420400
419200
418000
8800000
2431000
1396000
481500
423500
3986000
1634000
4090000
1441000
7588000
2092000
1216000
479000
432000
430700
705600
3626000
1816000
940000
521400
433100
427800
426500
425300
424100
2033000
2481000
1011000
628300
434000
421400
4421000
1381000
886400
635900
466000
441800
420200
417800
416600
415400
414200
413000
411900
410700
409500
1746000
728900
562700
11060000
2964000
1650000
489700
416400
415300
414100
5650000
1671000
5203000
2002000
2493000
3938000
22660000
10710000
4085000
1147000
479300
445400
444100
442700
441400
440100
438700
437400
436100
434800
433500
432200
430900
429700
428400
427100
425900
424600
423400
422200
421000
419700
418500
417300
416100
415000
413800
412600
411400
410300
409100
408000
406800
405700
404600
403500
402300
401200
400100
399000
397900
2188000
826400
604400
408200
395000
3556000
1153000
761900
1035000
542500
465200
396800
391600
390500
389500
388400
387400
386400
385300
384300
383300
382300
381300
380300
379300
378300
377400
376400
375400
1703000
6080000
8393000
2592000
1184000
431300
385800
384800
383800
382800
381800
380800
379800
378800
377800
376800
375900
374900
373900
373000
372000
371100
370100
369200
368200
367300
366400
365500
364600
363600
362700
361800
360900
360000
359200
358300
357400
356500
355600
354800
353900
353100
352200
351400
350500
349700
3389000
9716000
6081000
2174000
804300
3377000
3245000
1231000
637100
380200
364700
363700
362800
361900
361000
360100
359300
358400
357500
356600
355700
354900
354000
353200
352300
351500
350600
349800
348900
348100
347300
346400
345600
344800
344000
343200
342400
341600
340800
5159000
1624000
932100
9131000
4114000
2037000
6430000
11100000
42810000
11320000
5126000
711500
406000
402600
401500
3058000
1038000
709300
418800
399700
398600
397500
396400
395300
394200
393200
392100
391100
390000
389000
387900
386900
4739000
3535000
2279000
875700
6273000
26600000
20560000
6621000
2289000
13580000
12940000
4202000
16380000
10060000
3611000
1260000
503400
461300
459800
458400
456900
455500
34490000
8621000
4417000
707100
475100
473600
472000
470500
469000
467500
466000
464500
4788000
27190000
7602000
3598000
709400
482300
477500
476000
474400
472900
471300
469800
468300
466800
1941000
817900
9617000
4530000
4292000
1307000
750100
7052000
5452000
27530000
21610000
17570000
4906000
9320000
22790000
6534000
18210000
