1269000
1260000
1249000
1238000
1227000
1216000
1205000
1194000
1184000
1174000
1164000
1154000
1144000
1134000
1125000
1116000
2628000
1870000
1494000
1327000
1366000
2282000
1577000
2093000
5246000
2646000
2165000
1843000
1818000
2403000
2036000
1904000
2304000
2046000
2376000
6473000
6029000
3597000
2885000
2615000
3012000
2661000
2565000
4352000
3042000
3524000
2829000
2698000
2589000
2540000
2493000
2448000
2638000
2436000
2369000
2310000
2271000
2234000
2197000
2162000
2128000
2947000
2323000
2194000
2092000
2060000
2029000
1999000
1970000
2057000
3129000
3597000
2989000
2369000
2172000
2099000
2067000
2036000
2005000
1976000
2275000
2018000
1953000
1899000
1872000
1847000
1822000
2243000
1922000
1850000
1790000
1767000
1744000
1722000
1700000
1679000
1659000
1639000
1619000
1600000
1581000
1563000
1545000
1528000
1511000
1494000
1478000
1462000
1446000
1431000
1416000
1401000
1387000
1373000
4041000
2183000
1866000
1629000
1610000
1591000
1573000
1555000
1882000
2530000
1860000
1713000
1621000
1602000
1583000
1565000
1547000
1530000
1512000
1496000
1479000
1463000
1448000
1433000
1418000
1403000
1388000
1374000
1361000
1347000
1334000
1321000
1308000
1296000
1283000
1271000
1259000
3227000
1839000
2307000
1644000
1549000
1475000
1459000
1444000
1429000
1414000
1399000
1385000
1371000
1357000
1344000
2458000
1661000
1519000
1413000
1398000
1384000
1370000
1356000
1343000
1329000
1316000
1304000
1291000
1279000
1267000
1255000
1244000
1233000
1222000
1211000
1200000
1189000
1179000
1169000
1159000
1149000
1139000
1130000
1121000
1111000
1102000
1093000
1085000
1076000
1068000
1059000
1051000
1043000
1035000
1027000
1020000
1012000
1004000
997100
989800
982600
975500
968600
961700
955000
948300
941700
987500
945000
932700
922200
916000
909800
903800
897800
891900
886100
880300
874600
869000
863500
858100
2444000
1340000
1155000
1018000
1010000
1003000
1005000
991200
982900
975100
968100
961200
954500
947800
941200
934800
928400
922100
915800
909700
903600
897700
891800
885900
880200
874500
868900
863400
858000
852600
847200
842000
836800
831700
826600
821600
2123000
2612000
1507000
4170000
2422000
1814000
1517000
1469000
1454000
1438000
1423000
1408000
1394000
1380000
1366000
1352000
1339000
1326000
1313000
1300000
1288000
1276000
1264000
1252000
1241000
1229000
1218000
1208000
1197000
1186000
1675000
2542000
1637000
1448000
1336000
1323000
1310000
1298000
1414000
1435000
1322000
1285000
1263000
1252000
1240000
1229000
1218000
1207000
1196000
1186000
1306000
1591000
1313000
1251000
1210000
1199000
1188000
1178000
1168000
1158000
1148000
1139000
1129000
1120000
3855000
5838000
2880000
2208000
1871000
1846000
1821000
1797000
1773000
1750000
1728000
1706000
2230000
1841000
1760000
1695000
1674000
2114000
1782000
1711000
1654000
1634000
1614000
1595000
1577000
1559000
1645000
1564000
1530000
1504000
1487000
1520000
1470000
3821000
2181000
1899000
1687000
1843000
1703000
1664000
1630000
2395000
1965000
1776000
1680000
1649000
1630000
1610000
1591000
1626000
1799000
1620000
1572000
1536000
1519000
1502000
1486000
2309000
1716000
1606000
1521000
1504000
1487000
1648000
4104000
2304000
2460000
3935000
2468000
2176000
1983000
1954000
1927000
1899000
1873000
1848000
1823000
1798000
1775000
1752000
1729000
1708000
1686000
1666000
1645000
1626000
1606000
1587000
1569000
1551000
1534000
1727000
1566000
1525000
1492000
1475000
6977000
3175000
2534000
3565000
8929000
4621000
3514000
2898000
2813000
3452000
4447000
3286000
3004000
2822000
2764000
2709000
2655000
2604000
2555000
2507000
2462000
6446000
4836000
3532000
5695000
3794000
3341000
3040000
2963000
2900000
5258000
3532000
3196000
2935000
2873000
2813000
2755000
2700000
2647000
2596000
2547000
4776000
3195000
2895000
2661000
2609000
2560000
2512000
2466000
2422000
2379000
2338000
2298000
2978000
2446000
2328000
2233000
2196000
2161000
2127000
2094000
2062000
2031000
2001000
1972000
1944000
1916000
1889000
1863000
1838000
1813000
1789000
1766000
1743000
1721000
1699000
1678000
1658000
1638000
1618000
1599000
1580000
1716000
1593000
1558000
1528000
1511000
1495000
1478000
1462000
1447000
1431000
1416000
1402000
1387000
1373000
1360000
1346000
1333000
1320000
1307000
1295000
1282000
1270000
1259000
1247000
1236000
1224000
1213000
1532000
2507000
1623000
1448000
1337000
1324000
1311000
1298000
1286000
1274000
1262000
1250000
1239000
1228000
1217000
1206000
1195000
1185000
1175000
1164000
1155000
1145000
1135000
1126000
1117000
1107000
1098000
1090000
1081000
1072000
1064000
1056000
1048000
1040000
1032000
1024000
1016000
1009000
1001000
993800
986600
979500
972500
965500
958700
952000
945400
938800
932400
926000
919700
913600
907400
901400
895500
889600
883800
878100
872500
866900
861400
855900
850600
845300
840100
834900
829800
824800
819800
814900
810000
805200
800400
795800
791100
1608000
1147000
976700
892600
878200
872500
866900
861400
856000
850600
845300
840100
834900
829800
824800
819800
814900
1239000
1113000
938700
878700
926500
874000
860900
850000
844700
839500
834400
829300
824200
819300
814300
809500
804700
8e+05
795300
790600
786100
781500
777100
772600
768300
764000
759700
942000
814000
789800
770700
766400
762100
757800
753600
749500
745400
741300
737300
733300
729400
725500
940100
790200
762800
741400
737400
733400
729400
725500
721700
717900
714100
710400
1449000
1838000
1140000
976200
897900
892000
886200
1525000
1073000
993800
934800
928400
1759000
3813000
1952000
1556000
1327000
1311000
1298000
1286000
1600000
4346000
2682000
1999000
1687000
1631000
1612000
1593000
1575000
1556000
1539000
1521000
1505000
1488000
1472000
2031000
2045000
4080000
2340000
2020000
1804000
4260000
2870000
2332000
2063000
2006000
1976000
1948000
1920000
1893000
1867000
1842000
1817000
1793000
2078000
2159000
2722000
3092000
2297000
2062000
1948000
1917000
1890000
4666000
2702000
2356000
4382000
3841000
3965000
4416000
3091000
2776000
3404000
2811000
2674000
2560000
2513000
2467000
2422000
2380000
2338000
3491000
2635000
2462000
2325000
2286000
2248000
2211000
2175000
2141000
2107000
2075000
2044000
2013000
1984000
1955000
2143000
1968000
1917000
2040000
1904000
1861000
1822000
1798000
1775000
1752000
2278000
1933000
6325000
3151000
2611000
2210000
2175000
2140000
2358000
2348000
2151000
2076000
2372000
2103000
2034000
1976000
1948000
1920000
1893000
1867000
1842000
1817000
1793000
1769000
1747000
1724000
1703000
1682000
1661000
1641000
1847000
1674000
1630000
1593000
1574000
1580000
1774000
1617000
1559000
1522000
1503000
1487000
1471000
1455000
1439000
1424000
1409000
1395000
1940000
2168000
1655000
1523000
2022000
1616000
1537000
1475000
1459000
1444000
1428000
1413000
1399000
1384000
1370000
1357000
1343000
1330000
1317000
1305000
1292000
1280000
1268000
1256000
1245000
1233000
1719000
2724000
1712000
1505000
1380000
1366000
1352000
1339000
1326000
1313000
1300000
1288000
1276000
1264000
1252000
1241000
1230000
1218000
1208000
1197000
1187000
1176000
1166000
1156000
1146000
1137000
1127000
1118000
1109000
1100000
1091000
1082000
1074000
1065000
1057000
1049000
1041000
1033000
1025000
1017000
1010000
1002000
995000
987800
980600
973600
966700
959800
953100
946400
939900
933400
927100
920800
914600
908400
902400
896400
890600
884800
879000
926800
884000
872400
862500
857000
851700
846300
841100
835900
830800
825800
820800
815800
811000
806100
801400
796700
792000
787400
782900
778400
774000
769600
765300
889600
8e+05
782000
767500
763200
758900
754700
750500
746400
742300
738300
734300
730400
726400
722600
718800
715000
711200
707500
703900
700200
696600
693100
1258000
874000
808800
759400
755200
821300
770400
758700
749000
744900
740900
736800
732900
728900
725000
721200
717400
713600
709900
791300
1279000
900700
831200
783300
778800
774400
770000
765600
761300
757100
752900
748700
817600
5347000
2204000
1683000
1301000
1289000
1277000
1265000
1253000
1242000
1230000
1219000
1208000
1198000
1187000
1177000
1167000
1157000
1147000
1137000
1128000
1119000
1110000
1101000
1092000
1083000
1074000
1066000
1058000
1049000
1041000
1033000
1026000
1018000
1010000
1003000
995600
988300
981200
974100
967200
960300
953600
946900
940400
933900
927500
921200
915000
908900
902900
896900
891000
885200
879500
873800
868200
862700
857200
851900
846600
841300
836100
831000
826000
821000
816000
811100
806300
801600
796900
792200
787600
783100
778600
774200
769800
1306000
1226000
963200
882400
2421000
1333000
1151000
1235000
1934000
3575000
1930000
1582000
2062000
1575000
1484000
1414000
3021000
1889000
1691000
1542000
1525000
1508000
1491000
1475000
1459000
1606000
3020000
1928000
2983000
5199000
8223000
5311000
8585000
4486000
3745000
3258000
3181000
3107000
3037000
2970000
2906000
2845000
2786000
2729000
2675000
8309000
4350000
3648000
3115000
3045000
2977000
2913000
2851000
3264000
2892000
2785000
5957000
3902000
5459000
3610000
3278000
3033000
2966000
2902000
2841000
2782000
2726000
4036000
4266000
3398000
3004000
6854000
5036000
3802000
3285000
3127000
3056000
2988000
2923000
3097000
2880000
2797000
2722000
2668000
2617000
5696000
3525000
3124000
2815000
2757000
2702000
2649000
2598000
2549000
2501000
2456000
2412000
4928000
3652000
2985000
2674000
2584000
2535000
2489000
3089000
2975000
2609000
2472000
2399000
2357000
2317000
2277000
2240000
2203000
2168000
2134000
5537000
3139000
2715000
2394000
2353000
2312000
2273000
2236000
3737000
2643000
2433000
2269000
2232000
2196000
2160000
2126000
4381000
8649000
4330000
3435000
2899000
2838000
2779000
6575000
6560000
4203000
3512000
3215000
3140000
3068000
3e+06
2935000
2872000
2812000
2755000
2699000
2646000
2596000
2547000
2499000
2454000
2410000
2368000
2327000
2288000
2249000
2213000
2177000
2142000
2109000
2077000
2045000
2015000
1985000
1956000
2907000
2295000
2335000
2042000
6880000
4618000
3233000
2659000
2518000
2472000
2427000
2384000
2453000
2337000
2286000
2240000
2203000
2168000
2133000
2100000
2068000
2037000
2007000
1977000
1949000
1921000
1894000
2032000
5363000
6773000
9691000
6410000
4437000
3848000
4589000
3663000
3429000
3254000
3725000
5208000
3731000
3391000
5296000
3742000
3424000
3173000
4396000
3602000
3260000
3064000
2982000
3834000
3140000
2975000
2839000
2781000
2725000
2671000
2619000
2569000
2521000
2475000
2644000
4281000
3447000
3770000
8313000
5174000
3897000
3296000
3158000
3086000
3017000
4530000
8244000
5451000
4124000
6894000
4454000
4161000
3673000
3558000
3453000
3366000
3284000
3206000
3131000
3060000
2992000
2927000
2865000
2805000
2748000
2693000
2640000
2589000
2541000
2494000
2448000
2405000
2363000
2322000
2283000
2245000
2208000
2173000
2138000
2105000
2073000
2041000
2011000
2271000
2770000
2198000
2061000
1972000
1944000
1917000
1890000
1864000
1838000
1814000
1790000
2654000
2037000
1918000
1822000
1798000
1775000
1752000
1729000
1707000
1686000
1665000
1645000
1625000
1606000
1587000
1569000
1551000
1533000
1516000
1499000
1483000
1467000
1451000
1436000
1421000
1406000
1392000
1377000
1364000
1350000
1337000
1324000
1311000
1298000
1286000
1274000
1262000
1250000
1239000
1228000
1217000
1206000
1772000
1373000
1299000
1242000
1231000
1219000
1209000
1198000
3764000
6023000
2957000
2277000
1924000
1897000
1871000
1845000
1820000
2226000
4365000
4023000
2933000
5852000
4789000
3344000
2850000
2678000
2626000
4735000
3236000
2948000
2721000
2667000
2615000
2566000
2831000
12350000
5556000
4361000
3481000
3393000
3309000
6526000
4178000
3723000
3370000
3288000
3209000
3135000
3063000
3852000
3187000
3025000
2891000
3829000
6741000
6174000
4141000
5892000
4009000
3658000
3380000
3297000
3218000
3143000
3071000
3003000
2937000
2874000
2814000
2757000
2702000
2648000
2597000
2548000
2501000
2456000
2412000
2369000
2329000
4053000
2807000
2570000
2385000
2343000
2303000
2339000
2805000
4080000
2808000
2750000
2423000
2357000
2300000
3038000
2466000
3696000
2666000
2475000
2325000
2286000
2248000
2211000
2175000
2141000
2108000
2075000
2044000
2013000
1984000
1955000
1927000
1900000
1874000
1848000
1823000
1799000
1775000
1752000
1953000
4593000
3071000
2398000
2089000
2022000
1992000
1963000
1935000
1908000
1881000
1855000
1830000
1806000
1782000
1759000
1736000
1714000
1693000
1672000
1651000
1632000
4752000
5927000
3245000
2581000
2272000
2234000
2198000
2163000
3174000
2541000
2303000
2169000
3721000
2636000
2385000
2213000
2173000
2139000
2106000
2073000
2042000
2011000
1982000
1953000
1926000
1899000
1872000
1847000
1822000
1798000
1774000
1751000
1729000
1707000
1686000
1665000
1645000
1625000
3238000
2116000
1916000
1762000
1839000
1750000
1718000
1688000
1667000
1647000
1627000
1608000
1589000
1571000
1553000
1535000
1518000
1501000
1485000
1469000
1453000
1437000
1422000
1408000
1393000
1379000
1365000
1351000
1379000
2028000
1602000
1456000
1377000
1358000
1344000
1331000
1318000
1305000
1293000
1281000
1269000
1257000
1245000
1234000
1223000
1475000
2032000
2430000
1650000
1468000
1376000
1362000
1348000
1335000
1322000
1309000
1297000
1284000
1272000
1261000
1249000
1238000
1226000
1215000
1205000
1194000
3208000
1801000
1562000
1383000
1369000
1356000
1342000
1329000
1316000
1304000
1291000
1279000
1267000
1255000
1244000
1232000
1221000
1210000
1200000
1189000
1179000
2604000
1610000
1439000
1310000
1298000
1285000
1273000
1261000
1250000
1238000
1227000
1216000
1205000
1195000
1184000
1174000
1164000
1154000
1144000
1135000
1125000
1116000
1107000
1098000
1089000
1081000
1072000
1064000
1055000
1047000
1039000
1031000
1023000
1016000
1008000
1001000
993500
986300
979200
972200
965200
958400
951700
945100
938500
932100
925700
919500
913300
907200
901200
895200
889300
883600
877800
872200
866600
861100
855700
850300
845100
839800
845800
1442000
1937000
2048000
4736000
2219000
1760000
1468000
1452000
1437000
1422000
1407000
1393000
1378000
1365000
1351000
1338000
1325000
1312000
1299000
1287000
1275000
1263000
1251000
1240000
1229000
1217000
1207000
1196000
1186000
1175000
1165000
1155000
1145000
1136000
1126000
1117000
1758000
1598000
1328000
1236000
1202000
1192000
1181000
4379000
2159000
1889000
1541000
1513000
1488000
1472000
1456000
1440000
1425000
1410000
1396000
1484000
2216000
1624000
1509000
1427000
1412000
1398000
1383000
1369000
1356000
1342000
1329000
1316000
1304000
1291000
1279000
1267000
2486000
4733000
2839000
2157000
1808000
2071000
2281000
1920000
1822000
1762000
1740000
2931000
7704000
4466000
3174000
2588000
2479000
2435000
2391000
2350000
2362000
2499000
2388000
2269000
2207000
2165000
2131000
2098000
2066000
2035000
2004000
1975000
3782000
2473000
2233000
2051000
2021000
1991000
1962000
1934000
1907000
4849000
2766000
2400000
2125000
2092000
2060000
2029000
1999000
1970000
1942000
1914000
1888000
1862000
1836000
1812000
3216000
2224000
2041000
1900000
1874000
2400000
2062000
2492000
2072000
3331000
2305000
2119000
1978000
1950000
1922000
1941000
2395000
2114000
1967000
1891000
1857000
1832000
1808000
1784000
1761000
2008000
2061000
1837000
1765000
1722000
1701000
2306000
1862000
1773000
1732000
1690000
1666000
1643000
1624000
1604000
1586000
1567000
1549000
1532000
1515000
1498000
1714000
1538000
1496000
3074000
1953000
1756000
1606000
1588000
1569000
1551000
2379000
1784000
2314000
1874000
1951000
2191000
5414000
3848000
2694000
2257000
2142000
2109000
2077000
2045000
2015000
1985000
1956000
1928000
1901000
1875000
1849000
1824000
1800000
1776000
1753000
1731000
1709000
1688000
1667000
1647000
1627000
1608000
1589000
1570000
1552000
1535000
1518000
1501000
1484000
1468000
1452000
1437000
1422000
1407000
1393000
1379000
1365000
1351000
1338000
1325000
1312000
1874000
1460000
1382000
1322000
1309000
1819000
1441000
1369000
1420000
1333000
1308000
1287000
1275000
1263000
1251000
1240000
1229000
1218000
1207000
1196000
1186000
1175000
1165000
1155000
1146000
1136000
1127000
1117000
1108000
1471000
1767000
2202000
1514000
1363000
1282000
1270000
1258000
1246000
1235000
1224000
1213000
1202000
1192000
1181000
1171000
1161000
1151000
1141000
1132000
1123000
1113000
1104000
1095000
1087000
1078000
1069000
1061000
1053000
1045000
1037000
1029000
1021000
1013000
1006000
998600
991300
984100
977000
1129000
1013000
988200
968400
961500
954800
948100
1357000
1954000
1635000
1266000
1148000
1429000
1429000
1236000
1177000
1150000
1140000
1131000
1121000
1112000
1103000
1094000
1085000
1077000
1068000
1060000
1052000
1044000
1036000
1028000
1020000
1013000
1005000
997700
990400
983200
976100
969200
962300
955500
948800
942200
935700
929300
923000
1656000
1153000
1055000
1887000
1437000
1242000
1717000
2457000
7595000
3349000
2509000
1986000
1951000
1923000
1896000
2283000
1984000
1915000
1856000
1831000
1807000
1783000
1760000
1737000
1715000
1694000
1673000
1652000
1632000
1613000
1594000
1575000
2311000
2102000
1916000
1708000
2534000
6385000
5964000
3469000
2774000
5111000
5512000
3650000
7084000
5687000
4067000
3484000
3274000
3196000
3122000
3051000
2983000
2919000
11710000
5564000
4484000
3667000
3570000
3477000
3390000
3306000
3227000
3151000
3079000
3010000
4073000
10030000
5268000
4238000
3577000
3474000
3387000
3304000
3225000
3149000
3077000
3008000
2943000
2880000
3118000
2861000
4661000
3764000
3731000
3083000
2921000
4224000
4069000
10010000
8938000
8473000
5311000
6764000
12010000
6777000
10990000
