1366000
1348000
1330000
1312000
1294000
1277000
1261000
1245000
1229000
1214000
1199000
1184000
1170000
1156000
1142000
1129000
1450000
1540000
1523000
1500000
1494000
1661000
1633000
1732000
2692000
2636000
2568000
2502000
2439000
2588000
2531000
2465000
2561000
2517000
2604000
3834000
4642000
4391000
4192000
4017000
4023000
3850000
3700000
4256000
4022000
4125000
3941000
3783000
3640000
3507000
3383000
3268000
3288000
3152000
3049000
2956000
2868000
2785000
2707000
2633000
2563000
2728000
2652000
2581000
2513000
2450000
2389000
2332000
2277000
2307000
2522000
2736000
2765000
2691000
2618000
2549000
2483000
2421000
2362000
2305000
2372000
2302000
2247000
2196000
2147000
2101000
2056000
2142000
2096000
2051000
2008000
1968000
1929000
1891000
1855000
1820000
1786000
1754000
1758000
1731000
1701000
1671000
1643000
1616000
1589000
1564000
1539000
1515000
1492000
1469000
1447000
1426000
1405000
1385000
2144000
2158000
2120000
2075000
2032000
1990000
1950000
1912000
2024000
2284000
2212000
2160000
2113000
2068000
2025000
1983000
1943000
1905000
1869000
1833000
1799000
1806000
1788000
1757000
1726000
1696000
1667000
1639000
1612000
1585000
1560000
1535000
1511000
1488000
1466000
1444000
1535000
1968000
1982000
2110000
2084000
2042000
2e+06
1959000
1920000
1883000
1847000
1813000
1779000
1747000
1716000
1686000
2004000
2024000
1988000
1948000
1910000
1873000
1837000
1803000
1770000
1738000
1708000
1678000
1650000
1622000
1595000
1570000
1545000
1520000
1497000
1474000
1452000
1431000
1410000
1390000
1370000
1351000
1333000
1315000
1297000
1280000
1263000
1268000
1265000
1321000
1336000
1320000
1303000
1286000
1269000
1252000
1237000
1221000
1206000
1191000
1177000
1163000
1149000
1135000
1122000
1110000
1097000
1143000
1215000
1224000
1211000
1197000
1182000
1168000
1154000
1140000
1127000
1114000
1102000
1089000
1077000
1065000
1122000
1502000
1535000
1519000
1496000
1474000
1452000
1527000
1499000
1476000
1454000
1432000
1412000
1391000
1372000
1353000
1334000
1316000
1298000
1281000
1265000
1248000
1289000
1295000
1281000
1264000
1248000
1232000
1217000
1202000
1187000
1173000
1159000
1145000
1132000
1119000
1164000
1584000
1986000
2042000
3081000
3100000
3020000
2930000
2843000
2762000
2685000
2612000
2543000
2478000
2416000
2357000
2301000
2248000
2197000
2148000
2101000
2057000
2014000
1973000
1933000
1896000
1859000
1824000
1791000
1758000
1766000
2092000
2521000
2412000
2350000
2294000
2241000
2190000
2142000
2174000
2153000
2098000
2053000
2011000
1970000
1930000
1893000
1856000
1822000
1788000
1756000
1796000
1882000
1865000
1832000
1798000
1765000
1733000
1703000
1674000
1645000
1618000
1591000
1566000
1541000
2234000
3629000
3467000
3342000
3230000
3125000
3027000
2935000
2848000
2766000
2689000
2616000
2742000
2668000
2596000
2528000
2463000
2557000
2483000
2420000
2361000
2305000
2251000
2200000
2151000
2104000
2093000
2049000
2007000
1966000
1927000
1899000
1865000
2459000
2398000
2340000
2285000
2294000
2234000
2182000
2134000
2347000
2293000
2232000
2181000
2133000
2087000
2043000
2001000
1971000
1978000
1949000
1912000
1875000
1839000
1805000
1772000
1910000
1902000
1867000
1832000
1798000
1765000
1773000
2393000
2353000
2456000
2919000
2837000
2755000
2678000
2606000
2537000
2472000
2411000
2352000
2296000
2243000
2192000
2144000
2097000
2053000
2010000
1969000
1930000
1892000
1856000
1821000
1788000
1755000
1724000
1842000
1827000
1795000
1762000
1731000
3072000
3031000
2944000
3243000
5547000
5189000
4875000
4636000
4421000
4518000
4830000
4629000
4415000
4220000
4042000
3878000
3727000
3588000
3459000
3339000
3227000
4746000
4737000
4522000
5191000
4928000
4668000
4450000
4252000
4071000
4701000
4492000
4288000
4104000
3935000
3780000
3637000
3504000
3381000
3266000
3159000
4177000
3877000
3713000
3575000
3447000
3328000
3216000
3112000
3015000
2923000
2843000
2762000
2986000
2920000
2835000
2754000
2677000
2605000
2537000
2472000
2410000
2351000
2296000
2242000
2192000
2143000
2097000
2052000
2010000
1969000
1929000
1892000
1856000
1821000
1787000
1755000
1724000
1694000
1664000
1636000
1609000
1965000
1979000
1944000
1906000
1869000
1834000
1800000
1767000
1735000
1705000
1675000
1647000
1619000
1593000
1567000
1542000
1518000
1495000
1472000
1450000
1429000
1408000
1388000
1368000
1349000
1331000
1313000
1589000
1813000
1802000
1771000
1740000
1709000
1679000
1651000
1623000
1597000
1571000
1546000
1521000
1554000
1529000
1505000
1482000
1460000
1438000
1417000
1397000
1377000
1382000
1366000
1347000
1328000
1310000
1293000
1276000
1259000
1243000
1227000
1212000
1197000
1183000
1168000
1155000
1141000
1128000
1115000
1102000
1090000
1078000
1066000
1055000
1043000
1032000
1021000
1011000
1e+06
990100
980200
970400
960800
951400
942200
933200
924300
915700
907100
898800
890500
882500
874500
866800
859100
851600
844200
837000
829800
822800
815900
809200
802500
795900
1082000
1160000
1165000
1154000
1140000
1127000
1114000
1102000
1089000
1077000
1065000
1054000
1043000
1032000
1021000
1010000
999800
1173000
1228000
1228000
1214000
1216000
1207000
1193000
1178000
1164000
1150000
1137000
1124000
1111000
1098000
1086000
1074000
1063000
1051000
1040000
1047000
1041000
1057000
1050000
1039000
1028000
1018000
1040000
1085000
1084000
1073000
1062000
1050000
1039000
1028000
1017000
1007000
996600
986500
976600
966900
957400
948000
1027000
1026000
1017000
1007000
996400
986300
976400
966700
957200
947900
938700
929800
1131000
1304000
1353000
1341000
1323000
1306000
1288000
1422000
1417000
1399000
1379000
1360000
1585000
2341000
2340000
2288000
2236000
2186000
2137000
2091000
2145000
3068000
3090000
3011000
2921000
2835000
2754000
2678000
2606000
2537000
2472000
2411000
2352000
2296000
2243000
2414000
2469000
3179000
3126000
3029000
2937000
3752000
3670000
3511000
3386000
3272000
3164000
3063000
2969000
2880000
2796000
2718000
2643000
2573000
2634000
2664000
2862000
3038000
2981000
2894000
2810000
2730000
2655000
3353000
3254000
3146000
3828000
3979000
4195000
4574000
4367000
4174000
4300000
4110000
3939000
3784000
3640000
3507000
3384000
3269000
3161000
3484000
3310000
3195000
3092000
2996000
2905000
2820000
2740000
2665000
2593000
2525000
2461000
2400000
2342000
2286000
2344000
2276000
2222000
2231000
2172000
2123000
2078000
2034000
1992000
1957000
2035000
2032000
3087000
2982000
2891000
2807000
2728000
2653000
2667000
2641000
2570000
2503000
2524000
2456000
2394000
2336000
2281000
2229000
2179000
2131000
2085000
2041000
1999000
1958000
1919000
1882000
1846000
1812000
1778000
1746000
1873000
1860000
1827000
1793000
1780000
1757000
1771000
1748000
1718000
1688000
1659000
1631000
1604000
1578000
1553000
1528000
1505000
1482000
1708000
1804000
1786000
1755000
1842000
1824000
1792000
1759000
1728000
1698000
1668000
1640000
1613000
1587000
1561000
1536000
1512000
1489000
1467000
1445000
1424000
1403000
1383000
1364000
1345000
1327000
1627000
1862000
1857000
1825000
1792000
1759000
1728000
1698000
1669000
1640000
1613000
1587000
1561000
1536000
1513000
1489000
1467000
1445000
1424000
1403000
1383000
1407000
1382000
1362000
1344000
1325000
1307000
1290000
1295000
1288000
1272000
1256000
1240000
1224000
1209000
1194000
1179000
1165000
1152000
1138000
1125000
1112000
1100000
1087000
1075000
1063000
1052000
1041000
1030000
1159000
1177000
1167000
1154000
1140000
1127000
1114000
1102000
1089000
1077000
1066000
1054000
1144000
1154000
1144000
1131000
1118000
1105000
1093000
1081000
1069000
1057000
1046000
1035000
1024000
1013000
1003000
992400
982400
972500
962900
953500
944300
1004000
1036000
1032000
1085000
1084000
1074000
1062000
1051000
1040000
1029000
1018000
1007000
997000
986900
977000
967300
957700
948400
939300
930300
929500
921000
912500
904100
895800
919500
1085000
1095000
1087000
1076000
1064000
1086000
1081000
1070000
1058000
1047000
1035000
1025000
1014000
1003000
993200
983200
973400
963700
954300
1057000
1198000
1225000
1214000
1200000
1185000
1171000
1157000
1143000
1130000
1117000
1104000
1092000
1170000
2686000
2689000
2641000
2573000
2507000
2443000
2383000
2326000
2271000
2219000
2169000
2122000
2076000
2032000
1991000
1951000
1912000
1875000
1839000
1805000
1772000
1740000
1710000
1680000
1651000
1624000
1597000
1571000
1546000
1522000
1498000
1476000
1454000
1432000
1411000
1391000
1372000
1352000
1334000
1316000
1298000
1281000
1264000
1248000
1232000
1217000
1202000
1187000
1173000
1159000
1145000
1132000
1119000
1106000
1094000
1082000
1070000
1058000
1047000
1036000
1025000
1014000
1004000
993300
983300
973500
963800
954400
945100
936000
1030000
1030000
1021000
1011000
1001000
990600
1127000
1188000
1192000
1179000
1510000
1530000
1512000
1555000
1777000
2430000
2393000
2336000
2504000
2422000
2361000
2305000
2784000
2684000
2608000
2540000
2475000
2413000
2354000
2298000
2245000
2260000
2704000
2596000
2937000
4078000
6348000
6434000
8389000
7552000
6970000
6490000
6074000
5708000
5385000
5096000
4837000
4604000
4392000
4200000
4023000
6081000
5552000
5225000
4953000
4709000
4487000
4286000
4102000
4121000
3943000
3786000
4681000
4502000
4895000
4675000
4455000
4257000
4076000
3909000
3756000
3615000
3484000
3912000
4090000
3937000
3774000
4786000
4822000
4607000
4395000
4202000
4026000
3863000
3714000
3702000
3549000
3420000
3303000
3193000
3091000
4030000
3759000
3606000
3476000
3354000
3241000
3136000
3070000
2981000
2891000
2807000
2728000
3364000
3445000
3288000
3176000
3075000
2980000
2890000
3004000
3017000
2937000
2851000
2769000
2691000
2618000
2549000
2484000
2421000
2362000
2306000
3100000
3063000
2971000
2883000
2799000
2720000
2645000
2575000
2926000
2855000
2772000
2695000
2622000
2552000
2487000
2424000
3005000
4777000
4459000
4248000
4068000
3902000
3752000
4771000
5564000
5130000
4856000
4621000
4407000
4213000
4036000
3873000
3722000
3583000
3454000
3335000
3223000
3118000
3030000
2939000
2853000
2862000
2786000
2708000
2634000
2564000
2497000
2434000
2375000
2318000
2263000
2212000
2314000
2239000
2187000
2578000
2489000
2478000
2412000
3657000
3921000
3710000
3567000
3439000
3320000
3209000
3284000
3202000
3087000
2990000
2900000
2816000
2736000
2660000
2589000
2521000
2457000
2396000
2338000
2283000
2230000
2180000
2362000
3111000
4372000
6324000
6395000
5992000
5737000
5875000
5470000
5167000
4945000
4892000
5355000
4973000
4717000
5275000
4928000
4678000
4460000
4655000
4506000
4305000
4120000
3950000
4140000
3948000
3789000
3645000
3512000
3388000
3273000
3165000
3064000
2970000
2881000
3096000
3641000
3610000
3780000
5312000
5267000
4915000
4669000
4451000
4253000
4072000
4366000
5811000
5681000
5295000
6392000
5809000
5541000
5224000
4951000
4707000
4485000
4284000
4101000
3933000
3778000
3635000
3502000
3379000
3264000
3157000
3057000
2963000
2874000
2791000
2713000
2639000
2568000
2502000
2439000
2379000
2321000
2267000
2215000
2166000
2118000
2276000
2191000
2140000
2505000
2557000
2478000
2415000
2356000
2300000
2247000
2196000
2147000
2100000
2056000
2013000
2388000
2308000
2252000
2201000
2152000
2105000
2060000
2017000
1976000
1937000
1899000
1862000
1827000
1793000
1761000
1729000
1699000
1670000
1642000
1614000
1588000
1562000
1538000
1514000
1490000
1468000
1446000
1425000
1404000
1384000
1365000
1346000
1327000
1310000
1292000
1275000
1259000
1243000
1227000
1212000
1197000
1182000
1345000
1378000
1364000
1345000
1327000
1309000
1292000
1275000
1763000
2810000
2754000
2680000
2608000
2540000
2475000
2413000
2354000
2448000
3e+06
3307000
3280000
4431000
4634000
4419000
4222000
4044000
3880000
4534000
4308000
4118000
3948000
3792000
3648000
3514000
3519000
6948000
6226000
5812000
5477000
5178000
4911000
5973000
5435000
5123000
4861000
4626000
4412000
4217000
4039000
4115000
3933000
3777000
3634000
3853000
4661000
5077000
4790000
5399000
5013000
4752000
4527000
4322000
4136000
3964000
3807000
3662000
3527000
3402000
3286000
3177000
3076000
2981000
2891000
2807000
2728000
2653000
2582000
2516000
2452000
2880000
2798000
2718000
2644000
2573000
2506000
2477000
2540000
2856000
2779000
2750000
2675000
2603000
2535000
2652000
2577000
2819000
2744000
2667000
2596000
2528000
2463000
2402000
2344000
2288000
2235000
2185000
2137000
2091000
2046000
2013000
1975000
1936000
1898000
1861000
1826000
1792000
1760000
1729000
1801000
2371000
2433000
2366000
2308000
2255000
2203000
2154000
2107000
2062000
2019000
1978000
1939000
1901000
1883000
1850000
1816000
1782000
1750000
1719000
1689000
1660000
2455000
3178000
3131000
3035000
2942000
2855000
2773000
2696000
2963000
2925000
2842000
2761000
3055000
3007000
2919000
2833000
2752000
2676000
2604000
2535000
2470000
2409000
2350000
2294000
2241000
2191000
2142000
2096000
2051000
2009000
1968000
1929000
1891000
1855000
1820000
1786000
1754000
1723000
2429000
2391000
2336000
2281000
2282000
2223000
2172000
2124000
2079000
2035000
1993000
1953000
1914000
1877000
1842000
1807000
1774000
1742000
1712000
1682000
1653000
1625000
1599000
1573000
1670000
1645000
1618000
1611000
1651000
1760000
1754000
1726000
1696000
1667000
1638000
1611000
1585000
1559000
1535000
1511000
1488000
1465000
1443000
1422000
1402000
1619000
1740000
1904000
1897000
1863000
1828000
1794000
1762000
1730000
1700000
1671000
1643000
1615000
1589000
1563000
1538000
1514000
1491000
1469000
1447000
1667000
2110000
2129000
2089000
2045000
2003000
1962000
1923000
1886000
1850000
1815000
1782000
1750000
1719000
1689000
1660000
1632000
1605000
1579000
1553000
1529000
1564000
2052000
2088000
2050000
2008000
1968000
1928000
1891000
1855000
1820000
1786000
1754000
1723000
1693000
1664000
1636000
1609000
1582000
1557000
1532000
1509000
1485000
1490000
1466000
1444000
1423000
1402000
1382000
1363000
1344000
1326000
1308000
1291000
1274000
1257000
1280000
1279000
1267000
1252000
1236000
1220000
1205000
1191000
1176000
1162000
1148000
1135000
1122000
1109000
1097000
1084000
1072000
1061000
1049000
1038000
1027000
1027000
1018000
1007000
997000
986900
977000
1013000
1050000
1145000
1309000
1592000
2523000
2491000
2433000
2374000
2317000
2263000
2211000
2162000
2114000
2069000
2026000
1984000
1944000
1906000
1869000
1834000
1800000
1767000
1736000
1705000
1676000
1647000
1620000
1593000
1567000
1542000
1518000
1495000
1472000
1450000
1429000
1408000
1388000
1749000
1798000
1777000
1746000
1715000
1685000
1657000
2501000
2463000
2439000
2377000
2320000
2266000
2214000
2164000
2117000
2071000
2028000
1986000
1984000
2152000
2116000
2071000
2028000
1986000
1946000
1908000
1871000
1836000
1802000
1769000
1737000
1706000
1677000
1648000
1621000
1850000
2724000
2776000
2718000
2644000
2680000
2756000
2683000
2610000
2542000
2476000
2814000
4618000
4612000
4403000
4209000
4032000
3869000
3719000
3580000
3495000
3443000
3339000
3220000
3115000
3017000
2926000
2840000
2758000
2682000
2609000
2541000
2916000
2842000
2760000
2684000
2611000
2542000
2477000
2415000
2356000
3043000
2960000
2871000
2788000
2710000
2636000
2566000
2499000
2436000
2376000
2319000
2265000
2213000
2164000
2116000
2547000
2424000
2360000
2304000
2250000
2389000
2327000
2428000
2363000
2635000
2546000
2478000
2416000
2358000
2301000
2271000
2374000
2328000
2269000
2217000
2167000
2119000
2074000
2031000
1989000
2031000
2061000
2034000
1993000
1953000
1914000
2016000
2008000
1970000
1940000
1904000
1868000
1833000
1799000
1766000
1734000
1704000
1674000
1646000
1618000
1596000
1640000
1614000
1588000
1887000
1885000
1852000
1818000
1784000
1752000
1721000
1906000
1902000
1992000
1997000
2007000
2077000
3009000
3109000
3038000
2947000
2859000
2777000
2699000
2626000
2556000
2490000
2428000
2368000
2312000
2258000
2206000
2157000
2110000
2065000
2022000
1981000
1941000
1903000
1866000
1831000
1797000
1764000
1733000
1702000
1673000
1645000
1617000
1591000
1565000
1540000
1516000
1493000
1470000
1678000
1650000
1623000
1596000
1570000
1545000
1521000
1537000
1652000
1626000
1600000
1574000
1549000
1674000
1649000
1622000
1634000
1609000
1583000
1557000
1533000
1509000
1486000
1463000
1442000
1420000
1400000
1380000
1361000
1342000
1324000
1306000
1289000
1272000
1255000
1239000
1257000
1453000
1613000
1782000
1766000
1736000
1706000
1676000
1648000
1620000
1594000
1568000
1543000
1566000
1541000
1517000
1494000
1471000
1449000
1428000
1407000
1387000
1368000
1349000
1330000
1312000
1295000
1278000
1362000
1368000
1351000
1333000
1315000
1297000
1280000
1264000
1247000
1232000
1216000
1201000
1347000
1375000
1361000
1342000
1324000
1306000
1289000
1423000
1676000
1745000
1723000
1694000
1776000
1820000
1796000
1764000
1733000
1703000
1673000
1645000
1617000
1591000
1565000
1540000
1516000
1493000
1470000
1448000
1427000
1407000
1472000
1444000
1422000
1402000
1382000
1362000
1344000
1325000
1307000
1290000
1273000
1257000
1241000
1225000
1210000
1278000
1563000
1549000
1526000
1764000
1794000
1777000
1919000
2285000
4582000
4318000
4122000
3953000
3796000
3652000
3518000
3679000
3500000
3373000
3258000
3152000
3052000
2958000
2870000
2787000
2709000
2635000
2565000
2498000
2435000
2375000
2318000
2264000
2626000
2631000
2601000
2531000
2758000
4257000
5100000
4819000
4590000
5644000
6274000
5741000
7040000
7118000
6625000
6189000
5810000
5475000
5177000
4910000
4670000
4452000
7793000
7046000
6531000
6109000
5740000
5412000
5121000
4860000
4624000
4411000
4216000
4039000
4236000
6408000
5870000
5500000
5199000
4930000
4688000
4468000
4269000
4087000
3919000
3765000
3623000
3492000
3525000
3374000
3891000
3777000
3774000
3610000
3478000
3821000
3848000
5760000
6884000
7453000
6917000
7260000
9828000
8673000
10380000
