513200
510700
507700
504500
501300
498200
495100
492000
489000
486000
483100
480200
477300
474500
471700
468900
23780000
8278000
3213000
702300
1285000
9677000
2542000
7261000
35880000
8596000
3613000
439700
437300
6446000
2360000
1120000
4944000
2254000
5318000
30960000
24920000
7067000
2046000
414400
3309000
1056000
677700
12420000
3082000
6185000
1440000
833000
397300
395400
393400
391500
2829000
931300
612900
384300
382400
380600
378800
377000
375200
7143000
1880000
1e+06
369100
367400
365700
364100
362400
3224000
8696000
10710000
6022000
1822000
642000
353700
352200
350600
349100
347600
4131000
1188000
695400
342000
340600
339100
337700
4997000
1373000
767200
332600
331200
329800
328500
327100
325800
324500
323100
3722000
1078000
635700
318300
317100
315800
314600
313300
312100
310900
309700
308500
307300
306100
305000
303800
37770000
8649000
3786000
301600
300400
299300
298200
297100
8460000
10270000
2871000
1052000
293200
292100
291000
290000
288900
287900
286900
285800
284800
3561000
1463000
687000
323000
280200
279200
278200
277200
276300
275300
274400
273500
272500
271600
270700
6713000
23200000
5658000
8783000
1722000
875300
268800
267900
267000
266100
497100
316100
285100
262700
261800
261000
17780000
4164000
1890000
260000
259200
258300
257500
256700
255800
255000
254200
253400
252600
251800
251000
250200
249400
248700
247900
247100
246400
245600
244900
244100
243400
242600
241900
241200
240400
239700
239000
3025000
1231000
6134000
1510000
754100
237100
236400
235700
235000
234300
233600
232900
232300
231600
230900
230300
229600
228900
228300
227600
6113000
7053000
2004000
740500
227300
226700
226000
225400
224800
224100
223500
222900
222300
221600
221000
6868000
25130000
6061000
2402000
223700
223100
222500
5822000
1470000
742600
221400
220800
220200
219600
219000
218400
217800
217200
216600
216000
215400
214800
6983000
1723000
843900
214200
213600
213000
212500
211900
211300
210800
210200
209700
209100
208600
6595000
25530000
24320000
6490000
31980000
10260000
3761000
530400
218900
218300
217700
217100
216500
215900
215400
214800
214200
213600
213100
212500
211900
211400
210800
210300
209700
209200
208600
208100
207500
207000
4002000
15780000
14800000
4020000
1230000
210700
210100
209600
209000
2645000
1807000
669900
305900
207100
206600
206000
205500
205000
204500
203900
203400
3901000
5923000
1638000
658400
202800
202300
201800
201300
200800
200300
199800
199300
198800
198300
29590000
40170000
10380000
3314000
206100
205500
205000
204500
204000
203400
202900
202400
5468000
1375000
691600
201600
201100
4296000
1113000
581200
2e+05
199500
199000
198500
198000
197500
1337000
521800
318100
202400
195400
640700
293800
20610000
4736000
2092000
197100
1864000
567900
351000
195500
7002000
2758000
1061000
292600
194900
194400
193900
193500
657600
2247000
670300
373500
191700
191200
190700
190300
7862000
1900000
903800
190100
189700
189200
2040000
22880000
5327000
6379000
15210000
3718000
1506000
194700
194200
193800
193300
192800
192400
191900
191400
191000
190500
190100
189600
189200
188700
188300
187800
187400
187000
186500
186100
185700
8013000
1930000
913700
185600
185100
43650000
9872000
4231000
9306000
39400000
10650000
3947000
318700
195200
5156000
9408000
2464000
949900
195700
195200
194700
194200
193800
193300
192800
192400
28440000
12040000
4059000
12690000
3372000
1425000
245200
197700
197200
13560000
3176000
1441000
198200
197700
197200
196700
196300
195800
195300
194800
20660000
4756000
2100000
197400
196900
196400
196000
195500
195000
194500
1383000
458600
8351000
1987000
942200
193700
193300
192800
556300
273000
225300
191000
190600
190100
189700
189200
188800
188300
187900
187400
187000
186600
186100
185700
185300
184800
184400
184000
183600
183200
182700
19490000
4485000
1980000
185300
184800
184400
184000
183600
183100
182700
182300
181900
181500
181100
180600
180200
179800
179400
179000
178600
966700
353800
251100
177500
177100
176700
176300
15680000
14380000
4016000
1180000
180800
180400
180000
179600
179200
178800
178400
178000
1586000
3171000
906100
427300
177900
177500
177100
176700
176300
175900
2514000
961100
452200
200200
175300
554900
259300
209700
174000
173600
173200
172800
172500
172100
171700
171400
171000
170600
170300
169900
169500
169200
168800
168500
168100
167800
167400
167100
166700
166400
166000
165700
165300
165000
164700
164300
164000
163600
163300
163000
162600
162300
162000
161700
161300
161000
160700
160400
160000
159700
159400
159100
158800
28940000
7811000
3116000
280500
165200
164900
164500
164200
163800
163500
163200
162800
162500
162200
161800
161500
1468000
14690000
5477000
1939000
353700
1520000
467500
291500
165300
165000
164600
164300
164000
163600
163300
163000
162600
162300
162000
161600
3056000
905900
2343000
592600
337900
162000
161600
2939000
4467000
1243000
505900
163100
162700
162400
162100
161700
161400
161100
160800
160400
160100
159800
159500
7151000
1719000
811600
161400
161100
160800
160500
160200
159800
159500
159200
158900
16700000
15270000
4249000
1229000
166400
166000
165700
8377000
1997000
931000
167500
167100
10710000
32450000
8119000
3025000
203400
175500
175100
174700
2886000
26190000
9848000
3380000
530300
180700
180300
179900
179500
179100
178700
178300
177900
177500
177100
6115000
4997000
22050000
5082000
2092000
182500
17670000
6088000
2258000
371700
209500
189800
186200
183400
183000
182600
182200
181800
181300
3709000
3563000
8129000
8467000
2510000
836900
204800
183100
182700
18410000
4245000
1880000
13870000
9633000
9758000
11750000
2932000
1068000
5075000
1279000
644300
189700
189300
188800
188400
187900
187500
8114000
1954000
924700
187400
187000
186500
186100
185700
185200
184800
184400
183900
183500
183100
182700
3492000
919700
489900
1679000
515400
320800
181200
180800
180400
593900
5267000
1693000
30950000
6950000
2995000
185200
184700
184300
2683000
1905000
675500
291700
2406000
678300
389500
182400
182000
181600
181200
180800
180400
179900
179500
179100
178700
178300
177900
177600
177200
176800
8198000
1965000
923600
177500
1294000
680300
2113000
748500
376100
191000
176500
176100
175700
175300
174900
174600
174200
173800
12580000
8142000
2490000
661100
5385000
1338000
662000
177600
177200
176800
176400
176000
175600
175200
174900
174500
174100
173700
173300
173000
172600
172200
171900
171500
171100
170800
16490000
15190000
4228000
1234000
176400
176000
175700
175300
174900
174500
174100
173700
173400
173000
172600
172200
171900
171500
171100
170800
170400
2778000
751600
413000
170300
169900
169500
169200
2489000
686200
384900
168900
168500
168200
167800
167500
167100
166800
166400
166100
165700
165400
165000
164700
164400
164000
163700
163400
163000
13010000
3027000
1360000
165900
165600
165200
164900
164600
164200
163900
163600
163200
8483000
2018000
938900
165300
164900
164600
164200
163900
163600
163200
162900
162600
162200
161900
161600
161300
160900
160600
160300
160000
159700
6792000
4240000
1359000
4922000
1170000
584000
163800
163500
163200
162800
162500
162200
161800
161500
161200
160900
160500
160200
159900
159600
2001000
569900
330700
159200
158800
2706000
13730000
3295000
1372000
162900
162600
2925000
778400
419700
162600
162200
161900
161600
161200
160900
160600
160300
160000
159600
159300
9947000
12660000
3374000
1125000
165400
165100
164700
164400
164000
163700
163400
163000
162700
8305000
62660000
14450000
5814000
173100
172700
172300
172000
171600
171200
170900
170500
170100
169800
169400
169100
168700
168300
168000
167600
167300
166900
166600
166200
165900
165600
165200
164900
164500
164200
163900
163500
163200
162900
162500
162200
161900
161500
161200
160900
160600
160200
159900
159600
159300
159000
158700
158300
158000
157700
157400
157100
156800
156500
156200
155900
155600
155300
155000
154700
154400
154100
153800
153500
153200
152900
152600
152300
152000
151700
409900
8620000
2052000
936200
154100
153800
153500
10900000
5877000
1898000
467400
19580000
4488000
1968000
2811000
11170000
24950000
6267000
2277000
5691000
1399000
684800
173000
13850000
3222000
1447000
175200
174800
174400
174000
173700
173300
1881000
13500000
3219000
11980000
24770000
39430000
16740000
26980000
5777000
2249000
193100
192600
192100
191700
191200
190800
190300
189800
189400
189000
30180000
6872000
2981000
192400
192000
191500
191100
190600
3305000
884100
479500
17040000
4945000
11210000
2342000
1051000
193000
192500
192100
191600
191100
190700
9364000
8815000
3369000
995200
18990000
8793000
2922000
607400
195100
194700
194200
193700
2498000
706700
407100
192400
191900
191400
18740000
4326000
1919000
193600
193100
192700
192200
1669000
520700
328500
190700
190300
16940000
6928000
2419000
472000
192200
191800
191300
5859000
3656000
1209000
395800
190700
190300
189800
189400
188900
188500
188000
187600
24860000
5687000
2485000
190800
190300
189900
189400
189000
11710000
2756000
1261000
189600
189200
188700
188300
187900
17910000
37030000
9169000
3253000
194800
194300
551100
19990000
16190000
4609000
1274000
198400
197900
197400
197000
196500
196000
195500
195000
194600
194100
1841000
974700
438500
231200
2987000
814800
451700
191400
191000
190500
190100
189600
189200
188700
188300
6032000
1490000
731400
12120000
3430000
2909000
573300
30640000
13950000
4574000
845800
193900
193400
193000
4575000
1950000
774000
264800
191800
191300
190900
190400
190000
189500
189100
188600
1058000
381700
268400
187000
6524000
23520000
28960000
36340000
15640000
5144000
2176000
5528000
1424000
665800
1001000
3130000
9225000
2314000
976400
10420000
2479000
1152000
201700
6879000
2456000
993300
272600
200900
6185000
1534000
757000
200200
199700
199200
198700
198300
197800
197300
196800
9691000
13220000
6330000
7252000
28040000
9887000
3393000
512100
204200
203700
203200
7863000
23250000
9231000
2985000
14950000
3421000
2498000
420700
297200
208500
207900
207400
206800
206300
205800
205300
204700
204200
203700
203200
202600
202100
201600
201100
200600
200100
199600
199100
198600
198100
197600
197200
196700
196200
195700
8002000
1935000
921700
11100000
6983000
2182000
602600
197000
196500
196000
195500
195000
194600
194100
193600
14070000
3286000
1485000
194800
194300
193800
193300
192900
192400
192000
191500
191000
190600
190100
189700
189200
188800
188300
187900
187500
187000
186600
186100
185700
185300
249900
812000
326700
240700
183300
182900
182500
182100
181600
181200
180800
180400
180000
179600
179200
178800
178400
13500000
3147000
1418000
180100
179700
179300
178900
178500
24790000
38940000
9887000
3281000
187700
187200
186800
186400
185900
4227000
17480000
12690000
4983000
22010000
13810000
4098000
1020000
194700
194200
13280000
3110000
1412000
195200
194700
194300
193800
2361000
49170000
11200000
4707000
198200
197700
197200
14630000
3413000
1540000
198400
197900
197500
197000
196500
4135000
1074000
562100
195400
5943000
17660000
13510000
3747000
11270000
2477000
1151000
200700
200200
199700
199200
198700
198200
197700
197300
196800
196300
195800
195300
194900
194400
193900
193400
193000
971500
365700
13070000
3047000
1384000
193100
192700
192200
1279000
3742000
11190000
2764000
2437000
482300
313200
192000
5017000
1267000
8764000
2002000
947600
192000
191500
191100
190600
190200
189700
189300
188800
188400
187900
187500
1190000
410200
279600
186000
185500
185100
184700
184200
183800
5221000
21510000
7853000
2667000
438400
187200
186800
186400
185900
185500
185100
184600
184200
879600
1357000
475000
277700
182600
182200
181800
181400
181000
30630000
26870000
7453000
2040000
188900
188400
188000
187500
10040000
3129000
1271000
257300
9997000
2684000
1170000
217200
187900
187500
187100
186600
186200
185800
185300
184900
184500
184000
183600
183200
182800
182400
182000
181500
181100
180700
180300
179900
179500
179100
27760000
6326000
2747000
183300
1755000
533100
328700
182100
181700
181300
180900
180500
180100
179700
179200
178800
518400
253900
209400
177400
177000
176700
176300
175900
6924000
1680000
804100
1371000
3155000
6643000
2276000
839100
230900
178000
177600
177200
176800
176500
176100
175700
175300
1422000
452800
290700
174400
11260000
9375000
10730000
2592000
925500
179400
179000
178600
178200
177800
177400
177000
176600
176200
175800
175400
175100
174700
174300
173900
12320000
22450000
5668000
1999000
180000
179600
179200
178800
178400
178000
177600
177200
176800
176400
176000
175600
175300
174900
174500
174100
173700
4184000
23570000
5563000
2271000
178900
178500
178100
177700
177300
176900
176600
176200
175800
175400
175000
174600
174200
173900
173500
173100
172700
172400
3369000
885000
470000
172500
172100
171700
171400
171000
170600
170300
169900
169600
169200
4145000
1059000
727000
211700
186800
169100
168700
168400
168000
167700
167300
167000
166600
166300
165900
165600
165300
164900
164600
164200
163900
2519000
688800
382900
163700
163300
163000
3684000
3951000
8459000
13500000
13640000
38040000
8821000
3389000
179500
179100
178700
178300
177900
177500
177100
176700
176300
175900
175500
175100
174800
174400
174000
173600
173200
172900
172500
172100
171700
171400
171000
170600
170300
169900
169600
169200
168800
168500
18460000
7558000
2612000
481500
173300
172900
172500
30700000
6976000
3835000
360400
253800
177300
176900
176500
176100
175700
175400
175000
1954000
7342000
1850000
805900
176100
175700
175400
175000
174600
174200
173800
173500
173100
172700
172300
172000
171600
11360000
29170000
10400000
3752000
569100
2884000
4570000
1275000
533700
180500
180100
10560000
37870000
13690000
4515000
620800
187100
186700
186200
185800
1040000
1638000
1015000
406500
227800
183800
183400
182900
182500
182100
181700
181300
11870000
2785000
1269000
182300
181900
181500
181100
180700
180300
19810000
4556000
2008000
183100
182700
182300
181800
181400
181000
180600
180200
179800
179400
179000
178600
12960000
3028000
1369000
180100
179700
5128000
1708000
4805000
1354000
9183000
2113000
979000
181600
181200
180800
803700
4344000
1858000
716200
247800
180200
179800
179400
179000
178600
4149000
3135000
1010000
371800
178900
178500
6446000
1575000
761800
641900
281700
221200
177800
177400
177000
176600
176200
175800
175400
175100
694100
3066000
841900
433200
14510000
3370000
1510000
177400
177000
176600
176200
10240000
2419000
6458000
2021000
2604000
4567000
26730000
12150000
3876000
736400
185400
185000
416500
235900
205300
183400
182900
182500
182100
181700
181300
180900
180500
180000
179600
179200
178800
178400
178000
177600
177300
176900
176500
176100
175700
434400
232700
198800
174300
173900
173500
173200
808600
11100000
2637000
1178000
174800
174400
174000
173600
2361000
6568000
1694000
724400
174900
174500
7214000
1744000
830000
2043000
591700
349100
175100
174700
174300
174000
173600
173200
172800
172500
172100
171700
171400
171000
170600
170300
169900
169500
169200
3771000
11790000
9736000
11130000
2689000
960700
176500
176100
175800
175400
175000
174600
174200
4240000
1081000
552800
174400
174100
173700
173300
172900
172600
172200
171800
171500
171100
170700
170400
8024000
1921000
902100
171700
171300
170900
170600
170200
169900
169500
169100
168800
12860000
2997000
1351000
171200
170800
170400
170100
9314000
13300000
7617000
2125000
559300
5223000
3969000
1241000
425500
177200
176800
176400
176000
175600
175200
174900
174500
174100
173700
173300
173000
172600
172200
5613000
1385000
679000
172900
172500
172200
171800
171400
171000
170700
170300
170000
169600
169200
168900
8241000
14820000
3939000
1403000
11460000
4686000
1996000
7843000
14010000
52960000
12760000
4877000
228300
186600
186100
185700
5157000
1293000
647600
185000
184600
184200
183800
183300
182900
182500
182100
181700
181300
180800
180400
180000
179600
12190000
5561000
3e+06
678400
7863000
32640000
24350000
6797000
1892000
15900000
14840000
4134000
18340000
10860000
3317000
836100
198300
197900
197400
196900
196400
195900
41770000
9460000
4065000
199900
199400
198900
198400
197900
197400
196900
196400
223100
6319000
31570000
7992000
3110000
250300
199600
199100
198600
198100
197700
197200
196700
196200
195700
2995000
818900
10720000
4654000
4292000
990300
443300
7729000
5766000
31540000
23840000
18790000
4451000
9882000
25930000
6605000
20090000
