1932000
1885000
1829000
1770000
1711000
1656000
1604000
1555000
1509000
1466000
1425000
1386000
1350000
1315000
1282000
1251000
1287000
1751000
1908000
1922000
1907000
1912000
2128000
2155000
2688000
4451000
4608000
4463000
4250000
4023000
4029000
3846000
3678000
3691000
3603000
4173000
6660000
8386000
7948000
7251000
6561000
6019000
5418000
5127000
5521000
5295000
5239000
4908000
4522000
4172000
3852000
3575000
3347000
3201000
3027000
2864000
2715000
2577000
2452000
2339000
2235000
2163000
2251000
2205000
2136000
2065000
1987000
1913000
1843000
1781000
1768000
1974000
2273000
2394000
2373000
2309000
2222000
2131000
2045000
1966000
1901000
1884000
1832000
1775000
1720000
1664000
1612000
1579000
1627000
1604000
1568000
1530000
1486000
1444000
1405000
1367000
1332000
1298000
1266000
1235000
1206000
1179000
1152000
1127000
1103000
1079000
1057000
1036000
1015000
995700
976800
958500
941000
924100
948200
1309000
1382000
1393000
1389000
1358000
1323000
1289000
1263000
1297000
1462000
1478000
1464000
1440000
1403000
1366000
1330000
1297000
1265000
1234000
1205000
1177000
1151000
1126000
1102000
1078000
1056000
1035000
1015000
994900
976000
957800
940300
923400
907100
891400
876200
886400
1115000
1174000
1309000
1334000
1320000
1298000
1268000
1237000
1208000
1180000
1154000
1128000
1104000
1081000
1079000
1213000
1229000
1221000
1206000
1180000
1154000
1128000
1104000
1081000
1059000
1037000
1017000
997000
978000
959700
942200
925200
908900
893100
877800
863100
848900
835100
821800
808900
796300
784200
772400
761000
750000
739200
728700
718600
708700
699100
689700
680600
671800
663100
654700
646500
638500
630700
623100
615600
608400
601300
594300
587600
581000
574500
568200
562000
555900
550000
544200
538500
533000
527500
522200
517000
511800
506800
501900
497100
492300
498500
665200
704500
716300
721300
714000
704200
694700
685500
676500
667700
659200
650900
642800
634800
627100
619600
612200
605100
598000
591200
584500
578000
571600
565300
559200
553200
547300
541600
535900
530400
525000
519800
514600
509500
504500
506400
651400
948500
1120000
1957000
2250000
2291000
2276000
2200000
2111000
2026000
1949000
1877000
1810000
1748000
1690000
1636000
1585000
1537000
1492000
1450000
1410000
1372000
1336000
1302000
1270000
1239000
1210000
1182000
1156000
1138000
1201000
1444000
1482000
1478000
1459000
1422000
1384000
1350000
1338000
1333000
1309000
1281000
1252000
1222000
1194000
1167000
1141000
1116000
1092000
1073000
1087000
1163000
1167000
1155000
1138000
1114000
1091000
1068000
1046000
1025000
1005000
985900
967300
1030000
1971000
3644000
3898000
3865000
3728000
3491000
3263000
3063000
2887000
2730000
2590000
2505000
2563000
2490000
2397000
2303000
2224000
2274000
2217000
2143000
2069000
1990000
1915000
1845000
1781000
1725000
1692000
1646000
1598000
1552000
1508000
1475000
1523000
2102000
2193000
2181000
2152000
2125000
2054000
1981000
1944000
2099000
2114000
2069000
2012000
1942000
1871000
1805000
1745000
1709000
1710000
1671000
1626000
1581000
1534000
1489000
1473000
1612000
1614000
1588000
1556000
1513000
1473000
1580000
2257000
2401000
2684000
3348000
3365000
3258000
3121000
2948000
2785000
2639000
2508000
2389000
2282000
2183000
2093000
2010000
1934000
1863000
1797000
1736000
1679000
1625000
1575000
1528000
1484000
1442000
1404000
1381000
1349000
1316000
1285000
1504000
2989000
3236000
3344000
4687000
7882000
7888000
7289000
6638000
5988000
5860000
6002000
5588000
5137000
4713000
4310000
3963000
3670000
3418000
3199000
3007000
3116000
4284000
4711000
4817000
5484000
5290000
4919000
4557000
4187000
4044000
4452000
4291000
4046000
3803000
3543000
3308000
3103000
2922000
2761000
2618000
2599000
3009000
2991000
2894000
2783000
2645000
2514000
2394000
2286000
2188000
2097000
2014000
1952000
1980000
1934000
1876000
1818000
1757000
1698000
1643000
1592000
1544000
1499000
1456000
1416000
1378000
1342000
1307000
1275000
1244000
1214000
1186000
1159000
1134000
1109000
1086000
1063000
1042000
1021000
1001000
982000
963600
945900
928800
912300
896400
881000
866200
851900
838000
824600
811600
799000
786800
774900
763500
752300
741500
731000
720700
710800
701100
691700
682600
673600
664900
656500
648200
640200
641700
744500
764900
767600
766000
756400
745500
734800
724500
714500
704700
695200
685900
676900
668200
659600
651300
643200
635200
627500
620000
612600
605400
598400
591500
584800
578300
571900
565600
559500
553500
547600
541900
536200
530700
525300
520000
514800
509800
504800
499900
495100
490400
485800
481300
476800
472500
468200
464000
459800
455800
451800
447900
444000
440200
436500
432900
429300
425700
422300
418800
415500
412200
408900
405700
402500
399400
396400
393300
390400
387500
384600
381700
378900
377400
410100
427000
430700
431500
429400
426000
422600
419100
415800
412400
409200
406000
402800
399700
396600
393600
391600
419100
441100
445800
447200
451400
449500
446400
443100
439400
435700
432100
428500
424900
421500
418100
414700
411400
408200
405000
401800
398700
395700
392700
389700
386800
383900
381600
393100
394200
393000
391300
388500
385600
382800
380000
377200
374500
371800
369100
366500
363900
362300
384700
388800
388900
388200
385700
382900
380000
377300
374500
371800
369200
372000
490000
647900
690200
707100
710600
703000
703400
800500
818100
818800
815200
817100
1071000
1897000
2081000
2116000
2104000
2033000
1955000
1896000
2111000
3220000
3557000
3529000
3421000
3236000
3043000
2869000
2714000
2576000
2451000
2337000
2234000
2140000
2076000
2177000
2470000
3397000
3486000
3400000
3512000
4377000
4461000
4272000
4042000
3765000
3502000
3273000
3072000
2895000
2737000
2596000
2469000
2370000
2379000
2461000
2731000
2999000
2976000
2879000
2755000
2618000
2662000
3383000
3409000
3493000
4236000
4717000
5299000
5847000
5569000
5236000
5176000
4800000
4424000
4092000
3785000
3518000
3286000
3083000
2968000
3133000
3044000
2914000
2783000
2642000
2511000
2392000
2284000
2186000
2095000
2012000
1936000
1865000
1799000
1744000
1720000
1674000
1632000
1620000
1581000
1539000
1497000
1455000
1415000
1388000
1462000
1644000
2677000
2848000
2833000
2773000
2644000
2524000
2466000
2409000
2319000
2237000
2220000
2148000
2070000
1995000
1921000
1851000
1786000
1726000
1669000
1616000
1567000
1520000
1476000
1435000
1396000
1359000
1323000
1292000
1273000
1246000
1218000
1191000
1164000
1144000
1157000
1145000
1125000
1105000
1083000
1060000
1039000
1018000
998400
979400
961000
947400
997200
1090000
1101000
1107000
1184000
1184000
1169000
1151000
1127000
1103000
1080000
1058000
1036000
1016000
996100
977200
958900
941400
924400
908100
892400
877100
862400
848200
834500
823500
856000
1044000
1081000
1085000
1080000
1061000
1039000
1019000
998800
979800
961500
943800
926800
910400
894600
879300
864500
850200
836400
823000
810100
797500
785400
773600
762100
751000
740200
729700
719500
709600
7e+05
690600
681500
672600
663900
655500
647300
639200
631400
623800
616300
609000
601900
595000
588200
581600
575100
568800
562600
556500
550600
544800
539100
533500
528000
522700
517500
512300
507300
502400
497500
492800
488100
483500
479100
474700
470300
466100
461900
457800
453800
449900
446000
442200
438400
434700
431100
427500
424000
420600
417200
413800
410600
407300
404100
401000
397900
394900
391900
388900
386000
383200
380400
377600
374800
372100
369500
366900
364300
361700
359200
356700
354300
351900
349500
347200
344800
344700
401100
414300
418300
420000
417800
423000
421900
419600
416900
413700
410400
407200
404000
400900
397800
394800
391800
388800
385900
387100
466700
485500
491200
493800
490300
485700
481200
476800
472400
468100
463900
459800
580100
1695000
1945000
2010000
2029000
1967000
1894000
1826000
1763000
1704000
1649000
1597000
1549000
1503000
1460000
1420000
1381000
1345000
1311000
1278000
1247000
1217000
1189000
1162000
1136000
1112000
1088000
1066000
1044000
1023000
1003000
983900
965400
947600
930400
913900
898000
882500
867700
853300
839400
825900
812900
800200
788000
776100
764600
753400
742500
732000
721700
711800
702100
692600
683400
674500
665800
657300
649000
641000
633100
625400
617900
610600
603500
596500
589700
583000
576500
570100
563900
557800
551800
546000
540300
534700
532400
587500
638200
649100
676200
967500
1033000
1056000
1138000
1490000
2265000
2415000
2475000
2660000
2605000
2508000
2533000
3022000
3023000
2931000
2822000
2681000
2546000
2424000
2313000
2218000
2274000
2716000
2831000
3687000
6493000
10870000
12770000
15200000
13060000
10870000
9130000
7645000
6558000
5761000
5145000
4653000
4250000
3913000
3627000
3864000
5541000
5519000
5215000
4879000
4465000
4094000
3781000
3538000
3453000
3273000
3307000
4077000
4251000
4700000
4564000
4284000
4e+06
3711000
3453000
3230000
3034000
2933000
3225000
3502000
3468000
3605000
4656000
4937000
4741000
4471000
4147000
3831000
3557000
3332000
3188000
3016000
2853000
2706000
2569000
2603000
3284000
3310000
3210000
3087000
2920000
2759000
2616000
2487000
2370000
2264000
2168000
2185000
2699000
2864000
2824000
2742000
2621000
2494000
2404000
2449000
2457000
2385000
2300000
2210000
2119000
2034000
1955000
1883000
1816000
1753000
1812000
2441000
2522000
2491000
2433000
2332000
2229000
2135000
2099000
2330000
2316000
2256000
2187000
2101000
2018000
1941000
1941000
2746000
4660000
4835000
4685000
4448000
4108000
4110000
5404000
6272000
6020000
5609000
5138000
4663000
4259000
3920000
3633000
3386000
3171000
2983000
2815000
2666000
2532000
2412000
2302000
2202000
2110000
2026000
1948000
1876000
1810000
1748000
1690000
1635000
1585000
1537000
1492000
1450000
1410000
1378000
1396000
1391000
1400000
1536000
2533000
3032000
3080000
3029000
2901000
2748000
2606000
2478000
2362000
2257000
2161000
2072000
1991000
1916000
1847000
1782000
1722000
1666000
1613000
1563000
1517000
1473000
1432000
1481000
2333000
4235000
7133000
7902000
7542000
7137000
6846000
6170000
5551000
5061000
4886000
5113000
4832000
4644000
4951000
4696000
4376000
4164000
4189000
4005000
3765000
3535000
3347000
3352000
3203000
3039000
2884000
2731000
2591000
2464000
2350000
2245000
2150000
2063000
2042000
2360000
2518000
3037000
4629000
4967000
4808000
4553000
4214000
3886000
3700000
4230000
5680000
5899000
5978000
6841000
6448000
5943000
5429000
4912000
4469000
4098000
3784000
3517000
3285000
3083000
2904000
2746000
2604000
2476000
2360000
2255000
2159000
2071000
1990000
1915000
1845000
1781000
1721000
1665000
1612000
1563000
1516000
1473000
1431000
1392000
1356000
1321000
1287000
1256000
1230000
1202000
1175000
1149000
1124000
1100000
1077000
1055000
1034000
1013000
1007000
1104000
1113000
1104000
1091000
1070000
1048000
1027000
1007000
987900
969200
951300
934000
917400
901300
885800
870800
856300
842300
828700
815600
802900
790500
778600
767000
755700
744800
734200
723900
713800
704100
694600
685400
676400
667600
659100
650800
642700
634700
627000
619500
612100
607700
652700
659100
657200
653500
646100
638100
630300
653800
1154000
2224000
2446000
2487000
2460000
2360000
2255000
2159000
2089000
2260000
2986000
3504000
3953000
5517000
6244000
5972000
5557000
5080000
4851000
5380000
5125000
4772000
4434000
4082000
3771000
3522000
4583000
8639000
8466000
7745000
7026000
6179000
5815000
6419000
6024000
5530000
5072000
4613000
4217000
3885000
3648000
3595000
3411000
3220000
3093000
3414000
4414000
5060000
5158000
5663000
5385000
4975000
4588000
4208000
3878000
3597000
3355000
3144000
2958000
2794000
2647000
2515000
2396000
2287000
2189000
2098000
2015000
1938000
1867000
1801000
1788000
2039000
2049000
2010000
1960000
1892000
1826000
1789000
1874000
2183000
2210000
2218000
2170000
2092000
2036000
2112000
2120000
2348000
2340000
2277000
2205000
2117000
2032000
1954000
1882000
1815000
1752000
1694000
1640000
1589000
1541000
1496000
1453000
1413000
1375000
1339000
1305000
1272000
1242000
1215000
1282000
1798000
1977000
1998000
1979000
1921000
1852000
1787000
1727000
1670000
1617000
1568000
1521000
1477000
1436000
1396000
1359000
1324000
1291000
1259000
1229000
1285000
2038000
3023000
3174000
3151000
3050000
2888000
2732000
2642000
2752000
2709000
2611000
2593000
2877000
2851000
2756000
2649000
2524000
2404000
2295000
2196000
2105000
2021000
1944000
1872000
1806000
1744000
1686000
1632000
1582000
1534000
1489000
1447000
1407000
1370000
1334000
1300000
1268000
1259000
1448000
1470000
1456000
1437000
1419000
1385000
1351000
1318000
1285000
1254000
1224000
1195000
1168000
1142000
1117000
1093000
1071000
1049000
1028000
1008000
988100
969500
951600
934300
917600
901500
886000
871000
860600
899300
908200
901800
892000
878500
863900
849600
835800
822400
809500
797000
784800
773000
761600
750500
740700
748200
847600
997700
1030000
1035000
1028000
1009000
990000
971300
953300
936000
919200
903100
887500
872400
857900
843800
830200
817000
804300
815600
1054000
1103000
1111000
1109000
1090000
1067000
1045000
1024000
1004000
985200
966600
948800
931600
915000
899000
883600
868700
854200
840300
826800
827500
985300
1015000
1016000
1011000
994500
975600
957400
939900
923100
906800
891100
875900
861200
847100
833300
820100
807200
794800
782700
771000
759600
748500
737800
727400
717300
707400
697900
688500
679500
670600
662000
653600
645400
637500
629700
622100
614700
607400
600400
593500
586700
580100
573700
567400
561200
555200
549300
543500
537800
532300
526800
521500
516300
511200
506200
501300
496400
491700
487100
482500
478100
473700
471300
504300
644700
929500
1823000
2023000
2065000
2059000
1992000
1917000
1847000
1782000
1722000
1666000
1613000
1564000
1517000
1474000
1432000
1393000
1356000
1321000
1288000
1256000
1226000
1198000
1170000
1144000
1119000
1095000
1073000
1051000
1030000
1009000
989900
971200
963200
1054000
1129000
1137000
1130000
1113000
1090000
1167000
1945000
2100000
2149000
2139000
2069000
1990000
1916000
1846000
1782000
1722000
1665000
1616000
1619000
1765000
1762000
1730000
1690000
1639000
1588000
1540000
1495000
1452000
1412000
1374000
1338000
1304000
1272000
1241000
1237000
1621000
2637000
2976000
3021000
2989000
3015000
3070000
2964000
2835000
2702000
2661000
3635000
6277000
6829000
6496000
6022000
5437000
4896000
4451000
4086000
3808000
3611000
3414000
3213000
3029000
2860000
2706000
2569000
2444000
2332000
2229000
2210000
2526000
2522000
2456000
2377000
2276000
2179000
2089000
2006000
2058000
2692000
2756000
2705000
2629000
2509000
2390000
2283000
2184000
2094000
2011000
1935000
1864000
1798000
1737000
1732000
2004000
2021000
1986000
1940000
1896000
1976000
1979000
2067000
2101000
2355000
2353000
2292000
2220000
2132000
2048000
2e+06
2066000
2052000
1999000
1939000
1872000
1806000
1744000
1686000
1642000
1655000
1676000
1647000
1608000
1564000
1540000
1629000
1617000
1586000
1556000
1513000
1470000
1430000
1391000
1354000
1319000
1286000
1255000
1225000
1196000
1173000
1179000
1162000
1175000
1463000
1510000
1506000
1490000
1452000
1412000
1393000
1522000
1550000
1673000
1704000
1749000
2026000
3164000
3624000
3619000
3513000
3326000
3123000
2940000
2778000
2633000
2502000
2384000
2277000
2179000
2089000
2007000
1930000
1860000
1794000
1733000
1676000
1623000
1573000
1526000
1482000
1440000
1400000
1363000
1328000
1294000
1262000
1232000
1203000
1176000
1149000
1124000
1100000
1077000
1055000
1033000
1013000
993500
974700
956500
939100
923500
923900
912300
898500
884500
874700
922800
924100
916600
918200
906500
892300
878200
863600
849400
835600
822200
809300
796800
784600
772800
761400
750300
739600
729100
718900
709000
699400
690000
681400
685700
777600
926100
958900
965900
961100
945500
928500
912000
896100
880800
865900
851600
837700
824300
811300
798700
786500
774700
763200
752100
741300
730800
720500
710600
700900
691500
682400
673500
664800
656300
648100
640000
632200
624500
617100
609800
602600
595700
588900
582200
575700
569400
563200
557100
552700
584400
724500
817100
840800
851800
908000
956700
959800
953300
940900
924700
908400
892600
877400
862700
848500
834700
821400
808500
796000
783900
772100
760700
749600
738900
728400
718300
708400
698800
689500
680400
671500
662900
654400
646200
638200
630400
622800
619000
668300
677500
690200
844200
910900
945000
1109000
1878000
4306000
4670000
4593000
4409000
4085000
3774000
3542000
3492000
3317000
3136000
2968000
2805000
2657000
2524000
2404000
2295000
2195000
2104000
2021000
1943000
1872000
1805000
1744000
1712000
1824000
1895000
1908000
1910000
2437000
4347000
5859000
5839000
5953000
7292000
8031000
8080000
9595000
9645000
8587000
7577000
6640000
5839000
5207000
4703000
4291000
4961000
8177000
7961000
7294000
6635000
5875000
5235000
4726000
4310000
3964000
3670000
3418000
3244000
3834000
5799000
5854000
5542000
5169000
4709000
4297000
3953000
3661000
3410000
3193000
3001000
2832000
2696000
2625000
2607000
2949000
3047000
3093000
3003000
2934000
3175000
3841000
6430000
8759000
9930000
9488000
10660000
12940000
12380000
