227800
227400
226900
226400
225800
225300
224800
224200
223700
223200
222700
222100
221600
221100
220600
220100
219600
270500
289800
296700
297000
298200
327100
333200
356700
522200
560000
575300
572700
569300
599500
607400
608300
633200
641300
670600
925700
1185000
1247000
1256000
1240000
1261000
1253000
1241000
1387000
1406000
1473000
1468000
1454000
1432000
1411000
1390000
1370000
1370000
1356000
1339000
1320000
1302000
1284000
1267000
1250000
1234000
1288000
1287000
1278000
1261000
1244000
1228000
1212000
1197000
1190000
1277000
1404000
1471000
1473000
1457000
1435000
1413000
1393000
1372000
1353000
1361000
1349000
1333000
1314000
1296000
1279000
1262000
1298000
1294000
1282000
1265000
1249000
1232000
1216000
1201000
1186000
1171000
1157000
1143000
1129000
1116000
1103000
1090000
1078000
1066000
1054000
1042000
1031000
1020000
1009000
998200
987700
977500
967500
1230000
1279000
1293000
1277000
1260000
1243000
1227000
1211000
1232000
1336000
1347000
1341000
1323000
1305000
1287000
1270000
1253000
1236000
1220000
1205000
1190000
1175000
1161000
1146000
1133000
1119000
1106000
1093000
1081000
1069000
1057000
1045000
1034000
1023000
1012000
1001000
990400
1180000
1213000
1305000
1309000
1300000
1283000
1266000
1249000
1233000
1217000
1202000
1187000
1172000
1158000
1144000
1252000
1265000
1262000
1246000
1230000
1214000
1199000
1184000
1169000
1155000
1141000
1127000
1114000
1101000
1088000
1076000
1064000
1052000
1041000
1029000
1018000
1007000
996700
986300
976100
966200
956400
946800
937500
928300
919200
910400
901700
893200
884900
876700
868600
860700
853000
845400
837900
830600
823300
816200
809300
802400
795700
789000
782500
776100
769800
763600
757500
751500
745600
739800
734000
728400
722800
717400
712000
706700
701400
696300
691200
686200
681300
844000
876300
887300
880000
871900
863900
856100
848500
840900
833500
826300
819100
812100
805200
798400
791700
785200
778700
772400
766100
760000
753900
748000
742100
736300
730700
725100
719600
714100
708800
703500
698400
693300
688200
683300
678400
806300
1022000
1071000
1513000
1653000
1688000
1668000
1639000
1611000
1584000
1558000
1533000
1508000
1485000
1462000
1439000
1418000
1397000
1376000
1357000
1337000
1319000
1300000
1283000
1266000
1249000
1233000
1217000
1201000
1186000
1245000
1409000
1435000
1433000
1412000
1392000
1371000
1352000
1348000
1348000
1335000
1318000
1300000
1282000
1265000
1248000
1232000
1216000
1201000
1186000
1192000
1247000
1249000
1240000
1225000
1209000
1194000
1179000
1164000
1150000
1136000
1123000
1110000
1097000
1495000
2308000
2472000
2495000
2434000
2373000
2314000
2258000
2205000
2155000
2107000
2061000
2122000
2101000
2067000
2023000
1981000
2026000
2004000
1972000
1932000
1893000
1855000
1820000
1785000
1752000
1737000
1710000
1682000
1653000
1624000
1604000
1579000
1958000
2014000
2018000
1978000
1969000
1937000
1901000
1864000
1969000
1985000
1966000
1929000
1890000
1853000
1817000
1783000
1759000
1766000
1743000
1716000
1686000
1656000
1627000
1600000
1704000
1704000
1689000
1660000
1631000
1603000
1603000
2040000
2108000
2212000
2562000
2594000
2568000
2502000
2437000
2375000
2316000
2261000
2208000
2157000
2109000
2062000
2018000
1976000
1935000
1896000
1859000
1823000
1788000
1755000
1723000
1692000
1662000
1633000
1631000
1610000
1586000
1560000
1534000
2467000
2628000
2665000
2870000
4352000
4606000
4574000
4375000
4179000
4184000
4427000
4337000
4188000
4009000
3844000
3691000
3551000
3421000
3300000
3187000
3083000
3867000
4173000
4154000
4577000
4522000
4383000
4191000
4011000
3845000
4197000
4136000
4017000
3854000
3701000
3559000
3429000
3307000
3194000
3089000
2990000
3356000
3349000
3285000
3176000
3072000
2974000
2882000
2796000
2715000
2639000
2567000
2498000
2541000
2500000
2448000
2386000
2327000
2271000
2217000
2166000
2117000
2071000
2026000
1983000
1942000
1903000
1865000
1829000
1794000
1761000
1729000
1697000
1667000
1638000
1610000
1583000
1557000
1532000
1507000
1484000
1461000
1439000
1417000
1396000
1376000
1356000
1337000
1318000
1300000
1282000
1265000
1248000
1232000
1216000
1201000
1186000
1171000
1157000
1143000
1129000
1116000
1103000
1090000
1078000
1065000
1054000
1042000
1031000
1051000
1182000
1204000
1204000
1190000
1175000
1160000
1146000
1133000
1119000
1106000
1093000
1081000
1069000
1057000
1045000
1034000
1022000
1012000
1001000
990300
980100
970000
960200
950500
941100
931800
922700
913800
905100
896500
888100
879900
871800
863800
856000
848300
840800
833400
826100
819000
812000
805100
798300
791600
785100
778600
772300
766000
759900
753800
747900
742000
736200
730600
725000
719500
714100
708700
703500
698300
693200
688100
683200
678300
673500
668700
664000
659400
654900
650400
645900
641600
637300
633000
707000
731400
737300
733300
727700
722200
716700
711400
706100
700800
695700
690600
685600
680700
675900
671100
666400
704400
727100
730700
727300
728600
724600
719900
714500
709200
703900
698700
693600
688600
683600
678700
673900
669100
664400
659800
655200
650700
646300
641900
637600
633400
629100
625000
643500
644500
642800
638600
634300
630100
625900
621800
617800
613800
609800
605900
602100
598300
594500
618600
621200
620300
616400
612400
608500
604600
600800
597000
593300
589600
585900
686700
810100
839700
844700
837800
830400
823200
894500
904700
905100
897000
888500
992300
1432000
1529000
1554000
1532000
1508000
1484000
1461000
1484000
1976000
2151000
2182000
2146000
2099000
2053000
2009000
1967000
1927000
1888000
1851000
1815000
1781000
1748000
1811000
1874000
2362000
2430000
2425000
2367000
2812000
2914000
2898000
2821000
2739000
2662000
2588000
2519000
2453000
2390000
2331000
2275000
2221000
2232000
2261000
2414000
2585000
2587000
2540000
2475000
2412000
2352000
2810000
2850000
2825000
3198000
3436000
3693000
4050000
4009000
3892000
3939000
3827000
3699000
3559000
3428000
3307000
3194000
3088000
2990000
3133000
3087000
3015000
2922000
2834000
2751000
2672000
2598000
2528000
2462000
2399000
2339000
2282000
2228000
2177000
2162000
2121000
2078000
2065000
2029000
1990000
1949000
1909000
1871000
1835000
1895000
1889000
2629000
2739000
2747000
2673000
2599000
2529000
2502000
2479000
2427000
2370000
2364000
2318000
2268000
2215000
2164000
2115000
2069000
2024000
1982000
1941000
1902000
1864000
1828000
1793000
1759000
1727000
1696000
1666000
1665000
1643000
1618000
1591000
1565000
1542000
1550000
1536000
1516000
1493000
1469000
1447000
1425000
1404000
1383000
1363000
1344000
1325000
1371000
1451000
1457000
1445000
1501000
1496000
1482000
1459000
1437000
1416000
1395000
1374000
1355000
1336000
1317000
1299000
1281000
1264000
1247000
1231000
1215000
1200000
1185000
1170000
1156000
1142000
1184000
1348000
1374000
1374000
1355000
1336000
1317000
1299000
1282000
1264000
1248000
1231000
1216000
1200000
1185000
1170000
1156000
1142000
1129000
1115000
1102000
1090000
1077000
1065000
1053000
1042000
1030000
1019000
1008000
997600
987200
977000
967000
957200
947700
938300
929000
920000
911200
902500
894000
885600
877400
869300
861400
853700
846000
838500
831200
824000
816800
809900
803000
796200
789600
783100
776700
770300
764100
758000
752000
746100
740300
734500
728900
723300
717800
712400
707100
701900
696700
691600
686600
681700
676800
672000
667300
662600
658000
653500
649000
644600
640200
636000
631700
637500
635700
632600
628400
624300
620200
616200
612200
608300
604400
600600
596800
593100
589400
585700
582100
578600
575100
571600
568200
564800
561500
558200
625500
638100
641900
638000
633700
638700
636600
633400
629200
625100
621000
617000
613000
609000
605200
601300
597500
593800
590100
593600
668600
683000
686900
682400
677500
672700
668000
663300
658700
654100
649700
645200
648200
1319000
1460000
1514000
1494000
1471000
1448000
1426000
1405000
1384000
1364000
1345000
1326000
1308000
1290000
1272000
1256000
1239000
1223000
1207000
1192000
1177000
1163000
1149000
1135000
1121000
1108000
1095000
1083000
1071000
1059000
1047000
1036000
1024000
1013000
1003000
992100
981800
971700
961800
952100
942700
933400
924300
915300
906600
898000
889500
881200
873100
865100
857300
849600
842100
834600
827300
820200
813100
806200
799400
792700
786100
779700
773300
767000
760900
754800
748900
743000
737200
731500
725900
720400
715000
709600
704300
699100
765200
808400
817400
814500
1015000
1053000
1065000
1088000
1225000
1620000
1701000
1715000
1799000
1792000
1771000
1739000
1997000
2024000
2014000
1973000
1933000
1894000
1856000
1821000
1786000
1780000
2033000
2060000
2310000
3e+06
4550000
5152000
6606000
6558000
6289000
5894000
5539000
5225000
4946000
4695000
4468000
4263000
4076000
3905000
3749000
4952000
5016000
4910000
4670000
4446000
4243000
4058000
3888000
3848000
3723000
3594000
4175000
4211000
4562000
4462000
4308000
4120000
3945000
3785000
3637000
3500000
3374000
3561000
3767000
3754000
3649000
4339000
4559000
4491000
4313000
4123000
3948000
3787000
3639000
3555000
3437000
3321000
3208000
3101000
3002000
3540000
3559000
3500000
3377000
3259000
3149000
3047000
2951000
2861000
2776000
2696000
2621000
3021000
3142000
3118000
3031000
2937000
2848000
2764000
2798000
2811000
2758000
2687000
2613000
2542000
2475000
2411000
2351000
2294000
2239000
2187000
2691000
2746000
2731000
2656000
2583000
2514000
2448000
2386000
2573000
2563000
2523000
2458000
2395000
2336000
2279000
2225000
2527000
3705000
3874000
3852000
3706000
3564000
3434000
4097000
4684000
4684000
4528000
4321000
4129000
3953000
3792000
3644000
3507000
3380000
3262000
3152000
3049000
2953000
2862000
2778000
2698000
2622000
2551000
2483000
2419000
2359000
2301000
2246000
2193000
2143000
2096000
2050000
2006000
1964000
1924000
1994000
1991000
1997000
1965000
2701000
3040000
3087000
3019000
2926000
2838000
2754000
2675000
2614000
2546000
2480000
2416000
2356000
2298000
2243000
2191000
2141000
2093000
2048000
2004000
1962000
1922000
1884000
1864000
2352000
3161000
4584000
5138000
5148000
5e+06
5033000
4844000
4635000
4416000
4322000
4556000
4450000
4293000
4541000
4433000
4281000
4095000
4167000
4080000
3945000
3790000
3642000
3674000
3575000
3462000
3340000
3224000
3117000
3016000
2922000
2834000
2750000
2672000
2620000
2883000
2969000
3119000
4132000
4385000
4345000
4175000
3997000
3832000
3681000
3821000
4744000
4975000
4884000
5475000
5362000
5201000
4939000
4693000
4467000
4262000
4075000
3904000
3747000
3602000
3468000
3344000
3229000
3121000
3020000
2926000
2837000
2754000
2675000
2601000
2531000
2464000
2401000
2341000
2284000
2230000
2178000
2129000
2082000
2037000
1994000
1952000
1913000
1876000
1930000
1913000
1885000
1849000
1813000
1779000
1746000
1714000
1684000
1654000
1626000
1733000
1733000
1717000
1687000
1658000
1629000
1601000
1575000
1549000
1524000
1499000
1476000
1453000
1431000
1410000
1389000
1369000
1349000
1330000
1312000
1294000
1276000
1259000
1243000
1227000
1211000
1196000
1181000
1166000
1152000
1138000
1125000
1111000
1098000
1086000
1074000
1061000
1050000
1038000
1027000
1016000
1005000
1065000
1070000
1066000
1055000
1043000
1032000
1020000
1010000
1317000
2024000
2170000
2196000
2150000
2102000
2056000
2012000
1970000
2009000
2390000
2680000
2752000
3432000
3853000
3869000
3760000
3617000
3482000
3874000
3842000
3748000
3606000
3472000
3348000
3232000
3190000
5380000
5617000
5549000
5247000
4965000
4713000
5249000
5148000
4963000
4715000
4487000
4280000
4091000
3919000
3915000
3793000
3663000
3525000
3612000
4234000
4700000
4664000
5032000
4902000
4716000
4491000
4283000
4095000
3922000
3763000
3617000
3482000
3357000
3241000
3132000
3031000
2935000
2846000
2762000
2683000
2609000
2538000
2471000
2408000
2634000
2630000
2591000
2523000
2457000
2395000
2346000
2376000
2619000
2625000
2623000
2562000
2498000
2433000
2495000
2460000
2637000
2619000
2574000
2507000
2441000
2379000
2321000
2265000
2211000
2161000
2112000
2066000
2021000
1979000
1938000
1899000
1861000
1825000
1791000
1757000
1725000
1694000
1664000
1666000
2069000
2194000
2208000
2167000
2118000
2072000
2027000
1984000
1943000
1904000
1866000
1830000
1795000
1762000
1729000
1698000
1668000
1639000
1611000
1584000
1558000
2020000
2636000
2747000
2733000
2659000
2585000
2516000
2450000
2553000
2546000
2502000
2441000
2644000
2643000
2603000
2536000
2469000
2406000
2345000
2288000
2234000
2182000
2133000
2085000
2040000
1997000
1955000
1916000
1877000
1841000
1805000
1771000
1739000
1707000
1677000
1648000
1619000
1592000
1805000
1828000
1821000
1787000
1770000
1741000
1711000
1681000
1651000
1623000
1596000
1569000
1543000
1518000
1494000
1471000
1449000
1427000
1405000
1385000
1365000
1345000
1326000
1308000
1290000
1273000
1256000
1239000
1223000
1284000
1293000
1287000
1271000
1254000
1238000
1222000
1206000
1191000
1176000
1162000
1147000
1134000
1120000
1107000
1094000
1113000
1197000
1323000
1342000
1337000
1319000
1301000
1283000
1266000
1249000
1233000
1217000
1202000
1186000
1172000
1157000
1143000
1130000
1116000
1103000
1091000
1328000
1368000
1377000
1359000
1339000
1321000
1302000
1285000
1267000
1251000
1234000
1218000
1203000
1188000
1173000
1159000
1145000
1131000
1118000
1105000
1092000
1260000
1286000
1289000
1273000
1256000
1239000
1223000
1208000
1192000
1178000
1163000
1149000
1135000
1122000
1109000
1096000
1083000
1071000
1059000
1047000
1036000
1024000
1014000
1003000
992200
981900
971900
962000
952300
942800
933500
924400
915500
906700
898100
889700
881400
873200
865300
857400
849700
842200
834800
827500
820300
813300
806300
799500
792800
786300
779800
773400
767200
761000
754900
749000
743100
737300
731600
726000
720500
715000
709700
760100
877500
1017000
1564000
1675000
1705000
1677000
1648000
1620000
1592000
1566000
1540000
1516000
1492000
1468000
1446000
1424000
1403000
1382000
1362000
1343000
1324000
1306000
1288000
1271000
1254000
1237000
1222000
1206000
1191000
1176000
1161000
1147000
1134000
1120000
1107000
1191000
1248000
1255000
1245000
1229000
1213000
1198000
1674000
1760000
1801000
1774000
1743000
1712000
1681000
1652000
1623000
1596000
1569000
1544000
1533000
1634000
1637000
1623000
1596000
1570000
1544000
1519000
1495000
1472000
1449000
1427000
1406000
1385000
1365000
1346000
1327000
1475000
2035000
2223000
2264000
2226000
2243000
2304000
2279000
2237000
2185000
2136000
2346000
3527000
3904000
3928000
3798000
3651000
3513000
3386000
3267000
3167000
3108000
3035000
2948000
2860000
2775000
2696000
2620000
2549000
2482000
2418000
2357000
2597000
2597000
2561000
2495000
2430000
2369000
2311000
2255000
2202000
2658000
2704000
2686000
2614000
2543000
2476000
2412000
2352000
2294000
2240000
2188000
2138000
2090000
2045000
2001000
2216000
2225000
2203000
2154000
2106000
2170000
2158000
2225000
2205000
2386000
2380000
2346000
2290000
2236000
2184000
2143000
2195000
2188000
2154000
2109000
2063000
2018000
1976000
1935000
1896000
1905000
1924000
1902000
1870000
1834000
1799000
1872000
1861000
1837000
1808000
1775000
1743000
1711000
1681000
1651000
1623000
1595000
1569000
1543000
1518000
1494000
1502000
1486000
1466000
1686000
1714000
1711000
1682000
1652000
1624000
1597000
1699000
1699000
1790000
1796000
1816000
1875000
2492000
2765000
2800000
2743000
2666000
2592000
2523000
2457000
2394000
2334000
2278000
2224000
2172000
2123000
2077000
2032000
1989000
1948000
1908000
1870000
1834000
1799000
1765000
1733000
1701000
1671000
1642000
1614000
1587000
1561000
1535000
1511000
1487000
1464000
1441000
1420000
1399000
1378000
1358000
1339000
1320000
1302000
1285000
1267000
1251000
1290000
1285000
1274000
1258000
1241000
1285000
1283000
1272000
1268000
1254000
1239000
1223000
1207000
1192000
1177000
1163000
1149000
1135000
1121000
1108000
1095000
1083000
1071000
1059000
1047000
1035000
1024000
1013000
1003000
1032000
1115000
1242000
1263000
1260000
1244000
1228000
1213000
1197000
1182000
1168000
1153000
1139000
1126000
1113000
1100000
1087000
1075000
1063000
1051000
1039000
1028000
1017000
1006000
995500
985200
975000
965100
955300
945800
936400
927300
918300
909400
900800
892300
884000
875800
867800
867000
860800
853900
846300
838800
831400
824200
864400
986900
1061000
1075000
1069000
1105000
1140000
1140000
1131000
1117000
1104000
1092000
1079000
1067000
1055000
1043000
1032000
1021000
1010000
999400
988900
978700
968700
958900
949300
939800
930600
921500
912700
903900
895400
887000
878800
870700
862800
855000
847300
839800
832400
904300
916200
916900
1034000
1079000
1091000
1179000
1366000
2489000
2713000
2764000
2692000
2617000
2546000
2479000
2512000
2470000
2417000
2357000
2299000
2245000
2192000
2142000
2095000
2049000
2005000
1963000
1923000
1885000
1848000
1812000
1778000
1868000
1919000
1933000
1907000
2038000
2890000
3664000
3775000
3712000
4259000
4801000
4778000
5582000
5931000
5786000
5499000
5192000
4916000
4668000
4444000
4241000
4059000
6121000
6256000
6107000
5739000
5402000
5103000
4836000
4596000
4379000
4182000
4002000
3837000
3894000
5304000
5426000
5305000
5029000
4770000
4536000
4325000
4132000
3957000
3795000
3647000
3510000
3382000
3327000
3227000
3503000
3550000
3585000
3489000
3375000
3539000
3630000
4977000
6142000
7064000
6899000
7165000
8847000
8643000
