321200
320200
318900
317700
316500
315300
314100
312900
311700
310500
309300
308200
307000
305900
304800
303600
302500
405400
434200
434200
431900
434000
491100
496700
536900
880800
920700
910500
900500
890800
954600
962100
952100
1002000
1010000
1062000
1613000
2132000
2145000
2090000
2038000
2070000
2031000
1981000
2291000
2280000
2369000
2324000
2260000
2199000
2141000
2086000
2034000
2032000
1990000
1943000
1897000
1854000
1813000
1774000
1736000
1700000
1806000
1787000
1749000
1712000
1677000
1643000
1611000
1580000
1577000
1732000
1942000
2015000
1979000
1932000
1887000
1845000
1804000
1765000
1728000
1751000
1723000
1688000
1654000
1621000
1589000
1559000
1624000
1606000
1575000
1545000
1516000
1489000
1462000
1436000
1412000
1388000
1365000
1342000
1321000
1300000
1279000
1260000
1241000
1222000
1204000
1187000
1170000
1153000
1137000
1122000
1107000
1092000
1078000
1622000
1671000
1637000
1605000
1574000
1545000
1516000
1488000
1555000
1731000
1723000
1687000
1653000
1620000
1589000
1559000
1529000
1501000
1474000
1448000
1423000
1399000
1375000
1353000
1331000
1309000
1289000
1269000
1249000
1231000
1212000
1195000
1178000
1161000
1145000
1129000
1120000
1513000
1544000
1661000
1650000
1617000
1586000
1555000
1526000
1498000
1471000
1445000
1420000
1396000
1373000
1350000
1586000
1593000
1563000
1534000
1505000
1478000
1452000
1427000
1402000
1379000
1356000
1334000
1312000
1292000
1272000
1252000
1233000
1215000
1197000
1180000
1163000
1147000
1131000
1116000
1101000
1086000
1072000
1058000
1045000
1032000
1019000
1006000
994200
1033000
1028000
1015000
1002000
990400
978600
967000
955800
944800
934000
923500
913300
903200
893400
883800
874400
865200
856100
847300
903400
903000
893200
883600
874200
865000
855900
847100
838500
830000
821700
813600
805600
797800
798500
1123000
1156000
1140000
1124000
1109000
1094000
1104000
1093000
1078000
1064000
1051000
1037000
1024000
1012000
999500
987400
975700
964200
953000
942100
931400
921000
910800
900800
891000
881400
872100
862900
853900
845200
836600
828100
819900
811800
803800
796000
1106000
1495000
1520000
2335000
2514000
2457000
2385000
2317000
2253000
2192000
2135000
2080000
2028000
1979000
1932000
1888000
1845000
1804000
1765000
1728000
1692000
1658000
1625000
1593000
1563000
1533000
1505000
1478000
1452000
1427000
1640000
1939000
1936000
1892000
1849000
1808000
1769000
1731000
1731000
1727000
1695000
1661000
1628000
1596000
1565000
1536000
1508000
1480000
1454000
1429000
1450000
1540000
1528000
1500000
1473000
1447000
1422000
1397000
1374000
1351000
1329000
1308000
1288000
1268000
1924000
3264000
3322000
3191000
3070000
2958000
2854000
2757000
2666000
2582000
2502000
2427000
2534000
2483000
2409000
2340000
2274000
2349000
2303000
2240000
2180000
2123000
2069000
2018000
1969000
1923000
1905000
1867000
1826000
1786000
1748000
1722000
1688000
2258000
2285000
2222000
2163000
2157000
2108000
2055000
2005000
2166000
2174000
2123000
2069000
2018000
1969000
1923000
1878000
1849000
1863000
1830000
1790000
1751000
1714000
1679000
1645000
1801000
1789000
1751000
1714000
1679000
1645000
1651000
2285000
2318000
2397000
2909000
2889000
2790000
2697000
2611000
2529000
2453000
2381000
2314000
2250000
2189000
2132000
2078000
2026000
1977000
1930000
1885000
1843000
1802000
1763000
1726000
1690000
1656000
1623000
1676000
1655000
1622000
1590000
1560000
2938000
3036000
2927000
3237000
5550000
5636000
5280000
4953000
4665000
4703000
5067000
4850000
4573000
4327000
4106000
3906000
3726000
3562000
3411000
3273000
3146000
4387000
4732000
4523000
5129000
4980000
4694000
4434000
4202000
3994000
4562000
4426000
4195000
3987000
3799000
3628000
3472000
3329000
3198000
3076000
2964000
3615000
3569000
3418000
3279000
3152000
3034000
2924000
2822000
2728000
2639000
2556000
2478000
2622000
2571000
2492000
2418000
2348000
2282000
2220000
2161000
2106000
2053000
2002000
1954000
1908000
1865000
1823000
1783000
1745000
1709000
1674000
1640000
1608000
1577000
1547000
1518000
1491000
1464000
1438000
1413000
1389000
1549000
1546000
1518000
1490000
1464000
1438000
1413000
1389000
1366000
1343000
1322000
1301000
1280000
1261000
1242000
1223000
1205000
1188000
1171000
1154000
1138000
1123000
1107000
1093000
1078000
1064000
1051000
1193000
1413000
1420000
1396000
1373000
1350000
1328000
1307000
1286000
1267000
1247000
1229000
1210000
1193000
1176000
1159000
1143000
1127000
1112000
1097000
1083000
1068000
1055000
1041000
1028000
1016000
1003000
991000
979200
967700
956400
945400
934600
924100
913800
903800
893900
884300
874900
865700
856600
847800
839100
830600
822300
814200
806200
798400
790700
783100
775800
768500
761400
754400
747500
740800
734200
727700
721300
715000
708900
702800
696800
691000
685200
679600
674000
668500
663100
657800
652600
647500
642400
637400
632500
842700
883100
876300
867100
858000
849200
840500
832000
823600
815400
807400
799600
791900
784300
776900
769600
762500
870100
907500
901900
892100
895700
888000
878500
869200
860100
851200
842500
833900
825500
817300
809300
801400
793600
786000
778600
771300
764100
757100
750200
743400
736700
730200
741200
783700
783000
775600
768400
761200
754300
747400
740700
734100
727600
721200
714900
708700
702700
696700
747400
748900
742100
735500
729000
722600
716300
710100
704000
698000
692200
686400
859500
1051000
1063000
1050000
1037000
1024000
1011000
1133000
1137000
1122000
1106000
1092000
1269000
2027000
2097000
2045000
1995000
1948000
1902000
1859000
1897000
2765000
2970000
2889000
2790000
2697000
2611000
2529000
2453000
2381000
2314000
2250000
2189000
2132000
2078000
2191000
2279000
3065000
3073000
2960000
2856000
3602000
3679000
3534000
3386000
3250000
3125000
3009000
2901000
2801000
2708000
2620000
2538000
2462000
2494000
2534000
2752000
2980000
2925000
2825000
2730000
2641000
2558000
3266000
3252000
3126000
3703000
4008000
4293000
4768000
4592000
4343000
4430000
4243000
4031000
3839000
3664000
3505000
3359000
3225000
3102000
3335000
3253000
3127000
3011000
2903000
2803000
2709000
2622000
2540000
2463000
2391000
2322000
2258000
2197000
2139000
2147000
2101000
2048000
2042000
1999000
1951000
1905000
1862000
1820000
1781000
1876000
1864000
2888000
2941000
2838000
2742000
2653000
2569000
2555000
2531000
2461000
2388000
2394000
2336000
2271000
2210000
2151000
2096000
2043000
1993000
1946000
1901000
1857000
1816000
1777000
1739000
1702000
1668000
1634000
1602000
1662000
1642000
1610000
1579000
1553000
1532000
1549000
1531000
1503000
1476000
1450000
1425000
1400000
1377000
1354000
1332000
1311000
1290000
1410000
1526000
1515000
1488000
1575000
1561000
1532000
1504000
1477000
1451000
1425000
1401000
1377000
1355000
1333000
1311000
1291000
1271000
1251000
1232000
1214000
1196000
1179000
1162000
1146000
1130000
1286000
1540000
1547000
1518000
1491000
1464000
1438000
1414000
1390000
1366000
1344000
1322000
1301000
1281000
1261000
1242000
1224000
1206000
1188000
1171000
1155000
1139000
1123000
1108000
1093000
1079000
1065000
1051000
1038000
1025000
1012000
999800
987800
976000
964500
953300
942400
931700
921300
911000
901000
891300
881700
872300
863200
854200
845400
836800
828300
856900
853400
844600
836000
827600
819300
811200
803300
795500
787900
780400
773100
817300
816700
808600
800800
793000
785400
778000
770700
763600
756500
749600
742900
736200
729700
723200
716900
710700
704700
698700
692800
687000
681300
694700
691600
738100
739100
732500
726000
719700
713400
707300
701200
695300
689500
683800
678100
672600
667100
661700
656500
651300
646100
641100
636200
631300
626500
621700
758700
772200
765100
758000
751100
764500
760400
753400
746500
739800
733200
726700
720400
714100
708000
701900
696000
690100
684400
724100
854600
864700
855700
846900
838200
829800
821500
813300
805400
797600
789900
782400
815200
2064000
2192000
2135000
2080000
2029000
1979000
1932000
1888000
1845000
1804000
1765000
1728000
1692000
1658000
1625000
1593000
1563000
1533000
1505000
1478000
1452000
1427000
1402000
1379000
1356000
1334000
1312000
1292000
1272000
1252000
1233000
1215000
1197000
1180000
1163000
1147000
1131000
1116000
1101000
1086000
1072000
1058000
1045000
1032000
1019000
1006000
994100
982200
970600
959200
948200
937300
926800
916400
906300
896400
886700
877300
868000
858900
850000
841300
832800
824400
816200
808200
800300
792600
785000
777600
803800
800900
793100
785500
778100
770800
907600
970600
966800
955500
1284000
1314000
1293000
1328000
1553000
2206000
2247000
2188000
2326000
2290000
2227000
2168000
2609000
2600000
2520000
2444000
2373000
2305000
2242000
2182000
2125000
2118000
2532000
2522000
2880000
4004000
6581000
7164000
9338000
8720000
7844000
7133000
6542000
6043000
5616000
5247000
4924000
4639000
4385000
4158000
3954000
5814000
5710000
5328000
4995000
4702000
4441000
4209000
3999000
3978000
3815000
3643000
4497000
4471000
4877000
4689000
4430000
4199000
3990000
3802000
3631000
3475000
3332000
3630000
3904000
3826000
3660000
4653000
4876000
4642000
4388000
4161000
3957000
3771000
3603000
3532000
3396000
3260000
3133000
3017000
2908000
3678000
3643000
3486000
3342000
3209000
3087000
2973000
2868000
2770000
2679000
2593000
2513000
3103000
3226000
3123000
3007000
2900000
2800000
2706000
2792000
2815000
2734000
2645000
2562000
2483000
2410000
2340000
2275000
2213000
2155000
2099000
2841000
2860000
2762000
2671000
2586000
2507000
2432000
2361000
2659000
2627000
2545000
2468000
2395000
2327000
2262000
2201000
2678000
4381000
4398000
4170000
3965000
3779000
3610000
4629000
5412000
5193000
4877000
4597000
4348000
4125000
3924000
3742000
3576000
3424000
3285000
3157000
3039000
2929000
2827000
2732000
2643000
2559000
2481000
2408000
2339000
2273000
2212000
2153000
2098000
2045000
1995000
1947000
1902000
1859000
1817000
2060000
2068000
2065000
2020000
3098000
3495000
3401000
3264000
3137000
3020000
2912000
2853000
2795000
2707000
2619000
2538000
2461000
2389000
2320000
2256000
2195000
2138000
2083000
2031000
1982000
1935000
1890000
1949000
2683000
3849000
5923000
6436000
6111000
5784000
5827000
5491000
5138000
4828000
4734000
5097000
4879000
4599000
5012000
4812000
4540000
4297000
4451000
4321000
4108000
3908000
3727000
3827000
3692000
3531000
3383000
3247000
3122000
3006000
2899000
2799000
2705000
2618000
2677000
3081000
3167000
3326000
4801000
4995000
4737000
4472000
4237000
4025000
3833000
4070000
5418000
5575000
5253000
6130000
5864000
5527000
5178000
4863000
4585000
4337000
4115000
3915000
3734000
3569000
3418000
3279000
3151000
3033000
2924000
2822000
2727000
2639000
2556000
2478000
2405000
2336000
2270000
2209000
2151000
2095000
2043000
1993000
1945000
1900000
1857000
1816000
1776000
1958000
2075000
2043000
1993000
1946000
1900000
1857000
1816000
1776000
1738000
1702000
1667000
1878000
1871000
1830000
1789000
1751000
1714000
1679000
1645000
1613000
1582000
1552000
1523000
1495000
1468000
1442000
1417000
1393000
1370000
1347000
1326000
1304000
1284000
1264000
1245000
1226000
1208000
1191000
1174000
1157000
1141000
1125000
1110000
1095000
1081000
1067000
1053000
1040000
1027000
1014000
1002000
989600
977800
1112000
1118000
1103000
1088000
1074000
1060000
1047000
1033000
1482000
2520000
2587000
2507000
2432000
2362000
2295000
2232000
2173000
2239000
2820000
3199000
3198000
4234000
4786000
4603000
4353000
4130000
3928000
4555000
4427000
4196000
3988000
3800000
3629000
3473000
3427000
6842000
6793000
6256000
5799000
5406000
5063000
5906000
5663000
5288000
4960000
4670000
4413000
4184000
3977000
4008000
3850000
3675000
3515000
3665000
4538000
5094000
4884000
5368000
5141000
4830000
4556000
4311000
4092000
3894000
3715000
3551000
3402000
3264000
3138000
3021000
2912000
2811000
2717000
2629000
2547000
2469000
2397000
2328000
2263000
2613000
2591000
2511000
2436000
2365000
2298000
2254000
2308000
2636000
2608000
2576000
2505000
2430000
2359000
2460000
2412000
2646000
2607000
2526000
2450000
2378000
2311000
2247000
2187000
2129000
2075000
2024000
1975000
1928000
1884000
1841000
1800000
1762000
1724000
1689000
1655000
1622000
1590000
1560000
1600000
2151000
2268000
2220000
2161000
2105000
2052000
2002000
1954000
1908000
1864000
1823000
1783000
1745000
1708000
1673000
1640000
1608000
1577000
1547000
1518000
1490000
2191000
3033000
3038000
2928000
2826000
2731000
2642000
2559000
2760000
2740000
2655000
2571000
2880000
2851000
2756000
2666000
2581000
2502000
2427000
2357000
2290000
2228000
2168000
2112000
2059000
2008000
1960000
1914000
1870000
1828000
1788000
1750000
1713000
1678000
1644000
1612000
1581000
1551000
2037000
2062000
2011000
1963000
1946000
1905000
1861000
1820000
1780000
1742000
1706000
1671000
1637000
1605000
1574000
1545000
1516000
1488000
1462000
1436000
1411000
1387000
1364000
1342000
1327000
1306000
1286000
1266000
1303000
1411000
1418000
1396000
1373000
1350000
1328000
1307000
1286000
1266000
1247000
1228000
1210000
1193000
1176000
1159000
1143000
1242000
1377000
1554000
1551000
1523000
1495000
1468000
1442000
1417000
1393000
1370000
1347000
1325000
1304000
1284000
1264000
1245000
1226000
1208000
1191000
1258000
1692000
1722000
1686000
1652000
1619000
1588000
1558000
1529000
1501000
1474000
1447000
1422000
1398000
1375000
1352000
1330000
1309000
1288000
1268000
1249000
1230000
1633000
1662000
1628000
1597000
1566000
1537000
1508000
1481000
1455000
1429000
1405000
1381000
1358000
1336000
1315000
1294000
1274000
1254000
1235000
1217000
1199000
1182000
1165000
1149000
1133000
1117000
1102000
1088000
1074000
1060000
1046000
1033000
1020000
1008000
995400
983500
971800
960500
949300
938500
927900
917500
907400
897500
887800
878300
869000
859900
851000
842200
833700
825300
817100
809100
801200
793400
785900
778400
771100
763900
756900
755700
787900
884500
1065000
1264000
2158000
2230000
2171000
2114000
2061000
2010000
1962000
1916000
1872000
1830000
1790000
1751000
1715000
1679000
1646000
1613000
1582000
1552000
1523000
1495000
1468000
1442000
1417000
1393000
1370000
1347000
1326000
1305000
1284000
1264000
1245000
1226000
1208000
1419000
1508000
1493000
1466000
1440000
1415000
1391000
2178000
2237000
2207000
2153000
2098000
2045000
1995000
1947000
1902000
1859000
1817000
1778000
1769000
1929000
1913000
1869000
1827000
1787000
1749000
1712000
1677000
1644000
1611000
1580000
1550000
1521000
1493000
1467000
1441000
1671000
2527000
2708000
2656000
2575000
2602000
2689000
2625000
2543000
2466000
2393000
2722000
4598000
4954000
4714000
4453000
4219000
4009000
3819000
3646000
3511000
3432000
3325000
3197000
3075000
2963000
2859000
2761000
2670000
2585000
2506000
2431000
2793000
2763000
2672000
2587000
2507000
2432000
2362000
2295000
2232000
2901000
2906000
2805000
2712000
2624000
2542000
2465000
2392000
2324000
2259000
2198000
2141000
2086000
2034000
1984000
2308000
2297000
2234000
2175000
2118000
2219000
2198000
2282000
2248000
2495000
2465000
2393000
2324000
2260000
2199000
2156000
2237000
2223000
2168000
2112000
2058000
2008000
1959000
1913000
1870000
1904000
1935000
1899000
1856000
1815000
1775000
1890000
1870000
1828000
1796000
1759000
1722000
1686000
1652000
1619000
1588000
1558000
1529000
1501000
1474000
1447000
1475000
1457000
1431000
1740000
1752000
1715000
1680000
1646000
1614000
1582000
1751000
1743000
1855000
1855000
1870000
1951000
2836000
3139000
3061000
2950000
2846000
2750000
2660000
2575000
2496000
2422000
2352000
2286000
2223000
2164000
2108000
2055000
2005000
1957000
1911000
1867000
1825000
1785000
1747000
1711000
1676000
1642000
1610000
1579000
1549000
1520000
1492000
1465000
1440000
1415000
1391000
1367000
1345000
1410000
1399000
1376000
1353000
1331000
1310000
1289000
1271000
1374000
1369000
1347000
1325000
1304000
1387000
1379000
1356000
1357000
1339000
1317000
1296000
1276000
1256000
1237000
1219000
1201000
1184000
1167000
1151000
1135000
1119000
1104000
1089000
1075000
1061000
1048000
1035000
1022000
1157000
1294000
1474000
1474000
1448000
1423000
1398000
1375000
1352000
1330000
1309000
1288000
1268000
1249000
1230000
1212000
1195000
1177000
1161000
1145000
1129000
1113000
1099000
1084000
1070000
1056000
1043000
1045000
1034000
1021000
1009000
996600
984600
972900
961500
950400
939500
928900
918500
999000
1e+06
988000
976300
964800
953600
942700
1027000
1222000
1316000
1307000
1286000
1351000
1401000
1386000
1362000
1340000
1319000
1298000
1277000
1258000
1239000
1220000
1202000
1185000
1168000
1152000
1136000
1120000
1105000
1091000
1076000
1062000
1049000
1035000
1023000
1010000
997700
985700
974000
962600
951500
940600
929900
919500
922400
1117000
1134000
1119000
1315000
1370000
1361000
1503000
1807000
3835000
3974000
3791000
3621000
3466000
3323000
3192000
3258000
3159000
3040000
2930000
2828000
2733000
2644000
2561000
2483000
2409000
2340000
2274000
2213000
2154000
2099000
2046000
1996000
2195000
2266000
2257000
2202000
2405000
3782000
4907000
4785000
4526000
5435000
6214000
5902000
7121000
7497000
6952000
6390000
5914000
5505000
5150000
4838000
4563000
4317000
7540000
7365000
6736000
6208000
5758000
5370000
5032000
4734000
4470000
4234000
4023000
3831000
3959000
5989000
5926000
5522000
5165000
4851000
4574000
4328000
4107000
3907000
3727000
3562000
3412000
3274000
3242000
3131000
3520000
3559000
3565000
3434000
3294000
3544000
3658000
5517000
7005000
7989000
7444000
7731000
10220000
9507000
