1476000
1448000
1419000
1390000
1363000
1337000
1312000
1288000
1265000
1242000
1221000
1200000
1180000
1160000
1141000
1123000
1162000
1675000
1748000
1711000
1673000
1685000
1897000
1886000
2271000
3606000
3536000
3363000
3207000
3129000
3276000
3175000
3079000
3156000
3113000
3564000
5483000
6642000
6159000
5645000
5273000
5095000
4757000
4659000
5156000
4954000
4920000
4613000
4322000
4065000
3838000
3635000
3486000
3457000
3303000
3152000
3015000
2889000
2773000
2666000
2568000
2523000
2722000
2643000
2546000
2456000
2372000
2293000
2220000
2175000
2275000
2538000
2829000
2881000
2776000
2669000
2570000
2479000
2393000
2313000
2267000
2347000
2282000
2210000
2142000
2078000
2018000
1983000
2081000
2033000
1975000
1921000
1869000
1820000
1774000
1730000
1688000
1648000
1628000
1731000
1700000
1660000
1621000
1584000
1549000
1516000
1484000
1453000
1423000
1395000
1368000
1341000
1316000
1292000
1421000
2515000
2515000
2427000
2346000
2269000
2197000
2130000
2128000
2434000
2692000
2617000
2522000
2433000
2351000
2274000
2202000
2135000
2071000
2011000
1955000
1916000
2012000
1982000
1928000
1876000
1827000
1780000
1736000
1694000
1654000
1616000
1579000
1544000
1513000
1493000
1486000
1729000
2372000
2389000
2558000
2487000
2401000
2321000
2246000
2176000
2114000
2075000
2017000
1960000
1907000
1856000
1908000
2499000
2463000
2379000
2300000
2226000
2157000
2093000
2031000
1974000
1920000
1868000
1819000
1773000
1729000
1687000
1648000
1610000
1573000
1539000
1506000
1474000
1443000
1414000
1386000
1359000
1333000
1309000
1285000
1261000
1239000
1224000
1286000
1291000
1393000
1376000
1350000
1324000
1299000
1276000
1253000
1231000
1210000
1189000
1169000
1150000
1133000
1135000
1119000
1101000
1084000
1079000
1207000
1318000
1303000
1279000
1256000
1234000
1213000
1192000
1172000
1153000
1134000
1116000
1099000
1082000
1078000
1281000
1855000
1853000
1805000
1760000
1716000
1700000
1871000
1839000
1792000
1747000
1704000
1664000
1625000
1588000
1553000
1519000
1487000
1456000
1426000
1398000
1401000
1591000
1573000
1538000
1505000
1474000
1443000
1414000
1386000
1359000
1333000
1308000
1284000
1261000
1258000
1505000
2297000
3043000
3356000
5032000
5064000
4733000
4426000
4157000
3920000
3708000
3519000
3348000
3193000
3052000
2923000
2804000
2695000
2595000
2501000
2414000
2333000
2257000
2186000
2120000
2057000
1998000
1942000
1890000
1858000
2093000
2663000
3112000
3018000
2892000
2776000
2669000
2570000
2498000
2535000
2497000
2414000
2333000
2257000
2186000
2120000
2057000
1998000
1942000
1890000
1855000
1970000
2088000
2040000
1982000
1927000
1875000
1826000
1780000
1735000
1694000
1662000
1624000
1587000
1693000
2996000
4815000
4644000
4348000
4089000
3859000
3654000
3470000
3303000
3153000
3015000
2931000
3073000
2963000
2842000
2730000
2654000
2735000
2645000
2548000
2458000
2374000
2296000
2222000
2153000
2097000
2076000
2022000
1965000
1911000
1861000
1827000
1892000
2554000
2520000
2431000
2361000
2347000
2276000
2204000
2182000
2363000
2343000
2270000
2198000
2131000
2068000
2008000
1953000
1922000
1935000
1887000
1838000
1790000
1746000
1703000
1690000
1882000
1851000
1803000
1758000
1715000
1680000
1811000
2532000
2531000
2728000
3296000
3198000
3057000
2927000
2809000
2699000
2598000
2504000
2417000
2336000
2260000
2189000
2122000
2059000
2e+06
1944000
1892000
1842000
1794000
1749000
1706000
1666000
1627000
1621000
1847000
1820000
1774000
1731000
1992000
3704000
3653000
3583000
4675000
7472000
7084000
6418000
5861000
5512000
5695000
5968000
5539000
5121000
4763000
4452000
4181000
3940000
3727000
3535000
3363000
3637000
5424000
5610000
5485000
6071000
5693000
5255000
4879000
4553000
4520000
5224000
4930000
4597000
4308000
4053000
3827000
3625000
3444000
3280000
3131000
3256000
4352000
4189000
3948000
3734000
3541000
3368000
3212000
3069000
2938000
2834000
2828000
2783000
3063000
2964000
2842000
2730000
2627000
2541000
2511000
2428000
2346000
2269000
2197000
2130000
2067000
2007000
1951000
1898000
1848000
1800000
1755000
1712000
1671000
1632000
1595000
1559000
1525000
1492000
1461000
1431000
1476000
2068000
2058000
1999000
1943000
1890000
1840000
1793000
1748000
1706000
1665000
1626000
1589000
1554000
1520000
1488000
1457000
1427000
1398000
1371000
1352000
1375000
1353000
1327000
1302000
1279000
1256000
1283000
1717000
2051000
2020000
1963000
1909000
1858000
1810000
1764000
1721000
1679000
1640000
1614000
1683000
1732000
1696000
1656000
1618000
1581000
1546000
1513000
1481000
1464000
1536000
1518000
1486000
1455000
1431000
1435000
1409000
1381000
1355000
1329000
1304000
1280000
1257000
1235000
1214000
1193000
1173000
1154000
1135000
1117000
1100000
1083000
1066000
1050000
1035000
1020000
1005000
990900
977100
965900
974600
963000
949900
937200
924900
912900
901200
889700
878600
867800
857200
846800
836700
826900
817300
807900
798700
789700
781000
772400
764000
755800
790400
1354000
1404000
1379000
1353000
1327000
1302000
1279000
1256000
1234000
1212000
1192000
1172000
1152000
1134000
1116000
1104000
1184000
1510000
1561000
1531000
1504000
1516000
1487000
1456000
1427000
1398000
1371000
1344000
1319000
1295000
1271000
1249000
1227000
1206000
1185000
1174000
1260000
1252000
1276000
1257000
1234000
1213000
1199000
1264000
1339000
1321000
1296000
1273000
1250000
1228000
1207000
1187000
1167000
1148000
1129000
1111000
1094000
1077000
1075000
1227000
1219000
1198000
1178000
1159000
1140000
1122000
1104000
1087000
1070000
1054000
1074000
1480000
1805000
1785000
1741000
1698000
1658000
1650000
1871000
1843000
1795000
1750000
1747000
2296000
3578000
3523000
3353000
3198000
3056000
2927000
2829000
3129000
4538000
4635000
4361000
4100000
3869000
3663000
3478000
3311000
3159000
3021000
2895000
2779000
2671000
2617000
2830000
3147000
4146000
3998000
3778000
3816000
4780000
4688000
4398000
4133000
3900000
3691000
3503000
3334000
3180000
3040000
2912000
2795000
2713000
2804000
2887000
3199000
3403000
3280000
3132000
2996000
2872000
2946000
3751000
3630000
3620000
4334000
4711000
5127000
5514000
5156000
4903000
4909000
4606000
4315000
4059000
3833000
3634000
3468000
3303000
3252000
3501000
3364000
3207000
3065000
2935000
2815000
2705000
2604000
2510000
2422000
2341000
2264000
2193000
2126000
2089000
2157000
2102000
2050000
2044000
1990000
1934000
1882000
1833000
1789000
1785000
1901000
2067000
3217000
3169000
3030000
2903000
2786000
2698000
2732000
2689000
2593000
2515000
2521000
2440000
2358000
2280000
2208000
2140000
2076000
2016000
1959000
1906000
1855000
1807000
1761000
1718000
1677000
1637000
1600000
1597000
1833000
1808000
1762000
1725000
1733000
1710000
1726000
1693000
1654000
1615000
1579000
1544000
1511000
1479000
1448000
1419000
1391000
1413000
1777000
1931000
1892000
1859000
1994000
1953000
1900000
1850000
1802000
1756000
1713000
1672000
1633000
1596000
1560000
1526000
1494000
1462000
1432000
1404000
1376000
1350000
1324000
1299000
1276000
1308000
1785000
2151000
2116000
2054000
1995000
1940000
1887000
1837000
1790000
1745000
1703000
1662000
1624000
1587000
1552000
1518000
1486000
1458000
1451000
1424000
1407000
1456000
1433000
1404000
1377000
1350000
1324000
1308000
1365000
1345000
1320000
1295000
1272000
1249000
1227000
1206000
1186000
1166000
1147000
1128000
1110000
1093000
1076000
1060000
1044000
1029000
1014000
999700
1012000
1305000
1306000
1282000
1259000
1237000
1215000
1195000
1175000
1156000
1142000
1124000
1123000
1299000
1291000
1267000
1245000
1223000
1202000
1182000
1164000
1161000
1143000
1125000
1107000
1090000
1073000
1057000
1041000
1026000
1011000
997000
983000
984500
1137000
1189000
1182000
1269000
1255000
1233000
1212000
1191000
1171000
1152000
1133000
1115000
1098000
1081000
1064000
1048000
1033000
1018000
1003000
995000
1039000
1029000
1017000
1003000
994000
1054000
1323000
1321000
1297000
1274000
1269000
1317000
1299000
1275000
1252000
1230000
1209000
1189000
1169000
1150000
1131000
1113000
1096000
1079000
1079000
1348000
1606000
1590000
1555000
1521000
1489000
1458000
1428000
1399000
1372000
1346000
1320000
1328000
2040000
4778000
4679000
4380000
4116000
3883000
3676000
3489000
3321000
3169000
3030000
2903000
2786000
2678000
2579000
2486000
2400000
2320000
2245000
2175000
2109000
2047000
1989000
1933000
1881000
1832000
1785000
1740000
1698000
1658000
1619000
1583000
1548000
1514000
1482000
1451000
1422000
1393000
1366000
1340000
1315000
1291000
1267000
1245000
1223000
1202000
1182000
1162000
1143000
1125000
1107000
1090000
1073000
1057000
1041000
1026000
1011000
997000
983000
969500
956300
943400
930900
918700
906900
895300
884000
873000
862300
853000
881300
1021000
1018000
1004000
989600
975900
982100
1190000
1265000
1249000
1287000
1765000
1762000
1729000
1820000
2296000
3224000
3166000
3089000
3236000
3113000
2979000
3e+06
3570000
3449000
3284000
3135000
2999000
2875000
2760000
2654000
2570000
2664000
3179000
3217000
3977000
6282000
9556000
10720000
12640000
10830000
9290000
8144000
7257000
6548000
5968000
5485000
5075000
4723000
4418000
4150000
4471000
6505000
6112000
5606000
5179000
4813000
4496000
4219000
4015000
3989000
3786000
3810000
4705000
4731000
5077000
4776000
4464000
4190000
3949000
3734000
3542000
3369000
3331000
3753000
3995000
3858000
3930000
5037000
5104000
4774000
4462000
4189000
3948000
3733000
3574000
3540000
3378000
3220000
3077000
2946000
3028000
3881000
3751000
3557000
3382000
3224000
3080000
2964000
2951000
2839000
2727000
2624000
2672000
3404000
3461000
3308000
3157000
3019000
2893000
2816000
3021000
3026000
2907000
2790000
2682000
2582000
2490000
2403000
2323000
2248000
2178000
2301000
3319000
3253000
3107000
2973000
2851000
2738000
2634000
2621000
3076000
2989000
2865000
2751000
2646000
2549000
2460000
2524000
3798000
5860000
5564000
5142000
4781000
4478000
4634000
6063000
6776000
6243000
5715000
5271000
4892000
4565000
4279000
4028000
3804000
3605000
3426000
3264000
3157000
3186000
3078000
2948000
2850000
2893000
2789000
2681000
2582000
2489000
2403000
2323000
2247000
2177000
2111000
2099000
2295000
2242000
2256000
2670000
2644000
2611000
2824000
4401000
4738000
4469000
4195000
3953000
3738000
3615000
3753000
3627000
3449000
3285000
3136000
2999000
2875000
2760000
2659000
2587000
2496000
2419000
2393000
2318000
2243000
2218000
2576000
3882000
6096000
8792000
8849000
8003000
7449000
7204000
6545000
5994000
5673000
5650000
5926000
5504000
5329000
5777000
5389000
4994000
4797000
4986000
4737000
4434000
4168000
4024000
4195000
3985000
3766000
3571000
3395000
3236000
3091000
2959000
2837000
2726000
2705000
3258000
3751000
3830000
4438000
6203000
6135000
5649000
5215000
4844000
4523000
4355000
5092000
6578000
6474000
6294000
7134000
6581000
6092000
5596000
5170000
4805000
4489000
4213000
3969000
3752000
3558000
3383000
3225000
3081000
2950000
2829000
2718000
2616000
2521000
2432000
2350000
2273000
2201000
2134000
2070000
2010000
1954000
1901000
1850000
1803000
1795000
2071000
2037000
2046000
2400000
2520000
2445000
2362000
2285000
2212000
2144000
2080000
2019000
1963000
1909000
1943000
2425000
2385000
2306000
2232000
2163000
2098000
2036000
1978000
1924000
1872000
1823000
1777000
1733000
1691000
1651000
1613000
1576000
1541000
1508000
1476000
1446000
1417000
1388000
1361000
1339000
1343000
1334000
1310000
1286000
1263000
1240000
1219000
1198000
1178000
1158000
1140000
1121000
1104000
1087000
1070000
1054000
1061000
1341000
1340000
1314000
1290000
1267000
1244000
1223000
1276000
2143000
3528000
3466000
3300000
3149000
3012000
2886000
2771000
2692000
2941000
3759000
4157000
4420000
5850000
6290000
5817000
5357000
4966000
4904000
5546000
5203000
4834000
4514000
4235000
3989000
3798000
4805000
8596000
7923000
7082000
6406000
5850000
5710000
6544000
6066000
5567000
5145000
4784000
4470000
4196000
4005000
4032000
3828000
3626000
3517000
3877000
4944000
5356000
5246000
5656000
5283000
4902000
4573000
4287000
4034000
3811000
3611000
3431000
3268000
3120000
2986000
2862000
2749000
2644000
2547000
2456000
2373000
2294000
2232000
2220000
2242000
2661000
2602000
2508000
2420000
2339000
2272000
2270000
2389000
2729000
2667000
2623000
2532000
2443000
2393000
2502000
2485000
2736000
2658000
2560000
2469000
2384000
2305000
2231000
2162000
2097000
2036000
1978000
1923000
1872000
1828000
1833000
1790000
1746000
1703000
1662000
1624000
1587000
1552000
1538000
1750000
2403000
2480000
2403000
2323000
2248000
2177000
2111000
2049000
1991000
1935000
1883000
1840000
1853000
1842000
1797000
1752000
1709000
1668000
1629000
1592000
1716000
2980000
3991000
3855000
3650000
3466000
3300000
3150000
3137000
3560000
3468000
3305000
3278000
3639000
3513000
3344000
3189000
3049000
2920000
2802000
2693000
2592000
2499000
2412000
2331000
2255000
2185000
2118000
2056000
1997000
1941000
1888000
1839000
1791000
1747000
1704000
1663000
1625000
1735000
2694000
2672000
2573000
2494000
2483000
2403000
2323000
2248000
2177000
2111000
2049000
1991000
1935000
1883000
1834000
1791000
1787000
1745000
1703000
1662000
1624000
1587000
1552000
1547000
1744000
1720000
1685000
1710000
1777000
1925000
1908000
1858000
1810000
1764000
1721000
1680000
1640000
1602000
1567000
1532000
1510000
1559000
1531000
1498000
1509000
1836000
2095000
2332000
2279000
2207000
2139000
2075000
2015000
1958000
1905000
1854000
1806000
1761000
1717000
1676000
1637000
1599000
1563000
1529000
1545000
2031000
2745000
2699000
2598000
2504000
2417000
2336000
2260000
2189000
2122000
2059000
2e+06
1944000
1892000
1842000
1794000
1749000
1707000
1666000
1627000
1610000
1858000
2625000
2592000
2499000
2412000
2331000
2256000
2185000
2118000
2056000
1997000
1941000
1889000
1839000
1792000
1747000
1704000
1663000
1625000
1588000
1553000
1539000
1655000
1629000
1592000
1557000
1523000
1490000
1459000
1429000
1401000
1373000
1347000
1321000
1312000
1417000
1400000
1377000
1351000
1326000
1301000
1277000
1254000
1232000
1211000
1190000
1171000
1151000
1133000
1115000
1097000
1080000
1064000
1048000
1033000
1025000
1088000
1078000
1062000
1046000
1030000
1022000
1088000
1154000
1344000
1655000
2232000
3697000
3627000
3446000
3282000
3133000
2997000
2872000
2758000
2652000
2555000
2464000
2380000
2301000
2227000
2158000
2093000
2032000
1974000
1920000
1869000
1820000
1774000
1730000
1688000
1648000
1610000
1574000
1539000
1506000
1474000
1444000
1415000
1451000
2028000
2136000
2081000
2021000
1964000
1910000
2057000
3238000
3202000
3102000
2972000
2850000
2737000
2633000
2537000
2447000
2364000
2286000
2229000
2290000
2486000
2421000
2339000
2263000
2192000
2125000
2062000
2002000
1947000
1894000
1844000
1796000
1751000
1708000
1667000
1664000
2173000
3296000
3409000
3283000
3170000
3209000
3261000
3129000
2993000
2869000
2845000
3797000
6125000
6229000
5738000
5290000
4908000
4579000
4292000
4052000
3907000
3782000
3617000
3439000
3275000
3127000
2992000
2868000
2754000
2648000
2551000
2533000
2982000
2902000
2785000
2678000
2578000
2486000
2400000
2320000
2388000
3180000
3109000
2975000
2853000
2740000
2636000
2539000
2451000
2379000
2301000
2227000
2158000
2093000
2032000
2057000
2471000
2423000
2342000
2265000
2229000
2349000
2332000
2415000
2414000
2682000
2610000
2516000
2428000
2346000
2274000
2259000
2344000
2308000
2236000
2167000
2101000
2040000
1982000
1927000
1889000
2005000
2034000
1982000
1927000
1876000
1850000
2024000
1984000
1932000
1899000
1851000
1803000
1757000
1714000
1673000
1635000
1608000
1573000
1539000
1508000
1508000
1554000
1526000
1545000
1937000
1918000
1867000
1818000
1772000
1728000
1724000
2032000
2034000
2163000
2150000
2178000
2469000
3624000
3873000
3694000
3505000
3336000
3192000
3088000
2959000
2837000
2726000
2622000
2527000
2438000
2355000
2278000
2206000
2138000
2074000
2014000
1958000
1904000
1854000
1806000
1760000
1717000
1676000
1636000
1599000
1571000
1598000
1567000
1533000
1500000
1468000
1438000
1417000
1483000
1750000
1731000
1689000
1649000
1611000
1576000
1558000
1621000
1763000
1733000
1691000
1651000
1641000
1838000
1810000
1773000
1804000
1764000
1721000
1680000
1640000
1602000
1567000
1532000
1499000
1468000
1438000
1409000
1381000
1354000
1329000
1304000
1280000
1257000
1235000
1222000
1349000
1626000
1851000
2100000
2061000
2002000
1946000
1893000
1843000
1795000
1750000
1708000
1689000
1840000
1808000
1762000
1719000
1678000
1638000
1601000
1565000
1531000
1498000
1466000
1436000
1407000
1380000
1386000
1591000
1574000
1540000
1506000
1475000
1444000
1415000
1387000
1360000
1334000
1309000
1331000
1669000
1658000
1620000
1583000
1548000
1515000
1519000
1821000
2196000
2313000
2250000
2219000
2375000
2421000
2348000
2271000
2199000
2132000
2068000
2009000
1953000
1899000
1849000
1801000
1756000
1713000
1672000
1633000
1595000
1586000
1757000
1731000
1689000
1649000
1611000
1575000
1540000
1507000
1475000
1445000
1415000
1387000
1360000
1334000
1342000
1604000
1987000
1969000
1980000
2332000
2371000
2364000
2676000
4092000
7657000
7200000
6506000
5933000
5455000
5050000
4813000
4868000
4573000
4286000
4034000
3810000
3610000
3430000
3268000
3120000
2985000
2862000
2748000
2644000
2546000
2456000
2376000
2406000
2890000
2957000
2901000
2847000
3538000
5672000
6902000
6387000
6243000
7624000
8140000
7987000
9344000
9233000
8173000
7279000
6566000
5983000
5497000
5086000
4732000
5493000
8955000
8184000
7288000
6574000
5989000
5502000
5090000
4736000
4429000
4160000
3928000
3818000
4539000
6599000
6241000
5717000
5273000
4894000
4566000
4280000
4029000
3806000
3606000
3427000
3264000
3155000
3166000
3157000
3558000
3573000
3548000
3385000
3321000
3600000
4172000
6538000
8248000
8886000
8270000
9362000
11480000
10960000
