727300
722800
716700
709900
702600
694700
686600
678500
670300
661900
653500
645300
637200
629300
621600
614100
607700
850600
965100
1002000
1032000
1074000
1212000
1252000
1379000
2373000
2651000
2695000
2740000
2769000
2928000
2926000
2897000
3010000
2998000
3081000
4508000
6084000
6133000
5908000
5745000
5652000
5306000
5021000
5469000
5356000
5279000
5033000
4744000
4431000
4142000
3893000
3675000
3594000
3435000
3247000
3074000
2917000
2763000
2622000
2500000
2394000
2519000
2488000
2412000
2342000
2276000
2195000
2114000
2049000
2114000
2286000
2547000
2681000
2681000
2649000
2598000
2527000
2453000
2384000
2317000
2390000
2351000
2278000
2207000
2139000
2064000
1991000
2051000
2030000
1977000
1927000
1879000
1821000
1763000
1713000
1667000
1617000
1571000
1683000
1689000
1661000
1636000
1612000
1574000
1535000
1502000
1472000
1435000
1399000
1363000
1327000
1293000
1261000
1259000
2200000
2459000
2496000
2541000
2572000
2516000
2443000
2411000
2749000
3072000
3088000
3035000
2974000
2884000
2767000
2667000
2645000
2570000
2472000
2376000
2283000
2361000
2335000
2270000
2209000
2149000
2077000
2005000
1943000
1886000
1823000
1764000
1706000
1650000
1659000
1630000
1745000
2358000
2513000
2772000
2848000
2848000
2795000
2731000
2670000
2602000
2552000
2478000
2382000
2285000
2193000
2112000
2685000
2795000
2759000
2730000
2697000
2609000
2513000
2446000
2385000
2296000
2222000
2140000
2053000
1974000
1914000
1850000
1786000
1728000
1674000
1621000
1571000
1525000
1481000
1439000
1437000
1412000
1403000
1381000
1369000
1346000
1320000
1392000
1406000
1494000
1512000
1505000
1490000
1471000
1446000
1420000
1394000
1367000
1336000
1304000
1272000
1241000
1258000
1245000
1223000
1203000
1184000
1298000
1420000
1447000
1451000
1453000
1441000
1416000
1394000
1376000
1353000
1324000
1294000
1277000
1251000
1224000
1350000
1928000
2085000
2117000
2151000
2164000
2127000
2366000
2423000
2410000
2371000
2326000
2253000
2170000
2103000
2042000
1971000
1902000
1836000
1770000
1710000
1655000
1864000
1896000
1872000
1851000
1829000
1785000
1738000
1701000
1667000
1622000
1577000
1533000
1487000
1446000
1600000
2313000
3337000
3623000
5904000
6558000
6358000
6109000
5912000
5582000
5214000
4935000
4699000
4367000
4044000
3750000
3468000
3226000
3019000
2838000
2679000
2538000
2412000
2299000
2196000
2102000
2016000
1937000
1864000
1798000
1933000
2377000
2895000
2997000
3001000
2989000
2931000
2836000
2757000
2825000
2812000
2724000
2628000
2530000
2423000
2320000
2229000
2147000
2065000
1987000
1914000
1983000
2082000
2069000
2033000
1999000
1953000
1897000
1846000
1802000
1754000
1722000
1677000
1628000
1589000
2363000
4459000
4830000
4773000
4760000
4682000
4431000
4203000
4078000
3935000
3707000
3494000
3500000
3345000
3168000
3014000
2878000
2875000
2782000
2677000
2583000
2486000
2383000
2284000
2194000
2113000
2067000
2003000
1934000
1868000
1807000
1757000
1709000
2173000
2280000
2270000
2264000
2306000
2265000
2204000
2165000
2312000
2331000
2285000
2235000
2180000
2110000
2038000
1976000
1929000
1912000
1865000
1810000
1757000
1705000
1653000
1604000
1728000
1739000
1711000
1686000
1661000
1621000
1631000
2200000
2348000
2503000
3125000
3272000
3231000
3187000
3149000
3060000
2942000
2850000
2754000
2629000
2510000
2395000
2282000
2181000
2088000
2003000
1925000
1853000
1786000
1725000
1667000
1613000
1562000
1517000
1693000
1722000
1703000
1686000
1708000
3250000
3610000
3628000
4278000
7824000
8114000
7562000
7264000
7004000
6883000
7046000
6791000
6427000
5959000
5506000
5036000
4609000
4281000
3985000
3699000
3481000
4926000
5481000
5359000
6075000
6095000
5760000
5421000
5179000
4938000
5525000
5429000
5146000
4850000
4581000
4265000
3965000
3739000
3543000
3327000
3150000
4056000
4145000
4e+06
3888000
3783000
3665000
3493000
3362000
3248000
3093000
3084000
2980000
3170000
3135000
3032000
2930000
2830000
2717000
2708000
2639000
2555000
2461000
2369000
2274000
2179000
2096000
2019000
1944000
1873000
1806000
1743000
1684000
1629000
1577000
1529000
1484000
1441000
1401000
1363000
1327000
1297000
1778000
1908000
1922000
1940000
1952000
1918000
1873000
1847000
1824000
1776000
1727000
1676000
1622000
1571000
1523000
1478000
1436000
1412000
1380000
1347000
1390000
1385000
1362000
1357000
1341000
1317000
1294000
1667000
2081000
2181000
2210000
2237000
2222000
2171000
2128000
2098000
2052000
1990000
1927000
2007000
2056000
2027000
1987000
1948000
1899000
1843000
1794000
1750000
1702000
1787000
1787000
1752000
1719000
1686000
1710000
1687000
1655000
1626000
1592000
1552000
1538000
1508000
1474000
1439000
1405000
1384000
1354000
1323000
1294000
1265000
1236000
1232000
1214000
1191000
1168000
1146000
1123000
1100000
1079000
1113000
1111000
1098000
1084000
1071000
1053000
1044000
1031000
1017000
1001000
984100
966800
949200
932500
916400
900400
884900
869800
855200
841000
827200
813900
804100
1333000
1530000
1584000
1633000
1675000
1666000
1641000
1634000
1630000
1598000
1562000
1523000
1479000
1436000
1396000
1359000
1416000
1728000
1861000
1884000
1897000
1958000
1946000
1912000
1889000
1864000
1819000
1769000
1720000
1668000
1616000
1567000
1520000
1476000
1433000
1395000
1498000
1511000
1531000
1526000
1512000
1487000
1459000
1530000
1617000
1622000
1610000
1594000
1567000
1532000
1499000
1470000
1439000
1434000
1409000
1377000
1345000
1315000
1286000
1417000
1443000
1433000
1423000
1412000
1387000
1358000
1336000
1315000
1287000
1258000
1232000
1575000
1993000
2098000
2130000
2159000
2151000
2108000
2332000
2384000
2359000
2319000
2277000
2575000
4113000
4420000
4364000
4321000
4243000
4034000
3829000
3872000
5306000
5702000
5512000
5300000
5086000
4769000
4449000
4222000
4031000
3788000
3551000
3327000
3110000
2921000
3003000
3075000
3974000
4100000
4006000
3938000
4832000
4993000
4820000
4681000
4554000
4301000
4038000
3829000
3641000
3425000
3222000
3034000
2856000
2848000
2841000
3001000
3226000
3220000
3142000
3060000
2964000
2864000
3506000
3602000
3532000
4136000
4589000
4966000
5561000
5538000
5338000
5397000
5211000
4930000
4654000
4416000
4155000
3918000
3684000
3467000
3560000
3450000
3283000
3136000
3004000
2859000
2720000
2605000
2500000
2389000
2285000
2188000
2101000
2018000
1946000
1980000
1946000
1893000
1884000
1850000
1800000
1751000
1708000
1664000
1651000
1720000
1735000
2652000
2885000
2897000
2907000
2906000
2827000
2867000
2883000
2844000
2753000
2742000
2660000
2548000
2452000
2367000
2278000
2188000
2106000
2028000
1952000
1893000
1829000
1767000
1709000
1655000
1603000
1553000
1509000
1708000
1743000
1726000
1712000
1757000
1746000
1755000
1747000
1728000
1693000
1654000
1614000
1572000
1530000
1491000
1450000
1411000
1375000
1683000
1896000
1936000
1950000
2126000
2152000
2120000
2099000
2082000
2035000
1976000
1923000
1868000
1806000
1747000
1690000
1634000
1582000
1534000
1488000
1445000
1405000
1366000
1330000
1296000
1269000
1625000
2045000
2148000
2179000
2206000
2195000
2146000
2105000
2078000
2034000
1974000
1911000
1845000
1779000
1717000
1660000
1634000
1593000
1597000
1572000
1538000
1586000
1579000
1551000
1524000
1498000
1466000
1432000
1503000
1506000
1483000
1461000
1438000
1407000
1374000
1346000
1319000
1289000
1259000
1230000
1201000
1173000
1146000
1121000
1096000
1073000
1051000
1029000
1010000
1277000
1353000
1365000
1380000
1390000
1375000
1353000
1341000
1330000
1343000
1330000
1309000
1443000
1470000
1459000
1449000
1439000
1438000
1416000
1396000
1421000
1407000
1382000
1357000
1330000
1302000
1272000
1245000
1219000
1191000
1165000
1139000
1115000
1262000
1346000
1360000
1461000
1494000
1489000
1492000
1488000
1473000
1449000
1425000
1399000
1366000
1333000
1301000
1302000
1282000
1256000
1231000
1208000
1266000
1268000
1269000
1261000
1248000
1294000
1558000
1630000
1642000
1652000
1702000
1759000
1753000
1742000
1729000
1697000
1656000
1615000
1574000
1534000
1492000
1451000
1411000
1373000
1383000
1602000
1927000
2006000
2023000
2035000
2021000
1979000
1941000
1912000
1874000
1821000
1766000
1713000
2057000
5942000
6486000
6208000
6091000
5967000
5541000
5138000
4945000
4774000
4434000
4124000
3825000
3525000
3289000
3078000
2893000
2731000
2587000
2457000
2340000
2234000
2138000
2050000
1968000
1893000
1824000
1759000
1699000
1643000
1590000
1541000
1495000
1452000
1411000
1372000
1339000
1309000
1278000
1247000
1218000
1190000
1163000
1143000
1121000
1108000
1090000
1070000
1050000
1031000
1011000
992700
974600
957200
939900
923000
906600
890600
875200
860400
846000
832100
818700
805600
793000
780800
769000
757500
746400
748100
761700
858400
886900
894000
900200
903100
897700
1045000
1149000
1180000
1198000
1617000
1741000
1763000
1869000
2245000
3305000
3544000
3564000
3865000
3887000
3753000
3636000
4218000
4253000
4084000
3943000
3800000
3588000
3385000
3225000
3081000
3012000
3390000
3393000
3818000
5514000
9805000
10870000
13800000
12730000
11360000
10230000
9301000
8408000
7669000
7029000
6418000
5683000
5058000
4537000
4137000
5611000
5674000
5368000
5161000
4964000
4639000
4326000
4123000
4089000
3878000
3669000
4249000
4294000
4634000
4582000
4429000
4237000
4035000
3838000
3657000
3473000
3310000
3520000
3738000
3696000
3594000
4462000
4817000
4697000
4550000
4431000
4223000
3979000
3789000
3767000
3605000
3411000
3231000
3056000
2899000
3535000
3604000
3503000
3415000
3328000
3181000
3031000
3063000
3004000
2881000
2766000
2663000
3190000
3380000
3334000
3272000
3205000
3085000
2955000
3132000
3202000
3120000
3020000
2921000
2818000
2696000
2589000
2495000
2394000
2295000
2214000
3093000
3268000
3223000
3193000
3157000
3041000
2943000
2877000
3276000
3287000
3190000
3097000
2995000
2864000
2735000
2720000
3438000
5870000
6137000
5899000
5744000
5548000
5326000
6461000
7571000
7384000
6924000
6542000
6073000
5542000
5139000
4840000
4514000
4173000
3865000
3576000
3321000
3307000
3188000
3033000
2898000
2936000
2853000
2738000
2642000
2554000
2450000
2348000
2258000
2173000
2087000
2017000
2172000
2170000
2126000
2511000
2611000
2629000
2637000
4099000
4860000
4850000
4771000
4742000
4540000
4287000
4488000
4466000
4263000
4047000
3841000
3604000
3378000
3193000
3033000
2990000
2874000
2742000
2678000
2584000
2475000
2396000
2521000
3436000
5314000
8980000
9881000
9320000
8873000
8796000
8109000
7424000
7144000
6941000
6955000
6481000
5971000
6262000
5960000
5516000
5239000
5356000
5151000
4822000
4561000
4422000
4457000
4264000
4043000
3843000
3638000
3427000
3233000
3065000
2911000
2758000
2625000
2968000
3452000
3621000
3906000
5757000
6239000
6016000
5805000
5618000
5283000
4938000
5206000
6650000
6887000
6569000
7449000
7250000
6797000
6352000
6010000
5613000
5180000
4824000
4501000
4147000
3838000
3560000
3307000
3090000
2901000
2735000
2588000
2456000
2338000
2232000
2135000
2046000
1964000
1889000
1820000
1756000
1696000
1640000
1588000
1539000
1495000
1719000
1763000
1752000
2036000
2241000
2263000
2252000
2248000
2218000
2157000
2105000
2059000
1998000
1932000
1872000
2292000
2374000
2347000
2328000
2305000
2240000
2169000
2119000
2073000
2006000
1939000
1917000
1863000
1804000
1749000
1697000
1645000
1595000
1550000
1507000
1464000
1424000
1385000
1348000
1313000
1327000
1320000
1298000
1276000
1254000
1229000
1203000
1179000
1157000
1134000
1110000
1087000
1064000
1042000
1021000
1001000
990400
1197000
1255000
1263000
1273000
1279000
1265000
1246000
1240000
1789000
3395000
3759000
3786000
3827000
3810000
3657000
3509000
3439000
3532000
4213000
4757000
4836000
6304000
7234000
6986000
6596000
6302000
5956000
6426000
6227000
5894000
5538000
5173000
4771000
4390000
4327000
8031000
8171000
7545000
7162000
6825000
6251000
6770000
6641000
6318000
5873000
5481000
5032000
4593000
4273000
4187000
3949000
3702000
3486000
3523000
4186000
4763000
4745000
5277000
5255000
5021000
4772000
4567000
4342000
4094000
3867000
3655000
3420000
3205000
3010000
2831000
2673000
2533000
2421000
2312000
2210000
2117000
2033000
2020000
1971000
2246000
2290000
2258000
2226000
2191000
2132000
2121000
2173000
2453000
2487000
2492000
2465000
2415000
2345000
2419000
2402000
2600000
2609000
2558000
2496000
2431000
2352000
2272000
2199000
2131000
2054000
1978000
1906000
1835000
1771000
1769000
1731000
1684000
1640000
1598000
1553000
1510000
1470000
1435000
1523000
2036000
2253000
2292000
2313000
2318000
2273000
2216000
2177000
2139000
2077000
2010000
1941000
1960000
1944000
1896000
1847000
1801000
1749000
1697000
1650000
1620000
2601000
3955000
4192000
4181000
4185000
4097000
3901000
3753000
4298000
4352000
4178000
4019000
4346000
4254000
4044000
3885000
3743000
3543000
3347000
3184000
3031000
2870000
2721000
2583000
2453000
2335000
2229000
2132000
2043000
1962000
1887000
1818000
1754000
1718000
1670000
1620000
1573000
1539000
2356000
2565000
2578000
2600000
2704000
2664000
2587000
2545000
2507000
2421000
2332000
2247000
2181000
2101000
2022000
1966000
1947000
1896000
1839000
1787000
1736000
1683000
1633000
1588000
1769000
1795000
1774000
1831000
1904000
2043000
2073000
2066000
2050000
2015000
1967000
1917000
1868000
1819000
1764000
1709000
1655000
1725000
1714000
1678000
1649000
1949000
2218000
2543000
2624000
2637000
2616000
2567000
2501000
2439000
2376000
2305000
2221000
2134000
2050000
1968000
1893000
1823000
1759000
1698000
1646000
1986000
2771000
2945000
2957000
2973000
2948000
2854000
2764000
2706000
2637000
2534000
2431000
2326000
2220000
2124000
2036000
1980000
1913000
1847000
1785000
1729000
1859000
2587000
2755000
2759000
2767000
2752000
2671000
2585000
2530000
2472000
2381000
2291000
2198000
2104000
2018000
1939000
1866000
1798000
1735000
1677000
1622000
1573000
1701000
1713000
1686000
1663000
1640000
1602000
1562000
1529000
1499000
1461000
1424000
1387000
1351000
1444000
1452000
1437000
1422000
1405000
1378000
1348000
1324000
1301000
1273000
1245000
1217000
1188000
1161000
1135000
1110000
1086000
1063000
1041000
1020000
1e+06
1067000
1078000
1070000
1065000
1058000
1044000
1091000
1148000
1288000
1578000
1988000
3792000
4198000
4199000
4206000
4175000
4003000
3824000
3712000
3600000
3409000
3223000
3040000
2857000
2696000
2554000
2426000
2311000
2207000
2112000
2025000
1945000
1872000
1804000
1740000
1682000
1627000
1575000
1527000
1482000
1439000
1399000
1361000
1330000
1779000
2002000
2043000
2063000
2078000
2049000
2016000
3117000
3388000
3415000
3416000
3393000
3267000
3127000
3034000
2953000
2823000
2698000
2574000
2543000
2670000
2631000
2553000
2483000
2409000
2320000
2236000
2166000
2096000
2025000
1961000
1893000
1826000
1764000
1705000
1652000
1872000
2867000
3264000
3333000
3358000
3469000
3569000
3494000
3420000
3349000
3233000
3564000
5943000
6640000
6411000
6179000
5955000
5552000
5146000
4888000
4751000
4516000
4243000
3960000
3681000
3433000
3214000
3023000
2857000
2706000
2569000
2456000
2732000
2738000
2663000
2599000
2536000
2444000
2350000
2277000
2220000
2818000
2928000
2884000
2844000
2802000
2705000
2600000
2527000
2498000
2414000
2324000
2235000
2144000
2058000
1982000
2288000
2333000
2294000
2262000
2229000
2318000
2309000
2390000
2399000
2627000
2645000
2595000
2539000
2483000
2404000
2355000
2405000
2392000
2327000
2259000
2191000
2113000
2037000
1971000
1909000
1984000
2018000
1986000
1944000
1904000
1857000
1989000
1999000
1971000
1962000
1933000
1884000
1830000
1785000
1741000
1690000
1673000
1636000
1590000
1548000
1535000
1559000
1540000
1514000
1836000
1914000
1909000
1906000
1901000
1864000
1821000
2109000
2176000
2312000
2358000
2404000
2519000
3645000
4229000
4260000
4212000
4154000
4025000
3897000
3764000
3639000
3471000
3290000
3109000
2931000
2771000
2627000
2495000
2375000
2266000
2167000
2128000
2060000
1987000
1920000
1858000
1795000
1736000
1682000
1631000
1582000
1634000
1621000
1588000
1557000
1527000
1490000
1453000
1519000
1761000
1812000
1822000
1823000
1809000
1772000
1785000
1838000
1979000
1991000
1969000
1939000
1903000
2098000
2123000
2099000
2177000
2174000
2125000
2072000
2027000
1977000
1915000
1883000
1835000
1778000
1723000
1671000
1619000
1570000
1524000
1481000
1459000
1426000
1391000
1358000
1441000
1684000
1925000
2252000
2344000
2362000
2356000
2329000
2283000
2235000
2186000
2129000
2061000
2235000
2237000
2183000
2136000
2090000
2026000
1960000
1907000
1857000
1799000
1749000
1695000
1641000
1590000
1543000
1734000
1766000
1746000
1730000
1712000
1675000
1633000
1601000
1571000
1531000
1492000
1455000
1780000
1856000
1851000
1850000
1865000
1834000
1795000
2067000
2502000
2746000
2784000
2788000
3021000
3131000
3088000
3037000
2980000
2883000
2765000
2656000
2554000
2446000
2339000
2239000
2143000
2054000
1972000
1896000
1826000
1763000
1914000
1923000
1888000
1858000
1827000
1779000
1729000
1689000
1652000
1606000
1561000
1516000
1472000
1430000
1392000
1608000
1997000
2095000
2117000
2504000
2677000
2688000
2963000
3759000
8751000
8976000
8268000
7892000
7528000
6827000
6302000
6358000
6134000
5620000
5179000
4765000
4335000
3985000
3706000
3466000
3242000
3043000
2865000
2703000
2560000
2431000
2317000
2303000
2638000
2771000
2787000
2762000
3033000
4848000
6673000
6705000
6514000
7790000
8814000
8374000
9734000
10290000
9541000
8660000
8006000
7337000
6618000
6039000
5583000
5186000
8122000
8113000
7434000
6987000
6621000
6039000
5510000
5200000
4941000
4549000
4205000
3953000
3954000
5623000
5786000
5522000
5322000
5121000
4788000
4474000
4268000
4080000
3820000
3578000
3348000
3126000
3071000
2946000
3175000
3236000
3263000
3193000
3109000
3293000
3460000
5280000
7235000
8625000
8362000
8925000
11640000
11090000
