216900
216700
216400
216200
215900
215700
215400
215200
214900
214700
214500
214200
214000
213700
213500
213200
22110000
6210000
623800
212900
991500
10570000
1629000
6975000
40110000
5599000
212400
212100
211900
6571000
1758000
303600
5227000
1860000
5227000
34580000
24770000
2962000
211200
210900
3457000
659400
210300
13790000
2088000
5556000
948800
209600
209400
209200
208900
208700
1888000
440400
208000
207800
207600
207400
207100
206900
206700
6369000
1058000
206100
205900
205700
205500
205200
205000
1023000
9217000
11110000
5107000
697300
204200
204000
203800
203600
203400
203100
2540000
525900
202500
202300
202100
201900
201700
4847000
843500
201100
200900
200700
200500
200300
200100
199900
199700
199400
199200
199000
198800
198600
198400
198200
198000
197800
197600
197400
197200
196900
196700
196500
196300
196100
27630000
3989000
196200
195900
195700
195500
195300
195100
3668000
10100000
1498000
194600
194400
194200
194000
193800
193600
193400
193200
193000
192800
192600
192400
192200
192100
191900
191700
191500
191300
191100
190900
190700
190500
190300
190100
189900
189700
20830000
3043000
7566000
1209000
189400
189200
189000
188800
188700
188500
188300
188100
187900
187700
187500
11730000
1782000
187200
187000
186900
186700
186500
186300
186100
185900
185700
185600
185400
185200
185000
184800
184700
184500
184300
184100
183900
183800
183600
183400
183200
183000
182900
182700
182500
182300
182200
182000
181800
181600
181500
181300
181100
180900
180800
180600
180400
180200
180100
179900
179700
179600
179400
179200
179000
178900
178700
178500
259900
189500
178000
177900
177700
177500
177400
177200
177000
176900
176700
176500
176400
176200
176000
24580000
3550000
176100
175900
175700
175600
178100
175600
175100
174900
174800
174600
174400
174300
174100
173900
173800
173600
173500
173300
173100
173000
172800
172700
172500
172400
172200
172000
171900
171700
171600
171400
171300
171100
171000
170800
20460000
24790000
3186000
35540000
9132000
734300
171400
171200
171000
170900
170700
170600
170400
170300
170100
170000
169800
169700
169500
169400
169200
169100
168900
168800
168600
168500
168300
168200
168000
167900
7433000
14510000
2012000
167700
167500
167400
167200
167100
1474000
1633000
344500
166500
166400
166200
166100
165900
165800
165700
165500
165400
2147000
6399000
989000
164900
164800
164700
164500
164400
164200
164100
163900
163800
163700
163500
34110000
44410000
5633000
164400
164200
164100
163900
163800
163700
163500
163400
163200
5846000
948600
162900
162800
162600
4963000
826000
162300
162200
162000
161900
161800
161600
161500
1184000
384800
172500
161000
160900
650400
228300
24870000
3576000
160800
160600
1914000
402900
160400
160200
8260000
2489000
327300
160000
159900
159800
159600
159500
688400
2487000
471000
159100
159000
158900
158700
158600
8744000
1346000
158500
158400
158300
158100
1910000
27330000
3881000
4968000
17820000
2509000
158800
158700
158600
158400
158300
158200
158000
157900
157800
157600
157500
157400
157200
157100
157000
156800
156700
156600
156500
156300
156200
156100
2060000
419200
155800
155700
155500
50740000
7150000
156400
10850000
45440000
7743000
369000
157400
157300
4953000
10470000
1492000
157500
157400
157200
157100
157000
156800
156700
156600
156500
27860000
10510000
1059000
14470000
2721000
238300
157300
157100
157000
14040000
2076000
157100
157000
156900
156700
156600
156500
156300
156200
156100
16190000
2374000
156300
156200
156000
155900
155800
155600
155500
155400
155300
155100
4936000
816100
155100
154900
154800
154700
154600
154400
154300
154200
154000
153900
153800
153700
153500
153400
153300
153200
153000
152900
152800
152700
152600
152400
152300
152200
152100
151900
151800
713500
229300
151500
151400
151200
151100
151000
150900
150800
150600
150500
150400
150300
150200
150000
149900
149800
149700
149600
149400
149300
149200
149100
149000
148900
148700
148600
4269000
13290000
1887000
149200
149100
148900
148800
148700
148600
148500
148400
148200
148100
148000
147900
147800
147700
147500
147400
147300
147200
147100
147000
146900
146700
146600
146500
146400
146300
146200
146100
145900
145800
145700
145600
145500
145400
145300
145200
145000
144900
144800
144700
144600
144500
144400
144300
144200
144100
143900
143800
143700
143600
143500
143400
143300
143200
143100
143000
142900
142700
142600
142500
142400
142300
142200
142100
142000
141900
141800
141700
141600
141500
141400
141200
13510000
3565000
359600
141700
141600
141500
141400
141300
141200
141100
141000
140900
140700
140600
140500
140400
140300
7088000
3674000
496300
140500
1127000
276700
140200
140100
140000
139900
139800
139700
139600
139500
139400
139300
139200
139100
139000
138900
138800
138700
138600
138500
138400
138300
138200
4176000
696300
138100
138000
137900
137800
137700
137600
137500
137400
137300
137200
137100
137000
136900
5054000
816700
136900
136800
136700
136600
136500
136400
136300
136200
136100
136000
17110000
16340000
2053000
137300
137200
137100
137000
9668000
1455000
137300
137200
137100
12520000
37250000
5411000
191300
138900
138800
138700
138600
3371000
30750000
8762000
755500
140000
139900
139800
139700
139600
139500
139400
139300
139200
139100
139000
5813000
5152000
24630000
3445000
140400
140300
20390000
5260000
462000
141200
141100
141000
140900
140800
140700
140600
140500
140400
140300
3178000
3648000
8782000
8800000
1456000
178900
140800
140700
140600
20960000
3019000
141500
15930000
9721000
9109000
12150000
1652000
143400
5697000
911200
143400
143200
143100
143000
142900
142800
142700
8353000
1278000
142900
142800
142600
142500
142400
142300
142200
142100
142000
141900
141800
141700
141600
1878000
381600
141400
1793000
369600
141100
141000
140900
140800
140700
5573000
1352000
35550000
5029000
142000
141900
141800
141700
1854000
1740000
329900
141500
2504000
468100
141300
141200
141100
141000
140900
140800
140700
140600
140500
140400
140300
140100
140000
139900
139800
139700
2174000
420900
139500
139400
139300
350500
2431000
645600
165900
139000
138900
138800
138700
138600
138500
138400
138300
138200
5446000
7125000
1003000
138400
5743000
913300
138400
138300
138200
138100
138000
137900
137800
137700
137600
137500
137400
137300
137200
137100
137000
136900
136800
136700
136600
136500
5792000
14370000
1997000
137200
137100
137000
136900
136800
136700
136600
136500
136400
136300
136200
136100
136000
135900
135800
135700
135600
135500
135400
135300
135200
135100
135100
135000
134900
134800
134700
134600
134500
134400
134300
134200
134100
134000
133900
133800
133700
133600
133500
133400
133300
133200
133100
133100
133000
132900
132800
132700
132600
132500
132400
132300
132200
132100
132000
131900
131800
131800
268700
150500
131500
131400
131300
131200
131100
131000
130900
130800
130800
130700
130600
130500
130400
130300
130200
130100
130000
129900
129900
129800
129700
129600
2528000
461100
129400
129400
129300
129200
129100
129000
128900
128800
128700
128700
128600
128500
128400
128300
128200
128100
128000
128000
127900
127800
127700
12870000
1890000
128100
128000
127900
1700000
345200
127800
127700
127600
127500
127400
127300
127200
127200
127100
127000
126900
126800
1770000
12950000
1869000
127200
127100
127000
127000
126900
126800
126700
126600
126500
126500
1581000
70670000
9854000
128700
128600
128500
128400
128400
128300
128200
128100
128000
127900
127800
127700
127700
127600
127500
127400
127300
127200
127100
127100
127000
126900
126800
126700
126600
126500
126500
126400
126300
126200
126100
126000
126000
125900
125800
125700
125600
125500
125500
125400
125300
125200
125100
125000
125000
124900
124800
124700
124600
124500
124500
124400
124300
124200
124100
124000
124000
123900
123800
123700
123600
123600
123500
123400
123300
123200
123200
123100
123000
122900
122800
122800
122700
122600
10940000
5856000
708900
123000
23340000
3333000
124000
3370000
13250000
28090000
3976000
157100
6864000
1057000
125900
125800
16220000
2352000
126400
126300
126200
126100
126000
125900
125900
1729000
15650000
2242000
12600000
27720000
41880000
13580000
26830000
3666000
131700
131600
131500
131400
131300
131200
131100
131000
131000
130900
130800
32360000
4588000
132200
132200
132100
132000
131900
131800
3382000
581100
131700
19490000
3965000
10960000
1608000
132900
132800
132700
132600
132600
132500
132400
9519000
9037000
2176000
270100
21730000
8240000
842000
134100
134000
133900
133800
133700
1742000
355900
133500
133400
133300
133200
20360000
2930000
134100
134000
133900
133800
133700
133600
133500
133400
133300
133200
17720000
6038000
614200
134000
133900
133800
133700
4547000
3289000
485600
133700
133600
133500
133400
133300
133200
133100
133000
133000
23750000
3398000
134000
133900
133800
133700
133600
133500
10680000
1592000
133800
133700
133600
133500
133400
133300
15800000
40130000
5365000
135600
135500
135400
135300
22040000
16540000
1985000
136900
136800
136700
136600
136500
136400
136300
136200
136100
136000
135900
135800
135700
135600
135500
135400
135300
135200
135100
135000
134900
134800
134700
134600
134500
134500
134400
134300
134200
6621000
1705000
1939000
370900
34500000
12990000
1256000
136100
136000
135900
135800
135700
781400
224800
135400
135300
135200
135100
135000
134900
134800
134700
134600
134500
134500
134400
134300
1465000
25660000
30220000
37110000
12640000
2077000
1615000
6103000
937400
138800
138700
2839000
10150000
1471000
139000
10750000
1607000
139300
139200
6558000
1912000
261700
139200
139100
5170000
834600
139100
139000
138900
138800
138700
138600
138500
138300
138200
1337000
12910000
5140000
6844000
31390000
8164000
669000
140500
140400
140300
140200
8132000
25850000
7655000
710300
16800000
2445000
1013000
262800
142300
142200
142100
142000
141900
141800
141600
141500
141400
141300
141200
141100
141000
140900
140800
140700
140600
140500
140400
140300
140200
140100
140000
139900
139800
139700
139600
139500
139300
139200
1269000
5333000
835700
139200
139100
139000
138900
138800
138700
138600
138500
138400
8774000
1332000
138600
138500
138400
138300
138200
138100
138000
137900
137800
137700
137600
137500
137400
137300
137200
137100
137000
136900
136800
136700
136600
136500
136400
136300
136200
136100
136000
135900
135800
135700
135600
135500
135400
135300
135200
135100
135000
134900
134800
134700
7668000
1176000
134800
134700
134600
134500
134400
134400
28080000
42510000
5461000
137300
137200
137100
137000
136900
136800
4392000
19680000
12550000
3089000
24320000
13700000
1557000
139900
139800
139700
15040000
2200000
140200
140100
140000
139900
139800
2298000
56360000
7872000
141400
141300
141200
141100
16540000
2409000
141700
141600
141500
141400
141300
141200
4398000
729700
141100
141000
6609000
19740000
13330000
1608000
11920000
1772000
143100
143000
142900
142800
142600
142500
142400
142300
142200
142100
142000
141900
141800
141700
141600
141500
141400
141300
141200
141000
12230000
1812000
141400
141300
141200
141100
641700
4034000
12420000
1766000
1643000
349100
141400
141300
5494000
881300
9487000
1434000
141600
141500
141400
141300
141200
141100
141000
140900
140800
140700
140600
140500
140400
140300
140200
140100
139900
139800
139700
139600
139500
2231000
23800000
6489000
571700
140700
140600
140500
140400
140300
140100
140000
139900
139800
139700
139600
139500
139400
139300
139200
139100
139000
138900
28740000
27350000
3356000
141300
141200
141100
141000
140900
7266000
1987000
260100
140900
11150000
2022000
190900
141200
141100
141000
140800
140700
140600
140500
140400
140300
140200
140100
140000
139900
139800
139700
139600
139500
139400
139300
139200
139100
139000
138900
15660000
2285000
139500
139400
1107000
273000
139100
139000
138900
138800
138700
138600
138500
138400
138300
138200
138100
138000
137900
137800
137700
137600
137500
137400
137300
137200
137100
137000
136900
6981000
1803000
236500
136900
136800
136700
136600
136500
136400
136300
136200
136100
136000
135900
135800
135700
3633000
8627000
10700000
1444000
136400
136300
136200
136100
136000
135900
135800
135700
135600
135500
135400
135300
135200
135200
135100
135000
134900
22110000
3174000
135800
135700
135600
135500
135400
135300
135200
135100
135000
134900
134800
134700
134600
134500
134400
134300
134300
134200
134100
16760000
2434000
134700
134600
134500
134400
134300
134200
134100
134000
133900
133800
133700
133700
133600
133500
133400
133300
133200
133100
133000
132900
132800
132700
132600
132500
132400
132300
132200
132200
132100
132000
131900
131800
131700
131600
131500
131400
131300
131200
131100
131100
131000
130900
130800
130700
130600
130500
130400
130300
130200
130100
130100
130000
129900
129800
129700
129600
129500
129400
129300
129300
129200
8752000
15040000
14270000
41990000
5685000
132400
132300
132200
132100
132000
131900
131900
131800
131700
131600
131500
131400
131300
131200
131100
131000
130900
130800
130800
130700
130600
130500
130400
130300
130200
130100
130000
129900
129900
129800
129700
9364000
5627000
713500
130000
130000
129900
129800
34890000
4937000
1158000
273300
131300
131200
131100
131000
130900
130800
130700
130600
1123000
8374000
1251000
130700
130700
130600
130500
130400
130300
130200
130100
130000
129900
129800
129800
129700
129600
12530000
32790000
8326000
1156000
198500
3335000
5077000
754200
131800
131700
131600
12170000
42630000
11170000
878800
134000
133900
133800
133700
133600
485400
1642000
877600
208300
133200
133100
133000
133000
132900
132800
132700
132600
12780000
1882000
133000
132900
132800
132700
132600
132500
132400
21780000
3125000
133300
133200
133200
133100
133000
132900
132800
132700
132600
132500
132400
132300
132200
12920000
1900000
132600
132500
132500
5599000
1431000
5040000
1090000
10200000
1519000
133000
132900
132800
132700
578900
4972000
1714000
260000
132600
132500
132400
132300
132200
132100
2768000
3048000
484800
132000
131900
131800
6328000
988500
131900
435800
173700
131600
131500
131400
131300
131300
131200
131100
131000
130900
130800
2386000
442500
130600
16120000
2342000
131200
131100
131100
131000
130900
8442000
1280000
6507000
1844000
2469000
5130000
30090000
11030000
1080000
133200
133100
133000
132900
132800
132700
132600
132500
132400
132300
132200
132100
132000
131900
131900
131800
131700
131600
131500
131400
131300
131200
131100
131000
130900
130800
130800
130700
130600
130500
130400
130300
130200
130100
130000
129900
129900
129800
129700
129600
129500
129400
5348000
850900
129400
129300
129200
5248000
837000
129300
1169000
272800
129000
129000
128900
128800
128700
128600
128500
128400
128300
128300
128200
128100
128000
127900
127800
127700
127600
127600
127500
5016000
9024000
11290000
1514000
128300
128200
128100
128000
127900
127800
127700
127700
127600
127500
127400
127300
127200
127100
127100
127000
126900
126800
126700
126600
126500
126500
126400
126300
126200
126100
126000
126000
125900
125800
125700
125600
125500
125400
125400
1815000
358900
125200
125100
125000
125000
124900
6153000
14140000
6987000
822400
125700
4793000
4073000
582300
125800
125700
125600
125500
125500
125400
125300
125200
125100
125000
125000
124900
124800
124700
124600
124500
124500
124400
124300
124200
124100
124100
124000
123900
123800
123700
123600
123600
123500
123400
123300
10410000
1740000
150400
13460000
4515000
892500
8968000
15550000
58790000
8478000
198300
127300
127200
127100
127000
4309000
705100
127000
126900
126800
126700
126600
126500
126500
126400
126300
126200
126100
126000
125900
125900
125800
7440000
4347000
1912000
311600
8925000
36290000
24150000
2838000
306400
18270000
15520000
1911000
19910000
10790000
1227000
131500
131400
131300
131200
131100
131000
130900
46330000
6519000
132700
132600
132500
132400
132300
132200
132100
132000
131900
131800
5937000
35250000
5501000
219900
133500
133400
133300
133200
133100
133100
133000
132900
132800
132700
2170000
414300
11980000
4280000
3551000
557800
133100
8802000
5830000
34860000
24090000
16790000
2071000
10010000
28750000
4245000
20250000
