392800
390500
387800
385100
382300
379600
377000
374300
371800
369200
366700
364200
361800
359400
357000
354600
352300
595700
677000
688300
681600
687500
816500
832100
929900
1910000
2040000
2010000
1937000
1869000
2060000
2057000
1997000
2106000
2095000
2211000
3983000
5811000
5637000
5160000
4689000
4561000
4244000
3935000
4665000
4476000
4570000
4279000
3972000
3690000
3446000
3233000
3045000
3107000
2979000
2830000
2685000
2555000
2437000
2329000
2231000
2140000
2451000
2419000
2332000
2233000
2143000
2060000
1982000
1911000
2056000
2364000
2775000
2913000
2815000
2681000
2551000
2433000
2326000
2228000
2138000
2318000
2273000
2192000
2105000
2024000
1950000
1881000
2029000
1996000
1934000
1866000
1803000
1744000
1688000
1636000
1587000
1541000
1498000
1731000
1731000
1689000
1637000
1588000
1542000
1499000
1458000
1419000
1382000
1347000
1314000
1282000
1252000
1224000
1226000
2854000
3025000
2937000
2782000
2642000
2516000
2401000
2297000
2822000
3307000
3239000
3075000
2904000
2752000
2615000
2492000
2478000
2386000
2288000
2193000
2106000
2323000
2305000
2227000
2138000
2055000
1978000
1907000
1841000
1779000
1721000
1667000
1617000
1569000
1630000
1602000
1818000
2845000
2912000
3236000
3133000
2977000
2817000
2674000
2544000
2427000
2384000
2293000
2201000
2113000
2032000
1957000
3018000
3073000
2957000
2799000
2657000
2530000
2414000
2308000
2212000
2123000
2060000
1987000
1916000
1849000
1809000
1754000
1699000
1646000
1597000
1550000
1506000
1465000
1426000
1388000
1418000
1394000
1401000
1373000
1365000
1335000
1304000
1442000
1449000
1599000
1588000
1551000
1507000
1465000
1426000
1389000
1354000
1320000
1288000
1258000
1229000
1201000
1256000
1243000
1219000
1192000
1166000
1377000
1564000
1565000
1529000
1486000
1446000
1407000
1371000
1337000
1304000
1273000
1243000
1239000
1216000
1190000
1416000
2373000
2467000
2401000
2297000
2201000
2113000
2514000
2495000
2405000
2300000
2204000
2116000
2035000
1960000
1890000
1825000
1764000
1707000
1654000
1604000
1557000
1963000
1981000
1932000
1864000
1800000
1741000
1686000
1634000
1586000
1540000
1496000
1455000
1417000
1380000
1669000
2829000
4342000
4334000
7791000
7982000
7162000
6294000
5599000
5045000
4594000
4219000
3901000
3629000
3393000
3186000
3003000
2840000
2695000
2564000
2445000
2336000
2237000
2147000
2063000
1986000
1914000
1847000
1785000
1727000
2013000
2767000
3542000
3499000
3315000
3118000
2943000
2786000
2646000
2754000
2723000
2612000
2492000
2379000
2277000
2183000
2096000
2016000
1942000
1874000
1810000
1990000
2181000
2149000
2076000
1997000
1925000
1857000
1795000
1736000
1681000
1665000
1621000
1575000
1530000
2831000
6163000
6156000
5639000
5078000
4631000
4251000
3929000
3653000
3414000
3204000
3020000
3245000
3133000
2975000
2815000
2672000
2786000
2695000
2575000
2455000
2346000
2246000
2155000
2070000
1992000
1983000
1927000
1863000
1800000
1741000
1703000
1654000
2511000
2574000
2497000
2384000
2375000
2292000
2201000
2113000
2355000
2369000
2293000
2200000
2112000
2031000
1956000
1887000
1840000
1857000
1810000
1754000
1698000
1645000
1596000
1549000
1802000
1802000
1757000
1701000
1648000
1598000
1632000
2617000
2694000
2850000
3733000
3687000
3490000
3271000
3079000
2908000
2755000
2618000
2494000
2381000
2279000
2184000
2098000
2018000
1944000
1875000
1811000
1751000
1695000
1643000
1594000
1547000
1504000
1462000
1811000
1827000
1785000
1727000
1697000
4329000
4500000
4263000
4803000
10310000
9854000
8517000
7276000
6353000
6424000
6949000
6362000
5706000
5131000
4665000
4278000
3951000
3672000
3430000
3219000
3033000
5775000
6457000
6004000
6975000
6505000
5853000
5253000
4765000
4362000
5626000
5380000
4945000
4511000
4149000
3842000
3577000
3348000
3146000
2968000
2810000
4577000
4570000
4288000
3960000
3680000
3557000
3354000
3157000
2978000
2818000
2928000
2823000
3270000
3191000
3036000
2869000
2721000
2587000
2645000
2555000
2445000
2337000
2238000
2147000
2063000
1986000
1914000
1847000
1785000
1727000
1673000
1622000
1574000
1529000
1486000
1446000
1407000
1371000
1337000
1304000
1273000
2143000
2235000
2187000
2100000
2020000
1946000
1877000
1813000
1753000
1697000
1645000
1595000
1549000
1505000
1464000
1424000
1387000
1381000
1352000
1320000
1420000
1409000
1379000
1370000
1341000
1309000
1278000
1926000
2525000
2546000
2454000
2345000
2245000
2154000
2070000
1992000
1920000
1853000
1790000
1983000
2083000
2041000
1971000
1900000
1834000
1773000
1716000
1662000
1612000
1796000
1795000
1749000
1694000
1642000
1707000
1677000
1631000
1583000
1537000
1494000
1497000
1465000
1428000
1391000
1355000
1345000
1316000
1286000
1255000
1226000
1199000
1214000
1195000
1171000
1146000
1122000
1099000
1077000
1055000
1130000
1126000
1107000
1084000
1063000
1042000
1038000
1022000
1003000
985000
967200
950000
933400
917400
902000
887000
872600
858600
845000
831900
819200
806900
794900
1706000
1891000
1880000
1819000
1759000
1702000
1649000
1600000
1553000
1509000
1467000
1428000
1391000
1355000
1322000
1290000
1413000
1946000
2087000
2052000
1980000
2013000
1960000
1895000
1830000
1769000
1712000
1658000
1608000
1561000
1516000
1474000
1435000
1397000
1361000
1327000
1537000
1545000
1582000
1550000
1509000
1468000
1428000
1556000
1684000
1668000
1624000
1576000
1531000
1488000
1447000
1409000
1373000
1389000
1363000
1332000
1299000
1268000
1239000
1490000
1505000
1477000
1437000
1399000
1364000
1330000
1297000
1266000
1237000
1209000
1182000
1786000
2406000
2440000
2358000
2257000
2165000
2080000
2447000
2427000
2341000
2242000
2151000
2646000
5165000
5234000
4874000
4454000
4101000
3800000
3542000
3556000
5952000
6325000
5842000
5266000
4775000
4370000
4030000
3739000
3489000
3270000
3078000
2907000
2755000
2618000
2928000
3090000
4697000
4646000
4343000
4007000
5446000
5484000
5080000
4634000
4258000
3936000
3659000
3419000
3209000
3024000
2859000
2712000
2579000
2726000
2799000
3141000
3513000
3419000
3234000
3047000
2880000
2730000
3905000
3886000
3678000
4614000
5118000
5595000
6383000
5935000
5372000
5400000
4993000
4577000
4204000
3889000
3618000
3462000
3263000
3075000
3455000
3349000
3174000
2992000
2831000
2686000
2556000
2438000
2330000
2232000
2141000
2058000
1991000
1921000
1863000
1988000
1953000
1892000
1898000
1846000
1788000
1730000
1675000
1624000
1634000
1781000
1777000
3371000
3483000
3342000
3141000
2963000
2805000
2896000
2861000
2738000
2606000
2625000
2529000
2420000
2314000
2219000
2136000
2055000
1978000
1907000
1841000
1798000
1743000
1689000
1637000
1588000
1542000
1499000
1458000
1840000
1862000
1819000
1758000
1807000
1779000
1801000
1763000
1711000
1658000
1608000
1561000
1516000
1474000
1435000
1397000
1361000
1327000
1890000
2181000
2170000
2096000
2305000
2266000
2187000
2100000
2020000
1946000
1877000
1813000
1753000
1697000
1644000
1595000
1549000
1505000
1463000
1424000
1387000
1352000
1319000
1287000
1257000
1232000
1867000
2494000
2522000
2433000
2326000
2228000
2138000
2055000
1978000
1907000
1841000
1779000
1721000
1667000
1617000
1569000
1570000
1534000
1576000
1548000
1508000
1609000
1590000
1551000
1507000
1465000
1426000
1389000
1530000
1523000
1489000
1448000
1410000
1374000
1339000
1306000
1275000
1245000
1217000
1190000
1164000
1139000
1115000
1093000
1071000
1050000
1029000
1010000
991300
1468000
1527000
1508000
1466000
1427000
1390000
1354000
1321000
1289000
1323000
1304000
1279000
1526000
1538000
1508000
1467000
1427000
1428000
1399000
1365000
1404000
1383000
1352000
1318000
1286000
1256000
1227000
1200000
1173000
1148000
1124000
1101000
1079000
1351000
1462000
1454000
1587000
1574000
1537000
1519000
1482000
1443000
1405000
1369000
1334000
1302000
1271000
1241000
1268000
1250000
1224000
1196000
1170000
1287000
1285000
1286000
1260000
1232000
1314000
1755000
1793000
1756000
1700000
1730000
1808000
1776000
1724000
1670000
1619000
1571000
1526000
1484000
1443000
1405000
1369000
1335000
1302000
1347000
1731000
2230000
2251000
2181000
2095000
2015000
1941000
1873000
1809000
1749000
1693000
1641000
1592000
2068000
8375000
8293000
7384000
6434000
5708000
5133000
4666000
4279000
3953000
3673000
3431000
3220000
3033000
2888000
2741000
2606000
2483000
2372000
2270000
2176000
2090000
2011000
1937000
1869000
1805000
1746000
1691000
1638000
1589000
1543000
1500000
1459000
1420000
1383000
1348000
1319000
1293000
1264000
1235000
1207000
1180000
1155000
1140000
1119000
1115000
1096000
1075000
1054000
1033000
1014000
995000
976900
959300
942400
926100
910400
895200
880500
866200
852400
839100
826100
813600
801400
789600
778200
767000
756200
767300
795100
966000
985500
976100
958700
941800
925500
1181000
1308000
1309000
1283000
1954000
2022000
1981000
2039000
2520000
4159000
4208000
3973000
4173000
3958000
3701000
3456000
4389000
4271000
4e+06
3714000
3467000
3251000
3061000
2892000
2741000
2752000
3519000
3475000
4161000
6590000
13210000
13530000
17870000
14200000
11190000
9049000
7637000
6622000
5854000
5250000
4762000
4359000
4021000
3732000
3496000
6518000
6384000
5820000
5249000
4767000
4364000
4025000
3735000
3743000
3543000
3330000
4528000
4530000
5167000
4881000
4502000
4141000
3835000
3572000
3343000
3142000
2964000
3497000
3928000
3855000
3628000
5106000
5465000
5116000
4676000
4287000
3960000
3679000
3437000
3478000
3311000
3126000
2950000
2793000
2652000
3911000
3906000
3698000
3453000
3239000
3050000
2883000
2980000
2869000
2732000
2597000
2475000
3499000
3731000
3581000
3362000
3159000
2979000
2819000
3167000
3229000
3094000
2929000
2774000
2672000
2551000
2435000
2327000
2229000
2139000
2056000
3661000
3744000
3571000
3343000
3142000
2964000
2855000
2718000
3408000
3360000
3197000
3013000
2849000
2702000
2570000
2580000
3741000
7717000
7477000
6690000
5906000
5292000
4998000
7050000
8540000
7768000
6813000
6001000
5367000
4858000
4439000
4088000
3789000
3532000
3308000
3111000
2937000
3148000
3069000
2922000
2769000
2916000
2819000
2689000
2558000
2440000
2332000
2234000
2143000
2060000
1982000
1921000
2264000
2252000
2179000
2842000
2878000
2858000
2730000
5136000
5986000
5637000
5118000
4716000
4334000
4002000
4388000
4247000
3971000
3692000
3448000
3234000
3046000
2879000
2729000
2803000
2702000
2580000
2565000
2467000
2361000
2293000
2546000
4054000
6797000
12330000
12650000
10760000
9124000
8581000
7494000
6560000
6094000
5823000
6324000
5842000
5291000
6159000
5762000
5243000
4885000
5203000
4951000
4567000
4199000
4051000
4325000
4106000
3831000
3568000
3339000
3140000
2963000
2804000
2662000
2534000
2418000
3132000
3945000
4104000
4361000
7296000
7496000
6769000
5993000
5361000
4853000
4435000
4924000
7379000
7534000
6788000
8162000
7436000
6760000
5997000
5373000
4863000
4443000
4091000
3792000
3535000
3310000
3113000
2939000
2783000
2643000
2517000
2402000
2298000
2202000
2114000
2033000
1958000
1888000
1823000
1762000
1706000
1653000
1603000
1556000
1512000
1470000
1905000
1932000
1887000
2340000
2571000
2521000
2417000
2311000
2214000
2125000
2043000
1967000
1897000
1831000
1770000
2559000
2606000
2523000
2408000
2303000
2207000
2118000
2037000
1961000
1891000
1826000
1842000
1795000
1740000
1685000
1633000
1584000
1538000
1495000
1454000
1416000
1379000
1344000
1311000
1280000
1332000
1333000
1308000
1277000
1247000
1219000
1192000
1166000
1141000
1117000
1094000
1072000
1051000
1031000
1011000
992500
986500
1362000
1406000
1389000
1353000
1320000
1288000
1258000
1229000
2117000
4650000
4767000
4476000
4119000
3816000
3556000
3329000
3137000
3252000
4456000
5247000
5141000
7443000
8460000
7642000
6700000
5914000
5299000
6393000
5989000
5435000
4913000
4485000
4126000
3822000
3767000
10340000
9742000
8427000
7198000
6294000
5599000
6928000
6460000
5819000
5223000
4740000
4341000
4005000
3718000
3798000
3605000
3388000
3182000
3406000
4661000
5554000
5270000
5997000
5596000
5100000
4639000
4257000
3933000
3657000
3417000
3207000
3022000
2857000
2710000
2577000
2457000
2348000
2270000
2180000
2095000
2015000
1941000
1991000
1942000
2478000
2485000
2401000
2297000
2201000
2113000
2123000
2208000
2680000
2660000
2628000
2517000
2406000
2301000
2459000
2400000
2748000
2698000
2588000
2467000
2361000
2261000
2168000
2083000
2004000
1931000
1863000
1800000
1741000
1686000
1738000
1703000
1655000
1605000
1558000
1514000
1472000
1432000
1395000
1573000
2453000
2676000
2618000
2501000
2388000
2285000
2190000
2103000
2023000
1948000
1879000
1815000
1910000
1916000
1865000
1803000
1744000
1689000
1637000
1588000
1542000
3213000
5226000
5178000
4792000
4384000
4041000
3749000
3498000
4375000
4316000
4049000
3760000
4371000
4228000
3956000
3677000
3435000
3223000
3036000
2870000
2721000
2587000
2466000
2356000
2255000
2163000
2078000
2e+06
1927000
1859000
1796000
1738000
1683000
1670000
1627000
1581000
1535000
1492000
2945000
3077000
2976000
2816000
2833000
2720000
2594000
2472000
2361000
2260000
2168000
2082000
2044000
1976000
1907000
1869000
1890000
1842000
1784000
1726000
1671000
1620000
1572000
1527000
1876000
1889000
1843000
1912000
1991000
2211000
2208000
2138000
2056000
1979000
1908000
1842000
1780000
1722000
1668000
1618000
1570000
1736000
1722000
1678000
1627000
2146000
2523000
2983000
2934000
2802000
2660000
2532000
2416000
2310000
2213000
2125000
2043000
1967000
1896000
1831000
1770000
1713000
1659000
1609000
1562000
2176000
3440000
3494000
3332000
3133000
2956000
2798000
2657000
2529000
2413000
2308000
2211000
2123000
2041000
1965000
1895000
1870000
1815000
1757000
1700000
1648000
1903000
3144000
3221000
3093000
2921000
2767000
2629000
2504000
2390000
2287000
2192000
2104000
2024000
1950000
1880000
1816000
1756000
1700000
1647000
1598000
1551000
1507000
1773000
1776000
1734000
1679000
1627000
1579000
1534000
1491000
1450000
1412000
1375000
1341000
1308000
1501000
1504000
1480000
1441000
1403000
1367000
1333000
1301000
1270000
1240000
1212000
1185000
1159000
1135000
1111000
1089000
1067000
1046000
1026000
1007000
988000
1121000
1128000
1112000
1092000
1070000
1049000
1139000
1220000
1436000
1871000
2393000
5212000
5281000
4917000
4488000
4130000
3825000
3563000
3335000
3135000
2958000
2800000
2659000
2531000
2415000
2309000
2213000
2124000
2042000
1966000
1896000
1830000
1769000
1712000
1659000
1609000
1561000
1517000
1475000
1435000
1397000
1362000
1328000
1296000
2107000
2370000
2343000
2252000
2160000
2075000
1997000
3856000
3959000
3843000
3593000
3365000
3161000
2982000
2821000
2678000
2548000
2430000
2323000
2390000
2693000
2644000
2535000
2419000
2313000
2216000
2127000
2044000
1968000
1904000
1854000
1794000
1736000
1681000
1630000
1581000
1988000
3652000
4032000
3908000
3655000
3623000
3722000
3542000
3331000
3131000
2955000
3515000
7509000
8073000
7285000
6399000
5680000
5111000
4648000
4264000
4081000
3913000
3702000
3469000
3255000
3064000
2895000
2744000
2608000
2485000
2373000
2284000
2882000
2868000
2752000
2615000
2492000
2379000
2277000
2183000
2096000
3207000
3253000
3119000
2944000
2787000
2647000
2520000
2405000
2365000
2276000
2185000
2099000
2019000
1944000
1876000
2474000
2493000
2412000
2307000
2210000
2391000
2364000
2490000
2434000
2814000
2766000
2650000
2523000
2408000
2303000
2261000
2378000
2357000
2274000
2182000
2095000
2015000
1942000
1873000
1809000
1990000
2059000
2012000
1943000
1874000
1810000
2077000
2063000
2001000
1968000
1905000
1841000
1779000
1722000
1668000
1617000
1624000
1587000
1544000
1500000
1506000
1572000
1549000
1510000
2071000
2112000
2060000
1982000
1911000
1844000
1783000
2277000
2292000
2499000
2477000
2485000
2609000
4445000
5073000
4825000
4441000
4090000
3843000
3701000
3480000
3268000
3076000
2906000
2753000
2616000
2492000
2380000
2277000
2183000
2097000
2017000
2033000
1975000
1909000
1842000
1780000
1723000
1669000
1618000
1570000
1525000
1656000
1640000
1600000
1553000
1509000
1467000
1428000
1559000
1968000
1988000
1957000
1891000
1827000
1766000
1795000
1865000
2085000
2062000
1997000
1925000
1857000
2215000
2209000
2141000
2233000
2177000
2099000
2019000
1945000
1876000
1812000
1792000
1741000
1688000
1636000
1587000
1541000
1498000
1457000
1418000
1416000
1387000
1353000
1320000
1486000
1892000
2233000
2680000
2655000
2549000
2432000
2324000
2226000
2136000
2054000
1977000
1906000
2264000
2254000
2182000
2096000
2016000
1942000
1874000
1810000
1750000
1694000
1652000
1605000
1558000
1514000
1472000
1840000
1859000
1816000
1756000
1700000
1647000
1597000
1551000
1507000
1465000
1426000
1389000
1984000
2036000
1991000
1919000
1883000
1825000
1766000
2215000
2851000
3127000
3036000
2883000
3182000
3280000
3146000
2977000
2817000
2674000
2545000
2428000
2321000
2223000
2133000
2051000
1974000
1903000
1837000
1776000
1719000
1665000
1981000
1982000
1928000
1860000
1797000
1738000
1683000
1632000
1583000
1537000
1494000
1453000
1415000
1378000
1343000
1744000
2368000
2411000
2336000
2869000
2980000
2899000
3241000
4112000
12120000
11210000
9474000
7936000
6842000
6023000
5506000
5621000
5195000
4748000
4347000
4011000
3723000
3475000
3258000
3067000
2897000
2746000
2610000
2487000
2375000
2272000
2179000
2242000
2895000
3066000
3038000
2895000
3238000
6191000
8784000
8118000
7132000
8722000
10010000
8844000
10920000
11030000
9437000
7984000
6878000
6050000
5406000
4890000
4465000
4113000
9804000
9247000
8054000
6929000
6089000
5437000
4915000
4486000
4128000
3823000
3562000
3442000
3701000
6822000
6720000
6098000
5448000
4923000
4493000
4134000
3829000
3566000
3338000
3138000
2960000
2802000
2906000
2803000
3331000
3414000
3454000
3284000
3099000
3438000
3613000
6610000
9276000
10970000
9572000
9702000
13920000
11940000
