1398000
1370000
1337000
1302000
1264000
1226000
1189000
1152000
1116000
1082000
1049000
1019000
990300
963100
937500
913100
890000
1371000
1537000
1572000
1609000
1612000
1915000
1952000
2185000
5199000
5156000
4902000
4808000
4408000
4533000
4405000
4085000
4093000
3828000
3820000
7097000
10250000
8856000
7982000
7218000
6590000
6036000
5519000
5994000
5424000
5258000
4865000
4402000
4048000
3734000
3426000
3167000
2974000
2756000
2557000
2388000
2235000
2102000
1985000
1879000
1783000
1870000
1820000
1757000
1705000
1639000
1578000
1525000
1468000
1424000
1599000
1908000
2064000
2074000
2054000
2004000
1947000
1891000
1824000
1748000
1724000
1658000
1591000
1532000
1472000
1416000
1366000
1420000
1393000
1357000
1326000
1285000
1247000
1213000
1177000
1142000
1106000
1072000
1040000
1010000
982100
955400
930100
906200
883500
861800
841300
821700
803000
785100
768000
751700
736000
721000
1103000
1170000
1194000
1227000
1215000
1201000
1196000
1173000
1195000
1384000
1395000
1385000
1376000
1344000
1313000
1287000
1252000
1214000
1174000
1136000
1100000
1067000
1035000
1006000
977800
951300
926300
902500
880000
858500
838100
818700
800100
782400
765400
749200
733600
979500
1020000
1191000
1240000
1242000
1246000
1238000
1217000
1197000
1166000
1132000
1097000
1064000
1033000
1003000
1158000
1168000
1160000
1157000
1133000
1111000
1093000
1068000
1041000
1012000
983400
956600
931300
907300
884500
862800
842200
822600
803800
785900
768800
752400
736700
721700
707200
693400
680000
667200
654900
643000
631500
620400
609800
599400
589500
579800
570500
561500
552700
544200
536000
528000
520300
512800
505500
498400
491500
484800
478200
471900
465700
459700
453800
448100
442500
437000
431700
426600
421500
416600
411700
407000
402400
397900
393500
389200
385000
549900
585200
602600
623600
625500
626300
630300
626400
619900
609900
599600
589600
580000
570700
561600
552900
544400
536100
528200
520400
512900
505600
498500
491600
484900
478300
472000
465800
459800
453900
448200
442600
437100
431800
426600
421600
544000
915100
999000
2419000
2892000
2939000
3003000
2926000
2815000
2742000
2615000
2471000
2314000
2165000
2035000
1920000
1818000
1726000
1644000
1569000
1501000
1439000
1381000
1329000
1280000
1235000
1192000
1153000
1116000
1082000
1113000
1405000
1440000
1443000
1448000
1417000
1389000
1366000
1353000
1345000
1308000
1270000
1233000
1195000
1159000
1126000
1093000
1060000
1029000
1e+06
999100
1085000
1085000
1075000
1065000
1044000
1023000
1005000
982400
958600
933600
909500
886600
864800
1695000
4952000
4989000
4827000
4757000
4380000
4115000
3942000
3646000
3349000
3038000
2774000
2790000
2637000
2485000
2360000
2225000
2276000
2201000
2106000
2023000
1925000
1835000
1758000
1680000
1607000
1562000
1503000
1445000
1393000
1342000
1305000
1263000
1975000
2058000
2057000
2078000
2079000
2029000
1993000
1927000
2122000
2124000
2063000
2009000
1930000
1851000
1785000
1713000
1655000
1648000
1592000
1535000
1483000
1429000
1378000
1332000
1493000
1487000
1460000
1440000
1399000
1360000
1367000
2289000
2390000
2627000
3784000
3766000
3657000
3596000
3383000
3196000
3029000
2827000
2635000
2445000
2277000
2133000
2006000
1895000
1795000
1706000
1625000
1552000
1486000
1425000
1369000
1317000
1269000
1224000
1195000
1159000
1124000
1092000
1060000
3204000
3400000
3374000
4220000
11380000
9823000
8599000
8055000
6886000
6552000
7071000
6335000
5650000
4994000
4403000
3972000
3635000
3312000
3027000
2771000
2554000
3920000
4448000
4285000
5457000
5259000
4889000
4674000
4309000
3964000
4582000
4320000
4005000
3750000
3440000
3182000
2986000
2777000
2586000
2402000
2241000
2711000
2669000
2573000
2506000
2382000
2270000
2183000
2078000
1974000
1869000
1772000
1685000
1706000
1653000
1594000
1543000
1485000
1432000
1384000
1335000
1289000
1243000
1201000
1161000
1123000
1088000
1056000
1025000
995800
968400
942400
917800
894500
872400
851300
831200
812100
793800
776300
759600
743600
728300
713600
699500
685900
672900
660300
648200
636600
625300
614500
604000
593900
584100
574600
565500
556600
548000
539600
531600
523700
516100
508700
501500
494500
487700
481100
474700
468400
556100
571900
577900
586100
583600
580700
579700
574300
567600
559100
550400
542000
533800
525900
518200
510800
503500
496500
489600
483000
476500
470200
464000
458000
452200
446500
441000
435600
430300
425200
420100
415200
410400
405800
401200
396700
392300
388000
383900
379800
375800
371800
368000
364200
360500
356900
353400
349900
346500
343100
339900
336700
333500
330400
327400
324400
321500
318600
315800
313000
310300
307600
304900
302400
299800
297300
294800
292400
290000
287700
285400
283100
280900
278700
301500
314700
318400
321700
322500
322100
322000
321000
319200
316700
313900
311200
308500
305900
303300
300700
298200
320800
340700
345700
349700
357100
358000
358800
358800
357000
354400
351500
348300
345100
341800
338500
335300
332200
329100
326100
323200
320300
317400
314600
311800
309100
306500
303900
313600
314000
313300
312800
311000
309200
307600
305500
303300
300700
298200
295800
293300
290900
288600
309300
312700
313800
315300
314300
313200
312500
310800
308700
306100
303500
301000
415900
604300
654300
689400
714600
720500
727500
876700
902800
908200
912900
900800
1130000
2706000
2918000
2947000
2992000
2870000
2765000
2698000
2706000
4771000
5166000
4906000
4729000
4378000
4051000
3829000
3555000
3275000
2991000
2738000
2527000
2348000
2194000
2261000
2345000
3780000
3812000
3687000
3614000
5070000
5147000
4902000
4675000
4299000
3941000
3680000
3393000
3122000
2858000
2628000
2434000
2268000
2229000
2235000
2499000
2850000
2830000
2760000
2672000
2550000
2440000
3475000
3462000
3329000
4409000
4958000
5554000
6657000
6208000
5719000
5817000
5328000
4882000
4506000
4061000
3672000
3340000
3046000
2797000
2953000
2813000
2659000
2537000
2390000
2261000
2154000
2042000
1937000
1834000
1741000
1657000
1581000
1512000
1449000
1425000
1378000
1331000
1325000
1289000
1252000
1219000
1182000
1147000
1114000
1189000
1189000
2553000
2718000
2722000
2766000
2662000
2564000
2571000
2520000
2408000
2275000
2234000
2129000
2029000
1940000
1847000
1761000
1684000
1609000
1540000
1475000
1414000
1359000
1308000
1261000
1217000
1176000
1138000
1102000
1079000
1050000
1021000
994100
967500
942800
956400
944700
927200
911000
891600
872500
855000
836600
818400
800100
782300
765400
799500
895200
907200
909900
1009000
1018000
1017000
1018000
1003000
984800
967300
945600
923500
900300
877900
856600
836200
816900
798400
780700
763800
747700
732200
717300
703000
689300
698300
9e+05
935200
948300
963700
955200
946500
941100
925900
907800
885800
864100
843400
823700
804900
787000
769800
753400
737700
722600
708100
694200
680800
668000
655600
643700
632200
621100
610400
600100
590100
580400
571100
562000
553200
544700
536500
528500
520800
513200
505900
498800
491900
485200
478600
472300
466100
460000
454100
448400
442800
437400
432100
426900
421800
416900
412000
407300
402700
398200
393800
389500
385200
381100
377100
373100
369300
365500
361700
358100
354500
351000
347600
344200
341000
337700
334500
331400
328400
325400
322400
319500
316700
313900
311200
308500
305800
303200
300700
298100
295700
293200
290800
288500
286200
283900
281600
279400
277300
275100
273000
270900
268900
266900
264900
262900
261000
259100
308600
319300
324800
331400
332200
340700
344100
344200
343800
341300
338600
336200
333300
330500
327500
324500
321500
318700
315800
313100
392600
409800
418300
428700
429800
430400
432500
430800
427800
423100
418100
413200
408500
2355000
2630000
2694000
2816000
2720000
2637000
2607000
2496000
2373000
2224000
2086000
1965000
1858000
1762000
1676000
1599000
1528000
1463000
1404000
1350000
1299000
1253000
1209000
1169000
1131000
1096000
1062000
1031000
1002000
974000
947700
922900
899300
876900
855600
835300
816000
797500
779900
763100
746900
731500
716600
702400
688700
675600
662900
650700
639000
627600
616700
606200
596000
586100
576600
567300
558400
549800
541400
533200
525300
517700
510200
503000
496000
489100
482500
476000
469700
463600
457600
451800
446100
440600
435200
429900
477500
526600
538300
546700
907100
981600
1018000
1128000
1486000
2903000
3088000
3099000
3542000
3436000
3307000
3224000
4086000
3974000
3764000
3597000
3339000
3112000
2940000
2745000
2562000
2442000
3044000
2994000
3697000
6633000
16410000
14120000
19190000
14780000
11800000
10540000
8996000
7668000
6749000
5514000
4648000
3934000
3452000
3103000
2827000
4962000
4852000
4568000
4428000
4066000
3775000
3588000
3324000
3230000
2989000
2767000
3722000
3731000
4415000
4337000
4075000
3876000
3640000
3394000
3186000
2946000
2725000
2949000
3257000
3210000
3097000
4577000
4981000
4756000
4582000
4267000
3940000
3698000
3431000
3236000
2981000
2745000
2549000
2374000
2223000
3068000
3061000
2962000
2903000
2747000
2609000
2509000
2376000
2245000
2109000
1986000
1876000
2458000
2645000
2606000
2574000
2478000
2371000
2289000
2348000
2367000
2275000
2181000
2083000
1983000
1897000
1814000
1732000
1652000
1577000
1508000
2286000
2352000
2330000
2334000
2246000
2166000
2111000
2023000
2313000
2269000
2191000
2131000
2036000
1950000
1880000
1798000
2271000
5566000
5468000
5180000
5046000
4600000
4276000
6025000
7470000
6837000
6264000
5705000
5095000
4680000
4305000
3895000
3507000
3156000
2869000
2636000
2441000
2274000
2130000
2004000
1893000
1793000
1704000
1624000
1551000
1484000
1423000
1367000
1316000
1268000
1223000
1182000
1143000
1107000
1073000
1082000
1073000
1084000
1070000
2224000
2877000
2940000
2982000
2913000
2794000
2715000
2604000
2468000
2317000
2169000
2038000
1923000
1820000
1729000
1646000
1571000
1503000
1440000
1383000
1330000
1281000
1236000
1194000
1904000
3826000
9309000
9851000
8770000
8229000
7961000
7146000
6580000
5913000
5365000
5483000
4975000
9840000
5675000
4759000
4575000
6167000
4210000
3888000
3495000
4278000
7189000
3838000
3203000
3001000
2365000
2253000
2174000
1873000
1701000
1533000
1452000
1394000
1340000
1557000
1661000
1872000
3791000
4242000
4156000
4108000
3876000
3646000
3482000
3712000
5758000
5978000
5570000
7242000
6649000
6121000
5773000
5190000
4693000
4284000
3850000
3482000
3143000
2862000
2631000
2436000
2270000
2127000
2001000
1890000
1791000
1702000
1622000
1549000
1483000
1422000
1366000
1314000
1267000
1222000
1181000
1142000
1106000
1072000
1041000
1011000
982400
955700
930400
906500
883700
862100
841500
821900
803200
785300
768200
751900
736200
821700
829300
826500
826300
815100
803800
794800
781600
767300
751400
735800
720700
706300
692500
679200
666400
654100
642200
630800
619800
609100
598800
588900
579200
569900
560900
552200
543700
535500
527500
519800
512300
505000
497900
491000
484300
477800
471500
465300
459300
453400
447700
486000
490900
491300
492700
489300
485800
483100
478500
860200
2546000
2775000
2841000
2913000
2807000
2724000
2671000
2548000
2583000
3551000
4322000
4350000
7074000
8279000
7448000
6914000
6282000
5603000
6529000
6039000
5435000
4950000
4393000
3962000
3652000
3447000
10940000
9241000
7999000
7580000
6464000
5780000
7042000
6391000
5720000
5137000
4533000
4082000
3762000
3429000
3351000
3100000
2869000
2683000
2792000
3891000
4830000
4681000
5656000
5385000
4980000
4722000
4354000
3993000
3686000
3355000
3066000
2803000
2581000
2394000
2234000
2095000
1973000
1865000
1769000
1682000
1604000
1533000
1468000
1408000
1674000
1680000
1654000
1638000
1589000
1542000
1516000
1570000
1931000
1949000
1982000
1969000
1910000
1857000
1983000
1945000
2246000
2238000
2175000
2126000
2045000
1964000
1895000
1812000
1731000
1649000
1574000
1506000
1443000
1385000
1332000
1283000
1238000
1195000
1156000
1119000
1084000
1052000
1021000
1014000
1608000
1813000
1850000
1886000
1856000
1814000
1786000
1735000
1673000
1601000
1531000
1466000
1407000
1352000
1301000
1255000
1211000
1171000
1133000
1097000
1064000
1802000
3344000
3465000
3465000
3437000
3260000
3128000
3014000
3165000
3063000
2878000
2720000
3108000
3039000
2917000
2812000
2655000
2507000
2386000
2254000
2129000
2006000
1895000
1795000
1706000
1625000
1552000
1486000
1425000
1368000
1317000
1269000
1224000
1183000
1144000
1108000
1074000
1042000
1228000
1242000
1235000
1233000
1226000
1204000
1187000
1160000
1130000
1097000
1066000
1035000
1006000
978000
951500
926400
902700
880100
858700
838200
818800
800200
782500
765500
749300
733700
718800
704400
690700
722800
729700
724800
720300
711100
701100
692100
681600
670300
658300
646300
634700
623600
612800
602400
592300
588700
674700
834400
869100
889200
901800
897300
893800
888700
875500
858500
838700
819200
800700
782900
765900
749700
734100
719100
704800
691000
953500
999300
1015000
1037000
1028000
1018000
1014000
996700
976400
951200
926100
902400
879800
858400
838000
818500
8e+05
782200
765300
749100
733500
902000
927100
932700
942600
931800
920600
913400
898000
880500
859800
839300
819800
801200
783400
766400
750100
734500
719600
705200
691400
678200
665400
653100
641300
629900
618900
608300
598000
588100
578500
569200
560200
551500
543000
534900
526900
519200
511700
504400
497400
490500
483800
477300
471000
464800
458800
453000
447300
441700
436300
431000
425800
420800
415900
411100
406400
401800
397300
392900
388600
384400
380300
376300
396900
526900
731100
2213000
2448000
2516000
2604000
2533000
2468000
2431000
2331000
2218000
2087000
1966000
1859000
1763000
1677000
1599000
1528000
1464000
1404000
1350000
1300000
1253000
1209000
1169000
1131000
1096000
1063000
1031000
1002000
974100
947900
923000
899400
877000
962600
1046000
1054000
1056000
1049000
1032000
1018000
2153000
2307000
2381000
2440000
2365000
2297000
2255000
2165000
2070000
1958000
1853000
1758000
1696000
1877000
1850000
1802000
1763000
1699000
1639000
1589000
1531000
1473000
1414000
1359000
1308000
1261000
1217000
1176000
1137000
1387000
2913000
3358000
3408000
3419000
3473000
3629000
3542000
3384000
3198000
2970000
3422000
8450000
8625000
7677000
7176000
6333000
5677000
5295000
4772000
4272000
3847000
3467000
3147000
2890000
2670000
2481000
2320000
2177000
2049000
1934000
1830000
2185000
2170000
2113000
2074000
1991000
1914000
1853000
1777000
1702000
2478000
2523000
2482000
2469000
2365000
2271000
2205000
2106000
2006000
1898000
1798000
1709000
1628000
1555000
1488000
1797000
1804000
1775000
1757000
1700000
1816000
1820000
1941000
1935000
2278000
2284000
2236000
2195000
2114000
2029000
1970000
2046000
2019000
1946000
1880000
1802000
1728000
1664000
1598000
1533000
1529000
1549000
1510000
1470000
1428000
1382000
1492000
1480000
1449000
1429000
1386000
1346000
1311000
1270000
1230000
1190000
1151000
1114000
1080000
1048000
1017000
1022000
1002000
979500
1310000
1356000
1363000
1379000
1354000
1329000
1311000
1472000
1473000
1631000
1668000
1713000
1860000
3588000
4315000
4248000
4176000
3958000
3708000
3532000
3318000
3082000
2837000
2612000
2421000
2257000
2115000
1991000
1881000
1783000
1695000
1615000
1543000
1477000
1417000
1361000
1310000
1263000
1219000
1178000
1139000
1103000
1070000
1038000
1008000
980000
953500
928300
904400
881800
860300
839800
820200
801600
783800
766800
750500
734900
728400
715900
703100
691000
678400
724600
726100
721300
729400
722200
713700
706900
696400
685300
673600
661500
649700
638000
626700
615800
605300
595100
585300
575800
566600
557700
549000
540700
532500
524700
602000
754600
788500
809200
823300
820900
819500
816800
806400
792500
775600
759000
743000
727700
713000
698900
685400
672400
659800
647700
636100
624900
614100
603600
593500
583700
574200
565100
556200
547600
539300
531200
523400
515800
508400
501200
494200
487500
480900
474400
468200
462100
456200
450400
444700
461000
599800
7e+05
730700
754300
832700
904900
925900
936700
934900
922400
909300
894400
876500
857000
836900
817500
799000
781300
764400
748200
732700
717800
703500
689800
676600
663900
651700
639900
628500
617600
607000
596800
586900
577300
568100
559100
550400
542000
587400
594000
593400
774400
852500
883400
1085000
1786000
7332000
6969000
6409000
6224000
5538000
5078000
4832000
4635000
4224000
3770000
3414000
3108000
2857000
2654000
2469000
2306000
2159000
2029000
1915000
1813000
1722000
1640000
1566000
1498000
1602000
1671000
1688000
1667000
1923000
4388000
7175000
6709000
6320000
8325000
9676000
8607000
11230000
11240000
9514000
8487000
7427000
6419000
5720000
5025000
4402000
3859000
8807000
7884000
6992000
6621000
5783000
5209000
4897000
4397000
3952000
3500000
3140000
2857000
2880000
5660000
5560000
5209000
5024000
4574000
4225000
4001000
3680000
3372000
3057000
2791000
2571000
2385000
2296000
2168000
2544000
2632000
2713000
2669000
2567000
2886000
3087000
6466000
9819000
11640000
9984000
10390000
15390000
12340000
