309100
308700
308200
307700
307100
306600
306100
305500
305000
304500
304000
303400
302900
302400
301900
301400
19140000
6909000
2519000
520500
960100
8907000
2226000
6637000
33380000
7823000
3137000
305600
305100
5598000
2022000
896300
4497000
2006000
4877000
28850000
23170000
6383000
1769000
308400
2995000
900100
546100
11530000
2782000
5718000
1280000
699300
306400
305900
305400
304800
1806000
635100
437000
303000
302500
302000
301400
300900
300400
5560000
1460000
767300
299200
298700
298200
297700
297200
1240000
7850000
9988000
5654000
1656000
558600
296600
296100
295600
295100
294600
2439000
766700
484100
293000
292500
292000
291500
4202000
1153000
638400
290200
289700
289200
288800
288300
287800
287400
286900
286400
286000
285500
285000
284600
284100
283700
283200
282800
282300
281900
281400
281000
280500
280100
279600
25700000
5886000
2542000
282000
281500
281100
280600
280200
3690000
8647000
2263000
957800
280400
280000
279500
279100
278600
278200
277800
277300
276900
276500
276000
275600
275200
274800
274300
273900
273500
273100
272600
272200
271800
271400
271000
270500
270100
19180000
4441000
7627000
1525000
778100
273400
273000
272600
272200
271700
271300
270900
270500
270100
269700
10530000
2532000
1183000
270800
270400
270000
269600
269100
268700
268300
267900
267500
267100
266700
266300
265900
265500
265100
264700
264300
263900
263500
263100
262700
262400
262000
261600
261200
260800
260400
260000
259700
259300
1707000
578100
387300
258300
257900
257500
257100
256800
256400
256000
255600
255300
254900
254500
254200
253800
253400
253100
252700
3192000
900800
513900
252300
251900
251500
251200
250800
250500
250100
249800
249400
249100
248700
248400
21050000
4838000
2102000
252700
252400
252000
1002000
416900
317900
250800
250500
250100
249700
249400
249000
248700
248300
248000
247700
247300
247000
246600
246300
245900
245600
245200
244900
244600
244200
243900
243600
243200
242900
242600
242200
241900
18540000
20830000
5527000
29660000
9465000
3414000
529000
257700
257300
256900
256500
256200
255800
255400
255100
254700
254300
254000
253600
253200
252900
252500
252200
251800
251400
251100
250700
250400
250000
249700
8067000
11960000
3150000
1142000
253700
253400
253000
252700
1388000
1465000
565400
337500
251500
251200
250800
250500
250100
249800
249400
249100
1982000
5094000
1388000
646400
249300
249000
248600
248300
247900
247600
247200
246900
246600
246200
26880000
37530000
9549000
3050000
258000
257600
257200
256800
256500
256100
255700
255300
4578000
1209000
640000
255300
254900
3871000
1052000
576500
254700
254300
254000
253600
253200
252900
1087000
501100
340500
257500
251400
639400
336400
19440000
4477000
1958000
254700
1653000
562700
378400
253700
6406000
2564000
1012000
339400
254300
253900
253500
253200
670800
2123000
681900
410500
252100
251700
251400
251000
6862000
1710000
839800
251800
251400
251100
1669000
21650000
5030000
5864000
14180000
3480000
1425000
259600
259200
258800
258500
258100
257700
257300
257000
256600
256200
255800
255500
255100
254700
254400
254000
253600
253300
252900
252600
252200
2699000
791700
469500
251600
251200
41010000
9243000
3882000
8477000
37520000
10020000
3684000
373700
266000
4137000
8511000
2242000
925300
268000
267600
267200
266800
266400
265900
265600
265200
23310000
10410000
3434000
12190000
3262000
1393000
313000
271600
271200
11630000
2778000
1283000
272300
271900
271500
271000
270600
270200
269800
269400
14330000
3372000
1522000
271100
270700
270200
269800
269400
269000
268600
268200
267800
4900000
1290000
680000
267800
267400
267000
266600
266200
265800
265400
265000
264600
264200
263800
263400
263000
262600
262200
261800
261500
261100
260700
260300
259900
259500
259200
258800
258400
258000
5108000
1328000
689600
258200
257800
257400
257000
256700
256300
255900
255500
255200
254800
254400
254100
253700
253300
253000
252600
252300
251900
251500
251200
250800
250500
250100
249800
6817000
11610000
3023000
1135000
253400
253000
252700
252300
252000
251600
251200
250900
250500
250200
249800
249500
249100
248800
248400
248100
247700
247400
247000
246700
246300
246000
245700
245300
245000
244600
244300
244000
243600
243300
243000
242600
242300
242000
241600
241300
241000
240700
240300
240000
239700
239300
239000
238700
238400
238100
237700
237400
237100
236800
236500
236200
235800
235500
235200
234900
234600
234300
234000
233700
233400
233000
232700
232400
232100
231800
231500
231200
230900
230600
230300
15230000
4782000
1841000
344500
233700
233400
233100
232800
232500
232200
231900
231600
231300
231000
230700
230400
230100
7481000
3859000
1324000
412000
1079000
418000
306300
230700
230400
230100
229800
229500
229200
228900
228600
228300
228000
227700
227500
227200
226900
226600
226300
226000
225700
225400
891800
4076000
1101000
554800
225300
225000
224700
224400
224100
223800
223600
223300
223000
222700
222400
222200
4602000
1188000
612000
222300
222000
221800
221500
221200
220900
220700
220400
220100
13930000
14170000
3853000
1197000
225900
225600
225300
7794000
1895000
899400
226400
226100
10020000
30270000
7549000
2779000
262000
235200
234900
234600
2804000
24600000
9225000
3131000
553900
241600
241200
240900
240600
240300
239900
239600
239300
239000
238600
4860000
4592000
20230000
4696000
1921000
245100
16220000
5599000
2073000
412100
251000
249200
248600
248100
247800
247400
247100
246700
246400
2757000
3235000
7485000
7826000
2350000
825100
268900
249300
249000
16990000
3943000
1741000
12700000
8834000
8915000
10760000
2715000
1027000
4650000
1230000
652400
262000
261600
261200
260800
260400
260100
6837000
1711000
845700
260800
260400
260000
259600
259200
258900
258500
258100
257700
257300
257000
256600
1866000
611200
399100
1572000
545900
372400
255000
254600
254300
253900
4635000
1583000
29530000
6642000
2821000
259600
259200
258900
1725000
1656000
625700
353700
2144000
673800
425400
257400
257000
256600
256200
255900
255500
255100
254800
254400
254000
253700
253300
252900
252600
252200
2897000
835400
487200
251700
311000
519600
2096000
819600
442900
263800
249900
249500
249200
248800
248500
248100
247800
247500
5658000
6372000
1817000
687700
4728000
1237000
647900
249500
249100
248800
248400
248100
247700
247400
247000
246700
246300
246000
245700
245300
245000
244600
244300
244000
243600
243300
7187000
12380000
3203000
1191000
247200
246900
246500
246200
245900
245500
245200
244800
244500
244200
243800
243500
243200
242800
242500
242200
241800
241500
241200
240800
240500
240200
239900
239500
239200
238900
238600
238200
237900
237600
237300
237000
236600
236300
236000
235700
235400
235100
234800
234500
234100
233800
233500
233200
232900
383000
265500
245400
231700
231400
231100
230800
230500
230200
229900
229600
229300
3052000
851900
480200
229000
228700
228400
228100
227800
227500
227200
226900
226600
226400
226100
225800
225500
225200
224900
224600
224300
224100
223800
223500
223200
4589000
1186000
611800
223400
223100
222800
222500
222200
222000
221700
221400
221100
220800
220600
220300
220000
219800
219500
219200
218900
218700
218400
218100
11730000
2758000
1244000
220300
220100
1676000
540900
349100
219400
219100
218800
218600
218300
218000
217800
217500
217200
217000
216700
3041000
10780000
2661000
1102000
219000
218700
218500
218200
217900
217700
217400
217100
216900
2465000
57370000
12920000
5265000
228000
227700
227400
227100
226800
226500
226200
225900
225600
225400
225100
224800
224500
224200
223900
223600
223400
223100
222800
222500
222200
222000
221700
221400
221100
220900
220600
220300
220000
219800
219500
219200
218900
218700
218400
218100
217900
217600
217300
217100
216800
216500
216300
216000
215700
215500
215200
215000
214700
214400
214200
213900
213700
213400
213100
212900
212600
212400
212100
211900
211600
211400
211100
210900
210600
210400
210100
1056000
396300
284800
209300
209100
208800
10550000
5833000
1868000
508700
18520000
4252000
1844000
2787000
10780000
23320000
5848000
2101000
5553000
1396000
697200
224600
12920000
3027000
1356000
227200
226900
226700
226400
226100
225800
1545000
12580000
3006000
11140000
22800000
36540000
15320000
25160000
5397000
2095000
251200
250800
250500
250100
249800
249400
249100
248700
248400
248000
27040000
6160000
2636000
253200
252800
252500
252100
251700
2849000
824400
482400
15810000
4596000
10250000
2193000
1005000
257300
256900
256600
256200
255800
255500
7785000
7915000
3032000
964300
18110000
8220000
2734000
622100
262900
262500
262100
261700
1632000
563500
382900
260600
260300
259900
17020000
3958000
1753000
262800
262400
262000
261600
261200
260800
260400
260000
259700
14970000
6243000
2174000
506600
262800
262400
262100
3959000
3084000
1034000
440800
262100
261700
261300
260900
260500
260100
259800
259400
20410000
4704000
2054000
262800
262400
262000
261600
261200
8901000
2168000
1031000
262600
262200
261800
261400
261100
13620000
34710000
8402000
3070000
269000
268600
268200
18820000
15490000
4376000
1263000
272900
272500
272100
271600
271200
270800
270400
270000
269600
269200
268800
268400
267900
267500
267100
266700
266300
265900
265500
265100
264700
264300
263900
263600
263200
262800
262400
262000
7759000
2448000
2397000
608300
29040000
12970000
4226000
837800
269600
269200
268800
692600
1073000
462500
330800
267200
266800
266400
266000
265600
265200
264800
264400
264000
263600
263200
262800
2673000
22010000
27610000
35040000
14980000
4871000
2079000
5313000
1418000
699000
277200
2544000
8874000
2265000
997900
9370000
2283000
1087000
278300
5752000
2184000
919200
340300
277700
4614000
1234000
663200
277300
276900
276400
276000
275600
275100
274700
274300
2575000
11350000
5381000
6925000
27320000
9604000
3271000
566300
281000
280600
280100
7130000
22740000
9041000
2924000
15020000
3465000
2337000
454000
352300
283400
282900
282500
282000
281600
281100
280700
280200
279800
279400
278900
278500
278000
277600
277200
276700
276300
275900
275400
275000
274600
274200
273700
273300
272900
272500
272100
271600
271200
5102000
5310000
1578000
625800
272300
271800
271400
271000
270600
270200
269800
269400
8189000
2017000
974600
270200
269800
269400
269000
268600
268200
267700
267300
266900
266500
266100
265700
265300
264900
264500
264100
263800
263400
263000
262600
262200
261800
261400
261000
260600
260300
259900
259500
259100
258700
258400
258000
257600
257200
256900
256500
256100
255700
255400
7711000
1900000
919500
256400
256000
255700
255300
254900
23480000
37210000
9347000
3095000
265100
264700
264300
263900
263500
3660000
16710000
11900000
4659000
21520000
13350000
3949000
1030000
274300
273900
12830000
3044000
1392000
274900
274500
274100
273700
2008000
47220000
10700000
4419000
279700
279200
278800
14330000
3377000
1529000
279600
279200
278700
278300
277900
3739000
1041000
585400
277300
5625000
17470000
13330000
3699000
11200000
2511000
1181000
281600
281100
280700
280200
279800
279300
278900
278500
278000
277600
277100
276700
276300
275900
275400
275000
274600
274100
273700
10840000
2604000
1214000
274500
274100
273700
740000
3392000
10780000
2704000
2331000
536200
380000
274300
4516000
1210000
8404000
1985000
964800
275300
274800
274400
274000
273600
273100
272700
272300
271900
271500
271000
270600
270200
269800
269400
269000
268600
268200
267800
267400
2521000
20430000
7265000
2562000
489700
270800
270400
270000
269500
269100
268700
268300
267900
267500
267100
266700
266300
265900
265500
265100
264700
264300
25070000
25140000
6755000
1997000
271500
271100
270700
270300
6353000
2291000
961800
331400
9353000
2557000
1142000
297100
271600
271100
270700
270300
269900
269500
269100
268700
268300
267900
267500
267100
266700
266200
265800
265500
265100
264700
264300
263900
263500
263100
16420000
3829000
1703000
265600
1115000
452300
340200
264300
263900
263500
263100
262700
262300
262000
261600
261200
260800
260400
260000
259700
259300
258900
258500
258100
257800
257400
257000
256600
2088000
6065000
2179000
863200
307800
257000
256700
256300
255900
255500
255200
254800
254400
254100
253700
253300
253000
4882000
7589000
9515000
2462000
920000
256900
256500
256200
255800
255400
255100
254700
254300
254000
253600
253200
252900
252500
252200
251800
2549000
19370000
4563000
1911000
256000
255600
255200
254900
254500
254100
253800
253400
253000
252700
252300
251900
251600
251200
250900
250500
250200
249800
16530000
3841000
1700000
253500
253100
252700
252400
252000
251700
251300
251000
250600
250200
249900
249500
249200
248800
248500
248100
247800
247400
247100
246800
246400
246100
245700
245400
245000
244700
244400
244000
243700
243400
243000
242700
242400
242000
241700
241400
241000
240700
240400
240100
239700
239400
239100
238800
238400
238100
237800
237500
237200
236800
236500
236200
235900
235600
235300
235000
234600
234300
234000
2388000
7827000
12810000
12910000
3.6e+07
8307000
3152000
248400
248000
247700
247300
247000
246600
246300
245900
245600
245300
244900
244600
244200
243900
243600
243200
242900
242600
242200
241900
241600
241300
240900
240600
240300
239900
239600
239300
239000
238600
9433000
5596000
1792000
537100
240900
240600
240300
28760000
6532000
3593000
425300
318300
245800
245500
245100
244800
244500
244100
243800
1154000
6837000
1735000
813000
244400
244100
243800
243400
243100
242800
242400
242100
241800
241400
241100
240800
240400
10130000
27700000
9788000
3558000
608100
2810000
4357000
1258000
565800
249900
249600
9754000
35930000
12750000
4181000
637100
259100
258700
258300
258000
595700
1483000
968800
453700
294700
256400
256000
255600
255200
254900
254500
254100
10320000
2476000
1151000
256000
255700
255300
254900
254600
254200
18020000
4175000
1837000
257700
257300
256900
256600
256200
255800
255500
255100
254700
254400
254000
253600
10580000
2533000
1174000
255600
255200
4604000
1642000
4547000
1363000
8549000
2021000
960700
257900
257500
257100
641400
4109000
1848000
752300
321500
256500
256100
255800
255400
255000
2562000
2776000
903900
433900
254600
254300
5259000
1358000
699700
519900
312700
277400
253500
253100
252700
252400
252000
251700
251300
251000
250600
2284000
698900
431000
12940000
3051000
1381000
252900
252600
252200
251900
7209000
1787000
5899000
2018000
2599000
4399000
25590000
11360000
3617000
741600
261400
261000
260600
260200
259800
259500
259100
258700
258300
257900
257600
257200
256800
256500
256100
255700
255300
255000
254600
254200
253900
253500
253100
252800
252400
252100
251700
251300
251000
250600
250300
249900
249600
2029000
641600
407300
248800
248400
248100
247700
247400
5651000
1439000
728400
247700
247400
4655000
1220000
639500
1193000
455800
331100
246700
246300
246000
245700
245300
245000
244600
244300
244000
243600
243300
243000
242600
242300
242000
241600
241300
241000
6872000
8186000
10170000
2565000
948600
245700
245300
245000
244600
244300
244000
243600
243300
243000
242600
242300
242000
241600
241300
241000
240600
240300
240000
239700
239300
239000
238700
238400
238100
237700
237400
237100
236800
236500
236100
235800
235500
235200
234900
4474000
1170000
612100
234900
234600
234300
234000
5616000
11810000
6981000
2039000
591800
4054000
3684000
1153000
470700
238900
238600
238300
238000
237700
237300
237000
236700
236400
236100
235800
235400
235100
234800
234500
234200
233900
233600
233300
233000
232700
232300
232000
231700
231400
231100
230800
230500
230200
229900
11310000
2828000
1251000
10760000
4562000
1941000
7415000
1.3e+07
49800000
11900000
4470000
284700
248400
248100
247700
3707000
1011000
555300
247500
247100
246800
246400
246100
245700
245400
245100
244700
244400
244000
243700
243400
243000
6838000
4229000
2447000
703200
7281000
30680000
22720000
6282000
1776000
14980000
13810000
3838000
17570000
10130000
3104000
823900
268100
267700
267300
266900
266500
266000
39020000
8815000
3717000
271400
271000
270600
270100
269700
269300
268900
268500
268100
4976000
30180000
7548000
2948000
317000
272800
272400
272000
271600
271100
270700
270300
269900
269500
1995000
649600
10140000
4391000
3993000
981600
486800
7306000
5371000
30500000
23440000
18500000
4397000
9834000
25500000
6482000
19870000
