2285000
1917000
1831000
1747000
1709000
1679000
1651000
1624000
1597000
1571000
1547000
1522000
1499000
1477000
1455000
1433000
24240000
9665000
4993000
2086000
2181000
10040000
3571000
8043000
34910000
10140000
5537000
1792000
1204000
6910000
3184000
2052000
5537000
3010000
5934000
30100000
25240000
9002000
3736000
1356000
3824000
1744000
1391000
12450000
3901000
6938000
2321000
1559000
1046000
957200
948000
938900
3404000
1550000
1237000
948500
896000
887900
880000
872100
864500
7544000
2549000
1718000
954600
828000
821100
814300
807600
3814000
8957000
11110000
6812000
2715000
1302000
816600
757700
751900
746200
740600
4593000
1710000
1230000
787900
713700
708500
703400
5258000
1853000
1286000
765400
679100
674500
669900
665300
660900
656400
652100
4633000
1657000
1162000
706500
631100
627100
623100
619200
615300
611500
607700
604000
600300
596700
593100
589500
36870000
9808000
5335000
1224000
572300
569000
565700
562500
8921000
10520000
3641000
1726000
686900
543800
540800
537900
535000
532100
529200
526400
523600
4206000
1887000
1108000
635100
517700
507400
504800
502200
499600
497100
494600
492100
489700
487200
484800
7195000
22940000
6632000
9701000
2468000
1308000
582800
466400
464200
462100
893000
567900
512400
461300
451500
449400
18110000
4936000
2758000
757100
439400
437400
435500
433500
431600
429800
427900
426000
424200
422400
420600
418800
417000
415200
413500
411800
410100
408400
406700
405000
403300
401700
400100
398400
396800
395200
393600
3630000
1590000
6528000
1923000
1129000
484900
382900
381400
380000
378500
377100
375600
374200
372800
371400
370000
368600
367200
365800
364500
6776000
7571000
2619000
1205000
457600
356600
355300
354000
352700
351500
350200
349000
347700
346500
345300
7530000
25230000
7146000
3491000
751600
338200
337000
6599000
1927000
1154000
444400
331300
330200
329100
328000
326900
325900
324800
323700
322700
321600
320600
8073000
2290000
1334000
455000
315400
314400
313400
312400
311400
310400
309500
308500
307500
306600
7461000
25770000
25380000
8138000
32630000
11510000
5030000
1270000
358700
297300
296400
295500
294600
293800
292900
292000
291200
290300
289500
288600
287800
286900
286100
285300
284400
283600
282800
282000
281200
280400
4936000
16360000
15760000
5131000
1995000
473800
274900
274100
273400
2921000
2014000
889900
457800
288700
268900
268200
267400
266700
266000
265300
264600
4266000
6234000
2046000
982400
349600
260400
259700
259000
258300
257600
354000
281000
268300
256700
29330000
40520000
12420000
5080000
839300
251100
250400
249800
249200
248500
247900
247300
5656000
1621000
954300
341500
244200
4409000
1302000
788300
316300
241200
240600
240000
239500
238900
1429000
612400
411500
267300
237300
690000
350400
20910000
5483000
2935000
601200
1943000
666400
455200
261100
7127000
3041000
1402000
490300
246700
227300
226800
226300
696900
2319000
788300
491300
259000
223200
222700
222200
8053000
2212000
1247000
360200
219700
219200
2142000
23250000
6200000
7373000
15940000
4389000
2160000
470400
214900
214400
214000
213500
213000
212600
212100
211700
211200
210800
210300
209900
209400
209000
208500
208100
207700
207200
206800
206300
8662000
2355000
1313000
355800
227500
42990000
11080000
5809000
10210000
39160000
12060000
5505000
1031000
224400
5336000
9709000
2958000
1366000
345100
198000
197600
197300
196900
196500
196100
195700
28720000
13060000
5359000
13560000
3888000
1912000
476800
201800
192200
13950000
3690000
1994000
436700
190400
190000
189700
189300
188900
188600
188200
21520000
5610000
2982000
568000
186400
186100
185700
185400
185000
184700
1826000
601300
8628000
2305000
1261000
329700
182300
181900
981900
384700
285800
194900
180300
180000
179600
179300
179000
178600
178300
178000
177700
177400
177000
176700
176400
176100
175800
175500
175200
174800
174500
20680000
5387000
2861000
539900
173000
172700
172400
172100
171800
171500
171200
170900
170600
170300
170000
169700
169400
169100
168800
168600
1599000
531700
355200
193000
167100
166800
166600
16660000
15360000
5125000
1902000
361900
164900
164600
164300
164100
163800
163500
163300
2542000
3649000
1207000
582400
213400
161600
161400
161100
160900
160600
3389000
1276000
657900
255900
164600
970300
365000
264800
172800
158000
157800
157500
157300
157000
156800
156500
156300
156000
155800
155500
155300
155000
154800
154500
154300
154100
153800
153600
153300
153100
398600
215100
184600
156500
151900
151700
151500
151200
151000
150800
150500
150300
150100
149800
149600
149400
149200
148900
148700
148500
148300
148000
147800
30850000
9333000
4522000
876600
171400
146500
146300
146100
145800
145600
145400
145200
145000
144800
144600
144400
2342000
15730000
6503000
2724000
707000
1788000
550700
352900
171200
142300
142100
141900
141700
141500
141200
141000
140800
140600
140400
140200
4103000
1258000
2795000
760600
417400
176700
138900
3471000
5097000
1620000
736400
211400
137700
137500
137300
137100
136900
136700
136500
136400
136200
136000
135800
8258000
2200000
1200000
280200
134900
134700
134500
134300
134100
134000
133800
133600
17880000
16770000
5541000
2039000
349500
132500
132300
9018000
2391000
1296000
290500
131400
11310000
33310000
9639000
4390000
716200
136300
130200
130100
3184000
26850000
11020000
4575000
1104000
198700
128900
128700
128500
128400
128200
128000
127900
127700
127500
6494000
5447000
22820000
6044000
2934000
500500
17890000
6673000
2970000
709500
191200
133000
129200
125800
125100
124900
124800
124600
124500
3920000
3792000
8499000
8959000
3029000
1176000
272600
127500
123100
18660000
4836000
2552000
14300000
10120000
10540000
12530000
3576000
1497000
5247000
1381000
770600
209700
121000
120800
223200
146600
133800
8165000
2165000
1174000
263600
119600
119500
119300
119200
119100
118900
118800
118600
118500
118300
118200
3737000
1038000
592100
1786000
525200
327500
145900
117100
116900
702100
5442000
1912000
31080000
7931000
4077000
655300
115800
115700
2807000
1992000
771100
319500
2457000
705000
418900
156100
114500
114400
114200
114100
114000
113800
113700
113600
113400
113300
113200
113000
112900
112800
8988000
2369000
1275000
270900
1535000
757300
2351000
847300
419300
169100
114400
111300
111100
111000
110900
110800
110600
110500
13670000
9030000
3278000
1070000
5752000
1519000
836200
208600
109400
109300
109200
109000
108900
108800
108700
108600
108400
108300
108200
108100
108000
107900
107700
107600
107500
107400
17600000
16330000
5393000
1963000
317300
106700
106600
106500
106300
106200
106100
106000
105900
105800
105700
105500
105400
105300
295000
153300
129800
3264000
907100
518300
161000
104400
104300
104200
3073000
858700
492900
156800
103700
103500
103400
103300
103200
103100
103000
102900
102800
102700
102600
102500
102400
102300
102100
102000
101900
14600000
3787000
2001000
360700
101400
101300
101200
101100
101000
100900
100800
100700
9361000
2455000
1314000
265800
100200
100100
99970
99870
323600
156600
128900
103500
99370
99270
99170
99070
98970
98870
98770
98670
98570
8200000
5059000
1897000
5684000
1436000
761100
188300
97790
97690
97600
97500
97400
97310
97210
97110
97020
96920
96830
96730
96640
2698000
757800
467800
150500
100200
3068000
14690000
4002000
1962000
343000
203700
3311000
920100
515100
152200
95150
95050
94960
94870
94780
94690
94600
94510
94420
94330
11330000
13980000
4371000
1740000
291000
93790
93700
93610
93520
93430
93340
93250
93170
9619000
62360000
16550000
8105000
1162000
92640
92550
92470
92380
92290
92210
92120
92040
91950
91860
91780
91690
91610
91520
91440
91350
91270
91180
91100
91020
90930
90850
90760
90680
90600
90510
90430
90350
90260
90180
90100
90020
89940
89850
89770
89690
89610
89530
89450
89360
89280
89200
89120
89040
88960
88880
88800
88720
88640
88560
88480
88400
88320
88240
88160
88090
88010
87930
87850
87770
87690
87620
87540
87460
87380
904000
9676000
2579000
1331000
254700
86920
86840
11870000
6791000
2574000
783200
20530000
5267000
2757000
3421000
11940000
26240000
7624000
3341000
6419000
1589000
858600
191100
14240000
3685000
1941000
338400
85270
85190
85120
85050
84970
2059000
13980000
3748000
12820000
25750000
40300000
18790000
29010000
7300000
3145000
484200
84110
84030
83960
83890
83820
83750
83680
83610
83530
30010000
7691000
4005000
618200
83180
83110
83040
82970
3275000
894500
501100
17200000
5432000
11910000
2893000
1324000
249200
82280
82210
82140
82070
82010
9494000
9132000
3876000
1343000
19260000
9394000
3703000
1007000
161500
81330
81260
81200
2541000
706400
403300
124900
80860
80800
18990000
4889000
2559000
418600
80470
80400
80340
1867000
534400
314300
112000
80010
17150000
7458000
3089000
783200
134000
79620
79560
6057000
3826000
1429000
478100
119100
79180
79110
79050
78980
78920
78860
78800
25150000
6452000
3364000
526700
78480
78420
78360
78290
11980000
3104000
1638000
290800
77990
77920
77860
77800
18430000
37240000
10740000
4664000
658400
77430
597500
20160000
16920000
5676000
1967000
286300
77010
76950
76890
76830
76770
76710
76650
76590
76530
2479000
1106000
497800
174200
3116000
847100
473500
130300
76000
75940
75890
75830
75770
75710
75650
6710000
1762000
944900
12480000
3788000
3333000
753000
30390000
14850000
5824000
1542000
201700
74910
74850
4972000
2110000
917300
265700
88690
74510
74450
74400
74340
74290
74230
74170
1270000
378100
230700
95330
6610000
23920000
29830000
37630000
17710000
6739000
2869000
5652000
1528000
757200
1141000
3106000
9344000
2600000
1228000
10710000
2739000
1447000
260400
6969000
2601000
1174000
297600
86500
6295000
1655000
888000
183700
72380
72330
72270
72220
72170
72110
72060
10380000
13720000
7079000
7901000
28150000
10820000
4442000
976800
131400
71540
71490
7930000
23320000
10100000
3912000
15510000
3843000
2972000
583500
200800
88670
70920
70870
70820
70770
70720
70670
70620
70570
70520
70470
70420
70370
70320
70270
70220
70170
70120
70070
70020
69970
69920
69870
69820
69770
69720
8906000
2316000
1228000
11320000
7298000
2644000
845500
148100
69280
69230
69180
69130
69080
69040
68990
14740000
3798000
1991000
331000
68750
68700
68650
68600
68560
68510
68460
68410
68370
68320
68270
68220
68180
68130
68080
68040
67990
67940
67890
67850
67800
616000
831500
298200
159200
78730
67520
67480
67430
67380
67340
67290
67250
67200
67150
67110
67060
67020
14050000
3621000
1899000
316700
66790
66750
66700
66650
25210000
39450000
11750000
4840000
656300
66390
66340
66300
66250
4205000
17710000
13390000
5891000
22810000
14710000
5120000
1617000
226300
65810
13330000
3439000
1804000
302800
65590
65550
65510
2302000
47940000
12380000
6304000
910900
65250
65200
14700000
3786000
1983000
326700
64990
64950
64900
64860
4086000
1087000
591700
136600
5904000
17920000
14270000
4673000
11910000
2859000
1419000
249200
64310
64270
64230
64190
64140
64100
64060
64020
63980
63940
63890
63850
63810
63770
63730
63690
1185000
348600
13170000
3378000
1762000
295100
63400
63360
1258000
3714000
11350000
3137000
2785000
581200
235400
86540
4974000
1311000
8931000
2242000
1141000
209800
62760
62720
62680
62640
62600
62560
62520
62480
62440
62400
1340000
387200
229800
85090
62200
62160
62120
62080
62050
5432000
21880000
8695000
3532000
785100
110600
61770
61730
61700
61660
61620
61580
61540
1221000
1412000
481900
220500
80230
61310
61270
61240
61200
30930000
28050000
9226000
3252000
421000
60970
60940
60900
10470000
3460000
1616000
345500
10040000
2908000
1447000
279900
66170
60530
60490
60450
60410
60380
60340
60300
60270
60230
60190
60160
60120
60080
60050
60010
59970
59940
59900
59860
59830
59790
28440000
7275000
3779000
567000
1804000
502900
288100
90680
59470
59430
59400
59360
59330
59290
59250
59220
867000
264500
165000
73520
59040
59010
58970
58940
7745000
2013000
1066000
1753000
3400000
7009000
2627000
1057000
248300
69840
58560
58520
58490
58450
58420
58380
58350
2178000
597000
336000
96090
11900000
10070000
11660000
3291000
1268000
205900
57980
57940
57910
57870
57840
57810
57770
57740
57700
57670
57640
57600
57570
57540
13280000
23420000
6876000
2915000
415000
57340
57310
57270
57240
57210
57170
57140
57110
57070
57040
57010
56970
56940
56910
56880
56840
5048000
24340000
6562000
3162000
468100
56650
56620
56590
56550
56520
56490
56460
56420
56390
56360
56330
56300
56260
56230
56200
56170
56130
4526000
1192000
641800
135900
55980
55950
55910
55880
55850
55820
55790
55760
55720
5024000
1323000
915800
197800
82900
59260
55510
55470
55440
55410
55380
55350
55320
55290
55260
55230
55190
55160
55130
55100
55070
3393000
903600
492400
114600
54920
54890
4100000
4430000
9332000
14570000
14910000
39060000
10460000
4777000
672600
54600
54570
54540
54510
54480
54450
54420
54390
54360
54330
54300
54270
54240
54210
54180
54150
54120
54090
54060
54030
54000
53970
53940
53910
53880
53850
53820
53790
53770
19730000
8747000
3570000
889100
119600
53590
53570
30910000
7899000
5013000
837700
173400
69750
53370
53340
53310
53280
53250
53220
2183000
7686000
2135000
1020000
179800
53050
53020
53000
52970
52940
52910
52880
52850
52830
52800
52770
52740
11800000
30120000
11900000
5105000
1093000
2985000
4714000
1423000
618900
122900
52440
10690000
37820000
15070000
6036000
1297000
136500
52260
52230
52200
994800
1569000
974700
356900
137100
60520
52010
51980
51960
51930
51900
51870
12080000
3109000
1628000
266700
51740
51710
51690
51660
51630
20170000
5166000
2688000
411100
51500
51480
51450
51420
73000
56860
54170
51700
51290
51260
51230
13340000
3429000
1792000
288700
51110
5241000
1845000
5079000
1534000
9445000
2388000
1204000
207600
50870
50850
789500
4418000
2016000
816500
231000
65100
50670
50640
50610
50590
4454000
3402000
1195000
421700
90360
50440
6706000
1742000
922600
724000
191300
123000
60170
50230
50210
50180
117800
67340
58970
51290
764800
3326000
930200
468200
14960000
3826000
1997000
315400
49860
49830
49810
10790000
2781000
7036000
2387000
2910000
4843000
2.7e+07
13130000
5006000
1293000
156600
49520
496700
163200
108100
57410
49400
49370
49350
49320
49300
49270
49250
49220
49200
49170
49150
49120
49100
49080
49050
49030
49000
48980
48950
1184000
337400
197600
69140
48830
48810
48780
1424000
11620000
3081000
1543000
249200
48640
48620
48600
2758000
6985000
1992000
915700
160200
48460
7762000
2009000
1059000
2437000
620600
343300
88530
48270
48240
48220
48200
48170
48150
48130
48100
48080
48060
48030
48010
47990
47960
47940
47920
4545000
12500000
10700000
12210000
3421000
1325000
204500
47740
47720
47690
47670
47650
47620
5330000
1390000
739800
142000
47510
47490
47470
47440
47420
47400
47370
47350
47330
47310
47280
8950000
2311000
1214000
206300
47170
47150
47130
47110
47080
47060
47040
47020
13990000
3592000
1874000
296200
46910
46890
46860
10080000
14130000
8701000
2858000
830500
5635000
4336000
1503000
523700
98280
46630
46610
46580
46560
46540
46520
46500
46470
46450
46430
46410
46390
46370
6619000
1717000
907600
163800
46260
46240
46220
46190
46170
46150
46130
46110
46090
46060
46040
9409000
15770000
4836000
2006000
11980000
5246000
2507000
8325000
14520000
52760000
14600000
6743000
972300
53790
45740
45720
5244000
1367000
726800
138600
45620
45600
45580
45560
45530
45510
45490
45470
45450
45430
45410
45390
45370
12890000
6120000
3617000
941400
7991000
32620000
25620000
8507000
2952000
16230000
15360000
4989000
19110000
11580000
4075000
1263000
169000
45030
45010
44980
44960
44940
40970000
10450000
5408000
776500
44850
44830
44810
44790
44770
44750
44730
224700
6277000
31290000
8942000
4179000
646100
54350
44570
44550
44530
44510
44490
44470
44450
44430
3016000
8e+05
10820000
4932000
4650000
1201000
435600
7715000
5917000
31460000
25010000
20490000
5888000
10590000
26020000
7464000
20910000
