80250
80160
80050
79920
79800
79680
79560
79430
79310
79190
79070
78950
78830
78710
78590
78480
18850000
7186000
2970000
585000
776600
8922000
2283000
6864000
34250000
8769000
4102000
428800
76980
5498000
1968000
872300
4454000
1931000
4924000
29540000
24370000
7678000
2425000
257100
2830000
749600
409500
11620000
2892000
5997000
1306000
623800
123500
74690
74580
74480
1590000
445300
258000
90370
73950
73840
73740
73640
73530
5431000
1385000
723100
130800
73020
72920
72810
72710
983700
7830000
10220000
6019000
1886000
526300
104500
71920
71820
71720
71620
2226000
598600
332600
94420
71140
71040
70940
4066000
1048000
555200
113600
70470
70370
70270
70180
70090
69990
69900
69800
69710
69620
69520
69430
69340
69250
69150
69060
68970
68880
68790
68700
68610
68520
68430
25790000
6363000
3188000
344900
67980
67900
67810
67720
3604000
8913000
2449000
1073000
153200
67200
67120
67030
66940
66860
66770
66690
66600
66520
66430
66350
66260
66180
66090
66010
65920
65840
65760
65680
65590
65510
65430
65350
65260
19590000
4843000
8697000
1808000
824600
132200
64710
64630
64550
64470
64390
64310
64230
64150
64070
10910000
2718000
1379000
180500
63680
63610
63530
63450
63370
63300
63220
63140
63070
62990
62910
62840
62760
62690
62610
62540
62460
62390
62310
62240
62160
62090
62010
61940
61870
61790
61720
61650
61570
1116000
319500
189200
72630
61210
61140
61070
61000
60920
60850
60780
60710
60640
60570
60500
60430
60360
60290
60220
2841000
740600
397200
89870
59870
59810
59740
59670
59600
59530
59460
59400
59330
59260
59190
22450000
5539000
2775000
299900
58870
58800
736200
224500
140800
65830
58470
58410
58340
58270
58210
58140
58080
58010
57950
57890
57820
57760
57690
57630
57560
57500
57440
57370
57310
57250
57180
57120
57060
57000
56930
56870
20120000
23430000
7010000
32470000
11030000
4533000
796900
93500
56350
56290
56230
56170
56110
56050
55990
55930
55870
55810
55750
55690
55630
55570
55510
55450
55390
55330
55270
55210
55160
55100
8376000
13380000
3827000
1513000
176300
54770
54710
54650
1299000
1444000
471000
199500
66060
54320
54260
54210
54150
54090
54040
53980
1952000
5559000
1518000
685500
108000
53670
53610
53560
53500
53450
53390
53340
53280
53230
28890000
40600000
11750000
4425000
413400
52940
52890
52830
52780
52730
52670
52620
4917000
1243000
642400
104800
52370
4129000
1050000
546600
96050
52120
52070
52020
51970
51910
984500
353000
182700
70590
52450
488300
158400
21090000
5192000
2597000
277200
1622000
435700
241700
68090
6994000
2823000
1156000
255900
62510
50910
50860
50810
521000
2167000
597600
298500
72120
50530
50480
50430
7500000
1873000
953800
130400
50210
50160
1638000
23390000
5859000
7053000
15840000
4112000
1856000
206100
49810
49770
49720
49670
49620
49580
49530
49480
49430
49390
49340
49290
49250
49200
49150
49110
49060
49020
48970
48920
2592000
671300
357300
76120
48710
43170000
10600000
5278000
9785000
39600000
11660000
5003000
614400
63020
4385000
9448000
2615000
1106000
138000
48180
48140
48090
48050
48000
47960
47920
24280000
11670000
4381000
13290000
3637000
1666000
243000
53250
47620
12170000
3013000
1517000
177900
47430
47390
47350
47300
47260
47220
47180
14810000
3660000
1837000
205900
47000
46950
46910
46870
46830
46790
46740
46700
5074000
1277000
656300
100700
46520
46470
46430
46390
46350
46310
46270
46230
46180
46140
46100
46060
46020
45980
45940
45900
45860
45820
45780
45740
45700
45660
45620
45580
45540
4599000
1160000
597700
94400
45360
45320
45280
45240
45200
45160
45120
45080
45050
45010
44970
44930
44890
44850
44810
44770
44740
44700
44660
44620
44580
44540
44510
6788000
12880000
3599000
1473000
164700
44350
44310
44270
44230
44200
44160
44120
44080
44050
44010
43970
43930
43900
43860
43820
43790
43750
43710
43680
43640
43600
43570
43530
43490
43460
43420
43390
43350
43310
43280
43240
43210
43170
43130
43100
43060
43030
42990
42960
42920
42880
42850
42810
42780
42740
42710
42670
42640
42600
42570
42530
42500
42460
42430
42390
42360
42330
42290
42260
42220
42190
42150
42120
42090
42050
42020
41980
41950
41920
41880
16080000
5365000
2329000
384000
56820
41730
41700
41670
41630
41600
41570
41530
41500
41470
41440
41400
41370
7813000
4227000
1543000
401900
1003000
270700
154900
51240
41120
41090
41050
41020
40990
40960
40930
40890
40860
40830
40800
40770
40730
40700
40670
40640
40610
40570
536300
4331000
1121000
551400
85300
40400
40370
40340
40310
40280
40250
40220
40190
40150
40120
40090
4857000
1219000
624300
91830
39960
39930
39900
39870
39840
39800
39770
39740
15420000
16100000
4915000
1697000
172000
39660
39630
8546000
2121000
1071000
131100
39510
11060000
33600000
9264000
3983000
412300
43050
39410
39380
2927000
27130000
10800000
4238000
802500
81810
39250
39220
39190
39160
39140
39110
39080
39050
39020
5207000
5057000
22850000
5754000
2659000
267800
18050000
6506000
2727000
482500
62470
39180
38970
38780
38730
38710
38680
38650
38620
2838000
3465000
8340000
8863000
2830000
986600
139900
41090
38440
18580000
4576000
2287000
14250000
10030000
10400000
12390000
3334000
1289000
5080000
1247000
637100
91420
38260
38230
38200
38170
38140
7418000
1844000
933100
117500
38030
38010
37980
37950
37920
37890
37870
37840
37810
37780
37760
1795000
467700
250800
1535000
399500
217000
53490
37550
37520
37500
4947000
1647000
31410000
7648000
3763000
367600
37390
37360
1661000
1644000
530100
201400
2168000
555500
294100
59960
37140
37110
37090
37060
37040
37010
36980
36960
36930
36900
36880
36850
36830
36800
2784000
709200
370000
66280
67520
330600
2117000
733000
324700
78810
38370
36510
36490
36460
36440
36410
36390
36360
5846000
7003000
2098000
771300
5117000
1265000
645200
90270
36210
36190
36160
36140
36110
36080
36060
36030
36010
35990
35960
35940
35910
35890
35860
35840
35810
35790
7311000
13740000
3837000
1561000
164100
35740
35710
35690
35660
35640
35610
35590
35570
35540
35520
35490
35470
35440
35420
35400
35370
35350
35320
35300
35280
35250
35230
35200
35180
35160
35130
35110
35090
35060
35040
35010
34990
34970
34940
34920
34900
34870
34850
34830
34800
34780
34760
34730
34710
34690
34660
34640
34620
34600
34570
34550
34530
34500
34480
34460
34440
2692000
684900
356800
62990
34370
34340
34320
34300
34270
34250
34230
34210
34180
34160
34140
34120
34090
34070
34050
34030
34010
33980
33960
33940
4412000
1105000
564900
81030
33880
33860
33840
33820
33800
33770
33750
33730
33710
33690
33670
33640
33620
33600
33580
33560
33540
33510
33490
12640000
3119000
1563000
169200
33470
1593000
415100
222600
50200
33390
33370
33350
33330
33310
33290
33270
33240
33220
33200
2821000
11850000
3095000
1413000
153000
33210
33190
33170
33150
33130
33110
33080
33060
2273000
61430000
15200000
7437000
688000
33100
33080
33060
33040
33020
33000
32970
32950
32930
32910
32890
32870
32850
32830
32810
32790
32770
32750
32730
32700
32680
32660
32640
32620
32600
32580
32560
32540
32520
32500
32480
32460
32440
32420
32400
32380
32360
32340
32320
32300
32280
32260
32240
32220
32200
32180
32160
32140
32120
32100
32080
32060
32040
32020
32000
31980
31960
31940
31920
31900
31880
31860
31840
31820
31800
31790
396900
121100
76020
35640
31690
31680
11590000
6550000
2337000
603700
20600000
5057000
2522000
3089000
11900000
26330000
7298000
3017000
6213000
1480000
748500
95620
14250000
3512000
1757000
185100
32060
32040
32020
32000
31980
1476000
13890000
3513000
12690000
25790000
40470000
18310000
28750000
6809000
2857000
276300
32470
32450
32430
32410
32390
32360
32340
32320
32300
28790000
7071000
3521000
341900
32340
32320
32300
32280
2893000
732400
379200
17180000
5229000
11750000
2639000
1183000
133500
32350
32330
32310
32290
32270
8409000
8766000
3548000
1144000
19310000
9175000
3441000
778800
80460
32460
32440
32420
1523000
397100
213100
48410
32350
32330
18020000
4435000
2214000
226000
32350
32330
32310
32290
32270
32250
32230
32210
15880000
6935000
2695000
569600
64820
32250
32230
4066000
3235000
1064000
344400
56090
32220
32200
32180
32160
32140
32120
32100
21420000
5267000
2626000
262400
32130
32110
32090
32070
9611000
2376000
1194000
135200
32070
32050
32030
32010
14390000
36500000
9839000
4184000
386900
32150
32130
19510000
16600000
5283000
1673000
159200
32240
32220
32200
32180
32160
32140
32120
32100
32080
32060
32040
32020
32000
31980
31960
31940
31920
31900
31880
31860
31840
31820
31810
31790
31770
31750
31730
7916000
2548000
2622000
552500
30270000
14520000
5418000
1218000
108500
31900
31880
356200
897000
263500
130600
40260
31780
31760
31740
31720
31700
31680
31660
31640
31630
31610
31590
2416000
23050000
29360000
37540000
17160000
6237000
2550000
5515000
1414000
654800
86160
2504000
9118000
2407000
1087000
9575000
2345000
1178000
133800
5779000
2210000
917800
187500
40410
4602000
1151000
586400
81290
32090
32070
32050
32030
32010
31990
31970
2278000
11690000
5862000
7578000
28290000
10530000
4114000
720600
68070
32230
32220
7129000
23270000
9737000
3593000
15420000
3673000
2594000
380800
126500
40770
32400
32380
32360
32340
32320
32300
32280
32260
32240
32220
32200
32180
32160
32140
32120
32100
32080
32060
32040
32020
32000
31980
31960
31940
31920
31900
31880
31860
4582000
5532000
1657000
612900
79120
31890
31870
31850
31830
31810
31790
31770
8434000
2088000
1051000
122200
31770
31760
31740
31720
31700
31680
31660
31640
31620
31600
31580
31560
31540
31520
31500
31490
31470
31450
31430
31410
31390
31370
31350
31330
31320
31300
31280
31260
31240
31220
31200
31180
31170
31150
31130
31110
31090
31070
8013000
1985000
999300
117000
31080
31070
31050
31030
24840000
39550000
11220000
4354000
391200
31220
31200
31180
31160
3772000
17680000
13190000
5599000
22780000
14500000
4823000
1353000
128600
31540
13190000
3253000
1628000
173200
31560
31540
31520
1939000
48530000
12020000
5878000
548600
31580
31560
14530000
3580000
1790000
187600
31590
31570
31550
31530
3763000
944800
484100
71670
5677000
17940000
14090000
4379000
11720000
2673000
1291000
143500
31760
31740
31720
31710
31690
31670
31650
31630
31610
31590
31570
31550
31530
31510
31490
31480
31460
31440
11070000
2733000
1370000
150300
31450
31430
530400
3483000
11250000
2972000
2630000
462800
190100
45550
4710000
1177000
8815000
2093000
1028000
120000
31520
31500
31480
31460
31440
31420
31400
31380
31360
31340
31330
31310
31290
31270
31250
31230
31210
31190
31180
2390000
21270000
8087000
3226000
582800
60500
31270
31250
31230
31210
31190
31180
31160
31140
31120
31100
31080
31060
31050
31030
31010
30990
25870000
26690000
8142000
2776000
250000
31170
31150
31130
6683000
2409000
1021000
193700
9752000
2721000
1286000
173600
34550
31170
31160
31140
31120
31100
31080
31060
31040
31030
31010
30990
30970
30950
30930
30920
30900
30880
30860
30840
30820
30810
16620000
4091000
2043000
209400
949100
255600
142200
40690
30790
30770
30750
30740
30720
30700
30680
30660
30640
30630
30610
30590
30570
30550
30540
30520
30500
30480
30470
30450
1702000
6408000
2320000
925600
170700
37210
30450
30440
30420
30400
30380
30360
30350
30330
30310
30290
30280
4753000
8159000
10600000
2956000
1111000
119700
30450
30430
30410
30400
30380
30360
30340
30330
30310
30290
30270
30250
30240
30220
1952000
20680000
5203000
2499000
247500
30300
30280
30260
30240
30230
30210
30190
30170
30160
30140
30120
30100
30090
30070
30050
30030
30020
17330000
4263000
2128000
216200
30070
30060
30040
30020
30000
29990
29970
29950
29940
29920
29900
29880
29870
29850
29830
29820
29800
29780
29760
29750
29730
29710
29700
29680
29660
29650
29630
29610
29600
29580
29560
29540
29530
29510
29490
29480
29460
29440
29430
29410
29390
29380
29360
29340
29330
29310
29300
29280
29260
29250
29230
29210
29200
29180
29160
29150
29130
29110
1947000
8359000
14240000
14700000
39220000
10030000
4392000
406400
29560
29540
29530
29510
29490
29480
29460
29440
29430
29410
29390
29380
29360
29340
29330
29310
29290
29280
29260
29240
29230
29210
29190
29180
29160
29150
29130
29110
29100
9836000
6104000
2118000
580400
68750
29190
29170
30840000
7571000
4662000
580100
137900
38900
29250
29230
29210
29200
29180
29160
1006000
7327000
1875000
895800
105200
29190
29170
29160
29140
29120
29110
29090
29070
29060
29040
29030
29010
11010000
30090000
11470000
4723000
840400
2907000
4637000
1327000
534800
71510
29300
10600000
38130000
14690000
5599000
980800
80070
29570
29550
29530
389000
1388000
856400
303100
100400
34550
29450
29430
29410
29400
29380
29360
11220000
2768000
1387000
149900
29420
29400
29380
29370
29350
19220000
4727000
2358000
236000
29420
29410
29390
29370
29360
29340
29320
29310
29290
29270
29260
11480000
2832000
1418000
152600
29310
4823000
1675000
4934000
1420000
9383000
2253000
1097000
123900
29440
29420
446700
4292000
1900000
734800
171500
38040
29390
29370
29350
29340
2525000
2862000
875800
325700
53240
29310
5529000
1375000
696300
375700
99600
64130
32370
29270
29250
29230
29220
29200
29180
29170
29150
2219000
565200
294800
14200000
3490000
1745000
181400
29200
29180
29170
7621000
1887000
6502000
2193000
2815000
4735000
27190000
12850000
4676000
1031000
93700
29530
29520
29500
29480
29470
29450
29430
29420
29400
29380
29370
29350
29330
29320
29300
29280
29270
29250
29230
29220
29200
29180
29170
29150
29140
29120
29100
29090
29070
29050
29040
29020
1293000
338500
182300
42580
28960
28940
28930
28910
5898000
1465000
740800
92100
28920
4813000
1200000
609100
1096000
277400
152100
39820
28880
28860
28850
28830
28810
28800
28780
28770
28750
28730
28720
28700
28690
28670
28650
28640
28620
6808000
8845000
11330000
3106000
1164000
122800
28850
28830
28820
28800
28790
28770
28750
28740
28720
28710
28690
28670
28660
28640
28630
28610
28600
28580
28560
28550
28530
28520
28500
28490
28470
28450
28440
28420
28410
28390
28380
28360
28350
4151000
1037000
528300
72710
28330
28310
28300
5832000
13010000
7949000
2567000
685100
4258000
3927000
1239000
422300
59480
28530
28510
28500
28480
28470
28450
28430
28420
28400
28390
28370
28360
28340
28330
28310
28290
28280
28260
28250
28230
28220
28200
28190
28170
28160
28140
28130
28110
28100
11750000
3066000
1491000
11870000
5111000
2352000
8163000
14450000
53250000
14120000
6243000
612700
33500
28670
28660
3812000
954600
487500
69370
28630
28620
28600
28590
28570
28560
28540
28520
28510
28490
28480
28460
28450
7128000
4561000
2742000
729900
7865000
32850000
25430000
8048000
2571000
16200000
15260000
4733000
1.9e+07
11320000
3832000
1054000
103600
29330
29310
29290
29280
29260
40260000
9876000
4909000
462400
29360
29340
29320
29310
29290
29280
29260
29240
5198000
31290000
8541000
3857000
418200
35250
29390
29370
29350
29340
29320
29310
29290
29270
1908000
489000
10660000
4779000
4499000
1061000
377300
7610000
5794000
31670000
24840000
20140000
5420000
10360000
26100000
7206000
20790000
