1700000
1695000
1686000
1675000
1664000
1652000
1640000
1626000
1613000
1600000
1586000
1572000
1559000
1545000
1531000
1517000
1504000
1591000
1657000
1676000
1677000
1682000
1733000
1759000
1790000
1988000
2113000
2159000
2177000
2194000
2252000
2281000
2285000
2302000
2318000
2351000
2565000
2829000
2948000
2979000
2993000
3039000
3062000
3050000
3124000
3162000
3204000
3218000
3208000
3187000
3156000
3123000
3079000
3059000
3031000
2995000
2954000
2912000
2872000
2828000
2784000
2741000
2751000
2744000
2717000
2682000
2649000
2620000
2586000
2551000
2542000
2577000
2642000
2684000
2686000
2673000
2660000
2643000
2619000
2591000
2562000
2567000
2561000
2541000
2514000
2486000
2460000
2429000
2428000
2416000
2393000
2366000
2341000
2317000
2290000
2262000
2234000
2207000
2181000
2191000
2189000
2171000
2149000
2128000
2109000
2087000
2065000
2041000
2019000
1998000
1978000
1957000
1935000
1914000
1893000
2091000
2213000
2243000
2245000
2250000
2268000
2264000
2251000
2295000
2374000
2411000
2418000
2412000
2404000
2395000
2376000
2350000
2325000
2302000
2280000
2257000
2262000
2258000
2240000
2216000
2193000
2172000
2148000
2124000
2099000
2076000
2053000
2031000
2008000
1993000
1976000
1993000
2118000
2185000
2239000
2262000
2271000
2278000
2272000
2263000
2247000
2239000
2229000
2216000
2198000
2178000
2157000
2252000
2304000
2306000
2293000
2281000
2277000
2261000
2241000
2217000
2197000
2178000
2161000
2139000
2114000
2091000
2067000
2042000
2018000
1994000
1970000
1947000
1925000
1903000
1882000
1862000
1843000
1825000
1807000
1789000
1771000
1753000
1756000
1754000
1770000
1773000
1766000
1757000
1746000
1736000
1723000
1709000
1695000
1682000
1669000
1655000
1641000
1634000
1625000
1612000
1598000
1584000
1604000
1636000
1647000
1643000
1636000
1633000
1627000
1617000
1606000
1594000
1584000
1574000
1563000
1551000
1538000
1560000
1677000
1743000
1759000
1762000
1769000
1778000
1816000
1835000
1833000
1830000
1829000
1829000
1820000
1807000
1793000
1779000
1763000
1749000
1733000
1716000
1699000
1730000
1744000
1739000
1728000
1718000
1711000
1700000
1686000
1672000
1659000
1647000
1635000
1621000
1607000
1631000
1759000
1935000
2021000
2251000
2427000
2510000
2548000
2569000
2595000
2601000
2600000
2593000
2584000
2572000
2558000
2536000
2505000
2474000
2442000
2407000
2373000
2340000
2308000
2276000
2246000
2216000
2187000
2159000
2132000
2144000
2234000
2351000
2399000
2404000
2404000
2406000
2402000
2386000
2387000
2389000
2382000
2369000
2352000
2331000
2308000
2283000
2255000
2227000
2200000
2174000
2176000
2197000
2197000
2181000
2162000
2145000
2128000
2107000
2084000
2062000
2044000
2026000
2007000
1986000
2133000
2466000
2640000
2688000
2707000
2739000
2768000
2765000
2747000
2727000
2714000
2705000
2731000
2731000
2707000
2679000
2647000
2645000
2628000
2599000
2566000
2535000
2507000
2477000
2445000
2412000
2390000
2365000
2338000
2308000
2279000
2254000
2227000
2328000
2385000
2387000
2374000
2374000
2377000
2363000
2343000
2363000
2379000
2374000
2361000
2344000
2325000
2305000
2281000
2256000
2244000
2227000
2206000
2182000
2158000
2135000
2111000
2131000
2136000
2123000
2104000
2086000
2072000
2064000
2185000
2254000
2292000
2403000
2471000
2498000
2498000
2495000
2491000
2479000
2464000
2447000
2428000
2407000
2386000
2360000
2330000
2301000
2271000
2241000
2212000
2183000
2155000
2127000
2101000
2075000
2050000
2080000
2092000
2081000
2064000
2049000
2315000
2478000
2521000
2597000
2986000
3255000
3337000
3358000
3375000
3466000
3587000
3636000
3625000
3603000
3594000
3580000
3538000
3483000
3430000
3377000
3321000
3552000
3736000
3775000
3885000
3948000
3968000
3944000
3905000
3865000
3974000
4026000
4010000
3967000
3920000
3885000
3828000
3759000
3687000
3621000
3557000
3723000
3804000
3783000
3737000
3693000
3664000
3613000
3555000
3492000
3437000
3412000
3381000
3409000
3401000
3364000
3318000
3269000
3225000
3193000
3153000
3106000
3059000
3015000
2973000
2927000
2880000
2834000
2790000
2745000
2703000
2661000
2619000
2579000
2541000
2503000
2466000
2430000
2395000
2362000
2329000
2297000
2414000
2481000
2485000
2470000
2457000
2455000
2437000
2414000
2387000
2364000
2344000
2324000
2299000
2271000
2245000
2217000
2188000
2161000
2135000
2108000
2099000
2084000
2063000
2041000
2019000
1999000
1977000
2057000
2169000
2216000
2221000
2219000
2224000
2222000
2210000
2192000
2174000
2159000
2146000
2156000
2168000
2163000
2147000
2127000
2109000
2090000
2068000
2046000
2024000
2030000
2029000
2016000
1998000
1980000
1975000
1963000
1946000
1926000
1908000
1892000
1874000
1856000
1837000
1819000
1800000
1782000
1764000
1746000
1728000
1711000
1694000
1677000
1660000
1644000
1628000
1613000
1597000
1582000
1568000
1563000
1555000
1543000
1531000
1518000
1507000
1495000
1482000
1470000
1458000
1446000
1435000
1423000
1411000
1400000
1388000
1377000
1366000
1355000
1344000
1333000
1323000
1313000
1433000
1516000
1542000
1549000
1556000
1571000
1574000
1570000
1563000
1558000
1555000
1552000
1545000
1534000
1523000
1512000
1515000
1578000
1622000
1633000
1632000
1641000
1649000
1647000
1639000
1630000
1623000
1616000
1608000
1598000
1586000
1574000
1561000
1548000
1534000
1520000
1532000
1535000
1537000
1533000
1526000
1519000
1510000
1517000
1535000
1540000
1535000
1529000
1524000
1517000
1508000
1498000
1487000
1478000
1469000
1459000
1448000
1437000
1426000
1449000
1461000
1458000
1450000
1443000
1439000
1431000
1422000
1412000
1402000
1394000
1385000
1450000
1542000
1585000
1596000
1600000
1610000
1615000
1653000
1673000
1676000
1675000
1676000
1730000
1926000
2041000
2075000
2087000
2103000
2124000
2124000
2133000
2301000
2433000
2484000
2499000
2506000
2518000
2513000
2497000
2472000
2451000
2433000
2416000
2392000
2364000
2379000
2403000
2544000
2618000
2628000
2622000
2752000
2856000
2878000
2869000
2858000
2859000
2847000
2827000
2797000
2766000
2738000
2709000
2674000
2665000
2667000
2700000
2752000
2764000
2751000
2730000
2711000
2688000
2801000
2861000
2862000
2959000
3074000
3191000
3318000
3372000
3382000
3422000
3442000
3435000
3406000
3372000
3343000
3312000
3272000
3228000
3248000
3242000
3207000
3161000
3115000
3075000
3029000
2981000
2932000
2887000
2844000
2802000
2759000
2716000
2674000
2663000
2642000
2609000
2585000
2558000
2529000
2497000
2464000
2433000
2408000
2415000
2410000
2607000
2722000
2746000
2742000
2737000
2744000
2753000
2754000
2736000
2716000
2716000
2710000
2689000
2657000
2626000
2595000
2560000
2525000
2491000
2456000
2423000
2391000
2358000
2326000
2295000
2264000
2234000
2204000
2238000
2251000
2238000
2218000
2211000
2206000
2201000
2188000
2169000
2151000
2133000
2115000
2094000
2072000
2050000
2028000
2006000
1984000
2047000
2113000
2132000
2127000
2154000
2174000
2173000
2161000
2146000
2134000
2121000
2107000
2090000
2070000
2050000
2031000
2009000
1985000
1963000
1941000
1919000
1897000
1876000
1855000
1835000
1815000
1893000
2005000
2053000
2060000
2060000
2067000
2069000
2059000
2044000
2030000
2018000
2008000
1995000
1977000
1958000
1938000
1917000
1896000
1882000
1867000
1848000
1847000
1840000
1827000
1811000
1795000
1780000
1765000
1768000
1765000
1754000
1741000
1728000
1715000
1701000
1686000
1671000
1656000
1641000
1627000
1612000
1597000
1583000
1569000
1554000
1540000
1526000
1512000
1499000
1557000
1591000
1595000
1590000
1587000
1588000
1581000
1572000
1561000
1556000
1551000
1544000
1574000
1589000
1588000
1580000
1572000
1568000
1559000
1548000
1542000
1535000
1526000
1517000
1506000
1495000
1484000
1472000
1459000
1447000
1435000
1424000
1412000
1439000
1464000
1470000
1487000
1496000
1499000
1496000
1491000
1485000
1478000
1471000
1464000
1456000
1446000
1437000
1428000
1418000
1407000
1396000
1385000
1389000
1388000
1383000
1374000
1366000
1371000
1425000
1455000
1460000
1458000
1462000
1480000
1486000
1482000
1476000
1471000
1467000
1461000
1453000
1443000
1434000
1424000
1413000
1402000
1394000
1432000
1500000
1532000
1538000
1539000
1543000
1545000
1540000
1533000
1525000
1519000
1513000
1506000
1544000
1898000
2117000
2187000
2214000
2247000
2295000
2307000
2305000
2293000
2289000
2289000
2289000
2275000
2252000
2232000
2208000
2179000
2151000
2124000
2098000
2072000
2046000
2022000
1998000
1974000
1951000
1929000
1907000
1886000
1865000
1844000
1824000
1805000
1785000
1767000
1748000
1730000
1713000
1695000
1679000
1662000
1646000
1630000
1614000
1600000
1586000
1572000
1557000
1543000
1529000
1516000
1502000
1489000
1476000
1464000
1451000
1439000
1427000
1415000
1403000
1391000
1380000
1369000
1358000
1347000
1336000
1326000
1315000
1305000
1303000
1332000
1346000
1346000
1341000
1337000
1335000
1374000
1411000
1424000
1425000
1513000
1574000
1593000
1610000
1676000
1847000
1944000
1978000
2027000
2067000
2095000
2103000
2187000
2238000
2252000
2255000
2254000
2253000
2241000
2225000
2204000
2195000
2266000
2302000
2371000
2571000
2987000
3291000
3667000
3875000
3962000
4015000
4037000
4051000
4027000
3998000
3967000
3936000
3893000
3841000
3779000
4033000
4167000
4157000
4104000
4057000
4033000
3977000
3911000
3871000
3829000
3779000
3904000
3967000
4046000
4062000
4030000
3993000
3942000
3892000
3828000
3765000
3703000
3743000
3812000
3821000
3784000
3935000
4069000
4091000
4054000
4008000
3978000
3934000
3880000
3847000
3803000
3751000
3698000
3638000
3573000
3697000
3751000
3722000
3671000
3624000
3591000
3540000
3508000
3464000
3414000
3366000
3319000
3428000
3502000
3500000
3463000
3424000
3397000
3357000
3370000
3375000
3352000
3316000
3280000
3244000
3199000
3151000
3101000
3050000
3002000
2956000
3131000
3225000
3226000
3198000
3173000
3163000
3131000
3091000
3153000
3182000
3170000
3145000
3115000
3086000
3049000
3013000
3128000
3518000
3720000
3760000
3756000
3762000
3785000
3983000
4219000
4300000
4300000
4290000
4290000
4261000
4200000
4131000
4060000
3993000
3930000
3863000
3787000
3754000
3711000
3646000
3575000
3542000
3503000
3446000
3385000
3326000
3272000
3217000
3163000
3108000
3055000
3004000
3021000
3015000
2980000
3045000
3079000
3083000
3061000
3313000
3542000
3615000
3616000
3606000
3615000
3599000
3629000
3629000
3600000
3567000
3536000
3498000
3444000
3390000
3332000
3287000
3239000
3187000
3147000
3102000
3054000
3004000
3009000
3189000
3516000
4022000
4364000
4498000
4563000
4672000
4735000
4720000
4693000
4690000
4785000
4813000
4777000
4853000
4868000
4820000
4742000
4742000
4724000
4657000
4572000
4493000
4493000
4455000
4385000
4298000
4214000
4139000
4059000
3974000
3888000
3808000
3731000
3776000
3894000
3949000
3989000
4301000
4518000
4568000
4543000
4510000
4492000
4446000
4484000
4753000
4927000
4950000
5123000
5206000
5211000
5156000
5078000
5001000
4912000
4826000
4735000
4639000
4542000
4449000
4350000
4245000
4145000
4047000
3951000
3859000
3772000
3688000
3608000
3531000
3458000
3387000
3320000
3255000
3193000
3133000
3075000
3019000
2966000
3003000
3010000
2981000
3034000
3095000
3109000
3086000
3058000
3034000
3005000
2972000
2935000
2897000
2860000
2825000
2916000
2956000
2943000
2913000
2884000
2864000
2831000
2794000
2755000
2720000
2687000
2659000
2626000
2589000
2554000
2518000
2482000
2446000
2411000
2377000
2344000
2312000
2281000
2250000
2221000
2202000
2185000
2162000
2137000
2113000
2089000
2066000
2042000
2018000
1995000
1973000
1951000
1930000
1908000
1887000
1866000
1846000
1903000
1933000
1932000
1921000
1912000
1907000
1895000
1880000
2003000
2308000
2474000
2526000
2546000
2576000
2605000
2604000
2589000
2601000
2736000
2887000
2962000
3166000
3374000
3472000
3491000
3485000
3485000
3605000
3663000
3656000
3628000
3602000
3585000
3546000
3515000
3993000
4273000
4321000
4301000
4285000
4297000
4435000
4485000
4442000
4391000
4351000
4325000
4263000
4181000
4146000
4096000
4024000
3951000
3935000
4076000
4235000
4267000
4352000
4387000
4375000
4335000
4277000
4221000
4155000
4093000
4028000
3961000
3889000
3819000
3745000
3666000
3591000
3517000
3444000
3374000
3307000
3243000
3199000
3151000
3206000
3222000
3194000
3154000
3115000
3083000
3054000
3045000
3104000
3124000
3117000
3097000
3070000
3042000
3046000
3032000
3065000
3072000
3052000
3026000
2994000
2963000
2925000
2884000
2842000
2803000
2765000
2726000
2687000
2647000
2622000
2592000
2556000
2520000
2485000
2452000
2418000
2385000
2352000
2359000
2493000
2582000
2600000
2592000
2587000
2586000
2571000
2547000
2520000
2497000
2477000
2456000
2446000
2434000
2412000
2385000
2356000
2328000
2299000
2270000
2241000
2428000
2704000
2830000
2859000
2868000
2893000
2905000
2892000
2963000
3006000
3013000
3006000
3078000
3117000
3106000
3079000
3045000
3017000
2983000
2946000
2905000
2864000
2825000
2788000
2746000
2704000
2663000
2623000
2582000
2543000
2505000
2468000
2432000
2398000
2364000
2331000
2299000
2268000
2437000
2537000
2553000
2543000
2552000
2568000
2557000
2537000
2511000
2492000
2474000
2456000
2431000
2401000
2374000
2345000
2324000
2300000
2272000
2244000
2216000
2189000
2162000
2136000
2164000
2174000
2161000
2157000
2165000
2201000
2214000
2207000
2193000
2180000
2168000
2152000
2133000
2112000
2092000
2073000
2052000
2053000
2045000
2028000
2008000
2060000
2131000
2206000
2236000
2239000
2241000
2239000
2234000
2218000
2201000
2185000
2170000
2154000
2134000
2113000
2090000
2066000
2042000
2017000
1993000
2052000
2208000
2286000
2301000
2301000
2308000
2314000
2304000
2286000
2268000
2253000
2240000
2225000
2204000
2180000
2157000
2131000
2105000
2079000
2053000
2028000
2040000
2179000
2255000
2267000
2263000
2262000
2267000
2256000
2239000
2219000
2203000
2189000
2174000
2154000
2130000
2108000
2084000
2058000
2033000
2009000
1985000
1962000
1976000
1977000
1964000
1947000
1930000
1916000
1899000
1881000
1862000
1844000
1827000
1810000
1793000
1805000
1808000
1799000
1785000
1772000
1760000
1746000
1731000
1715000
1700000
1685000
1671000
1656000
1641000
1626000
1611000
1596000
1581000
1566000
1552000
1537000
1545000
1546000
1538000
1527000
1517000
1508000
1515000
1529000
1565000
1637000
1728000
1982000
2133000
2189000
2217000
2244000
2275000
2280000
2277000
2269000
2265000
2260000
2252000
2236000
2213000
2190000
2165000
2138000
2111000
2084000
2059000
2034000
2010000
1986000
1963000
1940000
1918000
1896000
1875000
1854000
1834000
1814000
1795000
1776000
1867000
1941000
1962000
1961000
1958000
1963000
1958000
2132000
2237000
2272000
2283000
2294000
2312000
2306000
2295000
2276000
2259000
2245000
2231000
2227000
2255000
2264000
2250000
2229000
2210000
2193000
2171000
2148000
2124000
2102000
2081000
2060000
2037000
2014000
1992000
1969000
2010000
2198000
2325000
2367000
2376000
2407000
2462000
2481000
2474000
2460000
2452000
2519000
2840000
3064000
3134000
3150000
3166000
3188000
3180000
3153000
3128000
3117000
3107000
3088000
3056000
3015000
2975000
2932000
2884000
2837000
2791000
2747000
2796000
2814000
2793000
2761000
2731000
2707000
2675000
2640000
2604000
2722000
2788000
2791000
2771000
2752000
2743000
2718000
2687000
2656000
2628000
2601000
2575000
2544000
2509000
2477000
2536000
2561000
2548000
2524000
2501000
2521000
2523000
2534000
2528000
2574000
2597000
2592000
2576000
2555000
2537000
2519000
2524000
2521000
2503000
2481000
2458000
2434000
2406000
2377000
2347000
2349000
2355000
2344000
2322000
2299000
2278000
2299000
2302000
2286000
2269000
2252000
2237000
2217000
2193000
2169000
2146000
2127000
2108000
2085000
2061000
2044000
2042000
2031000
2012000
2078000
2115000
2116000
2105000
2094000
2089000
2075000
2127000
2152000
2184000
2201000
2215000
2245000
2427000
2582000
2636000
2648000
2655000
2672000
2679000
2668000
2648000
2627000
2610000
2592000
2567000
2536000
2504000
2472000
2437000
2403000
2370000
2338000
2306000
2275000
2245000
2216000
2187000
2159000
2132000
2105000
2079000
2072000
2060000
2040000
2018000
1997000
1978000
1957000
1954000
2005000
2029000
2025000
2014000
2005000
1997000
1988000
1990000
2017000
2027000
2021000
2012000
2001000
2037000
2053000
2046000
2047000
2046000
2040000
2028000
2012000
1995000
1978000
1961000
1944000
1925000
1905000
1887000
1867000
1847000
1827000
1808000
1791000
1773000
1755000
1738000
1747000
1803000
1867000
1939000
1973000
1983000
1988000
1990000
1988000
1978000
1967000
1956000
1946000
1975000
1987000
1980000
1966000
1951000
1939000
1922000
1903000
1884000
1866000
1849000
1832000
1814000
1796000
1778000
1810000
1825000
1819000
1807000
1796000
1788000
1775000
1761000
1745000
1731000
1717000
1704000
1765000
1799000
1801000
1794000
1787000
1785000
1775000
1818000
1901000
1967000
1992000
1999000
2040000
2082000
2096000
2092000
2083000
2078000
2072000
2062000
2046000
2029000
2011000
1994000
1974000
1952000
1931000
1910000
1889000
1868000
1890000
1897000
1888000
1873000
1859000
1848000
1833000
1817000
1799000
1783000
1768000
1753000
1737000
1720000
1704000
1741000
1828000
1870000
1876000
1938000
1994000
2020000
2068000
2171000
2619000
2891000
2982000
3020000
3058000
3109000
3117000
3154000
3159000
3153000
3144000
3132000
3107000
3067000
3027000
2982000
2934000
2887000
2842000
2797000
2752000
2709000
2667000
2635000
2695000
2740000
2746000
2729000
2766000
3054000
3386000
3528000
3557000
3747000
4021000
4149000
4383000
4596000
4690000
4709000
4697000
4680000
4633000
4572000
4503000
4427000
4895000
5157000
5174000
5107000
5049000
5026000
4945000
4846000
4735000
4643000
4562000
4494000
4479000
4803000
4969000
4953000
4880000
4819000
4777000
4697000
4604000
4505000
4420000
4344000
4270000
4184000
4127000
4063000
4092000
4098000
4080000
4033000
3971000
3994000
4023000
4356000
4762000
5109000
5236000
5384000
5881000
6133000
