1094000
1088000
1081000
1074000
1067000
1060000
1054000
1047000
1041000
1034000
1028000
1022000
1016000
1009000
1003000
997500
991600
1168000
1199000
1192000
1184000
1182000
1254000
1252000
1297000
1655000
1670000
1653000
1637000
1622000
1677000
1674000
1658000
1695000
1693000
1730000
2127000
2425000
2416000
2381000
2348000
2365000
2336000
2304000
2480000
2462000
2510000
2480000
2444000
2409000
2375000
2342000
2310000
2319000
2291000
2260000
2230000
2200000
2172000
2144000
2117000
2091000
2170000
2151000
2124000
2097000
2071000
2046000
2021000
1997000
2015000
2110000
2227000
2260000
2235000
2205000
2177000
2149000
2122000
2095000
2069000
2101000
2080000
2054000
2029000
2005000
1981000
1958000
2003000
1985000
1962000
1939000
1917000
1895000
1874000
1854000
1833000
1814000
1794000
1817000
1801000
1782000
1763000
1745000
1727000
1710000
1692000
1675000
1659000
1643000
1627000
1611000
1596000
1581000
1566000
2039000
2057000
2032000
2008000
1984000
1961000
1938000
1916000
2009000
2119000
2103000
2077000
2052000
2027000
2003000
1979000
1956000
1934000
1912000
1890000
1869000
1891000
1880000
1860000
1839000
1819000
1800000
1781000
1762000
1744000
1726000
1708000
1691000
1674000
1658000
1642000
1704000
1987000
1989000
2063000
2047000
2022000
1998000
1975000
1952000
1929000
1910000
1889000
1868000
1847000
1827000
1807000
2035000
2032000
2007000
1984000
1960000
1938000
1916000
1894000
1873000
1852000
1832000
1812000
1793000
1774000
1755000
1737000
1720000
1702000
1685000
1668000
1652000
1636000
1620000
1605000
1589000
1574000
1560000
1546000
1531000
1518000
1504000
1522000
1515000
1568000
1559000
1545000
1531000
1517000
1503000
1490000
1477000
1464000
1451000
1439000
1427000
1415000
1403000
1391000
1380000
1369000
1358000
1408000
1463000
1456000
1443000
1431000
1419000
1407000
1395000
1384000
1372000
1361000
1350000
1340000
1329000
1319000
1376000
1637000
1644000
1628000
1613000
1597000
1582000
1635000
1625000
1609000
1594000
1579000
1564000
1550000
1536000
1522000
1508000
1495000
1482000
1469000
1456000
1443000
1505000
1498000
1485000
1472000
1459000
1446000
1434000
1422000
1410000
1398000
1387000
1375000
1364000
1353000
1408000
1682000
1942000
1942000
2410000
2482000
2451000
2416000
2381000
2348000
2316000
2284000
2253000
2223000
2194000
2166000
2138000
2112000
2085000
2060000
2035000
2010000
1987000
1963000
1941000
1918000
1897000
1876000
1855000
1835000
1865000
2073000
2251000
2237000
2207000
2179000
2151000
2123000
2097000
2110000
2104000
2079000
2054000
2029000
2005000
1981000
1958000
1935000
1913000
1892000
1871000
1903000
1959000
1943000
1920000
1899000
1877000
1857000
1836000
1816000
1797000
1778000
1759000
1741000
1723000
2134000
2763000
2772000
2726000
2683000
2640000
2599000
2560000
2521000
2484000
2448000
2412000
2477000
2449000
2414000
2380000
2346000
2388000
2361000
2328000
2297000
2266000
2235000
2206000
2177000
2149000
2141000
2117000
2090000
2065000
2040000
2022000
1999000
2314000
2312000
2281000
2250000
2249000
2222000
2193000
2164000
2253000
2251000
2223000
2194000
2165000
2138000
2111000
2085000
2066000
2073000
2050000
2026000
2001000
1978000
1955000
1932000
2027000
2013000
1989000
1966000
1943000
1921000
1926000
2268000
2269000
2311000
2550000
2535000
2497000
2461000
2425000
2390000
2357000
2324000
2292000
2261000
2231000
2202000
2174000
2146000
2119000
2092000
2066000
2041000
2017000
1993000
1969000
1947000
1924000
1903000
1996000
1983000
1960000
1937000
1915000
2635000
2658000
2617000
2765000
3631000
3668000
3593000
3517000
3445000
3506000
3669000
3609000
3533000
3460000
3390000
3322000
3258000
3195000
3135000
3078000
3022000
3680000
3822000
3751000
4025000
3977000
3886000
3797000
3713000
3632000
3941000
3884000
3795000
3711000
3630000
3553000
3479000
3408000
3340000
3275000
3212000
3689000
3656000
3578000
3503000
3431000
3362000
3296000
3232000
3171000
3112000
3080000
3026000
3163000
3121000
3064000
3009000
2956000
2904000
2860000
2812000
2766000
2721000
2678000
2635000
2595000
2555000
2517000
2479000
2443000
2408000
2374000
2341000
2309000
2277000
2247000
2217000
2188000
2160000
2133000
2106000
2080000
2383000
2378000
2345000
2312000
2281000
2250000
2220000
2191000
2163000
2136000
2109000
2083000
2057000
2032000
2008000
1984000
1961000
1938000
1916000
1894000
1883000
1863000
1843000
1823000
1803000
1784000
1765000
1972000
2141000
2129000
2103000
2077000
2051000
2027000
2002000
1979000
1956000
1933000
1911000
1909000
1931000
1913000
1891000
1870000
1850000
1829000
1810000
1790000
1772000
1786000
1774000
1756000
1737000
1720000
1706000
1689000
1673000
1656000
1640000
1624000
1609000
1593000
1578000
1564000
1549000
1535000
1521000
1508000
1494000
1481000
1468000
1455000
1443000
1431000
1419000
1407000
1395000
1384000
1372000
1361000
1350000
1339000
1329000
1318000
1308000
1298000
1288000
1278000
1269000
1259000
1250000
1241000
1232000
1223000
1214000
1205000
1197000
1188000
1180000
1172000
1163000
1155000
1441000
1470000
1458000
1446000
1434000
1421000
1410000
1398000
1386000
1375000
1364000
1353000
1342000
1331000
1321000
1311000
1313000
1463000
1490000
1479000
1466000
1470000
1459000
1446000
1434000
1422000
1410000
1398000
1386000
1375000
1364000
1353000
1342000
1332000
1321000
1311000
1331000
1324000
1335000
1327000
1316000
1306000
1296000
1316000
1350000
1343000
1333000
1322000
1312000
1302000
1292000
1282000
1272000
1263000
1253000
1244000
1235000
1226000
1217000
1282000
1278000
1269000
1259000
1250000
1241000
1232000
1223000
1214000
1205000
1196000
1188000
1348000
1484000
1482000
1469000
1456000
1444000
1432000
1519000
1514000
1500000
1487000
1474000
1591000
2006000
2023000
2e+06
1976000
1953000
1931000
1909000
1931000
2337000
2412000
2384000
2350000
2318000
2286000
2256000
2226000
2197000
2168000
2140000
2113000
2087000
2062000
2135000
2177000
2531000
2526000
2488000
2452000
2770000
2798000
2756000
2711000
2669000
2627000
2586000
2547000
2509000
2472000
2436000
2401000
2367000
2400000
2421000
2526000
2630000
2605000
2566000
2527000
2489000
2453000
2787000
2773000
2728000
2985000
3109000
3233000
3428000
3380000
3313000
3373000
3317000
3253000
3191000
3131000
3074000
3018000
2965000
2913000
3044000
3005000
2952000
2901000
2852000
2804000
2758000
2713000
2670000
2628000
2587000
2548000
2510000
2473000
2437000
2464000
2434000
2399000
2394000
2363000
2330000
2298000
2267000
2237000
2214000
2274000
2259000
2813000
2817000
2770000
2725000
2682000
2639000
2649000
2636000
2597000
2557000
2563000
2528000
2491000
2454000
2419000
2385000
2351000
2319000
2287000
2256000
2226000
2197000
2169000
2141000
2114000
2088000
2062000
2037000
2142000
2127000
2100000
2074000
2068000
2048000
2055000
2036000
2011000
1988000
1964000
1942000
1919000
1898000
1876000
1856000
1835000
1816000
1979000
2056000
2038000
2014000
2075000
2057000
2032000
2007000
1984000
1961000
1938000
1916000
1894000
1873000
1852000
1832000
1812000
1793000
1774000
1756000
1737000
1720000
1702000
1685000
1668000
1652000
1860000
2034000
2025000
2001000
1977000
1954000
1932000
1910000
1888000
1867000
1847000
1827000
1807000
1788000
1769000
1751000
1733000
1715000
1698000
1681000
1664000
1683000
1670000
1653000
1637000
1621000
1606000
1591000
1606000
1593000
1578000
1564000
1549000
1535000
1521000
1508000
1494000
1481000
1468000
1455000
1443000
1431000
1419000
1407000
1395000
1384000
1372000
1361000
1350000
1483000
1483000
1470000
1457000
1445000
1432000
1420000
1408000
1397000
1385000
1374000
1363000
1447000
1443000
1431000
1419000
1407000
1395000
1384000
1372000
1361000
1350000
1340000
1329000
1319000
1308000
1298000
1288000
1279000
1269000
1259000
1250000
1241000
1301000
1326000
1319000
1360000
1353000
1342000
1332000
1321000
1311000
1301000
1291000
1281000
1271000
1262000
1252000
1243000
1234000
1225000
1216000
1208000
1216000
1209000
1200000
1192000
1184000
1201000
1328000
1329000
1319000
1309000
1299000
1319000
1311000
1301000
1291000
1281000
1272000
1262000
1253000
1243000
1234000
1225000
1216000
1208000
1199000
1289000
1402000
1400000
1389000
1377000
1366000
1355000
1344000
1333000
1323000
1313000
1303000
1292000
1370000
2177000
2219000
2190000
2161000
2134000
2107000
2081000
2056000
2031000
2006000
1983000
1960000
1937000
1915000
1893000
1872000
1851000
1831000
1812000
1792000
1773000
1755000
1737000
1719000
1701000
1684000
1668000
1651000
1635000
1619000
1604000
1589000
1574000
1559000
1545000
1531000
1517000
1504000
1490000
1477000
1464000
1452000
1439000
1427000
1415000
1403000
1392000
1380000
1369000
1358000
1347000
1336000
1326000
1315000
1305000
1295000
1285000
1275000
1266000
1256000
1247000
1238000
1229000
1220000
1211000
1203000
1194000
1186000
1177000
1170000
1249000
1247000
1238000
1229000
1220000
1211000
1316000
1353000
1346000
1335000
1549000
1554000
1540000
1561000
1687000
2007000
2015000
1991000
2059000
2042000
2017000
1993000
2196000
2187000
2159000
2131000
2105000
2079000
2053000
2028000
2004000
2009000
2203000
2193000
2354000
2783000
3582000
3777000
4408000
4354000
4243000
4138000
4038000
3942000
3851000
3765000
3682000
3602000
3526000
3453000
3383000
4169000
4141000
4040000
3945000
3854000
3767000
3684000
3604000
3614000
3545000
3471000
3875000
3858000
4053000
3981000
3889000
3800000
3716000
3635000
3557000
3483000
3412000
3589000
3720000
3679000
3602000
4078000
4168000
4079000
3981000
3889000
3800000
3716000
3635000
3620000
3549000
3475000
3404000
3336000
3271000
3705000
3667000
3588000
3513000
3441000
3371000
3305000
3276000
3216000
3155000
3097000
3040000
3400000
3447000
3385000
3317000
3253000
3191000
3131000
3210000
3215000
3159000
3101000
3044000
2990000
2937000
2887000
2838000
2791000
2745000
2701000
3210000
3197000
3137000
3079000
3024000
2970000
2918000
2868000
3082000
3049000
2994000
2942000
2891000
2842000
2794000
2748000
3100000
3955000
3939000
3848000
3762000
3679000
3608000
4118000
4451000
4368000
4257000
4151000
4050000
3954000
3862000
3775000
3692000
3612000
3535000
3462000
3392000
3361000
3309000
3245000
3184000
3191000
3137000
3079000
3024000
2970000
2918000
2868000
2820000
2773000
2728000
2684000
2759000
2725000
2681000
2894000
2879000
2864000
2819000
3494000
3680000
3617000
3540000
3467000
3396000
3329000
3373000
3336000
3272000
3209000
3149000
3091000
3035000
2981000
2928000
2878000
2829000
2782000
2753000
2710000
2667000
2625000
2714000
3181000
3785000
4680000
4884000
4793000
4704000
4759000
4642000
4516000
4423000
4403000
4584000
4486000
4369000
4607000
4513000
4394000
4281000
4394000
4325000
4218000
4114000
4015000
4105000
4022000
3928000
3837000
3751000
3669000
3590000
3514000
3442000
3372000
3306000
3484000
3736000
3762000
3844000
4610000
4676000
4559000
4437000
4322000
4213000
4109000
4255000
4909000
4967000
4835000
5254000
5141000
5023000
4879000
4740000
4609000
4485000
4367000
4256000
4150000
4049000
3953000
3862000
3774000
3691000
3611000
3535000
3461000
3391000
3324000
3259000
3197000
3137000
3079000
3023000
2970000
2918000
2868000
2820000
2773000
2728000
2845000
2811000
2765000
2960000
3029000
2984000
2932000
2881000
2833000
2786000
2740000
2696000
2653000
2612000
2572000
2817000
2795000
2749000
2704000
2661000
2620000
2580000
2540000
2502000
2466000
2430000
2395000
2361000
2329000
2297000
2266000
2236000
2206000
2177000
2150000
2122000
2096000
2070000
2045000
2020000
1996000
1981000
1959000
1936000
1914000
1892000
1871000
1851000
1830000
1811000
1791000
1772000
1754000
1736000
1718000
1701000
1684000
1850000
1845000
1825000
1806000
1786000
1768000
1749000
1731000
2078000
2688000
2698000
2655000
2614000
2574000
2535000
2497000
2461000
2502000
2807000
2979000
2975000
3438000
3656000
3598000
3523000
3450000
3380000
3667000
3619000
3542000
3468000
3398000
3330000
3265000
3257000
4614000
4612000
4487000
4370000
4258000
4152000
4531000
4452000
4336000
4227000
4122000
4023000
3928000
3838000
3867000
3790000
3705000
3625000
3709000
4130000
4372000
4287000
4523000
4434000
4319000
4210000
4106000
4007000
3913000
3824000
3738000
3656000
3578000
3503000
3431000
3362000
3296000
3232000
3171000
3112000
3055000
3e+06
2963000
2913000
3162000
3129000
3072000
3016000
2963000
2911000
2885000
2912000
3104000
3067000
3043000
2991000
2938000
2888000
2947000
2905000
3041000
3003000
2950000
2899000
2849000
2802000
2756000
2711000
2668000
2626000
2585000
2546000
2508000
2471000
2453000
2419000
2384000
2351000
2318000
2287000
2256000
2226000
2197000
2254000
2612000
2659000
2623000
2582000
2543000
2505000
2468000
2432000
2397000
2364000
2331000
2299000
2278000
2267000
2238000
2209000
2180000
2152000
2125000
2098000
2072000
2585000
3026000
3010000
2956000
2905000
2856000
2808000
2761000
2929000
2914000
2866000
2818000
2990000
2963000
2912000
2862000
2814000
2768000
2723000
2679000
2637000
2596000
2557000
2518000
2481000
2445000
2410000
2375000
2342000
2310000
2279000
2248000
2218000
2189000
2161000
2134000
2107000
2081000
2540000
2544000
2506000
2469000
2463000
2430000
2396000
2362000
2329000
2297000
2266000
2236000
2206000
2178000
2150000
2123000
2100000
2074000
2049000
2024000
2e+06
1977000
1954000
1931000
2012000
1997000
1974000
1970000
1993000
2066000
2059000
2035000
2011000
1987000
1964000
1941000
1919000
1897000
1876000
1855000
1835000
1831000
1813000
1794000
1775000
1916000
2014000
2130000
2115000
2088000
2063000
2038000
2013000
1989000
1966000
1943000
1921000
1899000
1878000
1857000
1837000
1817000
1798000
1779000
1760000
1915000
2226000
2224000
2195000
2167000
2139000
2112000
2086000
2060000
2035000
2011000
1987000
1964000
1941000
1919000
1897000
1876000
1855000
1835000
1815000
1796000
1834000
2172000
2175000
2147000
2120000
2093000
2067000
2042000
2018000
1994000
1970000
1947000
1925000
1903000
1882000
1861000
1841000
1821000
1801000
1782000
1763000
1745000
1771000
1756000
1738000
1720000
1703000
1686000
1669000
1653000
1637000
1621000
1605000
1590000
1575000
1612000
1602000
1589000
1574000
1560000
1545000
1531000
1517000
1504000
1491000
1477000
1465000
1452000
1440000
1427000
1415000
1403000
1392000
1380000
1369000
1358000
1372000
1363000
1352000
1342000
1331000
1321000
1350000
1377000
1455000
1589000
1723000
2242000
2258000
2228000
2199000
2170000
2143000
2116000
2089000
2064000
2039000
2014000
1990000
1967000
1944000
1922000
1900000
1879000
1858000
1838000
1818000
1798000
1779000
1761000
1742000
1725000
1707000
1690000
1673000
1656000
1640000
1624000
1609000
1594000
1823000
1877000
1861000
1840000
1820000
1801000
1782000
2235000
2247000
2233000
2205000
2176000
2148000
2121000
2095000
2069000
2044000
2019000
1995000
2001000
2091000
2075000
2049000
2025000
2e+06
1977000
1954000
1931000
1909000
1888000
1867000
1846000
1826000
1807000
1787000
1769000
1914000
2349000
2417000
2396000
2363000
2381000
2424000
2395000
2362000
2329000
2297000
2458000
3198000
3321000
3266000
3204000
3144000
3086000
3030000
2976000
2943000
2922000
2885000
2837000
2789000
2744000
2699000
2657000
2615000
2575000
2536000
2498000
2696000
2674000
2632000
2591000
2552000
2514000
2476000
2440000
2405000
2764000
2753000
2709000
2666000
2624000
2583000
2544000
2506000
2469000
2433000
2399000
2365000
2332000
2300000
2269000
2474000
2458000
2423000
2388000
2355000
2415000
2397000
2442000
2419000
2550000
2526000
2489000
2452000
2417000
2383000
2362000
2406000
2393000
2360000
2328000
2296000
2265000
2235000
2205000
2177000
2217000
2232000
2206000
2178000
2150000
2123000
2202000
2183000
2155000
2136000
2110000
2084000
2058000
2033000
2009000
1985000
1962000
1939000
1917000
1895000
1882000
1906000
1889000
1868000
2068000
2062000
2037000
2013000
1989000
1965000
1943000
2078000
2067000
2131000
2123000
2129000
2172000
2620000
2743000
2710000
2667000
2625000
2584000
2549000
2511000
2474000
2438000
2403000
2369000
2336000
2304000
2272000
2242000
2212000
2184000
2156000
2128000
2102000
2076000
2050000
2026000
2001000
1978000
1955000
1932000
1910000
1889000
1868000
1848000
1827000
1808000
1789000
1770000
1758000
1897000
1889000
1868000
1848000
1828000
1808000
1789000
1802000
1873000
1860000
1840000
1820000
1800000
1884000
1872000
1851000
1859000
1842000
1822000
1802000
1783000
1764000
1746000
1728000
1710000
1693000
1676000
1660000
1643000
1627000
1612000
1597000
1582000
1567000
1552000
1538000
1570000
1701000
1792000
1905000
1895000
1873000
1853000
1833000
1813000
1793000
1774000
1756000
1738000
1775000
1761000
1743000
1725000
1707000
1690000
1673000
1657000
1641000
1625000
1609000
1594000
1579000
1564000
1550000
1635000
1628000
1612000
1597000
1582000
1567000
1552000
1538000
1524000
1510000
1497000
1484000
1626000
1624000
1608000
1593000
1578000
1563000
1549000
1651000
1797000
1853000
1838000
1818000
1873000
1900000
1882000
1861000
1841000
1821000
1801000
1782000
1764000
1745000
1727000
1710000
1693000
1676000
1659000
1643000
1627000
1611000
1666000
1656000
1640000
1624000
1608000
1593000
1578000
1563000
1549000
1535000
1521000
1507000
1494000
1481000
1468000
1551000
1712000
1712000
1694000
1835000
1860000
1848000
1939000
2119000
3073000
3111000
3056000
3001000
2948000
2897000
2848000
2909000
2868000
2820000
2773000
2728000
2685000
2642000
2601000
2561000
2523000
2485000
2449000
2414000
2380000
2346000
2314000
2282000
2471000
2507000
2497000
2463000
2575000
3227000
3668000
3629000
3556000
3933000
4232000
4157000
4633000
4805000
4692000
4563000
4442000
4326000
4217000
4113000
4014000
3920000
5247000
5208000
5050000
4901000
4761000
4629000
4503000
4385000
4272000
4166000
4064000
3968000
4063000
5005000
4967000
4825000
4689000
4561000
4439000
4324000
4215000
4111000
4012000
3918000
3828000
3742000
3739000
3664000
3882000
3884000
3880000
3799000
3715000
3852000
3900000
4793000
5397000
5803000
5652000
5840000
6800000
6645000
