1542000
1523000
1501000
1477000
1451000
1427000
1403000
1379000
1357000
1335000
1314000
1294000
1274000
1255000
1236000
1218000
1357000
1552000
1612000
1624000
1626000
1684000
1758000
1804000
2372000
2836000
2911000
2916000
2871000
2870000
2889000
2836000
2829000
2841000
2853000
3519000
4669000
5031000
5002000
4876000
4759000
4564000
4343000
4488000
4545000
4540000
4474000
4309000
4123000
3937000
3758000
3594000
3495000
3388000
3266000
3149000
3037000
2930000
2829000
2735000
2648000
2659000
2679000
2627000
2565000
2499000
2428000
2359000
2294000
2263000
2344000
2517000
2662000
2699000
2668000
2611000
2539000
2465000
2394000
2326000
2310000
2287000
2239000
2188000
2136000
2083000
2032000
2050000
2046000
2012000
1975000
1934000
1890000
1848000
1808000
1770000
1733000
1697000
1671000
1648000
1619000
1590000
1561000
1533000
1505000
1478000
1452000
1428000
1403000
1380000
1358000
1336000
1315000
1295000
1588000
1928000
1998000
2017000
2009000
1970000
1924000
1880000
1904000
2064000
2129000
2119000
2095000
2055000
2007000
1959000
1914000
1871000
1830000
1791000
1753000
1726000
1709000
1684000
1654000
1624000
1594000
1564000
1536000
1508000
1481000
1455000
1430000
1406000
1383000
1360000
1376000
1566000
1798000
1929000
2004000
2007000
1981000
1942000
1899000
1857000
1816000
1777000
1740000
1705000
1670000
1637000
1745000
1897000
1912000
1902000
1879000
1842000
1802000
1764000
1727000
1692000
1658000
1626000
1595000
1565000
1536000
1508000
1481000
1455000
1430000
1406000
1383000
1360000
1338000
1317000
1297000
1277000
1258000
1239000
1221000
1203000
1186000
1175000
1170000
1187000
1228000
1227000
1219000
1207000
1191000
1174000
1158000
1142000
1127000
1112000
1097000
1083000
1069000
1056000
1042000
1030000
1017000
1023000
1068000
1112000
1116000
1112000
1104000
1090000
1076000
1063000
1049000
1036000
1023000
1011000
999000
987200
997900
1166000
1372000
1419000
1434000
1434000
1414000
1423000
1434000
1420000
1403000
1383000
1362000
1340000
1319000
1298000
1278000
1259000
1240000
1222000
1204000
1187000
1187000
1202000
1195000
1183000
1170000
1154000
1139000
1123000
1108000
1094000
1080000
1066000
1052000
1039000
1044000
1220000
1616000
1881000
2445000
2995000
3121000
3122000
3071000
2976000
2873000
2777000
2686000
2602000
2522000
2448000
2377000
2311000
2248000
2189000
2133000
2079000
2028000
1980000
1934000
1890000
1848000
1808000
1769000
1732000
1703000
1839000
2162000
2315000
2334000
2321000
2278000
2220000
2162000
2137000
2123000
2090000
2047000
2003000
1958000
1913000
1870000
1829000
1789000
1751000
1715000
1707000
1752000
1791000
1778000
1756000
1727000
1693000
1660000
1627000
1596000
1566000
1537000
1509000
1482000
1768000
2752000
3352000
3467000
3481000
3409000
3284000
3158000
3042000
2934000
2833000
2739000
2730000
2734000
2675000
2608000
2538000
2528000
2518000
2463000
2405000
2344000
2280000
2219000
2162000
2107000
2071000
2033000
1989000
1945000
1902000
1864000
1829000
2070000
2289000
2313000
2302000
2294000
2259000
2206000
2154000
2208000
2253000
2236000
2200000
2155000
2103000
2052000
2002000
1959000
1940000
1925000
1891000
1854000
1817000
1778000
1741000
1772000
1834000
1824000
1801000
1774000
1739000
1718000
1994000
2246000
2346000
2632000
2857000
2858000
2817000
2752000
2669000
2585000
2507000
2433000
2364000
2298000
2236000
2177000
2122000
2069000
2018000
1971000
1925000
1881000
1840000
1800000
1762000
1725000
1690000
1710000
1750000
1736000
1713000
1687000
2279000
2856000
2958000
3218000
4546000
5335000
5376000
5270000
5057000
4982000
5144000
5065000
4862000
4649000
4419000
4195000
3990000
3805000
3636000
3482000
3340000
3937000
4584000
4649000
5075000
5178000
5003000
4793000
4559000
4323000
4510000
4592000
4451000
4290000
4110000
3919000
3740000
3577000
3428000
3291000
3164000
3533000
3734000
3686000
3605000
3491000
3354000
3223000
3101000
2989000
2884000
2787000
2696000
2731000
2783000
2736000
2674000
2605000
2528000
2453000
2383000
2316000
2253000
2194000
2137000
2083000
2032000
1984000
1937000
1893000
1851000
1811000
1772000
1735000
1700000
1666000
1633000
1602000
1571000
1542000
1514000
1487000
1600000
1753000
1773000
1768000
1751000
1719000
1684000
1650000
1618000
1587000
1558000
1529000
1502000
1475000
1449000
1425000
1401000
1377000
1355000
1333000
1312000
1292000
1272000
1253000
1235000
1217000
1199000
1279000
1483000
1616000
1644000
1647000
1630000
1602000
1571000
1542000
1514000
1487000
1461000
1436000
1427000
1419000
1400000
1380000
1360000
1338000
1317000
1296000
1277000
1259000
1246000
1232000
1215000
1199000
1182000
1166000
1150000
1134000
1119000
1104000
1090000
1076000
1062000
1049000
1036000
1023000
1010000
998400
986600
975100
963800
952900
942100
931600
921400
911300
901500
891900
882500
873200
864200
855400
846700
838200
829900
821800
813800
805900
798200
790700
783300
776000
768900
761900
755000
748300
741600
735100
728700
722400
716300
710200
8e+05
981100
1035000
1054000
1062000
1055000
1042000
1029000
1016000
1004000
992200
980600
969200
958100
947200
936600
926200
980900
1086000
1124000
1132000
1137000
1138000
1126000
1113000
1100000
1086000
1072000
1058000
1045000
1032000
1020000
1007000
995200
983500
972100
964300
958800
960200
965200
959300
951100
942000
943300
968800
992700
992900
988000
980100
969400
958300
947400
936800
926400
916300
906300
896600
887100
877800
900300
934500
937400
934500
928900
919600
909600
899800
890300
880900
871700
862700
931800
1107000
1241000
1276000
1288000
1283000
1266000
1314000
1370000
1371000
1363000
1349000
1426000
1876000
2265000
2351000
2372000
2351000
2295000
2233000
2221000
2661000
3123000
3219000
3209000
3151000
3051000
2943000
2841000
2747000
2659000
2576000
2498000
2425000
2356000
2380000
2454000
2887000
3189000
3207000
3169000
3559000
3807000
3795000
3718000
3603000
3462000
3323000
3194000
3075000
2964000
2862000
2766000
2676000
2643000
2659000
2753000
2971000
3040000
3002000
2938000
2852000
2759000
3059000
3275000
3253000
3562000
3885000
4141000
4588000
4687000
4565000
4545000
4463000
4277000
4091000
3910000
3734000
3572000
3423000
3286000
3363000
3359000
3270000
3176000
3072000
2963000
2861000
2765000
2675000
2591000
2513000
2439000
2369000
2303000
2241000
2225000
2201000
2155000
2132000
2100000
2054000
2009000
1963000
1918000
1876000
1885000
1917000
2365000
2780000
2843000
2839000
2795000
2713000
2660000
2632000
2582000
2517000
2485000
2449000
2390000
2329000
2269000
2209000
2152000
2097000
2046000
1996000
1950000
1905000
1862000
1821000
1782000
1745000
1709000
1675000
1698000
1743000
1731000
1709000
1690000
1669000
1659000
1654000
1632000
1606000
1578000
1550000
1521000
1494000
1468000
1442000
1418000
1394000
1462000
1586000
1651000
1657000
1692000
1731000
1717000
1693000
1666000
1635000
1603000
1573000
1544000
1516000
1489000
1463000
1437000
1413000
1389000
1367000
1345000
1323000
1303000
1283000
1263000
1244000
1338000
1553000
1704000
1736000
1739000
1721000
1689000
1655000
1623000
1592000
1562000
1533000
1506000
1479000
1453000
1428000
1404000
1381000
1358000
1337000
1315000
1307000
1297000
1280000
1263000
1245000
1227000
1209000
1199000
1196000
1183000
1169000
1154000
1139000
1123000
1108000
1094000
1080000
1066000
1052000
1039000
1027000
1014000
1002000
990100
978500
967200
956100
945300
981700
1045000
1055000
1054000
1049000
1038000
1025000
1013000
1001000
988800
977200
965900
990600
1036000
1041000
1037000
1031000
1020000
1007000
995300
983600
972100
961000
950000
939400
928900
918700
908700
899000
889400
880000
870900
861900
874300
906600
924700
948700
979700
981700
976600
969100
958800
947900
937300
926900
916700
906800
897100
887500
878200
869100
860200
851400
842800
834400
826200
818100
810200
808200
879600
969400
989000
994900
993800
996000
1003000
996400
987700
978200
967300
956200
945400
934900
924500
914400
904500
894800
885400
914600
1011000
1108000
1130000
1135000
1131000
1118000
1103000
1089000
1075000
1061000
1048000
1035000
1053000
1723000
2484000
2654000
2713000
2712000
2642000
2560000
2483000
2411000
2343000
2278000
2217000
2160000
2105000
2053000
2003000
1956000
1911000
1868000
1827000
1788000
1750000
1714000
1679000
1646000
1614000
1583000
1554000
1525000
1498000
1472000
1446000
1421000
1397000
1374000
1352000
1331000
1310000
1289000
1270000
1251000
1232000
1214000
1197000
1180000
1164000
1148000
1132000
1117000
1102000
1088000
1074000
1060000
1047000
1034000
1021000
1009000
996900
985100
973700
962400
951500
940800
930300
920100
910100
900300
890700
881300
872100
898500
937800
942200
940100
934900
925600
970300
1064000
1109000
1118000
1259000
1436000
1470000
1503000
1624000
2063000
2371000
2431000
2530000
2588000
2546000
2489000
2637000
2813000
2799000
2753000
2692000
2612000
2532000
2457000
2386000
2346000
2514000
2665000
2864000
3602000
5430000
6746000
8360000
8882000
8486000
7938000
7324000
6723000
6202000
5757000
5374000
5039000
4745000
4483000
4250000
5123000
5607000
5501000
5326000
5082000
4796000
4529000
4291000
4156000
4030000
3864000
4182000
4444000
4726000
4776000
4636000
4450000
4243000
4037000
3847000
3674000
3517000
3607000
3801000
3861000
3793000
4239000
4700000
4692000
4567000
4400000
4193000
3990000
3805000
3688000
3568000
3433000
3304000
3180000
3063000
3412000
3612000
3570000
3496000
3389000
3261000
3137000
3032000
2937000
2841000
2748000
2661000
2897000
3169000
3194000
3150000
3078000
2978000
2875000
2857000
2893000
2869000
2804000
2730000
2650000
2568000
2491000
2418000
2349000
2285000
2223000
2538000
2847000
2871000
2848000
2794000
2710000
2624000
2543000
2637000
2743000
2713000
2662000
2599000
2524000
2449000
2379000
2553000
3656000
4285000
4344000
4304000
4169000
3979000
4416000
5169000
5326000
5206000
5019000
4769000
4510000
4273000
4061000
3869000
3694000
3535000
3389000
3255000
3131000
3017000
2910000
2811000
2750000
2698000
2624000
2550000
2478000
2406000
2338000
2274000
2213000
2156000
2101000
2098000
2082000
2042000
2180000
2279000
2296000
2287000
2824000
3434000
3609000
3608000
3542000
3421000
3287000
3238000
3181000
3090000
2994000
2897000
2800000
2709000
2623000
2542000
2466000
2395000
2328000
2264000
2204000
2147000
2092000
2131000
2497000
3427000
5047000
6142000
6394000
6327000
6287000
6068000
5717000
5397000
5206000
5323000
5231000
5005000
5198000
5141000
4919000
4699000
4681000
4616000
4437000
4249000
4060000
4017000
3957000
3816000
3673000
3529000
3386000
3252000
3129000
3014000
2908000
2809000
2822000
3139000
3326000
3478000
4361000
4979000
5014000
4902000
4714000
4476000
4244000
4231000
5037000
5510000
5491000
5950000
6099000
5883000
5618000
5313000
5e+06
4713000
4456000
4225000
4017000
3829000
3658000
3502000
3359000
3227000
3105000
2993000
2888000
2790000
2699000
2614000
2533000
2458000
2387000
2320000
2257000
2197000
2141000
2087000
2036000
1987000
1997000
1998000
1966000
2092000
2244000
2288000
2273000
2239000
2189000
2133000
2080000
2029000
1981000
1935000
1890000
2006000
2106000
2101000
2078000
2043000
1997000
1950000
1905000
1862000
1822000
1783000
1745000
1709000
1675000
1642000
1610000
1579000
1550000
1522000
1494000
1468000
1443000
1418000
1394000
1371000
1349000
1328000
1307000
1287000
1267000
1248000
1230000
1212000
1195000
1178000
1161000
1145000
1130000
1115000
1100000
1086000
1072000
1112000
1213000
1230000
1229000
1224000
1209000
1192000
1175000
1347000
2029000
2535000
2649000
2683000
2655000
2582000
2504000
2430000
2423000
2694000
3143000
3308000
3879000
4641000
4772000
4681000
4532000
4324000
4527000
4615000
4474000
4312000
4131000
3938000
3757000
3647000
5343000
6361000
6331000
6165000
5870000
5495000
5764000
5801000
5554000
5295000
5016000
4731000
4471000
4239000
4132000
4027000
3869000
3713000
3714000
4135000
4770000
4864000
5197000
5238000
5037000
4810000
4569000
4330000
4112000
3915000
3736000
3574000
3425000
3288000
3161000
3044000
2936000
2835000
2741000
2653000
2570000
2493000
2420000
2351000
2484000
2612000
2594000
2554000
2499000
2430000
2373000
2371000
2517000
2628000
2631000
2610000
2556000
2487000
2492000
2493000
2572000
2646000
2614000
2561000
2499000
2429000
2360000
2294000
2232000
2174000
2118000
2066000
2015000
1968000
1924000
1883000
1842000
1802000
1764000
1728000
1692000
1659000
1626000
1633000
1899000
2173000
2244000
2251000
2228000
2179000
2124000
2071000
2021000
1973000
1927000
1883000
1842000
1806000
1773000
1738000
1703000
1670000
1637000
1605000
1575000
1887000
2590000
2970000
3043000
3043000
2979000
2882000
2785000
2833000
2914000
2881000
2818000
2930000
3019000
2972000
2905000
2826000
2737000
2649000
2567000
2490000
2417000
2348000
2284000
2222000
2164000
2109000
2057000
2007000
1960000
1915000
1871000
1830000
1791000
1753000
1717000
1682000
1649000
1916000
2190000
2232000
2233000
2229000
2194000
2143000
2092000
2043000
1994000
1947000
1903000
1860000
1819000
1780000
1743000
1707000
1673000
1640000
1608000
1578000
1548000
1520000
1493000
1508000
1528000
1515000
1503000
1514000
1572000
1625000
1627000
1614000
1592000
1564000
1536000
1508000
1481000
1455000
1430000
1406000
1383000
1360000
1338000
1317000
1385000
1512000
1661000
1774000
1792000
1782000
1757000
1723000
1688000
1655000
1622000
1591000
1561000
1533000
1505000
1478000
1453000
1428000
1404000
1380000
1445000
1727000
1968000
2016000
2023000
2003000
1961000
1916000
1873000
1831000
1792000
1754000
1718000
1683000
1650000
1618000
1587000
1557000
1528000
1501000
1474000
1464000
1680000
1928000
1972000
1977000
1961000
1922000
1878000
1837000
1797000
1759000
1723000
1688000
1654000
1622000
1591000
1561000
1532000
1505000
1478000
1452000
1427000
1403000
1380000
1358000
1336000
1315000
1295000
1275000
1256000
1237000
1219000
1202000
1185000
1168000
1164000
1171000
1162000
1152000
1139000
1125000
1110000
1095000
1081000
1067000
1054000
1041000
1028000
1016000
1003000
991500
979800
968500
957400
946500
935900
925600
915400
905500
895800
886300
877000
884700
913400
970000
1085000
1302000
1849000
2318000
2427000
2455000
2435000
2375000
2308000
2246000
2187000
2130000
2077000
2026000
1978000
1932000
1888000
1846000
1806000
1768000
1731000
1696000
1662000
1629000
1598000
1568000
1539000
1511000
1484000
1458000
1433000
1409000
1385000
1363000
1341000
1461000
1629000
1693000
1702000
1693000
1668000
1636000
1989000
2349000
2424000
2446000
2423000
2365000
2301000
2239000
2181000
2125000
2072000
2021000
1998000
2077000
2111000
2088000
2056000
2015000
1969000
1923000
1880000
1838000
1798000
1760000
1724000
1689000
1655000
1623000
1592000
1662000
2162000
2591000
2731000
2762000
2775000
2815000
2815000
2755000
2686000
2610000
2697000
3779000
4627000
4765000
4721000
4575000
4358000
4138000
3939000
3775000
3656000
3542000
3415000
3289000
3167000
3052000
2943000
2841000
2747000
2658000
2576000
2679000
2801000
2773000
2721000
2657000
2578000
2500000
2427000
2358000
2607000
2861000
2869000
2835000
2777000
2694000
2609000
2529000
2454000
2383000
2316000
2253000
2194000
2137000
2084000
2227000
2328000
2316000
2286000
2242000
2264000
2276000
2308000
2323000
2427000
2506000
2481000
2437000
2381000
2317000
2263000
2276000
2285000
2254000
2210000
2161000
2108000
2056000
2006000
1959000
1955000
1989000
1979000
1949000
1914000
1875000
1896000
1934000
1914000
1889000
1861000
1824000
1786000
1749000
1713000
1678000
1645000
1613000
1583000
1553000
1525000
1525000
1529000
1511000
1616000
1759000
1774000
1767000
1748000
1716000
1681000
1730000
1813000
1868000
1931000
1958000
2016000
2432000
2952000
3082000
3085000
3041000
2951000
2850000
2755000
2666000
2583000
2505000
2431000
2362000
2296000
2234000
2176000
2120000
2067000
2017000
1969000
1924000
1880000
1838000
1799000
1761000
1724000
1689000
1655000
1623000
1592000
1562000
1533000
1506000
1479000
1453000
1428000
1404000
1464000
1531000
1532000
1522000
1504000
1479000
1454000
1442000
1485000
1526000
1520000
1506000
1486000
1517000
1555000
1547000
1544000
1540000
1519000
1495000
1470000
1445000
1420000
1396000
1373000
1351000
1330000
1309000
1289000
1269000
1250000
1231000
1214000
1196000
1179000
1163000
1156000
1231000
1385000
1542000
1656000
1678000
1672000
1652000
1622000
1591000
1561000
1532000
1504000
1487000
1472000
1449000
1427000
1404000
1381000
1358000
1336000
1315000
1295000
1275000
1256000
1237000
1219000
1202000
1214000
1255000
1254000
1244000
1232000
1216000
1198000
1181000
1165000
1149000
1133000
1118000
1154000
1240000
1252000
1249000
1241000
1226000
1208000
1242000
1401000
1551000
1620000
1634000
1667000
1725000
1745000
1730000
1707000
1678000
1646000
1614000
1583000
1554000
1525000
1498000
1471000
1446000
1421000
1397000
1374000
1352000
1355000
1358000
1343000
1327000
1309000
1289000
1269000
1250000
1232000
1214000
1196000
1179000
1163000
1147000
1132000
1144000
1282000
1402000
1426000
1532000
1665000
1704000
1768000
2042000
3350000
4283000
4429000
4423000
4305000
4109000
3913000
3854000
3778000
3643000
3509000
3376000
3245000
3121000
3008000
2902000
2803000
2711000
2625000
2544000
2468000
2397000
2329000
2266000
2368000
2495000
2534000
2522000
2599000
3394000
4584000
4977000
4976000
5537000
6142000
6280000
6983000
7625000
7460000
7061000
6619000
6150000
5717000
5339000
5008000
4717000
6345000
7142000
6971000
6704000
6322000
5882000
5482000
5134000
4828000
4558000
4316000
4100000
4056000
5122000
5701000
5637000
5472000
5219000
4920000
4639000
4389000
4165000
3963000
3780000
3614000
3461000
3386000
3292000
3453000
3565000
3597000
3557000
3456000
3537000
3642000
4627000
5956000
7182000
7366000
7669000
9025000
9367000
10150000
