1309000
1296000
1282000
1268000
1255000
1242000
1229000
1216000
1204000
1191000
1180000
1168000
1157000
1145000
1134000
1124000
1126000
1435000
1497000
1483000
1465000
1469000
1582000
1583000
1693000
2312000
2351000
2305000
2261000
2228000
2329000
2315000
2279000
2333000
2325000
2433000
3199000
3767000
3723000
3608000
3509000
3504000
3414000
3355000
3645000
3599000
3645000
3556000
3451000
3352000
3259000
3171000
3100000
3132000
3066000
2987000
2913000
2843000
2776000
2712000
2650000
2605000
2772000
2738000
2676000
2616000
2559000
2505000
2453000
2411000
2504000
2669000
2862000
2904000
2845000
2777000
2713000
2652000
2594000
2538000
2493000
2590000
2554000
2500000
2448000
2398000
2350000
2312000
2391000
2360000
2313000
2269000
2226000
2185000
2145000
2106000
2069000
2034000
2013000
2149000
2133000
2095000
2059000
2024000
1989000
1956000
1924000
1894000
1864000
1835000
1807000
1779000
1753000
1728000
1781000
2575000
2628000
2570000
2515000
2463000
2412000
2364000
2336000
2590000
2780000
2743000
2681000
2621000
2564000
2509000
2460000
2464000
2421000
2372000
2325000
2291000
2403000
2386000
2340000
2294000
2251000
2208000
2168000
2129000
2091000
2054000
2019000
1985000
1958000
1992000
1979000
2122000
2582000
2600000
2722000
2684000
2624000
2568000
2513000
2461000
2412000
2395000
2351000
2305000
2261000
2218000
2212000
2697000
2706000
2645000
2587000
2531000
2478000
2427000
2378000
2330000
2286000
2259000
2219000
2178000
2139000
2119000
2084000
2048000
2013000
1979000
1946000
1915000
1884000
1854000
1828000
1846000
1825000
1827000
1804000
1797000
1773000
1751000
1837000
1837000
1913000
1897000
1867000
1838000
1809000
1782000
1755000
1730000
1705000
1680000
1657000
1634000
1614000
1646000
1631000
1609000
1587000
1573000
1705000
1799000
1785000
1759000
1733000
1708000
1683000
1660000
1637000
1614000
1592000
1572000
1568000
1549000
1536000
1694000
2126000
2146000
2107000
2070000
2034000
2016000
2193000
2181000
2142000
2103000
2066000
2031000
1996000
1963000
1931000
1900000
1870000
1841000
1812000
1785000
1772000
1977000
1975000
1942000
1911000
1880000
1851000
1822000
1794000
1767000
1741000
1716000
1691000
1668000
1652000
1842000
2346000
2832000
2919000
3803000
3934000
3823000
3702000
3588000
3482000
3381000
3286000
3197000
3112000
3031000
2955000
2883000
2814000
2748000
2685000
2625000
2568000
2513000
2460000
2410000
2361000
2315000
2270000
2227000
2200000
2384000
2768000
3065000
3028000
2952000
2879000
2810000
2745000
2689000
2749000
2731000
2673000
2613000
2556000
2502000
2450000
2400000
2352000
2306000
2262000
2229000
2336000
2424000
2391000
2343000
2297000
2253000
2211000
2170000
2131000
2095000
2081000
2048000
2013000
2025000
2754000
3815000
3831000
3709000
3596000
3493000
3393000
3297000
3207000
3122000
3041000
2984000
3086000
3030000
2954000
2882000
2822000
2877000
2825000
2758000
2695000
2635000
2577000
2522000
2469000
2420000
2410000
2368000
2321000
2277000
2234000
2203000
2197000
2645000
2651000
2593000
2540000
2535000
2488000
2437000
2399000
2521000
2516000
2467000
2417000
2368000
2321000
2276000
2234000
2206000
2209000
2174000
2134000
2096000
2060000
2024000
2004000
2143000
2127000
2090000
2053000
2018000
1988000
2039000
2510000
2530000
2610000
2954000
2932000
2861000
2793000
2728000
2666000
2607000
2550000
2496000
2444000
2395000
2347000
2301000
2257000
2215000
2174000
2134000
2096000
2060000
2024000
1990000
1957000
1925000
1912000
2105000
2097000
2060000
2026000
2086000
3127000
3187000
3133000
3491000
4869000
4922000
4730000
4546000
4412000
4564000
4774000
4632000
4455000
4291000
4139000
3997000
3865000
3741000
3625000
3517000
3539000
4703000
4932000
4842000
5209000
5083000
4873000
4677000
4497000
4424000
4946000
4834000
4641000
4464000
4299000
4146000
4004000
3872000
3748000
3631000
3612000
4460000
4422000
4260000
4110000
3977000
3919000
3802000
3682000
3570000
3479000
3531000
3478000
3698000
3627000
3518000
3415000
3318000
3238000
3259000
3185000
3101000
3021000
2945000
2873000
2805000
2739000
2677000
2617000
2560000
2506000
2453000
2403000
2355000
2309000
2265000
2222000
2181000
2141000
2103000
2066000
2070000
2607000
2626000
2569000
2514000
2461000
2411000
2362000
2316000
2271000
2228000
2187000
2147000
2109000
2072000
2036000
2001000
1969000
1958000
1928000
1905000
1967000
1947000
1917000
1909000
1881000
1852000
1852000
2243000
2513000
2495000
2443000
2393000
2345000
2300000
2256000
2213000
2172000
2133000
2106000
2214000
2255000
2221000
2180000
2140000
2102000
2065000
2029000
1995000
1973000
2075000
2063000
2028000
1994000
1966000
2e+06
1976000
1943000
1912000
1881000
1853000
1857000
1832000
1804000
1777000
1752000
1746000
1723000
1698000
1674000
1651000
1629000
1639000
1621000
1599000
1578000
1557000
1537000
1517000
1501000
1550000
1539000
1519000
1500000
1481000
1463000
1458000
1442000
1424000
1407000
1391000
1375000
1359000
1343000
1328000
1313000
1299000
1285000
1271000
1258000
1244000
1231000
1243000
1757000
1827000
1802000
1775000
1749000
1723000
1698000
1674000
1651000
1628000
1606000
1585000
1564000
1543000
1523000
1510000
1586000
1839000
1887000
1862000
1835000
1857000
1834000
1806000
1779000
1753000
1727000
1702000
1678000
1654000
1632000
1609000
1588000
1567000
1546000
1532000
1645000
1644000
1656000
1638000
1615000
1594000
1576000
1648000
1706000
1691000
1667000
1644000
1622000
1600000
1578000
1557000
1539000
1550000
1534000
1514000
1495000
1476000
1465000
1599000
1598000
1577000
1556000
1536000
1516000
1497000
1478000
1460000
1442000
1425000
1422000
1737000
1978000
1975000
1943000
1911000
1881000
1864000
2016000
2006000
1973000
1940000
1927000
2175000
2927000
2965000
2893000
2824000
2757000
2694000
2639000
2740000
3468000
3602000
3512000
3410000
3313000
3222000
3136000
3054000
2977000
2903000
2833000
2767000
2703000
2654000
2812000
2942000
3523000
3504000
3402000
3364000
3890000
3922000
3805000
3685000
3575000
3470000
3370000
3276000
3187000
3103000
3023000
2947000
2889000
2969000
3013000
3177000
3324000
3267000
3179000
3095000
3016000
3002000
3510000
3484000
3428000
3829000
4038000
4258000
4535000
4416000
4275000
4332000
4204000
4058000
3922000
3795000
3679000
3611000
3508000
3433000
3612000
3540000
3436000
3338000
3246000
3158000
3076000
2997000
2922000
2852000
2784000
2720000
2670000
2613000
2570000
2635000
2593000
2540000
2532000
2485000
2433000
2384000
2337000
2294000
2301000
2381000
2423000
3191000
3214000
3129000
3047000
2970000
2910000
2959000
2934000
2867000
2803000
2813000
2757000
2694000
2634000
2580000
2528000
2476000
2424000
2376000
2330000
2302000
2260000
2217000
2176000
2137000
2099000
2062000
2046000
2273000
2264000
2221000
2185000
2210000
2187000
2190000
2160000
2121000
2084000
2047000
2012000
1979000
1946000
1914000
1884000
1854000
1851000
2178000
2305000
2277000
2244000
2347000
2321000
2276000
2233000
2191000
2151000
2113000
2076000
2040000
2005000
1971000
1939000
1908000
1877000
1848000
1819000
1792000
1765000
1739000
1714000
1689000
1694000
2061000
2329000
2317000
2273000
2229000
2188000
2148000
2110000
2073000
2037000
2002000
1969000
1936000
1905000
1875000
1847000
1849000
1826000
1851000
1829000
1804000
1862000
1844000
1816000
1788000
1762000
1736000
1715000
1798000
1785000
1758000
1733000
1707000
1683000
1659000
1636000
1614000
1592000
1571000
1550000
1530000
1511000
1492000
1473000
1455000
1437000
1420000
1403000
1400000
1681000
1697000
1673000
1649000
1627000
1604000
1583000
1562000
1543000
1564000
1549000
1537000
1668000
1665000
1642000
1619000
1598000
1601000
1583000
1564000
1588000
1573000
1552000
1532000
1513000
1493000
1475000
1457000
1439000
1422000
1405000
1388000
1380000
1537000
1585000
1574000
1639000
1628000
1607000
1600000
1581000
1560000
1540000
1520000
1500000
1482000
1463000
1447000
1464000
1451000
1433000
1416000
1403000
1470000
1464000
1461000
1445000
1431000
1486000
1696000
1702000
1678000
1656000
1679000
1715000
1698000
1673000
1650000
1627000
1605000
1584000
1563000
1542000
1522000
1503000
1484000
1468000
1504000
1698000
1899000
1895000
1865000
1836000
1808000
1781000
1754000
1729000
1704000
1680000
1656000
1643000
1989000
3568000
3669000
3558000
3453000
3354000
3261000
3172000
3089000
3010000
2934000
2863000
2795000
2731000
2686000
2628000
2570000
2515000
2463000
2412000
2364000
2317000
2273000
2230000
2188000
2148000
2110000
2073000
2037000
2002000
1969000
1936000
1905000
1875000
1845000
1817000
1798000
1776000
1750000
1724000
1700000
1675000
1652000
1638000
1617000
1609000
1589000
1568000
1547000
1527000
1508000
1489000
1470000
1452000
1435000
1417000
1401000
1384000
1368000
1353000
1337000
1322000
1308000
1293000
1279000
1266000
1252000
1239000
1227000
1235000
1258000
1370000
1371000
1355000
1340000
1325000
1319000
1477000
1538000
1526000
1519000
1847000
1864000
1838000
1885000
2113000
2640000
2658000
2609000
2706000
2665000
2606000
2575000
2901000
2882000
2813000
2747000
2684000
2624000
2567000
2512000
2464000
2497000
2805000
2815000
3130000
4016000
5477000
5986000
7063000
6828000
6447000
6106000
5800000
5524000
5273000
5044000
4835000
4642000
4464000
4301000
4342000
5610000
5537000
5287000
5070000
4860000
4666000
4486000
4334000
4320000
4185000
4122000
4694000
4708000
4939000
4792000
4602000
4428000
4266000
4115000
3975000
3845000
3756000
4052000
4236000
4158000
4111000
4782000
4895000
4724000
4540000
4369000
4212000
4065000
3941000
3955000
3845000
3722000
3607000
3500000
3464000
4100000
4057000
3921000
3794000
3675000
3563000
3472000
3518000
3434000
3337000
3244000
3216000
3744000
3817000
3711000
3597000
3490000
3389000
3321000
3501000
3509000
3417000
3320000
3231000
3169000
3089000
3010000
2935000
2863000
2795000
2811000
3605000
3611000
3503000
3401000
3305000
3218000
3164000
3127000
3448000
3403000
3307000
3216000
3130000
3049000
2980000
3044000
3716000
5008000
4975000
4771000
4583000
4422000
4470000
5269000
5755000
5562000
5308000
5076000
4864000
4669000
4489000
4323000
4168000
4025000
3891000
3765000
3668000
3773000
3699000
3588000
3498000
3569000
3486000
3385000
3290000
3200000
3115000
3035000
2958000
2886000
2817000
2789000
2986000
2946000
2919000
3275000
3265000
3225000
3239000
4305000
4587000
4452000
4291000
4178000
4039000
3930000
4122000
4054000
3922000
3795000
3676000
3564000
3459000
3359000
3279000
3314000
3240000
3159000
3137000
3063000
2988000
2958000
3154000
3945000
5058000
6595000
6859000
6579000
6333000
6310000
6023000
5741000
5620000
5574000
5779000
5563000
5385000
5767000
5575000
5329000
5213000
5348000
5195000
4978000
4788000
4737000
4840000
4683000
4502000
4335000
4180000
4047000
3913000
3786000
3668000
3556000
3498000
3945000
4337000
4384000
4628000
5735000
5806000
5553000
5300000
5069000
4857000
4720000
5069000
6017000
6066000
5882000
6432000
6211000
5974000
5691000
5425000
5183000
4962000
4759000
4572000
4400000
4240000
4091000
3953000
3824000
3702000
3589000
3482000
3382000
3287000
3197000
3112000
3032000
2956000
2883000
2814000
2748000
2685000
2625000
2568000
2513000
2482000
2785000
2767000
2730000
3008000
3104000
3040000
2964000
2891000
2821000
2755000
2692000
2632000
2574000
2519000
2501000
2950000
2944000
2872000
2803000
2738000
2676000
2616000
2559000
2505000
2452000
2406000
2411000
2369000
2322000
2277000
2234000
2193000
2153000
2114000
2077000
2041000
2006000
1972000
1940000
1914000
1944000
1932000
1903000
1872000
1843000
1815000
1787000
1761000
1735000
1710000
1685000
1661000
1638000
1616000
1594000
1573000
1576000
1825000
1833000
1805000
1778000
1752000
1726000
1701000
1708000
2242000
3133000
3166000
3083000
3004000
2929000
2858000
2790000
2737000
2846000
3305000
3563000
3609000
4357000
4676000
4544000
4374000
4216000
4130000
4540000
4443000
4280000
4128000
3988000
3856000
3742000
3973000
6022000
6006000
5710000
5442000
5199000
5072000
5596000
5435000
5192000
4970000
4767000
4579000
4406000
4261000
4290000
4162000
4018000
3905000
4086000
4705000
5024000
4937000
5217000
5056000
4845000
4652000
4473000
4308000
4155000
4012000
3879000
3754000
3637000
3528000
3425000
3327000
3238000
3172000
3092000
3012000
2937000
2872000
2885000
2864000
3166000
3132000
3050000
2973000
2900000
2833000
2835000
2901000
3136000
3097000
3055000
2982000
2909000
2851000
2929000
2901000
3065000
3017000
2942000
2870000
2808000
2743000
2680000
2621000
2563000
2509000
2456000
2406000
2358000
2316000
2341000
2305000
2261000
2218000
2177000
2138000
2100000
2063000
2038000
2178000
2646000
2724000
2672000
2613000
2556000
2501000
2449000
2399000
2351000
2305000
2261000
2225000
2279000
2272000
2232000
2191000
2151000
2112000
2075000
2039000
2056000
2915000
3581000
3557000
3453000
3354000
3260000
3172000
3134000
3488000
3469000
3373000
3312000
3565000
3516000
3414000
3318000
3226000
3140000
3058000
2981000
2907000
2837000
2770000
2706000
2645000
2587000
2531000
2478000
2427000
2378000
2331000
2285000
2244000
2233000
2196000
2156000
2117000
2130000
2881000
2917000
2846000
2783000
2799000
2744000
2682000
2622000
2565000
2510000
2458000
2409000
2388000
2344000
2300000
2281000
2285000
2248000
2206000
2165000
2126000
2089000
2052000
2035000
2232000
2222000
2186000
2228000
2270000
2373000
2358000
2314000
2269000
2226000
2185000
2146000
2110000
2073000
2037000
2003000
1979000
2073000
2054000
2018000
2007000
2287000
2459000
2638000
2607000
2551000
2496000
2445000
2395000
2347000
2301000
2257000
2215000
2174000
2136000
2098000
2062000
2026000
1992000
1959000
1954000
2299000
2810000
2812000
2746000
2683000
2623000
2566000
2511000
2459000
2408000
2360000
2314000
2269000
2226000
2185000
2147000
2135000
2100000
2063000
2028000
2007000
2180000
2717000
2729000
2667000
2608000
2551000
2497000
2445000
2395000
2348000
2302000
2258000
2215000
2174000
2135000
2097000
2060000
2025000
1991000
1957000
1926000
1909000
2057000
2045000
2010000
1979000
1946000
1915000
1884000
1855000
1826000
1798000
1771000
1745000
1725000
1839000
1830000
1806000
1779000
1752000
1727000
1702000
1678000
1654000
1631000
1609000
1587000
1566000
1546000
1526000
1506000
1488000
1469000
1451000
1433000
1421000
1508000
1502000
1484000
1469000
1451000
1437000
1493000
1540000
1661000
1885000
2152000
3013000
3052000
2975000
2901000
2831000
2765000
2701000
2640000
2582000
2527000
2474000
2423000
2374000
2327000
2282000
2239000
2197000
2157000
2118000
2080000
2044000
2009000
1976000
1943000
1912000
1881000
1852000
1823000
1795000
1768000
1742000
1717000
1720000
2150000
2250000
2219000
2178000
2138000
2100000
2110000
2836000
2872000
2830000
2767000
2703000
2642000
2584000
2529000
2475000
2424000
2375000
2334000
2382000
2515000
2485000
2434000
2384000
2337000
2291000
2248000
2206000
2165000
2133000
2103000
2067000
2032000
1997000
1964000
1951000
2202000
2883000
3e+06
2950000
2887000
2908000
2956000
2898000
2828000
2762000
2721000
3061000
4279000
4479000
4338000
4183000
4038000
3903000
3777000
3665000
3620000
3565000
3481000
3383000
3288000
3198000
3113000
3033000
2957000
2884000
2815000
2794000
3091000
3059000
2982000
2908000
2837000
2771000
2707000
2646000
2638000
3182000
3177000
3093000
3014000
2938000
2867000
2798000
2736000
2713000
2657000
2598000
2542000
2488000
2437000
2411000
2733000
2720000
2658000
2599000
2552000
2646000
2626000
2680000
2655000
2834000
2799000
2734000
2671000
2612000
2557000
2540000
2597000
2575000
2523000
2470000
2419000
2370000
2323000
2278000
2245000
2347000
2371000
2331000
2286000
2242000
2213000
2356000
2335000
2291000
2270000
2230000
2189000
2149000
2110000
2073000
2040000
2042000
2012000
1978000
1948000
1952000
1983000
1958000
1951000
2248000
2250000
2207000
2167000
2128000
2090000
2074000
2320000
2321000
2406000
2395000
2402000
2514000
3198000
3395000
3324000
3232000
3149000
3097000
3063000
2991000
2917000
2846000
2779000
2715000
2653000
2595000
2539000
2485000
2434000
2384000
2341000
2352000
2313000
2269000
2226000
2184000
2145000
2106000
2069000
2034000
2008000
2084000
2062000
2026000
1992000
1959000
1927000
1905000
2e+06
2211000
2201000
2175000
2137000
2099000
2067000
2088000
2128000
2231000
2207000
2166000
2127000
2105000
2284000
2270000
2233000
2282000
2251000
2209000
2168000
2129000
2091000
2057000
2047000
2016000
1982000
1949000
1917000
1887000
1857000
1828000
1801000
1796000
1772000
1746000
1726000
1839000
2053000
2209000
2385000
2364000
2317000
2273000
2230000
2188000
2148000
2110000
2073000
2053000
2227000
2214000
2173000
2133000
2096000
2059000
2024000
1989000
1956000
1925000
1902000
1873000
1844000
1816000
1802000
1998000
1995000
1961000
1929000
1898000
1868000
1839000
1811000
1783000
1757000
1731000
1726000
2035000
2044000
2009000
1978000
1966000
1936000
1925000
2154000
2412000
2505000
2467000
2428000
2565000
2608000
2561000
2507000
2454000
2404000
2356000
2310000
2265000
2223000
2181000
2142000
2104000
2067000
2031000
1997000
1963000
1947000
2107000
2095000
2059000
2023000
1989000
1956000
1924000
1893000
1863000
1834000
1806000
1779000
1753000
1727000
1715000
1958000
2233000
2231000
2209000
2436000
2476000
2453000
2617000
3111000
4886000
4946000
4747000
4561000
4389000
4234000
4154000
4250000
4132000
3990000
3859000
3735000
3620000
3511000
3409000
3313000
3222000
3135000
3054000
2976000
2903000
2833000
2772000
2845000
3178000
3233000
3193000
3138000
3401000
4588000
5335000
5205000
5090000
5730000
6190000
6097000
6887000
7055000
6704000
6336000
6007000
5711000
5443000
5200000
4977000
5092000
7223000
7101000
6689000
6323000
5995000
5700000
5433000
5190000
4969000
4765000
4589000
4524000
4809000
6145000
6061000
5764000
5491000
5243000
5017000
4809000
4619000
4443000
4280000
4128000
3987000
3870000
3909000
3838000
4119000
4126000
4103000
3978000
3872000
4051000
4273000
5563000
6561000
7076000
6865000
7278000
8562000
8410000
