696700
686900
674900
662100
649100
636500
624400
612800
601500
590700
580300
570300
560500
551200
542100
533300
6789000
3380000
1877000
1440000
1200000
4205000
1909000
3753000
20850000
7111000
4167000
3025000
1678000
4148000
2519000
1904000
3646000
2426000
3761000
20290000
18270000
7716000
4965000
3075000
3629000
2387000
2057000
8572000
3766000
5222000
3071000
2168000
1911000
1658000
1563000
1491000
2089000
1579000
1429000
1345000
1252000
1202000
1159000
1119000
1082000
3301000
1728000
1373000
1233000
1051000
1005000
975300
947000
1211000
3916000
5459000
3892000
2265000
1669000
1308000
1156000
1108000
1072000
1038000
1738000
1215000
1084000
1022000
946300
915400
890500
2259000
1293000
1074000
986200
872300
841400
820400
800300
781200
763100
745700
729100
713300
698100
683600
669600
656300
643400
631100
619200
607700
596700
586100
575800
565900
556300
547100
9358000
3300000
2023000
1584000
978500
897700
873700
851000
1991000
4222000
1966000
1455000
1210000
975500
929300
903600
879300
856300
834500
813800
794100
775300
757400
740300
723900
708300
693400
679000
665300
652100
639400
627200
615400
604100
593200
582700
572600
6881000
2551000
3926000
2056000
1294000
1121000
944800
904800
880500
857400
835500
814800
795000
776200
758200
4464000
1909000
1361000
1165000
897300
851300
829700
809200
789700
771200
753400
736500
720300
704900
690100
675900
662200
649100
636600
624500
612800
601600
590800
580400
570300
560600
551200
542100
533300
524800
516600
508600
500900
517500
493700
483200
475100
466800
460200
453800
447700
441700
435800
430200
424600
419200
414000
408800
403800
398900
394200
389500
763400
502300
444600
422500
393200
386200
381800
377400
373100
369000
364900
360900
357000
353200
349400
5963000
2117000
1312000
1039000
658300
611500
713200
626000
599600
584200
566900
556600
547400
538400
529800
521400
513200
505400
497700
490300
483100
476100
469400
462800
456400
450100
444100
438200
432400
426800
421400
416000
410900
405800
400900
396100
5517000
9023000
3482000
18330000
8375000
4177000
3015000
1783000
1485000
1409000
1350000
1296000
1246000
1200000
1158000
1118000
1081000
1046000
1014000
983300
954600
927500
901900
877700
854800
833100
812400
792700
774000
756200
3379000
6083000
2602000
1810000
1394000
1049000
989700
960600
1352000
1425000
1083000
984800
915800
865100
840600
819500
799500
780500
762400
745000
1365000
2682000
1367000
1068000
925200
786600
757600
740500
724200
708500
693600
679200
665400
652200
12600000
24610000
8728000
5135000
3280000
1769000
1561000
1489000
1424000
1364000
1309000
1258000
3385000
1858000
1505000
1359000
1174000
2950000
1659000
1360000
1236000
1080000
1035000
1003000
973200
945000
1244000
1024000
936700
894800
850100
978600
853500
9733000
3581000
2265000
1806000
1885000
1307000
1170000
1103000
3949000
2399000
1617000
1376000
1126000
1042000
1006000
976400
1114000
1680000
1155000
1023000
954700
883700
856300
834500
3418000
1631000
1242000
1097000
903100
863500
1396000
11390000
4140000
4480000
10200000
3990000
2685000
2131000
1549000
1435000
1374000
1319000
1267000
1220000
1176000
1135000
1096000
1061000
1027000
996100
966600
938800
912600
887900
864400
842200
821100
801000
1565000
1012000
882700
828000
759000
23520000
7621000
4256000
7836000
29120000
10620000
5923000
4097000
2161000
4251000
7189000
3524000
2635000
2154000
1736000
1621000
1543000
1473000
1409000
1350000
1296000
14600000
8501000
4307000
10370000
4538000
2897000
2388000
1799000
1646000
8086000
3536000
2520000
2129000
1621000
1506000
1439000
1378000
1322000
1270000
1222000
8255000
3352000
2287000
1896000
1375000
1278000
1230000
1185000
1143000
1105000
1068000
1035000
2908000
1580000
1279000
1159000
1004000
962500
935000
909000
884400
861200
839100
818100
798200
779200
761100
743900
727400
711600
696500
682000
668200
654800
642000
629700
617900
606500
595500
584900
574700
1401000
824300
696600
647800
583000
567800
558100
548800
539800
531100
522700
514500
506600
498900
491500
484300
477200
470400
463800
457400
451100
445000
439100
433300
427700
422200
416900
1714000
3949000
1627000
1115000
872800
647900
616600
605200
594300
583700
573500
563700
554200
545000
536200
527600
519200
511200
503400
495800
488400
481300
474400
467600
461100
454700
448500
442500
436700
431000
425400
420000
414700
409500
404500
399600
394800
390200
385600
381200
376800
372500
368400
364300
360300
356500
352600
348900
345300
341700
338200
334800
331400
328100
324900
321700
318600
315600
312600
309700
306800
304000
301200
298500
295800
293200
290600
288100
285600
283100
280700
278400
276000
273700
271500
3052000
1432000
847600
674600
474200
432900
425600
420200
414900
409800
404800
399800
395100
390400
385800
381400
377000
1905000
1460000
827500
665000
775500
551200
505700
487400
464700
456700
450400
444400
438500
432700
427100
421600
416300
411100
406100
401100
396300
391600
387000
382500
378100
373900
389200
1203000
632300
510100
465700
406400
396400
391700
387100
382600
378200
373900
369800
365700
361700
357700
1281000
647100
512300
464800
399600
389100
384600
380200
375800
371600
367500
363400
3997000
5379000
2221000
1492000
1058000
765800
725200
3676000
1636000
1197000
1039000
824600
4929000
18750000
6761000
3969000
2804000
1595000
1413000
1353000
2596000
17080000
8363000
4471000
3236000
2006000
1673000
1578000
1505000
1438000
1377000
1321000
1269000
1221000
1177000
3441000
3515000
13680000
5212000
3227000
2469000
12060000
5844000
3455000
2697000
1859000
1631000
1546000
1476000
1412000
1353000
1299000
1249000
1203000
2403000
2746000
4969000
5655000
2933000
2107000
1662000
1370000
1290000
10880000
4198000
2751000
9972000
7621000
7838000
10050000
4590000
3131000
5210000
2784000
2240000
2006000
1729000
1626000
1548000
1477000
1413000
4868000
2416000
1858000
1636000
1350000
1276000
1228000
1183000
1142000
1103000
1067000
1033000
1001000
971600
943600
1507000
1083000
975400
1443000
1030000
930200
884100
829000
805500
786200
2485000
1440000
16180000
5611000
3269000
2475000
1420000
1273000
1938000
1951000
1434000
1282000
2120000
1391000
1215000
1135000
1038000
1001000
971100
943100
916600
891600
868000
845600
824300
804100
784800
766500
749000
732200
1557000
965200
829800
774900
704500
756500
1278000
905700
775800
724200
670100
650400
637500
625300
613700
602400
591600
581100
2022000
2814000
1384000
1051000
2622000
1274000
995500
895400
762200
734300
718200
702900
688100
674000
660400
647400
634900
622900
611300
600100
589400
579000
569000
559300
550000
540900
2270000
5039000
2088000
1432000
1116000
826400
782500
764300
746900
730300
714400
699100
684600
670600
657200
644300
631900
620000
608500
597400
586800
576500
566600
557000
547700
538700
530100
521700
513500
505600
498000
490600
483400
476400
469600
463000
456600
450300
444300
438400
432600
427000
421600
416200
411000
406000
401000
396200
391500
386900
382400
378100
373800
369600
365500
361500
357600
353800
350000
346300
342700
704700
451500
396100
375400
347800
342000
338500
335000
331700
328400
325100
322000
318900
315800
312800
309900
307000
304200
301400
298700
296000
293400
290800
288300
908300
481600
391000
359200
315500
308700
305900
303000
300300
297600
294900
292300
289800
287200
284800
282300
279900
277600
275300
273000
270800
268600
266400
2485000
969600
652800
545700
396000
680100
470400
423500
405100
381000
374800
370600
366500
362400
358500
354700
350900
347200
343600
804600
3050000
1231000
840500
684000
505900
482600
475700
468900
462300
455900
449700
443700
833500
31480000
9756000
5173000
3591000
1472000
1226000
1182000
1140000
1102000
1066000
1032000
1e+06
970700
942700
916300
891300
867700
845300
824000
803800
784600
766200
748700
732000
716000
700800
686100
672100
658600
645600
633200
621200
609700
598600
587900
577600
567600
558000
548700
539700
531000
522600
514400
506500
498800
491400
484100
477100
470300
463700
457300
451000
444900
439000
433200
427600
422100
416800
411600
406500
401600
396700
392000
387400
382900
378500
374200
370000
365900
361900
358000
354200
350400
346700
343100
339600
2754000
2112000
1073000
810600
7333000
2634000
1655000
2338000
5711000
14770000
5597000
3421000
5505000
2499000
1910000
1698000
8964000
3716000
2566000
2135000
1567000
1451000
1389000
1332000
1280000
1886000
8141000
3372000
8162000
18550000
32060000
16620000
25440000
10170000
5392000
3851000
2478000
2204000
2062000
1938000
1827000
1729000
1641000
1562000
1490000
19240000
6765000
4078000
3119000
1838000
1638000
1559000
1487000
2729000
1784000
1542000
10580000
4716000
8231000
3993000
2514000
2079000
1643000
1534000
1464000
1401000
1343000
5268000
5921000
3358000
2354000
12930000
7454000
3969000
2974000
2021000
1693000
1594000
1519000
2119000
1605000
1452000
1366000
1271000
1220000
10300000
3983000
2617000
2123000
1460000
1345000
1291000
1242000
1196000
1154000
1114000
1077000
8475000
4727000
2679000
2081000
1474000
1285000
1228000
3002000
2735000
1740000
1467000
1258000
1139000
1095000
1059000
1026000
994500
965200
937500
10730000
3951000
2505000
1995000
1300000
1193000
1151000
1112000
5311000
2381000
1738000
1498000
1179000
1113000
1076000
1042000
7396000
23660000
8271000
4871000
3355000
1844000
1626000
13070000
12320000
5518000
3798000
2568000
1901000
1754000
1663000
1582000
1508000
1441000
1380000
1323000
1272000
1224000
1179000
1138000
1100000
1064000
1030000
998800
969200
941300
914900
890000
866500
844100
822900
802800
783600
765300
747800
3265000
1730000
1744000
1212000
15730000
9136000
4379000
3078000
1858000
1456000
1372000
1366000
1641000
1341000
1242000
1180000
1117000
1078000
1043000
1011000
980600
952100
925100
899700
875600
852800
831100
1509000
11070000
17530000
26860000
14720000
7592000
5232000
5934000
3177000
2520000
2205000
3276000
7031000
3423000
2565000
9492000
3849000
2630000
2177000
5521000
2995000
2108000
1798000
2652000
6698000
2841000
1967000
1582000
1188000
1116000
1079000
1045000
1012000
981700
953100
1348000
5663000
3722000
4623000
17940000
8328000
4470000
3190000
1964000
1654000
1562000
5146000
15870000
8099000
4503000
12480000
4957000
3712000
2829000
2035000
1848000
1722000
1632000
1554000
1483000
1418000
1358000
1304000
1254000
1207000
1164000
1124000
1086000
1051000
1018000
987700
958700
931400
905600
881200
858100
836200
815400
795600
776700
758700
741600
725200
709500
1809000
2608000
1359000
1066000
901200
772900
745700
729100
713300
698100
683600
669600
3350000
1500000
1103000
960200
766600
733000
717000
701600
686900
672900
659400
646400
633900
621900
610400
599200
588500
578200
568200
558500
549200
540200
531500
523000
514900
506900
499200
491800
484600
477500
470700
464100
457600
451400
445300
439300
433600
427900
422400
417100
411900
406800
2170000
960600
704700
615800
493100
475100
468300
461700
8555000
20450000
7169000
4214000
2785000
1514000
1345000
1292000
1243000
2908000
10330000
8939000
5037000
16840000
12080000
5606000
3901000
2581000
1990000
9837000
4210000
2946000
2455000
1825000
1682000
1599000
2394000
36740000
11810000
6477000
4570000
2096000
1768000
10280000
4249000
2910000
2403000
1742000
1604000
1528000
1459000
3105000
1890000
1592000
1458000
3884000
11100000
9813000
4643000
9367000
4145000
2737000
2303000
1795000
1666000
1584000
1510000
1443000
1381000
1325000
1273000
1225000
1181000
1139000
1101000
1065000
1031000
999600
969900
942000
915600
5316000
2271000
1613000
1374000
1051000
992400
1134000
2186000
5808000
2547000
2410000
1673000
1246000
1151000
3152000
1693000
5098000
2410000
1701000
1470000
1182000
1119000
1082000
1047000
1015000
984200
955400
928300
902700
878400
855500
833700
813000
793300
774600
756700
739600
723300
707700
1396000
9251000
4657000
2554000
1903000
1254000
1083000
1041000
1009000
978600
950100
923300
897900
873900
851200
829700
809200
789700
771100
753400
736500
720300
11600000
15040000
5885000
3733000
2423000
1560000
1425000
1365000
4310000
2564000
1853000
1610000
6128000
2906000
2068000
1765000
1387000
1294000
1244000
1198000
1156000
1116000
1079000
1044000
1012000
981700
953100
926100
900600
876400
853600
831900
811300
791700
773000
755200
738200
722000
6644000
2563000
1695000
1390000
1293000
1014000
943600
904800
860900
837000
816100
796300
777400
759400
742200
725800
710100
695000
680600
666800
653500
640800
628500
616700
605400
594400
583900
573700
863600
2328000
1311000
935000
801900
670300
636200
623100
611500
600300
589600
579200
569200
559500
550100
541100
532300
1651000
2956000
4296000
1943000
1342000
1044000
819300
781900
763700
746300
729700
713800
698600
684100
670100
656700
643800
631500
619600
608100
858000
8009000
2935000
1859000
1473000
964100
892900
869200
846700
825400
805100
785800
767400
749900
733100
717100
701700
687100
673000
659500
646500
634000
6368000
2429000
1594000
1304000
904100
845700
824400
804200
784900
766600
749100
732300
716300
701000
686400
672300
658800
645900
633400
621500
609900
598800
588100
577800
567800
558200
548900
539900
531100
522700
514500
506600
498900
491500
484300
477300
470400
463800
457400
451100
445000
439100
433300
427700
422200
416900
411700
406600
401700
396800
392100
387500
383000
378600
374300
370100
366000
362000
358100
354200
350500
346800
577000
2077000
4193000
5308000
20490000
7067000
3989000
2800000
1509000
1336000
1283000
1234000
1189000
1147000
1108000
1072000
1038000
1006000
975800
947500
920900
895600
871800
849200
827700
807300
787900
769400
751800
734900
718800
703400
688700
674500
660900
647900
635400
3604000
2880000
1544000
1200000
924500
800100
773200
15210000
5205000
3495000
2480000
1416000
1258000
1187000
1142000
1104000
1068000
1034000
1002000
1308000
3980000
1909000
1448000
1258000
1032000
983000
954300
927200
901700
877500
854600
832900
812200
792600
773900
756000
4755000
16030000
7493000
4224000
2849000
3e+06
3786000
2208000
1810000
1574000
1381000
6626000
27200000
12150000
6313000
4252000
2339000
1886000
1766000
1674000
1747000
2151000
1884000
1584000
1456000
1351000
1281000
1231000
1186000
1145000
1106000
1069000
5963000
2566000
1826000
1554000
1189000
1119000
1081000
1047000
1014000
10070000
3794000
2449000
1970000
1322000
1217000
1174000
1133000
1095000
1059000
1026000
994600
965200
937500
911400
5533000
2336000
1647000
1397000
1060000
2955000
1783000
3200000
1897000
5389000
2486000
1747000
1496000
1190000
1125000
1240000
2925000
1992000
1438000
1256000
1084000
1016000
982800
954100
927100
1770000
1956000
1271000
1094000
975000
893200
2825000
1476000
1176000
1161000
940700
890400
862900
834600
813200
793500
774800
756900
739800
723500
707900
1377000
896500
785300
5942000
2325000
1561000
1293000
927600
871100
848500
3556000
1682000
3474000
2086000
2172000
3263000
16010000
9166000
4556000
3180000
1978000
1584000
1491000
1425000
1365000
1310000
1259000
1213000
1169000
1128000
1091000
1055000
1022000
991300
962100
934600
908600
884100
860800
838800
817800
797900
779000
760900
743600
727200
711400
696300
681800
668000
654700
641900
629600
654500
618200
602100
589700
577000
566900
557300
548000
2106000
1034000
803500
720500
607400
1863000
990700
800700
996800
722100
664900
640900
612000
599300
588500
578200
568200
558600
549200
540200
531500
523000
514900
506900
499300
491800
484600
477500
470700
2063000
2977000
4368000
1958000
1321000
1022000
795300
758600
741500
725100
709400
694400
680000
666200
653000
640300
628000
616200
604900
594000
583400
573300
563400
554000
544800
535900
527300
519000
511000
503200
495600
488200
481100
474200
467500
460900
454600
448400
442400
1193000
672700
559900
518500
462600
451600
445500
1861000
4327000
3335000
1700000
1209000
2370000
2247000
1305000
1071000
904900
808200
782600
764300
746900
730300
714400
699200
684600
670600
657200
644300
631900
620000
608500
597500
586800
576500
566600
557000
547700
538800
530100
521700
513500
505700
498000
490600
483400
476400
3430000
1451000
992100
4704000
2658000
1662000
4168000
7392000
37680000
12550000
6726000
4497000
2024000
1692000
1606000
3382000
2052000
1722000
1571000
1389000
1321000
1270000
1222000
1178000
1137000
1098000
1063000
1029000
997600
968100
940200
913900
3502000
2826000
2137000
1508000
4554000
20400000
17740000
7513000
4828000
13030000
12490000
5680000
16090000
11210000
5414000
3910000
2706000
2162000
1999000
1882000
1778000
1685000
30110000
9953000
5630000
4105000
2076000
1788000
1694000
1610000
1533000
1464000
1401000
1343000
3642000
20700000
7582000
4445000
3245000
1874000
1647000
1565000
1493000
1427000
1367000
1312000
1261000
1214000
2014000
1396000
6063000
3686000
3446000
2190000
1601000
5003000
4267000
21720000
19090000
16410000
7676000
10200000
22650000
8636000
18280000
