1889000
1866000
1840000
1814000
1790000
1765000
1742000
1719000
1697000
1675000
1654000
1633000
1613000
1593000
1574000
1556000
12750000
4939000
2073000
1691000
2040000
6607000
2498000
4976000
22180000
5272000
2214000
1923000
1896000
4960000
2719000
1969000
4260000
2715000
4293000
20350000
16760000
4366000
2340000
2151000
3951000
2407000
2099000
9565000
3346000
5079000
2570000
2104000
2034000
2002000
1972000
1943000
2840000
2054000
1889000
1850000
1824000
1799000
1775000
1751000
1728000
4836000
2244000
1753000
1690000
1668000
1647000
1627000
1607000
2258000
5948000
6960000
4195000
2023000
1686000
1642000
1622000
1602000
1583000
1564000
2888000
1766000
1547000
1512000
1494000
1477000
1461000
3749000
1837000
1475000
1429000
1414000
1399000
1384000
1369000
1355000
1341000
1328000
1315000
1301000
1289000
1276000
1264000
1252000
1240000
1228000
1217000
1206000
1195000
1184000
1173000
1163000
1153000
1143000
14540000
3520000
1502000
1313000
1300000
1287000
1274000
1262000
3134000
5109000
1926000
1362000
1302000
1290000
1277000
1265000
1253000
1241000
1229000
1218000
1207000
1195000
1185000
1174000
1164000
1153000
1143000
1133000
1124000
1114000
1105000
1096000
1087000
1078000
1069000
1060000
1215000
10420000
2714000
4086000
1672000
1245000
1198000
1187000
1176000
1166000
1155000
1145000
1135000
1126000
1116000
1107000
6435000
2045000
1237000
1157000
1147000
1137000
1127000
1118000
1108000
1099000
1090000
1081000
1072000
1063000
1055000
1046000
1038000
1030000
1022000
1014000
1006000
998500
991000
983500
976200
969000
961900
954900
948000
941200
934500
927900
921400
2446000
1179000
943100
916500
910100
903900
897700
891600
885600
879600
873800
868000
862300
856700
851100
845600
840200
834900
829600
2543000
1130000
868100
840200
834900
829600
824400
819200
814100
809100
804200
799300
794400
789700
1032000
9608000
2354000
1031000
909600
903300
897100
1397000
976900
895600
883000
877100
871200
865500
859800
854200
848700
843300
837900
832600
827300
822100
817000
812000
807000
802000
797200
792400
787600
782900
778300
773700
769100
764700
760200
755900
751500
8705000
9914000
2353000
14340000
4865000
1623000
1211000
1180000
1169000
1159000
1149000
1139000
1129000
1119000
1110000
1101000
1092000
1083000
1074000
1065000
1056000
1048000
1040000
1031000
1023000
1015000
1008000
1e+06
992400
985000
5697000
6803000
1986000
1168000
1093000
1084000
1075000
1067000
1688000
1644000
1145000
1056000
1042000
1033000
1025000
1017000
1010000
1002000
994300
986800
1945000
3375000
1388000
1033000
996400
988900
981500
974200
967000
960000
953000
946100
939300
932700
13730000
19330000
4149000
1554000
1328000
1315000
1302000
1289000
1276000
1264000
1252000
1240000
3418000
1613000
1274000
1234000
1222000
3026000
1527000
1245000
1210000
1199000
1188000
1177000
1167000
1156000
1575000
1246000
1145000
1125000
1115000
1301000
1131000
10380000
2749000
1351000
1218000
1913000
1323000
1207000
1186000
4255000
2197000
1335000
1212000
1195000
1184000
1174000
1163000
1362000
2070000
1299000
1153000
1132000
1122000
1112000
1103000
4421000
1681000
1174000
1120000
1111000
1101000
1816000
11370000
2921000
3252000
8653000
2553000
1457000
1350000
1336000
1323000
1310000
1297000
1284000
1271000
1259000
1247000
1235000
1224000
1213000
1201000
1191000
1180000
1169000
1159000
1149000
1139000
1129000
1119000
2683000
1382000
1138000
1108000
1098000
22450000
4880000
1669000
6426000
23350000
6007000
2129000
1714000
1682000
4182000
6816000
2538000
1776000
1692000
1670000
1649000
1628000
1608000
1589000
1570000
1551000
15640000
7265000
2478000
8752000
3267000
1959000
1799000
1771000
1747000
8719000
2957000
1887000
1771000
1747000
1724000
1702000
1680000
1659000
1638000
1618000
10600000
3186000
1818000
1678000
1656000
1636000
1616000
1596000
1577000
1558000
1540000
1522000
4849000
2080000
1562000
1501000
1484000
1467000
1451000
1435000
1419000
1404000
1389000
1375000
1360000
1346000
1333000
1319000
1306000
1293000
1281000
1268000
1256000
1244000
1232000
1221000
1210000
1199000
1188000
1177000
1167000
4944000
1828000
1251000
1190000
1180000
1169000
1159000
1149000
1139000
1129000
1119000
1110000
1100000
1091000
1082000
1073000
1065000
1056000
1048000
1039000
1031000
1023000
1015000
1007000
999800
992200
984800
5188000
6676000
1965000
1159000
1085000
1076000
1067000
1058000
1050000
1041000
1033000
1025000
1017000
1009000
1002000
994100
986700
979300
972000
964900
957800
950900
944100
937300
930700
924100
917600
911300
905000
898800
892700
886600
880700
874800
869000
863300
857700
852100
846600
841200
835800
830500
825300
820200
815100
810000
805100
800200
795300
790500
785800
781100
776500
771900
767400
763000
758500
754200
749900
745600
741400
737300
733100
729100
725000
721100
717100
713200
709400
705600
701800
698100
694400
690700
687100
7385000
2353000
957700
794100
783200
778600
774000
769400
765000
760500
756100
751800
747500
743300
739100
735000
730900
3973000
2079000
954100
791200
1121000
833700
777700
768700
764200
759800
755400
751100
746800
742600
738400
734300
730200
726100
722200
718200
714300
710400
706600
702800
699100
695400
1245000
2199000
952100
729700
707300
703500
699800
696100
692400
688800
685200
681600
678100
674600
671200
667700
2479000
983600
708500
681100
677500
674100
670600
667200
663900
660500
657200
653900
5974000
5763000
1542000
844900
785400
780800
776200
3675000
1290000
851200
808100
803100
4546000
14520000
3377000
1244000
1042000
1032000
1024000
1016000
2302000
12920000
4877000
1663000
1236000
1202000
1191000
1180000
1170000
1159000
1149000
1139000
1129000
1120000
1110000
3470000
3183000
11100000
2896000
1420000
1281000
10290000
4038000
1710000
1402000
1374000
1358000
1344000
1330000
1317000
1304000
1291000
1278000
1266000
2555000
2695000
4731000
5025000
2033000
1417000
1345000
1330000
1317000
10980000
3014000
1551000
9370000
6531000
6259000
7785000
2598000
1702000
4419000
2091000
1650000
1594000
1575000
1556000
1538000
1520000
1502000
5742000
2223000
1568000
1495000
1478000
1462000
1446000
1430000
1414000
1399000
1384000
1370000
1356000
1342000
1328000
2213000
1465000
1318000
1958000
1401000
1289000
1268000
1256000
1244000
1233000
3451000
1794000
17230000
4068000
1666000
1440000
1425000
1409000
2366000
2203000
1507000
1382000
2312000
1519000
1363000
1337000
1323000
1310000
1297000
1284000
1272000
1260000
1248000
1236000
1224000
1213000
1202000
1191000
1180000
1170000
2858000
1455000
1190000
1158000
1239000
1282000
2046000
1360000
1152000
1120000
1109000
1100000
1091000
1082000
1073000
1064000
1056000
1047000
4198000
4060000
1554000
1134000
3356000
1489000
1141000
1102000
1093000
1084000
1075000
1066000
1057000
1049000
1041000
1032000
1024000
1016000
1009000
1001000
993400
985900
978600
971300
964200
957100
5241000
7009000
1999000
1140000
1062000
1053000
1045000
1037000
1029000
1021000
1013000
1005000
997300
989800
982300
975000
967800
960800
953800
946900
940100
933400
926800
920300
913900
907600
901400
895200
889100
883200
877300
871400
865700
860000
854400
848900
843400
838000
832700
827500
822300
817200
812100
807100
802200
797300
792500
787800
783100
1798000
957100
800200
782100
777500
772900
768400
763900
759500
755100
750800
746500
2243000
1007000
778400
754400
750100
745800
741600
737400
733300
729200
725200
721200
717300
713400
709500
705700
702000
698200
694500
690900
687300
683700
1324000
791100
2384000
980800
723800
697800
694100
690500
686800
683300
679700
676200
672800
669300
665900
662600
659300
656000
652700
649500
646300
643100
640000
636900
633800
5355000
1467000
755600
689800
686200
1302000
789400
693100
681400
677900
674400
671000
667600
664200
660800
657500
654300
651000
647800
2141000
4697000
1354000
763700
710000
706100
702400
698600
694900
691300
687700
684100
680500
1848000
24910000
4978000
1359000
1035000
1027000
1019000
1011000
1003000
995700
988200
980800
973500
966300
959300
952300
945500
938700
932000
925400
919000
912600
906300
900100
893900
887900
881900
876000
870200
864500
858800
853200
847700
842300
836900
831600
826400
821200
816100
811100
806100
801200
796300
791500
786800
782100
777400
772900
768300
763900
759400
755100
750800
746500
742300
738100
734000
729900
725900
721900
717900
714000
710200
706300
702600
698800
695100
691500
687800
684300
680700
1663000
849100
698000
681500
678000
674500
4627000
2647000
1005000
758200
7639000
1977000
941200
1830000
5350000
11980000
2898000
1212000
3712000
1519000
1113000
1069000
7414000
2189000
1229000
1136000
1126000
1117000
1107000
1098000
1089000
1762000
7227000
2163000
6164000
13620000
22380000
9045000
15780000
4108000
2064000
1864000
1838000
1812000
1788000
1764000
1740000
1717000
1695000
1673000
1652000
18480000
4620000
2075000
1827000
1802000
1778000
1754000
1731000
3387000
1986000
1713000
11440000
3983000
7398000
2748000
1911000
1815000
1790000
1766000
1743000
1720000
1697000
6554000
6362000
2963000
1892000
12640000
6254000
2486000
1930000
1869000
1843000
1817000
1792000
2697000
1911000
1749000
1714000
1692000
1670000
11980000
3479000
1910000
1751000
1728000
1705000
1683000
1662000
1641000
1621000
1601000
1582000
10810000
4944000
2101000
1696000
1652000
1632000
1612000
4066000
3297000
1852000
1608000
1572000
1554000
1535000
1518000
1500000
1483000
1467000
1450000
13940000
3638000
1746000
1562000
1544000
1526000
1508000
1491000
7157000
2466000
1597000
1505000
1488000
1471000
1455000
1439000
9974000
21690000
4972000
2029000
1758000
1735000
1712000
12880000
10420000
3196000
2015000
1898000
1871000
1845000
1819000
1794000
1770000
1746000
1723000
1701000
1679000
1658000
1637000
1617000
1597000
1578000
1559000
1541000
1523000
1505000
1488000
1471000
1455000
1439000
1423000
1408000
1393000
1379000
1364000
6603000
2611000
2393000
1548000
18420000
8477000
2553000
1698000
1624000
1604000
1584000
2151000
2106000
1626000
1532000
1509000
1491000
1475000
1458000
1442000
1426000
1411000
1396000
1381000
1367000
1353000
1339000
2956000
13910000
16940000
21480000
8945000
3297000
2780000
4985000
2464000
1991000
1924000
3414000
7002000
2767000
1994000
7385000
2866000
2019000
1918000
5282000
2922000
2023000
1884000
1852000
4607000
2301000
1861000
1799000
1775000
1751000
1728000
1705000
1683000
1662000
1641000
3721000
8330000
4419000
5224000
18320000
6555000
2507000
1979000
1925000
1897000
1870000
5968000
16180000
6524000
2611000
11970000
3765000
2731000
2172000
2067000
2029000
1998000
1967000
1938000
1910000
1882000
1856000
1830000
1804000
1780000
1756000
1733000
1710000
1688000
1667000
1646000
1625000
1605000
1586000
1567000
1548000
1530000
1512000
1495000
1478000
1462000
1446000
1430000
1414000
5998000
4737000
1941000
1484000
1435000
1419000
1404000
1389000
1375000
1360000
1346000
1333000
5983000
2142000
1431000
1355000
1341000
1328000
1314000
1301000
1289000
1276000
1264000
1252000
1240000
1228000
1217000
1206000
1195000
1184000
1173000
1163000
1153000
1143000
1133000
1123000
1113000
1104000
1095000
1086000
1077000
1068000
1059000
1051000
1043000
1034000
1026000
1018000
1010000
1003000
995100
987600
980200
973000
5188000
1708000
1068000
1005000
997400
989900
982500
975200
12050000
19370000
4198000
1580000
1350000
1337000
1323000
1310000
1297000
2999000
10300000
7803000
3204000
13750000
8785000
2700000
1747000
1658000
1637000
9153000
2943000
1794000
1673000
1652000
1632000
1612000
2718000
31710000
6883000
2355000
1932000
1904000
1876000
10240000
3335000
2054000
1915000
1888000
1861000
1835000
1809000
3964000
2152000
1802000
1750000
5006000
11720000
8818000
2963000
8145000
3019000
2073000
1963000
1934000
1905000
1878000
1851000
1826000
1800000
1776000
1752000
1729000
1706000
1685000
1663000
1642000
1622000
1602000
1583000
1564000
1545000
8111000
2680000
1676000
1570000
1551000
1533000
1851000
3486000
7755000
2574000
2400000
1681000
1550000
1522000
4227000
1970000
6262000
2329000
1605000
1525000
1508000
1490000
1474000
1457000
1441000
1425000
1410000
1395000
1380000
1366000
1352000
1338000
1325000
1311000
1298000
1286000
1273000
1261000
1249000
2578000
11890000
4687000
1803000
1416000
1380000
1366000
1352000
1338000
1324000
1311000
1298000
1285000
1273000
1261000
1249000
1237000
1225000
1214000
1203000
1192000
1181000
14300000
14860000
3542000
1651000
1485000
1468000
1452000
1436000
5541000
2568000
1577000
1442000
7007000
2574000
1572000
1455000
1437000
1421000
1406000
1391000
1376000
1362000
1348000
1334000
1321000
1308000
1295000
1282000
1270000
1257000
1245000
1234000
1222000
1211000
1200000
1189000
1178000
1168000
9985000
2737000
1406000
1278000
1725000
1336000
1256000
1238000
1226000
1215000
1204000
1193000
1182000
1172000
1161000
1151000
1141000
1131000
1121000
1112000
1103000
1093000
1084000
1075000
1213000
1084000
1054000
1055000
2365000
3967000
1823000
1159000
1073000
1060000
1052000
1043000
1035000
1027000
1019000
1011000
1003000
995900
988300
981000
973700
3894000
4637000
5323000
1741000
1133000
1075000
1066000
1057000
1049000
1041000
1032000
1024000
1016000
1009000
1001000
993300
985900
978500
971300
964100
3058000
10340000
2606000
1221000
1094000
1085000
1076000
1067000
1058000
1050000
1041000
1033000
1025000
1017000
1009000
1002000
994100
986600
979200
972000
964800
957800
9845000
2525000
1185000
1060000
1051000
1043000
1035000
1027000
1019000
1011000
1003000
995400
987900
980500
973200
966000
959000
952000
945200
938400
931700
925200
918700
912300
906000
899800
893700
887600
881700
875800
870000
864200
858600
853000
847500
842100
836700
831400
826200
821000
815900
810800
805900
801000
796100
791300
786600
781900
777200
772700
768100
763700
759300
754900
750600
746300
742100
737900
733800
729700
725700
899100
1900000
3640000
5358000
5562000
17130000
3716000
1333000
1119000
1109000
1100000
1091000
1082000
1073000
1064000
1056000
1047000
1039000
1031000
1023000
1015000
1007000
999500
992000
984500
977200
970000
962800
955800
948900
942100
935400
928800
922200
915800
909400
903200
897000
5883000
3436000
1313000
990600
961600
954600
947700
14690000
3382000
1722000
1199000
1128000
1113000
1104000
1095000
1086000
1077000
1068000
1059000
1557000
4330000
1619000
1126000
1075000
1066000
1057000
1049000
1041000
1032000
1024000
1016000
1009000
1001000
993300
985800
978500
5955000
14050000
4827000
1852000
1294000
2498000
3223000
1568000
1275000
1240000
1228000
5974000
21320000
7483000
2287000
1608000
1554000
1536000
1518000
1501000
1731000
2247000
1861000
1506000
1440000
1421000
1405000
1390000
1376000
1362000
1348000
1334000
7111000
2342000
1461000
1371000
1356000
1342000
1329000
1316000
1302000
11350000
3070000
1549000
1402000
1387000
1373000
1358000
1344000
1331000
1317000
1304000
1291000
1279000
1266000
1254000
6529000
2187000
1386000
1303000
1290000
3468000
1876000
3267000
1748000
5631000
2069000
1414000
1344000
1331000
1317000
1510000
3213000
1990000
1396000
1305000
1287000
1275000
1262000
1250000
1238000
2470000
2446000
1425000
1246000
1222000
1210000
3750000
1648000
1256000
1355000
1226000
1194000
1181000
1171000
1160000
1150000
1140000
1130000
1121000
1111000
1102000
2203000
1282000
1107000
7462000
2218000
1254000
1160000
1150000
1140000
1130000
4756000
1763000
3724000
1932000
2154000
3192000
14620000
7016000
2178000
1473000
1412000
1397000
1383000
1368000
1354000
1340000
1327000
1313000
1300000
1288000
1275000
1263000
1251000
1239000
1227000
1216000
1205000
1194000
1183000
1172000
1162000
1152000
1142000
1132000
1122000
1113000
1103000
1094000
1085000
1076000
1067000
1059000
1050000
2975000
1378000
1081000
1047000
1039000
1030000
1022000
1068000
3833000
1502000
1071000
1026000
1018000
3358000
1420000
1061000
1546000
1107000
1021000
1006000
998600
991000
983600
976300
969100
962000
955000
948100
941300
934500
927900
921400
915000
908700
902400
896200
890200
4644000
4790000
5506000
1713000
1071000
1011000
1003000
995600
988100
980700
973400
966300
959200
952200
945400
938600
931900
925400
918900
912500
906200
9e+05
893800
887800
881800
875900
870100
1215000
922300
864400
854200
848700
843200
837800
832500
827300
822100
817000
811900
3e+06
1198000
865400
831400
826100
821000
815900
3044000
5598000
3645000
1317000
955400
2885000
2565000
1193000
965100
941200
934500
927800
921300
914900
908600
902300
896200
890100
884100
878200
872300
866600
860900
855300
849700
844300
838900
833600
828300
823100
818000
812900
807900
803000
798100
793300
788500
783800
1113000
5424000
1667000
924100
5327000
2650000
1312000
4426000
7135000
26330000
5640000
1736000
1370000
1353000
1339000
1326000
3106000
1625000
1344000
1308000
1295000
1282000
1270000
1258000
1246000
1234000
1222000
1211000
1200000
1189000
1178000
1168000
1158000
4757000
3052000
1994000
1313000
4679000
18080000
13850000
3430000
1811000
10720000
9682000
2962000
11820000
7529000
2740000
1984000
1904000
1877000
1850000
1824000
1799000
1775000
27670000
6317000
2404000
2031000
2e+06
1970000
1941000
1912000
1885000
1858000
1832000
1807000
4858000
21360000
5523000
2342000
2014000
1979000
1950000
1921000
1893000
1866000
1840000
1814000
1789000
1765000
2906000
1927000
7707000
4030000
3624000
2062000
1790000
6121000
4775000
21130000
16820000
13130000
3859000
8556000
20210000
5526000
15290000
